2_87714606_87716512,0.5,-0.25,0.375,0.6875,-0.15625,0.421875,-0.2890625,-0.64453125,0.177734375,0.5888671875,0.79443359375,-0.102783203125,-0.5513916015625,0.22430419921875,-0.387847900390625,0.3060760498046875,0.6530380249023438,0.8265190124511719,0.9132595062255859,0.956629753112793,-0.021685123443603516,0.48915743827819824,-0.2554212808609009,-0.6277106404304504,-0.8138553202152252,-0.9069276601076126,-0.9534638300538063,0.023268084973096848,0.5116340424865484,-0.2441829787567258,-0.6220914893783629,-0.8110457446891814,0.09447712765540928,0.5472385638277046,-0.22638071808614768,0.38680964095692616,0.6934048204784631,0.8467024102392315,0.9233512051196158,0.9616756025598079,0.9808378012799039,-0.009581099360048029,0.495209450319976,0.747604725159988,0.873802362579994,0.936901181289997,0.9684505906449985,0.9842252953224992,0.9921126476612496,-0.003943676169375188,0.4980281619153124,-0.2509859190423438,0.3745070404788281,0.6872535202394141,0.843626760119707,-0.07818661994014647,0.4609066900299268,-0.2695466549850366,0.3652266725074817,0.6826133362537409,-0.15869333187312956,0.4206533340634352,-0.2896733329682824,0.3551633335158588,0.6775816667579294,0.8387908333789647,0.9193954166894823,0.9596977083447411,-0.020151145827629446,0.4899244270861853,0.7449622135430927,0.8724811067715463,-0.06375944661422683,0.4681202766928866,-0.2659398616535567,-0.6329699308267783,0.18351503458661084,0.5917575172933054,-0.2041212413533473,-0.6020606206766737,0.19896968966166317,0.5994848448308316,-0.20025757758458418,0.3998712112077079,-0.3000643943961461,0.34996780280192696,0.6749839014009635,0.8374919507004818,-0.08125402464975912,0.45937298767512047,0.7296864938375602,-0.13515675308121988,0.43242162345939006,-0.28378918827030497,0.3581054058648475,0.6790527029324238,0.8395263514662119,0.919763175733106,0.959881587866553,-0.02005920606672351,0.48997039696663824,-0.2550148015166809,-0.6275074007583404,0.18624629962082978,-0.4068768501895851,-0.7034384250947925,-0.8517192125473962,0.07414039372630188,-0.46292980313684906,-0.7314649015684245,-0.8657324507842122,0.06713377460789388,-0.46643311269605303,-0.7332165563480265,-0.8666082781740132,0.0666958609129934,-0.4666520695435033,0.2666739652282484,0.6333369826141242,0.8166684913070621,-0.09166575434646895,0.4541671228267655,-0.27291643858661724,0.3635417807066914,0.6817708903533457,0.8408854451766729,0.9204427225883365,-0.03977863870583176,-0.5198893193529159,-0.759944659676458,0.12002767016177102,0.5600138350808855,-0.21999308245955723,-0.6099965412297786,-0.8049982706148893,0.09750086469255537,-0.4512495676537223,0.27437521617313887,0.6371876080865695,0.8185938040432847,0.9092969020216424,0.9546484510108212,0.9773242255054106,-0.011337887247294676,-0.5056689436236473,0.24716552818817633,0.6235827640940882,0.8117913820470442,0.9058956910235221,-0.04705215448823896,-0.5235260772441195,0.23823696137794026,-0.38088151931102987,0.30955924034448506,-0.34522037982775744,-0.6726101899138788,-0.8363050949569394,-0.9181525474784697,-0.9590762737392349,-0.9795381368696174,0.010230931565191281,-0.49488453421740436,0.2525577328912978,-0.3737211335543511,-0.6868605667771756,-0.8434302833885878,0.07828485830570608,-0.46085757084714696,-0.7304287854235735,0.13478560728821326,-0.4326071963558934,-0.7163035981779466,0.14184820091102668,0.5709241004555133,-0.21453794977224333,-0.6072689748861216,-0.8036344874430608,0.09818275627846962,-0.4509086218607652,0.2745456890696174,0.6372728445348087,0.8186364222674043,0.9093182111337021,0.9546591055668511,0.9773295527834256,0.9886647763917128,-0.005667611804143602,-0.5028338059020718,-0.7514169029510359,0.12429154852448204,-0.437854225737759,0.2810728871311205,0.6405364435655603,0.8202682217827801,0.9101341108913901,0.955067055445695,-0.022466472277152483,-0.5112332361385763,0.24438338193071185,0.622191690965356,0.811095845482678,-0.094452077258661,0.4527739613706695,0.7263869806853347,-0.13680650965733265,-0.5684032548286664,-0.7842016274143332,-0.8921008137071667,-0.9460504068535833,-0.9730252034267917,-0.9865126017133958,-0.9932563008566979,-0.996628150428349,-0.9983140752141745,-0.9991570376070873,-0.9995785188035436,-0.9997892594017719,0.00010537029911406037,0.500052685149557,0.7500263425747785,-0.12498682871261074,-0.5624934143563054,0.2187532928218473,0.6093766464109236,-0.1953116767945382,-0.5976558383972691,-0.7988279191986345,-0.8994139595993172,-0.9497069797996587,-0.9748534898998293,-0.9874267449499147,-0.9937133724749574,-0.9968566862374787,-0.9984283431187393,-0.9992141715593696,0.000392914220315177,-0.4998035428898424,0.2500982285550788,0.6250491142775394,-0.1874754428612303,-0.5937377214306152,0.2031311392846924,0.6015655696423462,0.800782784821173,-0.09960860758941348,-0.5498043037947067,0.22509784810264666,0.6125489240513233,0.8062744620256617,0.9031372310128308,-0.048431384493584584,-0.5242156922467923,-0.7621078461233961,-0.881053923061698,-0.940526961530849,-0.9702634807654245,-0.9851317403827122,0.007434129808643886,-0.49628293509567806,0.25185853245216094,-0.37407073377391953,0.31296463311304024,-0.3435176834434799,0.32824115827826006,0.66412057913913,-0.16793971043043499,-0.5839698552152175,-0.7919849276076087,-0.8959924638038044,0.05200376809809781,0.5260018840490489,0.7630009420245245,0.8815004710122623,-0.05924976449386887,0.47037511775306556,0.7351875588765328,-0.13240622056173362,0.4337968897191332,0.7168984448595666,-0.14155077757021672,0.42922461121489164,0.7146123056074458,-0.1426938471962771,-0.5713469235981385,-0.7856734617990693,-0.8928367308995346,-0.9464183654497673,0.02679081727511634,-0.48660459136244183,-0.743302295681221,0.12834885215938951,-0.43582557392030524,0.2820872130398474,0.6410436065199236,-0.17947819674003818,-0.589739098370019,0.20513045081499048,-0.39743477459250476,0.3012826127037476,-0.3493586936481262,-0.674679346824063,-0.8373396734120315,-0.9186698367060158,-0.9593349183530079,-0.979667459176504,-0.989833729588252,-0.994916864794126,-0.997458432397063,-0.9987292161985315,-0.9993646080992657,0.00031769595036712506,-0.49984115202481644,0.25007942398759175,-0.3749602880062041,0.3125198559968979,-0.34374007200155104,0.32812996399922445,-0.3359350180003878,-0.6679675090001939,-0.833983754500097,-0.9169918772500485,-0.9584959386250242,0.020752030687487877,0.510376015343744,-0.244811992328128,-0.622405996164064,-0.811202998082032,-0.905601499041016,0.04719925047949203,0.523599625239746,0.7617998126198731,-0.11910009369006347,-0.5595500468450317,-0.7797750234225158,0.1101124882887421,0.555056244144371,0.7775281220721855,0.8887640610360927,0.9443820305180464,-0.027808984740976816,0.4860955076295116,-0.2569522461852442,-0.6284761230926221,-0.8142380615463111,0.09288096922684447,-0.4535595153865778,-0.7267797576932888,-0.8633898788466444,0.06830506057667779,-0.46584746971166113,0.26707626514416943,0.6335381325720847,0.8167690662860423,-0.09161546685697886,-0.5458077334284894,0.2270961332857553,-0.38645193335712236,0.3067740333214388,-0.3466129833392806,-0.6733064916696403,-0.8366532458348201,-0.9183266229174101,0.04083668854129496,0.5204183442706475,0.7602091721353237,0.8801045860676618,0.9400522930338309,-0.029973853483084567,0.4850130732584577,-0.25749346337077117,-0.6287467316853856,0.18562663415730718,-0.4071866829213464,-0.7035933414606732,0.1482033292696634,0.5741016646348317,0.7870508323174159,-0.10647458384129205,-0.5532372919206461,0.22338135403967696,-0.3883093229801615,0.30584533850991924,-0.3470773307450404,-0.6735386653725202,-0.8367693326862601,-0.9183846663431301,-0.959192333171565,0.020403833414217476,0.5102019167071088,0.7551009583535544,0.8775504791767772,0.9387752395883886,-0.0306123802058057,-0.5153061901029028,-0.7576530950514514,-0.8788265475257258,-0.9394132737628629,0.03029336311856856,0.5151466815592842,0.7575733407796421,0.8787866703898211,0.9393933351949105,0.9696966675974552,-0.015151666201272396,0.4924241668993638,0.7462120834496819,0.873106041724841,0.9365530208624204,0.9682765104312102,-0.015861744784394893,-0.5079308723921975,-0.7539654361960988,-0.8769827180980494,-0.9384913590490247,-0.9692456795245123,0.015377160237743825,0.507688580118872,-0.24615570994056402,0.376922145029718,-0.311538927485141,-0.6557694637425705,0.17211526812871475,0.5860576340643574,0.7930288170321786,0.8965144085160893,-0.05174279574195534,0.4741286021290223,0.7370643010645112,0.8685321505322556,-0.06573392473387218,0.4671330376330639,-0.26643348118346805,0.36678325940826595,-0.316608370295867,-0.6583041851479335,-0.8291520925739668,0.08542395371301659,-0.4572880231434917,0.27135598842825415,0.6356779942141271,0.8178389971070635,0.9089194985535318,-0.04554025072323409,-0.522770125361617,-0.7613850626808085,0.11930746865959574,0.5596537343297978,0.7798268671648989,-0.11008656641755055,-0.5550432832087753,-0.7775216416043876,-0.8887608208021938,0.05561958959890312,0.5278097947994516,0.7639048973997258,0.8819524486998629,-0.059023775650068555,-0.5295118878250342,-0.7647559439125171,-0.8823779719562586,0.05881101402187072,0.5294055070109354,0.7647027535054677,0.8823513767527338,0.9411756883763669,0.9705878441881834,-0.014706077905908277,0.49264696104704586,-0.25367651947647707,-0.6268382597382385,-0.8134191298691192,-0.9067095649345596,0.04664521753272022,0.52332260876636,0.76166130438318,0.8808306521915901,0.940415326095795,-0.029792336952102483,-0.5148961684760512,0.24255191576197438,0.6212759578809872,0.8106379789404936,0.9053189894702468,-0.0473405052648766,-0.5236702526324383,-0.7618351263162191,-0.8809175631581095,-0.9404587815790548,-0.9702293907895274,0.014885304605236294,0.5074426523026181,0.753721326151309,-0.12313933692434548,0.4384303315378273,-0.28078483423108636,-0.6403924171155432,-0.8201962085577716,-0.9100981042788858,0.04495094786055709,-0.47752452606972146,0.2612377369651393,0.6306188684825696,0.8153094342412848,-0.09234528287935762,-0.5461726414396788,-0.7730863207198394,0.1134568396400803,0.5567284198200402,-0.2216357900899799,-0.61081789504499,0.19459105247750502,0.5972955262387525,0.7986477631193762,0.8993238815596881,-0.05033805922015594,0.47483097038992206,0.737415485194961,0.8687077425974805,0.9343538712987403,-0.03282306435062987,-0.5164115321753149,-0.7582057660876574,-0.8791028830438288,0.06044855847808561,0.5302242792390428,0.7651121396195214,0.8825560698097608,0.9412780349048804,-0.02936098254755981,-0.5146804912737799,0.24265975436311005,0.621329877181555,0.8106649385907775,0.9053324692953888,0.9526662346476944,0.9763331173238472,-0.0118334413380764,-0.5059167206690383,-0.7529583603345191,-0.8764791801672596,-0.9382395900836298,-0.9691197950418149,-0.9845598975209074,0.007720051239546277,-0.49613997438022683,-0.7480699871901134,-0.8740349935950567,0.06298250320247167,0.5314912516012358,0.7657456258006179,0.882872812900309,0.9414364064501545,-0.029281796774922764,0.4853591016125386,0.7426795508062694,-0.12866022459686532,-0.5643301122984327,0.21783494385078367,0.6089174719253918,0.8044587359626959,-0.09777063201865205,0.451114683990674,-0.274442658004663,0.3627786709976685,-0.31861066450116576,-0.6593053322505829,-0.8296526661252914,-0.9148263330626457,-0.9574131665313228,0.0212934167343386,0.5106467083671693,0.7553233541835846,0.8776616770917923,-0.06116916145410384,-0.530584580727052,0.23470770963647403,0.617353854818237,-0.1913230725908815,-0.5956615362954407,-0.7978307681477204,0.10108461592613982,0.5505423079630699,-0.22472884601846504,0.38763557699076745,-0.3061822115046163,0.3469088942476919,-0.32654555287615405,-0.663272776438077,-0.8316363882190385,-0.9158181941095193,-0.9579090970547597,-0.9789545485273798,0.010522725736310079,-0.49473863713184496,-0.7473693185659225,-0.8736846592829612,0.06315767035851938,0.5315788351792596,0.7657894175896298,0.8828947087948149,-0.058552645602592546,-0.5292763228012962,0.2353618385993519,0.617680919299676,-0.19115954035016203,-0.595579770175081,0.2022101149124595,0.6011050574562298,0.8005525287281149,-0.09972373563594256,-0.5498618678179713,0.22506906609101435,0.6125345330455072,-0.1937327334772464,-0.5968663667386231,-0.7984331833693116,-0.8992165916846557,-0.9496082958423279,0.025195852078836067,0.512597926039418,0.756298963019709,-0.1218505184901455,0.43907474075492725,0.7195373703774637,-0.14023131481126816,-0.5701156574056341,-0.785057828702817,0.10747108564859148,0.5537355428242957,-0.22313222858785214,-0.611566114293926,0.19421694285303698,0.5971084714265185,0.7985542357132592,0.8992771178566297,-0.050361441071685165,-0.5251807205358425,-0.7625903602679213,-0.8812951801339606,-0.9406475900669803,-0.9703237950334902,-0.9851618975167451,-0.9925809487583725,-0.9962904743791863,0.0018547628104068625,0.5009273814052034,0.7504636907026017,0.8752318453513008,-0.062384077324349585,-0.5311920386621748,-0.7655960193310873,-0.8827980096655437,0.058600995167228165,-0.4706995024163859,-0.735349751208193,0.1323251243959035,0.5661625621979518,-0.2169187189010241,-0.6084593594505121,0.19577032027474395,0.597885160137372,0.798942580068686,0.899471290034343,-0.050264354982828496,-0.5251321774914143,0.23743391125429286,0.6187169556271465,-0.19064152218642677,-0.5953207610932134,0.2023396194533933,0.6011698097266966,0.8005849048633483,-0.09970754756832584,-0.5498537737841629,0.22507311310791855,0.6125365565539593,-0.19373172172302033,-0.5968658608615102,-0.7984329304307551,-0.8992164652153776,0.050391767392311215,0.5251958836961557,0.7625979418480778,0.8812989709240389,0.9406494854620194,-0.029675257268990285,0.4851623713655049,0.7425811856827524,-0.12870940715862378,-0.564354703579312,0.21782264821034403,0.608911324105172,0.804455662052586,-0.097772168973707,-0.5488860844868535,0.22555695775657325,0.6127784788782866,0.8063892394391433,0.9031946197195717,-0.048402690140214144,-0.5242013450701071,0.23789932746494646,0.6189496637324732,0.8094748318662366,0.9047374159331183,-0.04763129203344085,-0.5238156460167205,0.23809217699163976,0.6190460884958199,-0.19047695575209006,-0.595238477876045,0.2023807610619775,0.6011903805309887,-0.19940480973450564,-0.5997024048672528,0.2001487975663736,-0.3999256012168132,-0.6999628006084067,-0.8499814003042033,-0.9249907001521016,0.037504649923949196,0.5187523249619745,-0.24062383751901273,-0.6203119187595063,-0.8101559593797532,-0.9050779796898766,-0.9525389898449383,0.023730505077530828,-0.4881347474612346,-0.7440673737306173,-0.8720336868653087,0.06398315656734566,-0.46800842171632717,-0.7340042108581636,0.1329978945709182,0.5664989472854591,-0.21675052635727043,-0.6083752631786352,0.1958123684106824,0.5979061842053413,0.7989530921026706,-0.10052345394866469,-0.5502617269743324,0.2248691365128338,0.612434568256417,-0.19378271587179152,0.40310864206410424,0.7015543210320521,0.850777160516026,0.9253885802580131,-0.037305709870993464,0.48134714506450327,0.7406735725322516,-0.12966321373387418,0.4351683931330629,0.7175841965665315,-0.14120790171673425,-0.5706039508583671,0.21469802457081644,0.6073490122854082,0.8036745061427041,-0.09816274692864796,0.45091862653567605,0.725459313267838,-0.13727034336608102,-0.5686351716830405,0.21568241415847977,0.6078412070792398,0.8039206035396199,-0.09803969823019004,-0.549019849115095,0.22549007544245248,0.6127450377212262,-0.19362748113938688,-0.5968137405696934,-0.7984068702848467,-0.8992034351424234,0.0503982824287883,0.5251991412143941,0.7625995706071971,0.8812997853035985,0.9406498926517992,-0.029675053674100393,0.4851624731629498,0.7425812365814749,-0.12870938170926255,-0.5643546908546313,-0.7821773454273157,0.10891132728634217,0.5544556636431711,-0.22277216817841444,-0.6113860840892072,0.19430695795539638,0.5971534789776982,-0.2014232605111509,-0.6007116302555755,-0.8003558151277878,-0.9001779075638938,0.04991104621805309,0.5249555231090266,-0.2375222384454867,0.38123888077725665,-0.3093805596113717,-0.6546902798056858,-0.8273451399028429,0.08632743004857857,0.5431637150242893,0.7715818575121447,-0.11420907124392765,-0.5571045356219638,-0.778552267810982,-0.889276133905491,0.05536193304725451,0.5276809665236273,-0.23615951673818636,-0.6180797583690931,0.19096012081545344,0.5954800604077267,0.7977400302038633,-0.10112998489806835,-0.5505649924490341,0.22471750377548294,0.6123587518877415,0.8061793759438707,-0.09691031202806466,-0.5484551560140323,-0.7742275780070161,-0.8871137890035081,-0.9435568945017541,-0.971778447250877,0.014110776374561484,0.5070553881872808,0.7535276940936404,-0.1232361529531798,-0.5616180764765899,-0.780809038238295,0.10959548088085252,0.5547977404404263,-0.22260112977978685,-0.6113005648898935,-0.8056502824449467,0.09717485877752663,0.5485874293887634,-0.22570628530561831,-0.6128531426528092,-0.8064265713264046,-0.9032132856632022,0.048393357168398876,0.5241966785841994,-0.2379016607079003,-0.6189508303539502,0.19052458482302492,0.5952622924115125,0.7976311462057563,0.8988155731028782,-0.05059221344856091,-0.5252961067242805,0.23735194663785975,0.6186759733189299,-0.19066201334053506,-0.5953310066702675,-0.7976655033351338,0.10116724833243312,0.5505836241662165,-0.22470818791689173,-0.6123540939584459,-0.8061770469792229,0.09691147651038856,-0.4515442617448057,-0.7257721308724029,-0.8628860654362014,-0.9314430327181007,0.03427848364094965,0.5171392418204748,0.7585696209102374,0.8792848104551187,0.9396424052275594,-0.030178797386220313,0.48491060130688984,0.7424553006534449,-0.12877234967327755,-0.5643861748366388,-0.7821930874183194,0.1089034562908403,0.5544517281454202,-0.2227741359272899,-0.611387067963645,0.19430646601817753,-0.40284676699091126,-0.7014233834954556,-0.8507116917477278,-0.9253558458738639,-0.962677922936932,-0.981338961468466,0.009330519265767001,-0.4953347403671165,0.2523326298164418,-0.3738336850917791,0.3130831574541104,0.6565415787270552,0.8282707893635276,0.9141353946817639,0.9570676973408819,0.9785338486704409,-0.010733075664779546,-0.5053665378323897,-0.7526832689161949,-0.8763416344580974,0.061829182770951285,0.5309145913854756,-0.2345427043072622,0.3827286478463689,-0.3086356760768155,-0.6543178380384078,-0.8271589190192039,0.08642054049039805,0.5432102702451991,-0.22839486487740046,0.38580256756129977,0.6929012837806499,-0.15354935810967507,-0.5767746790548376,-0.7883873395274188,-0.8941936697637094,-0.9470968348818547,0.02645158255907265,0.5132257912795364,0.7566128956397682,0.8783064478198841,0.939153223909942,0.969576611954971,-0.015211694022514488,-0.5076058470112572,-0.7538029235056286,0.1230985382471857,-0.4384507308764072,0.2807746345617964,0.6403873172808983,0.8201936586404491,-0.08990317067977543,0.45504841466011225,-0.2724757926699439,-0.636237896334972,-0.818118948167486,-0.909059474083743,-0.9545297370418715,-0.9772648685209357,0.011367565739532126,0.505683782869766,0.752841891434883,-0.1235790542825585,-0.5617895271412793,-0.7808947635706396,-0.8904473817853198,-0.9452236908926599,-0.97261184544633,0.013694077276835026,-0.4931529613615825,-0.7465764806807913,-0.8732882403403956,-0.9366441201701978,0.03167793991490109,-0.48416103004254946,-0.7420805150212747,-0.8710402575106373,0.06447987124468135,-0.4677600643776593,-0.7338800321888297,-0.8669400160944148,-0.9334700080472074,0.03326499597639632,0.5166324979881982,-0.2416837510059009,-0.6208418755029504,0.18957906224852478,-0.40521046887573764,-0.7026052344378688,-0.8513026172189344,-0.9256513086094672,-0.9628256543047335,-0.9814128271523668,-0.9907064135761834,0.004646793211908307,-0.49767660339404585,0.2511616983029771,-0.37441915084851146,-0.6872095754242558,-0.8436047877121279,0.07819760614393606,0.539098803071968,0.7695494015359841,0.884774700767992,-0.057612649616003986,-0.5288063248080019,0.23559683759599903,0.6177984187979995,-0.19110079060100027,-0.5955503953005001,-0.7977751976502501,0.10111240117487497,0.5505562005874375,-0.22472189970628126,-0.6123609498531406,-0.8061804749265703,0.09690976253671485,0.5484548812683574,-0.2257725593658213,0.38711372031708935,-0.3064431398414553,0.34677843007927234,0.6733892150396361,0.8366946075198181,0.918347303759909,-0.040826348120045486,-0.5204131740600227,-0.7602065870300114,-0.8801032935150057,0.05994835324249714,-0.47002582337875143,0.2649870883106243,-0.3675064558446879,-0.6837532279223439,-0.841876613961172,-0.920938306980586,-0.9604691534902929,-0.9802345767451465,-0.9901172883725733,-0.9950586441862866,-0.9975293220931434,0.001235338953428311,-0.49938233052328584,0.2503088347383571,-0.37484558263082146,0.31257720868458927,-0.34371139565770537,-0.6718556978288527,-0.8359278489144264,-0.9179639244572132,0.0410180377713934,0.5205090188856967,0.7602545094428483,-0.11987274527857583,-0.5599363726392879,0.22003181368035607,-0.38998409315982197,-0.694992046579911,-0.8474960232899555,-0.9237480116449778,-0.9618740058224888,0.019062997088755584,0.5095314985443777,0.7547657492721889,-0.12261712536390557,-0.5613085626819527,0.21934571865902364,-0.3903271406704882,-0.6951635703352441,-0.8475817851676221,0.07620910741618897,0.5381045537080945,-0.23094772314595274,-0.6154738615729763,0.19226306921351183,0.5961315346067559,0.798065767303378,0.899032883651689,0.9495164418258445,0.9747582209129222,-0.012620889543538905,-0.5063104447717695,-0.7531552223858847,-0.8765776111929424,-0.9382888055964712,-0.9691444027982357,0.01542779860088217,-0.4922861006995589,0.25385694965022054,-0.37307152517488973,0.31346423741255514,0.6567321187062776,0.8283660593531388,0.9141830296765694,-0.042908485161715304,-0.5214542425808577,-0.7607271212904289,0.11963643935478557,-0.44018178032260724,0.2799091098386964,-0.36004544508065184,-0.6800227225403259,-0.840011361270163,0.07999431936491852,-0.46000284031754074,0.26999857984122966,0.6349992899206148,-0.18250035503969259,-0.5912501775198463,-0.7956250887599232,-0.8978125443799616,-0.9489062721899808,0.025546863905009598,0.5127734319525048,0.7563867159762524,-0.1218066420118738,-0.5609033210059369,-0.7804516605029684,0.10977416974851578,-0.44511291512574214,-0.7225564575628711,-0.8612782287814356,-0.9306391143907178,0.03468044280464111,-0.48265977859767945,-0.7413298892988397,-0.8706649446494199,-0.93533247232471,-0.9676662361623549,-0.9838331180811775,-0.9919165590405887,-0.9959582795202944,-0.9979791397601472,-0.9989895698800736,-0.9994947849400369,-0.9997473924700184,-0.9998736962350092,-0.9999368481175046,-0.9999684240587523,-0.9999842120293762,-0.9999921060146881,-0.9999960530073441,1.9734963279671724e-06,-0.49999901325183604,-0.749999506625918,-0.874999753312959,-0.9374998766564795,-0.9687499383282397,-0.9843749691641199,0.007812515417940036,0.50390625770897,0.751953128854485,0.8759765644272425,-0.06201171778637876,-0.5310058588931894,-0.7655029294465947,-0.8827514647232974,-0.9413757323616487,0.029312133819175634,-0.4853439330904122,0.25732803345479394,0.6286640167273969,0.8143320083636985,-0.09283399581815077,0.4535830020909246,-0.2732084989545377,-0.6366042494772688,-0.8183021247386344,-0.9091510623693172,-0.9545755311846587,-0.9772877655923293,-0.9886438827961647,-0.9943219413980824,0.0028390293009588063,-0.4985804853495206,0.2507097573252397,0.6253548786626199,0.8126774393313099,-0.09366128033434507,-0.5468306401671725,-0.7734153200835863,0.11329233995820687,-0.44335383002089657,-0.7216769150104483,0.13916154249477586,-0.43041922875261207,-0.715209614376306,-0.857604807188153,-0.9288024035940765,-0.9644012017970383,0.017799399101480873,0.5088996995507404,0.7544498497753702,0.8772249248876851,-0.061387537556157445,-0.5306937687780787,-0.7653468843890394,-0.8826734421945197,-0.9413367210972599,0.029331639451370073,0.514665819725685,0.7573329098628425,-0.12133354506857874,-0.5606667725342893,-0.7803333862671447,-0.8901666931335723,-0.9450833465667862,-0.9725416732833931,0.013729163358303431,0.5068645816791517,-0.24656770916042414,0.37671614541978793,0.6883580727098939,0.844179036354947,-0.07791048182252652,-0.5389552409112632,0.23052237954436838,0.6152611897721842,0.8076305948860921,0.903815297443046,-0.048092351278477,-0.5240461756392385,0.23797691218038075,-0.3810115439098096,-0.6905057719549048,-0.8452528859774524,0.0773735570112738,0.5386867785056368,0.7693433892528184,0.8846716946264093,0.9423358473132046,-0.028832076343397683,-0.5144160381716989,-0.7572080190858494,-0.8786040095429247,-0.9393020047714624,0.03034899761426879,0.5151744988071344,0.7575872494035671,0.8787936247017836,-0.060603187649108214,-0.5303015938245541,0.23484920308772295,-0.3825753984561385,0.30871230077193074,0.6543561503859654,0.8271780751929827,-0.08641096240350865,0.4567945187982457,0.7283972593991228,-0.1358013703004386,-0.5679006851502193,-0.7839503425751096,-0.8919751712875548,0.054012414356222616,0.5270062071781113,0.7635031035890556,0.8817515517945278,0.9408757758972639,0.970437887948632,-0.014781056025684025,-0.507390528012842,-0.753695264006421,0.12315236799678952,-0.43842381600160524,0.2807880919991974,-0.3596059540004013,-0.6798029770002006,0.16009851149989968,-0.4199507442500502,-0.709975372125025,-0.8549876860625125,-0.9274938430312563,-0.9637469215156281,-0.9818734607578141,-0.9909367303789071,-0.9954683651894536,-0.9977341825947268,-0.9988670912973634,-0.9994335456486817,0.0002832271756591509,0.5001416135878296,0.7500708067939148,-0.1249645966030426,-0.5624822983015213,0.21875885084923935,0.6093794254246196,-0.19531028728769018,-0.5976551436438451,-0.7988275718219225,0.10058621408903873,0.5502931070445194,0.7751465535222597,0.8875732767611298,0.9437866383805649,0.9718933191902824,0.9859466595951412,0.9929733297975706,0.9964866648987853,0.9982433324493927,-0.0008783337753036635,-0.5004391668876518,-0.7502195834438259,0.12489020827808706,0.5624451041390435,-0.21877744793047826,-0.6093887239652391,-0.8046943619826196,0.09765281900869022,0.5488264095043451,-0.22558679524782743,-0.6127933976239137,-0.8063966988119569,-0.9031983494059784,-0.9515991747029893,0.024200412648505365,-0.4878997936757473,0.25605010316212634,0.6280250515810631,-0.18598747420946843,-0.5929937371047342,0.20350313144763288,0.6017515657238164,-0.1991242171380918,-0.5995621085690459,-0.799781054284523,0.10010947285773852,-0.44994526357113074,0.27502736821443463,0.6375136841072173,0.8187568420536087,0.9093784210268043,0.9546892105134022,0.9773446052567011,-0.011327697371649459,-0.5056638486858247,0.24716807565708765,0.6235840378285438,0.8117920189142719,0.905896009457136,-0.047051995271432,0.476474002364284,0.738237001182142,0.869118500591071,0.9345592502955355,0.9672796251477678,0.9836398125738839,0.9918199062869419,0.995909953143471,0.9979549765717355,-0.001022511714132257,-0.5005112558570661,-0.7502556279285331,0.12487218603573347,0.5624360930178667,-0.21878195349106666,-0.6093909767455333,-0.8046954883727666,-0.9023477441863833,-0.9511738720931917,-0.9755869360465959,0.012206531976702073,-0.49389673401164896,0.25305163299417555,0.6265258164970877,0.8132629082485439,-0.09336854587572807,-0.546684272937864,-0.773342136468932,-0.8866710682344661,-0.943335534117233,-0.9716677670586165,0.01416611647069177,0.5070830582353458,-0.24645847088232709,0.37677076455883646,0.6883853822794183,-0.15580730886029087,0.42209634556985454,0.7110481727849273,0.8555240863924636,-0.07223795680376821,0.4638810215981159,0.731940510799058,0.865970255399529,0.9329851276997645,-0.03350743615011775,0.4832462819249411,-0.25837685903752944,-0.6291884295187647,0.18540578524061763,-0.40729710737969116,-0.7036485536898456,0.1481757231550772,-0.4259121384224614,0.28704393078876933,0.6435219653943847,-0.17823901730280767,0.41088049134859617,-0.2945597543257019,0.35272012283714904,0.6763600614185745,-0.16181996929071274,-0.5809099846453564,0.20954500767732182,0.6047725038386609,0.8023862519193304,-0.09880687404033478,-0.5494034370201674,-0.7747017185100837,-0.8873508592550419,0.056324570372479066,0.5281622851862395,0.7640811425931198,0.8820405712965599,-0.05897971435172006,0.47051014282413994,0.73525507141207,0.867627535706035,-0.0661862321469825,-0.5330931160734913,-0.7665465580367457,-0.8832732790183728,0.05836336049081359,-0.4708183197545932,0.2645908401227034,-0.3677045799386483,-0.6838522899693241,-0.841926144984662,0.079036927507669,-0.4604815362461655,0.26975923187691725,-0.36512038406154135,-0.6825601920307707,-0.8412800960153853,-0.9206400480076926,-0.9603200240038463,0.019839987998076847,-0.4900800060009616,0.2549599969995192,-0.3725200015002404,0.31373999924987983,0.6568699996249399,0.8284349998124699,-0.08578250009376504,-0.5428912500468825,-0.7714456250234413,0.11427718748827936,-0.44286140625586035,-0.7214307031279301,0.13928464843603494,-0.43035767578198253,-0.7151788378909912,0.14241058105450438,-0.4287947094727478,0.2856026452636261,-0.35719867736818695,-0.6785993386840935,-0.8392996693420467,0.08035016532897665,0.5401750826644883,0.7700875413322441,-0.11495622933387795,-0.557478114666939,-0.7787390573334695,-0.8893695286667347,-0.9446847643333673,0.027657617833316328,0.5138288089166582,-0.24308559554167092,0.37845720222916457,0.6892286011145823,0.8446143005572911,0.9223071502786455,0.9611535751393228,0.9805767875696614,0.9902883937848307,0.9951441968924153,-0.0024279015537923554,0.4987860492231038,-0.2506069753884481,-0.6253034876942241,0.18734825615288797,0.5936741280764439,0.796837064038222,-0.10158146798088902,0.44920926600955546,-0.27539536699522227,-0.6376976834976111,0.18115115825119443,-0.4094244208744028,-0.7047122104372014,-0.8523561052186007,-0.9261780526093004,-0.9630890263046502,0.018455486847674896,0.5092277434238375,-0.24538612828808126,0.37730693585595937,-0.31134653207202034,0.34432673396398983,0.6721633669819949,0.8360816834909974,-0.08195915825450129,0.45902042087274936,-0.27048978956362535,-0.6352448947818127,0.18237755260909366,-0.4088112236954532,0.2955943881522734,0.6477971940761367,0.8238985970380683,0.9119492985190342,0.9559746492595171,0.9779873246297586,-0.011006337685120715,-0.5055031688425604,-0.7527515844212802,-0.8763757922106401,-0.93818789610532,0.030906051947339974,-0.48454697402633,-0.742273487013165,-0.8711367435065824,0.06443162824670878,-0.4677841858766456,0.2661079070616772,-0.3669460464691614,-0.6834730232345807,-0.8417365116172904,-0.9208682558086452,-0.9604341279043226,-0.9802170639521612,0.00989146802391938,-0.4950542659880403,0.2524728670059798,0.62623643350299,-0.18688178324850502,-0.5934408916242525,-0.7967204458121262,0.1016397770939369,-0.44918011145303155,0.2754099442734842,-0.3622950278632579,-0.681147513931629,-0.8405737569658145,0.07971312151709276,0.5398565607585464,-0.2300717196207268,-0.6150358598103634,-0.8075179299051817,0.09624103504740916,-0.4518794824762954,-0.7259397412381476,-0.8629698706190738,-0.9314849353095369,-0.9657424676547685,-0.9828712338273842,0.008564383086307914,-0.49571780845684604,0.25214109577157695,-0.3739294521142115,-0.6869647260571058,-0.8434823630285528,-0.9217411815142764,-0.9608705907571382,0.019564704621430895,-0.49021764768928455,-0.7451088238446423,0.12744558807767886,-0.4362772059611606,0.2818613970194197,0.6409306985097099,0.8204653492548549,0.9102326746274274,0.9551163373137137,0.9775581686568569,0.9887790843284284,-0.005610457835785787,0.4971947710821071,-0.25140261445894646,-0.6257013072294733,-0.8128506536147366,-0.9064253268073683,0.04678733659631584,-0.4766063317018421,-0.738303165850921,0.13084841707453948,-0.4345757914627303,0.28271210426863486,-0.35864394786568254,-0.6793219739328413,-0.8396609869664207,0.08016950651678967,-0.45991524674160517,0.2700423766291974,-0.3649788116854013,0.3175105941572993,-0.34124470292135034,-0.6706223514606752,0.16468882426966241,-0.41765558786516876,-0.7088277939325844,-0.8544138969662922,-0.9272069484831461,-0.9636034742415731,0.018198262879213445,0.5090991314396067,-0.24545043428019664,-0.6227252171400983,-0.8113626085700492,0.09431869571497542,0.5471593478574877,0.7735796739287438,-0.11321016303562809,-0.5566050815178141,-0.778302540758907,0.11084872962054648,-0.44457563518972676,-0.7222878175948634,-0.8611439087974317,-0.9305719543987159,-0.9652859771993579,0.017357011400321032,-0.4913214942998395,0.25433925285008024,0.6271696264250401,-0.18641518678747993,-0.59320759339374,0.20339620330313002,0.601698101651565,0.8008490508257825,-0.09957547458710875,-0.5497877372935543,0.22510613135322283,0.6125530656766114,-0.1937234671616943,-0.5968617335808472,-0.7984308667904236,0.10078456660478818,0.5503922833023941,0.775196141651197,0.8875980708255985,-0.05620096458720075,0.4718995177063996,0.7359497588531998,-0.1320251205734001,-0.5660125602867001,-0.78300628014335,0.10849685992832497,0.5542484299641625,-0.22287578501791877,-0.6114378925089594,0.1942810537455203,0.5971405268727601,-0.20142973656361995,-0.60071486828181,-0.800357434140905,-0.9001787170704525,-0.9500893585352262,0.024955320732386876,-0.48752233963380653,0.25623883018309673,0.6281194150915483,-0.18594029245422583,0.4070298537728871,0.7035149268864436,-0.14824253655677821,-0.5741212682783892,0.21293936586080542,0.6064696829304027,0.8032348414652013,-0.09838257926739935,-0.5491912896336997,0.22540435518315016,-0.3872978224084249,-0.6936489112042125,-0.8468244556021063,-0.9234122278010531,0.03829388609947343,0.5191469430497367,0.7595734715248683,-0.12021326423756584,-0.5601066321187829,0.21994668394060857,0.6099733419703043,-0.19501332901484786,-0.597506664507424,0.20124666774628802,0.600623333873144,0.800311666936572,-0.09984416653171402,-0.549922083265857,0.2250389583670715,-0.3874805208164642,-0.6937402604082321,0.15312986979588394,0.576564934897942,-0.211717532551029,-0.6058587662755145,-0.8029293831377573,0.09853530843112135,0.5492676542155607,-0.22536617289221966,0.3873169135538902,-0.3063415432230549,-0.6531707716115275,0.17341461419423626,-0.41329269290288184,-0.706646346451441,-0.8533231732257205,-0.9266615866128602,0.03666920669356988,0.5183346033467849,0.7591673016733924,0.8795836508366962,0.9397918254183482,0.9698959127091741,0.9849479563545871,0.9924739781772935,0.9962369890886468,-0.001881505455676613,-0.5009407527278383,0.24952962363608083,0.6247648118180404,0.8123824059090202,-0.09380879704548989,-0.546904398522745,-0.7734521992613725,0.11327390036931373,0.5566369501846569,0.7783184750923284,0.8891592375461642,0.9445796187730822,0.9722898093865411,0.9861449046932705,-0.0069275476533647296,0.4965362261733176,-0.2517318869133412,-0.6258659434566706,0.18706702827166471,0.5935335141358323,0.7967667570679162,0.8983833785339581,0.949191689266979,0.9745958446334895,-0.012702077683255264,-0.5063510388416277,-0.7531755194208138,0.12341224028959308,0.5617061201447966,0.7808530600723983,-0.10957346996380085,0.44521326501809955,0.7226066325090498,0.8613033162545249,0.9306516581272625,0.9653258290636313,0.9826629145318156,0.9913314572659078,0.9956657286329539,-0.002167135683523058,0.49891643215823844,-0.2505417839208808,-0.6252708919604404,0.1873645540197798,0.59368227700989,0.796841138504945,0.8984205692524725,0.9492102846262362,-0.025394857686881878,0.48730257115655906,-0.25634871442172047,-0.6281743572108602,-0.8140871786054301,0.09295641069728494,0.5464782053486424,-0.22676089732567878,0.38661955133716064,-0.3066902243314197,0.34665488783429016,-0.32667255608285495,-0.6633362780414275,-0.8316681390207137,-0.9158340695103568,-0.9579170347551784,0.02104148262241079,0.5105207413112054,0.7552603706556027,0.8776301853278013,-0.061184907336099326,0.46940754633195036,-0.2652962268340248,-0.6326481134170124,0.18367594329149378,-0.4081620283542531,0.29591898582287346,-0.35204050708856327,0.32397974645571836,0.6619898732278592,0.8309949366139295,0.9154974683069648,0.9577487341534824,-0.021125632923258808,0.4894371835383706,0.7447185917691853,-0.12764070411540734,-0.5638203520577036,-0.7819101760288518,0.10904491198557409,0.554522455992787,0.7772612279963935,0.8886306139981968,0.9443153069990984,-0.02784234650045081,0.4860788267497746,0.7430394133748873,0.8715197066874436,0.9357598533437218,0.967879926671861,0.9839399633359305,0.9919699816679652,-0.00401500916601738,0.4979924954169913,-0.25100375229150435,0.37449812385424786,0.6872490619271239,0.8436245309635619,0.921812265481781,-0.039093867259109516,-0.5195469336295547,0.24022653318522263,0.6201132665926113,0.8100566332963057,0.9050283166481529,-0.04748584167592357,0.4762570791620382,-0.2618714604189809,-0.6309357302094905,0.18453213489525477,0.5922660674476274,0.7961330337238137,0.8980665168619069,0.9490332584309534,-0.025483370784523285,-0.5127416853922616,0.2436291573038692,0.6218145786519346,0.8109072893259672,-0.09454635533701639,-0.5472731776685082,0.22636341116574588,0.613181705582873,-0.1934091472085635,0.40329542639571825,0.7016477131978591,0.8508238565989296,0.9254119282994648,-0.03729403585026758,0.4813529820748662,-0.2593235089625669,0.3703382455187165,0.6851691227593583,-0.15741543862032087,-0.5787077193101604,0.2106461403449198,0.6053230701724599,0.80266153508623,-0.09866923245688503,-0.5493346162284425,0.22533269188577876,0.6126663459428894,0.8063331729714447,0.9031665864857223,0.9515832932428612,-0.024208353378569414,0.4878958233107153,0.7439479116553577,0.8719739558276789,-0.06401302208616055,-0.5320065110430803,0.23399674447845986,0.6169983722392299,-0.19150081388038503,-0.5957504069401925,-0.7978752034700962,0.10106239826495189,0.550531199132476,-0.22473440043376203,-0.612367200216881,0.19381639989155952,-0.40309180005422024,-0.7015459000271101,-0.850772950013555,-0.9253864750067775,-0.9626932375033888,-0.9813466187516944,0.009326690624152811,0.5046633453120764,-0.24766832734396182,-0.6238341636719809,0.18808291816400957,0.5940414590820048,-0.2029792704589976,-0.6014896352294988,0.19925518238525058,0.5996275911926253,-0.20018620440368734,0.39990689779815636,0.6999534488990782,-0.1500232755504609,0.42498836222476954,-0.2875058188876152,-0.6437529094438076,0.1781235452780962,0.5890617726390481,-0.20546911368047593,-0.602734556840238,0.198632721579881,0.5,-0.25,0.375,0.6875,0.84375,0.921875,0.9609375,0.98046875,-0.009765625,0.4951171875,0.74755859375,0.873779296875,0.9368896484375,0.96844482421875,-0.015777587890625,0.4921112060546875,0.7460556030273438,0.8730278015136719,0.9365139007568359,-0.03174304962158203,0.484128475189209,0.7420642375946045,-0.12896788120269775,-0.5644839406013489,0.21775802969932556,0.6088790148496628,-0.1955604925751686,-0.5977802462875843,-0.7988901231437922,-0.8994450615718961,0.05027746921405196,0.525138734607026,-0.237430632696487,0.3812846836517565,0.6906423418258782,0.8453211709129391,-0.07733941454353044,0.4613302927282348,0.7306651463641174,-0.1346674268179413,-0.5673337134089707,-0.7836668567044853,0.10816657164775734,0.5540832858238787,0.7770416429119393,0.8885208214559697,0.9442604107279848,0.9721302053639924,-0.013934897318003792,0.4930325513409981,0.746516275670499,-0.12674186216475047,0.43662906891762476,0.7183145344588124,-0.14084273277059378,-0.5704213663852968,0.21478931680735158,0.6073946584036758,-0.1963026707981621,0.40184866460091895,-0.2990756676995405,-0.6495378338497703,-0.8247689169248851,0.08761554153755746,0.5438077707687787,0.7719038853843894,0.8859519426921947,0.9429759713460973,-0.02851201432695133,0.48574399283652436,0.7428719964182622,-0.1285640017908689,0.43571799910456555,0.7178589995522828,-0.14107050022385859,-0.5705352501119293,0.21473237494403535,-0.39263381252798235,0.3036830937360088,-0.34815845313199556,0.3259207734340022,-0.3370396132829989,-0.6685198066414995,-0.8342599033207497,0.08287004833962514,-0.4585649758301874,0.2707175120849063,0.6353587560424532,-0.1823206219787734,0.4088396890106133,-0.29558015549469335,0.35220992225265335,0.6761049611263267,-0.16194751943683666,-0.5809737597184184,0.20951312014079082,-0.3952434399296046,-0.6976217199648023,-0.8488108599824011,0.07559457000879943,0.5377972850043997,-0.23110135749780014,0.38444932125109993,-0.30777533937445,0.346112330312775,0.6730561651563876,-0.16347191742180622,0.4182640412890969,0.7091320206445484,-0.1454339896777258,0.4272830051611371,0.7136415025805686,0.8568207512902843,0.9284103756451422,0.964205187822571,0.9821025939112855,0.9910512969556428,0.9955256484778214,-0.002237175761089283,-0.5011185878805446,-0.7505592939402723,-0.8752796469701362,-0.937639823485068,0.031180088257465988,-0.484409955871267,-0.7422049779356334,0.12889751103218328,-0.43555124448390836,0.2822243777580458,-0.3588878111209771,0.32055609443951144,-0.3397219527802443,0.33013902360987785,-0.3349304881950611,0.33253475590246945,-0.3337326220487653,0.33313368897561735,-0.3334331555121913,0.33328342224390434,-0.33335828887804786,0.33332085556097607,0.6666604277804881,0.8333302138902441,0.916665106945122,0.9583325534725611,0.9791662767362805,0.9895831383681403,0.9947915691840701,-0.0026042154079649604,0.4986978922960175,-0.25065105385199127,0.37467447307400437,0.6873372365370022,-0.1563313817314989,-0.5781656908657494,-0.7890828454328747,-0.8945414227164373,0.052729288641781336,0.5263646443208907,0.7631823221604453,0.8815911610802227,-0.059204419459888635,0.4703977902700557,0.7351988951350279,0.867599447567514,0.933799723783757,0.9668998618918785,-0.016550069054060756,0.4917249654729696,0.7458624827364848,-0.1270687586317576,0.4364656206841212,-0.2817671896579394,0.3591164051710303,-0.32044179741448486,0.33977910129275757,0.6698895506463788,0.8349447753231893,0.9174723876615947,0.9587361938307973,-0.020631903084601333,0.4896840484576993,0.7448420242288496,0.8724210121144248,0.9362105060572123,0.9681052530286062,0.984052626514303,-0.007973686742848485,0.49601315662857576,0.7480065783142879,0.8740032891571439,-0.06299835542142806,0.46850082228928597,-0.26574958885535704,-0.6328747944276785,0.18356260278616077,-0.4082186986069196,0.2958906506965402,-0.3520546746517299,-0.676027337325865,0.16198633133706752,0.5809931656685338,0.7904965828342669,-0.10475170858286653,0.44762414570856673,-0.2761879271457166,0.3619060364271417,0.6809530182135708,0.8404765091067854,0.9202382545533927,-0.03988087272330365,-0.5199404363616518,-0.7599702181808259,-0.8799851090904129,0.06000744545479353,0.5300037227273968,0.7650018613636984,0.8825009306818492,0.9412504653409246,-0.0293747673295377,0.48531261633523115,-0.2573436918323844,-0.6286718459161922,-0.8143359229580961,0.09283203852095195,0.546416019260476,-0.226791990369762,-0.613395995184881,0.19330200240755951,0.5966510012037798,0.7983255006018899,0.899162750300945,0.9495813751504725,-0.025209312424763763,-0.5126046562123818,0.2436976718938091,-0.37815116405309546,-0.6890755820265477,0.15546220898672614,0.5777311044933631,0.7888655522466815,0.8944327761233408,0.9472163880616704,-0.026391805969164794,-0.5131959029845824,-0.7565979514922911,-0.8782989757461456,0.060850512126927214,0.5304252560634636,-0.2347873719682682,-0.6173936859841341,0.19130315700793293,-0.40434842149603356,-0.7021742107480168,-0.8510871053740083,0.07445644731299583,0.5372282236564979,-0.23138588817175104,-0.6156929440858755,-0.8078464720429377,-0.9039232360214688,0.04803838198926558,0.5240191909946328,0.7620095954973164,-0.1189952022513418,-0.5594976011256709,0.22025119943716454,0.6101255997185823,-0.19493720014070887,-0.5974686000703544,0.2012656999648228,0.6006328499824114,-0.1996835750087943,-0.5998417875043971,0.20007910624780145,0.6000395531239007,0.8000197765619503,-0.09999011171902483,0.4500049441404876,-0.2749975279297562,0.3625012360351219,0.6812506180175609,-0.15937469099121954,-0.5796873454956097,0.21015632725219513,0.6050781636260976,0.8025390818130488,-0.09873045909347561,0.45063477045326217,-0.2746826147733689,0.3626586926133155,-0.31867065369334224,0.3406646731533289,0.6703323365766645,0.8351661682883322,-0.08241691585583388,0.45879154207208306,0.7293957710360415,-0.13530211448197926,-0.5676510572409896,0.21617447137950518,-0.3919127643102474,0.3040436178448763,0.6520218089224381,-0.17398909553878095,0.4130054522306095,-0.29349727388469526,-0.6467486369423476,0.17662568152882618,-0.4116871592355869,-0.7058435796177934,0.1470782101911033,-0.4264608949044484,0.2867695525477758,0.6433847762738879,0.821692388136944,-0.089153805931528,-0.544576902965764,0.227711548517118,0.613855774258559,0.8069278871292795,0.9034639435646398,0.9517319717823198,0.9758659858911599,0.98793299294558,-0.0060335035272099935,-0.503016751763605,0.24849162411819747,-0.37575418794090126,0.3121229060295494,0.6560614530147747,0.8280307265073874,-0.0859846367463063,-0.5429923183731531,-0.7714961591865765,0.11425192040671173,0.5571259602033558,-0.2214370198983221,-0.610718509949161,0.1946407450254195,0.5973203725127098,-0.20133981374364512,-0.6006699068718225,0.19966504656408873,-0.4001674767179556,0.2999162616410222,-0.3500418691794889,-0.6750209345897444,0.16248953270512778,0.581244766352564,0.790622383176282,0.895311191588141,0.9476555957940704,-0.02617220210296478,-0.5130861010514824,0.24345694947425878,0.6217284747371294,-0.18913576263143528,-0.5945678813157176,0.2027160593421412,0.6013580296710705,-0.19932098516446473,-0.5996604925822324,0.2001697537088838,0.6000848768544419,-0.19995756157277905,0.40002121921361045,-0.2999893903931948,0.35000530480340264,0.6750026524017013,0.8375013262008506,-0.0812493368995747,0.45937533155021265,-0.27031233422489365,0.3648438328875532,0.6824219164437766,0.8412109582218883,0.9206054791109441,0.9603027395554721,0.980151369777736,-0.00992431511113201,-0.5049621575555661,0.24751892122221697,0.6237594606111085,0.8118797303055543,0.9059398651527771,0.9529699325763885,-0.023515033711805744,0.48824248314409713,-0.25587875842795144,-0.6279393792139757,0.18603031039301215,-0.40698484480349395,-0.7034924224017469,0.14825378879912654,0.5741268943995632,-0.2129365528002184,-0.6064682764001093,-0.8032341382000546,0.09838293089997269,-0.4508085345500137,-0.7254042672750068,0.13729786636249658,0.5686489331812483,-0.21567553340937584,0.3921622332953121,0.696081116647656,-0.15195944167617198,-0.575979720838086,-0.787989860419043,-0.8939949302095215,-0.9469974651047608,-0.9734987325523804,-0.9867493662761901,-0.9933746831380951,0.0033126584309524643,0.5016563292154762,-0.2491718353922619,0.3754140823038691,-0.31229295884806546,0.3438535205759673,0.6719267602879837,0.8359633801439919,-0.08201830992800407,-0.541009154964002,0.22949542251799898,0.6147477112589995,0.8073738556294998,0.9036869278147499,0.951843463907375,-0.024078268046312523,0.48796086597684374,-0.25601956701157813,0.37199021649421093,0.6859951082471054,0.8429975541235527,-0.07850122293822365,-0.5392506114691118,0.2303746942654441,0.615187347132722,0.807593673566361,-0.09620316321681949,-0.5481015816084097,0.22594920919579514,-0.38702539540210246,0.30648730229894877,0.6532436511494744,-0.17337817442526282,0.4133109127873686,0.7066554563936843,0.8533277281968421,-0.07333613590157895,0.4633319320492105,0.7316659660246052,0.8658329830123026,-0.0670835084938487,0.46645824575307565,0.7332291228765379,0.866614561438269,-0.06669271928086551,0.46665364035956725,0.7333268201797836,0.8666634100898918,0.9333317050449459,-0.033334147477527054,-0.5166670737387635,0.24166646313061824,0.6208332315653091,0.8104166157826546,0.9052083078913273,0.9526041539456637,0.9763020769728319,0.988151038486416,0.994075519243208,0.997037759621604,0.998518879810802,0.999259439905401,-0.00037028004729949826,-0.5001851400236498,0.2499074299881751,0.6249537149940876,0.8124768574970438,0.9062384287485219,0.953119214374261,0.9765596071871305,-0.011720196406434735,0.49413990179678263,0.7470699508983913,0.8735349754491957,-0.06323251227540216,0.4683837438622989,0.7341918719311494,-0.13290406403442528,0.4335479679827874,-0.2832260160086063,0.35838699199569685,-0.3208065040021516,0.3395967479989242,0.6697983739994621,0.8348991869997311,-0.08255040650013445,0.4587247967499328,-0.2706376016250336,0.3646811991874832,0.6823405995937416,0.8411702997968709,0.9205851498984354,0.9602925749492177,-0.019853712525391143,0.49007314373730443,0.7450365718686522,-0.12748171406567388,0.43625914296716306,-0.28187042851641847,0.3590647857417908,-0.3204676071291046,0.3397661964354477,-0.33011690178227615,-0.6650584508911381,0.16747077455443093,0.5837353872772155,0.7918676936386078,0.8959338468193039,-0.05203307659034806,-0.526016538295174,-0.763008269147587,0.11849586542620649,-0.44075206728689675,0.2796239663565516,-0.3601880168217242,0.3199059915891379,-0.34004700420543105,0.32997649789728445,-0.3350117510513578,0.33249412447432114,0.6662470622371606,-0.16687646888141972,-0.5834382344407099,0.20828088277964507,-0.39585955861017746,-0.6979297793050887,-0.8489648896525444,0.07551755517372782,-0.4622412224131361,-0.731120611206568,0.134439694396716,-0.432780152801642,0.283609923599179,0.6418049617995896,0.8209024808997948,0.9104512404498974,-0.044774379775051276,-0.5223871898875256,0.23880640505623718,-0.3805967974718814,0.3097016012640593,0.6548508006320297,-0.17257459968398514,0.41371270015800743,-0.2931436499209963,-0.6465718249604981,0.17671408751975093,0.5883570437598755,-0.20582147812006224,-0.6029107390600311,-0.8014553695300155,-0.9007276847650078,0.049636157617496124,-0.4751819211912519,0.26240903940437404,0.631204519702187,-0.18439774014890647,-0.5921988700744533,-0.7960994350372266,0.10195028248138671,0.5509751412406934,-0.22451242937965332,-0.6122562146898267,0.19387189265508664,-0.4030640536724567,0.29846797316377166,0.6492339865818858,-0.1753830067090571,0.4123084966454714,0.7061542483227357,-0.14692287583863217,-0.5734614379193161,0.21326928104034193,-0.39336535947982904,0.3033173202600855,-0.34834133986995724,0.32582933006502135,-0.3370853349674893,-0.6685426674837447,0.16572866625812765,-0.4171356668709362,0.2914321665645319,0.6457160832822659,0.822858041641133,0.9114290208205664,-0.04428548958971679,-0.5221427447948583,-0.7610713723974292,-0.8805356861987146,0.05973215690064271,0.5298660784503213,-0.23506696077483935,0.3824665196125803,0.6912332598062901,-0.15438337009685493,0.42280831495157256,-0.2885958425242137,-0.6442979212621068,-0.8221489606310535,0.08892551968447326,-0.45553724015776337,-0.7277686200788817,-0.8638843100394409,-0.9319421550197204,-0.9659710775098602,-0.9829855387549301,-0.9914927693774651,-0.9957463846887326,-0.9978731923443662,0.001063403827816889,0.5005317019139084,-0.2497341490430458,0.3751329254784771,0.6875664627392386,-0.1562167686303807,-0.5781083843151904,-0.7890541921575952,0.1054729039212024,-0.44726354803939883,-0.7236317740196994,0.13818411299015032,0.5690920564950752,0.7845460282475376,0.8922730141237688,-0.0538634929381156,0.4730682535309422,-0.2634658732345289,-0.6317329366172645,-0.8158664683086323,0.09206676584568385,-0.4539666170771581,-0.7269833085385791,0.13650834573071047,-0.43174582713464477,-0.7158729135673224,0.1420635432163388,-0.4289682283918306,-0.7144841141959153,-0.8572420570979576,0.07137897145102118,-0.46431051427448944,-0.7321552571372447,0.13392237143137764,0.5669611857156889,0.7834805928578444,0.8917402964289223,0.9458701482144611,0.9729350741072306,0.9864675370536153,-0.00676623147319233,-0.5033831157365962,-0.7516915578682981,0.12415422106585094,0.5620771105329254,-0.2189614447335373,0.39051927763323135,0.6952596388166157,-0.15237018059169216,-0.5761850902958461,0.21190745485207696,-0.3940462725739615,-0.6970231362869808,-0.8485115681434904,-0.9242557840717451,0.03787210796412743,0.5189360539820638,-0.24053197300896811,-0.6202659865044841,-0.8101329932522421,-0.905066496626121,0.04746675168693948,-0.47626662415653026,0.26186668792173484,0.6309333439608674,0.8154666719804338,0.9077333359902169,0.9538666679951084,0.9769333339975542,-0.01153333300122289,-0.5057666665006114,0.2471166667496943,-0.3764416666251529,-0.6882208333125764,-0.8441104166562883,0.07794479167185586,-0.46102760416407207,0.26948619791796397,0.634743098958982,-0.18262845052050902,0.4086857747397455,0.7043428873698727,-0.14782855631506364,0.4260857218424682,-0.2869571390787659,0.356521430460617,0.6782607152303085,-0.16086964238484575,0.41956517880757715,-0.2902174105962114,-0.6451087052981057,-0.8225543526490529,0.08872282367547357,0.5443614118377368,-0.2278192940811316,0.38609035295943417,-0.3069548235202829,0.34652258823985854,-0.3267387058800707,-0.6633693529400353,0.16831532352998235,-0.4158423382350088,0.2920788308824956,-0.35396058455875223,0.3230197077206239,-0.3384901461396881,0.33075492693015596,-0.334622536534922,-0.667311268267461,-0.8336556341337304,0.08317218293313478,-0.4584139085334326,0.27079304573328367,-0.36460347713335817,0.3176982614333209,-0.34115086928333954,0.3294245653583302,-0.3352877173208349,0.3323561413395826,-0.3338219293302087,-0.6669109646651044,-0.8334554823325522,0.08327225883372391,-0.45836387058313804,0.27081806470843095,0.6354090323542154,0.8177045161771077,-0.09114774191144615,0.4544261290442769,0.7272130645221384,0.8636065322610692,-0.0681967338694654,0.46590163306526733,-0.26704918346736634,0.36647540826631686,-0.31676229586684157,-0.6583811479334207,0.17080942603328964,-0.4145952869833552,-0.7072976434916776,0.14635117825416122,0.5731755891270807,-0.21341220543645967,0.39329389728177017,0.696646948640885,-0.15167652567955747,-0.5758382628397787,0.21208086858011066,-0.39395956570994467,-0.6969797828549723,-0.8484898914274861,0.07575505428625695,0.5378775271431284,0.7689387635715642,-0.1155306182142179,-0.557765309107109,-0.7788826545535545,-0.8894413272767773,-0.9447206636383887,-0.9723603318191943,-0.9861801659095972,0.006909917045201386,0.5034549585226007,-0.24827252073869965,0.3758637396306502,0.6879318698153251,-0.15603406509233747,-0.5780170325461688,-0.7890085162730844,-0.8945042581365422,0.05274787093172889,-0.4736260645341356,-0.7368130322670678,0.13159348386646608,-0.43420325806676696,-0.7171016290333835,-0.8585508145166918,0.0707245927416541,0.5353622963708271,0.7676811481854136,0.8838405740927068,-0.05807971295364661,0.4709601435231767,0.7354800717615884,0.8677400358807942,0.9338700179403971,-0.03306499102980143,0.4834675044850993,0.7417337522425497,-0.12913312387872516,0.4354334380606374,-0.2822832809696813,0.3588583595151593,-0.32057082024242034,0.33971458987878983,0.6698572949393949,0.8349286474696975,0.9174643237348488,0.9587321618674244,0.9793660809337121,-0.010316959533143932,0.49484152023342803,0.747420760116714,0.873710380058357,0.9368551900291785,0.9684275950145893,-0.015786202492705348,0.4921068987536473,0.7460534493768236,-0.1269732753115882,0.4365133623442059,0.718256681172103,-0.14087165941394852,-0.5704358297069743,0.21478208514651287,0.6073910425732565,-0.19630447871337176,0.4018477606433141,-0.2990761196783429,-0.6495380598391715,0.17523097008041427,-0.4123845149597929,0.29380774252010355,0.6469038712600518,-0.1765480643699741,0.4117259678150129,-0.29413701609249354,0.35293149195375323,0.6764657459768766,0.8382328729884383,0.9191164364942191,-0.04044178175289043,0.4797791091235548,-0.2601104454382226,-0.6300552227191113,0.18497238864044435,0.5924861943202222,-0.2037569028398889,0.39812154858005555,0.6990607742900278,-0.1504696128549861,-0.575234806427493,0.21238259678625349,0.6061912983931268,0.8030956491965634,0.9015478245982818,0.9507739122991409,0.9753869561495705,-0.012306521925214753,0.4938467390373926,-0.2530766304813037,-0.6265383152406518,-0.8132691576203259,-0.906634578810163,0.04668271059491852,-0.4766586447025407,0.26167067764872964,0.6308353388243648,-0.1845823305878176,0.4077088347060912,0.7038544173530457,-0.14807279132347717,-0.5740363956617386,-0.7870181978308692,-0.8935090989154346,0.05324545054228269,0.5266227252711413,0.7633113626355706,-0.11834431868221468,-0.5591721593411073,0.22041392032944634,-0.3897930398352768,-0.6948965199176385,-0.8474482599588192,0.07627587002059039,-0.46186206498970483,0.2690689675051476,0.6345344837525738,0.817267241876287,-0.09136637906185652,0.45431681046907174,0.7271584052345359,-0.13642079738273205,-0.568210398691366,0.215894800654317,0.6079474003271585,0.8039737001635793,0.9019868500817896,0.9509934250408948,0.9754967125204475,-0.012251643739776275,0.49387417813011186,-0.25306291093494404,0.373468544532528,0.6867342722662639,-0.15663286386686803,-0.578316431933434,0.21084178403328302,0.6054208920166415,0.8027104460083208,0.9013552230041604,-0.04932238849791981,0.4753388057510401,0.7376694028755201,-0.13116529856223996,-0.56558264928112,-0.78279132464056,0.10860433767972,-0.44569783116014,0.27715108441992997,0.638575542209965,0.8192877711049825,0.9096438855524913,0.9548219427762457,0.9774109713881228,0.9887054856940614,0.9943527428470307,-0.0028236285764846603,-0.5014118142882423,-0.7507059071441211,-0.8753529535720606,0.06232352321396972,0.5311617616069848,-0.2344191191965076,0.3827904404017462,-0.3086047797991269,0.34569761010043654,-0.32715119494978173,0.33642440252510913,-0.33178779873744546,0.33410610063127727,-0.33294694968436134,0.33352652515781933,-0.33323673742109033,-0.6666183687105451,0.16669081564472743,-0.4166545921776363,0.29167270391118183,0.645836351955591,0.8229181759777955,0.9114590879888977,0.9557295439944489,-0.022135228002775564,0.4889323859986122,-0.2555338070006939,0.3722330964996531,0.6861165482498266,-0.1569417258750867,-0.5784708629375434,0.21076456853122832,-0.39461771573438587,-0.6973088578671929,0.15134557106640356,-0.4243272144667982,-0.7121636072333991,-0.8560818036166995,0.07195909819165025,-0.4640204509041749,-0.7320102254520875,-0.8660051127260437,0.06699744363697813,0.533498721818489,0.7667493609092445,-0.11662531954537775,0.44168734022731115,0.7208436701136556,0.8604218350568278,-0.0697890824715861,-0.534894541235793,0.23255272938210347,-0.38372363530894826,0.30813818234552587,-0.3459309088272371,-0.6729654544136185,0.16351727279319073,0.5817586363965954,0.7908793181982977,-0.10456034090085115,0.44771982954957446,0.7238599147747873,0.8619299573873936,0.9309649786936969,-0.03451751065315156,0.4827412446734242,-0.25862937766328786,0.37068531116835607,0.6853426555841781,0.842671327792089,0.9213356638960445,0.9606678319480222,-0.019666084025988906,0.49016695798700555,-0.2549165210064972,0.3725417394967514,-0.3137291302516243,0.34313543487418785,-0.3284322825629061,-0.664216141281453,0.1678919293592735,0.5839459646796368,-0.2080270176601816,0.3959864911699092,-0.30200675441504543,0.3489966227924773,-0.3255016886037614,0.3372491556981193,-0.33137542215094035,0.3343122889245298,-0.3328438555377351,0.33357807223113245,-0.3332109638844338,-0.6666054819422169,-0.8333027409711085,-0.9166513704855542,0.041674314757222886,0.5208371573786115,0.7604185786893057,0.8802092893446529,-0.05989535532767354,-0.5299476776638368,-0.7649738388319184,0.11751308058404081,-0.4412434597079796,-0.7206217298539899,0.13968913507300507,0.5698445675365025,0.7849222837682512,0.8924611418841256,0.9462305709420629,-0.026884714528968567,-0.5134423572644843,-0.7567211786322421,0.12163941068387896,0.5608197053419395,-0.21959014732903026,0.39020492633548487,0.6951024631677425,0.8475512315838712,-0.07622438420806438,0.46188780789596784,0.7309439039479839,-0.13452804802600804,0.432735975986996,-0.283632012006502,-0.641816006003251,-0.8209080030016255,-0.9104540015008127,0.04477299924959366,0.5223864996247969,0.7611932498123984,-0.11940337509380078,0.4402983124530996,-0.2798508437734502,0.3600745781132749,-0.31996271094336254,0.34001864452831876,-0.3299906777358406,-0.6649953388679203,0.16750233056603986,0.58375116528302,0.79187558264151,-0.10406220867924498,0.4479688956603775,-0.2760155521698112,-0.6380077760849057,0.18099611195754717,0.5904980559787736,-0.2047509720106132,0.3976245139946934,-0.3011877430026533,0.34940612849867336,0.6747030642493367,0.8373515321246683,-0.08132423393766586,0.45933788303116707,-0.27033105848441646,-0.6351655292422083,0.18241723537889587,0.591208617689448,0.795604308844724,0.897802154422362,0.948901077211181,-0.0255494613944095,0.48722526930279525,0.7436126346513976,0.8718063173256988,0.9359031586628495,-0.03204842066857527,-0.5160242103342876,0.2419878948328562,-0.3790060525835719,0.31049697370821405,-0.344751513145893,-0.6723757565729465,0.16381212171352677,-0.4180939391432366,0.2909530304283817,-0.35452348478580914,0.3227382576070954,-0.3386308711964523,0.33068456440177385,0.665342282200887,0.8326711411004435,-0.08366442944977825,0.4581677852751109,-0.27091610736244454,0.36454194631877773,0.6822709731593889,-0.15886451342030555,0.42056774328984725,-0.2897161283550764,0.3551419358224618,0.677570967911231,-0.16121451604438453,0.41939274197780774,-0.29030362901109613,0.35484818549445196,0.6774240927472259,0.838712046373613,0.9193560231868065,0.9596780115934033,0.9798390057967017,-0.010080497101649155,-0.5050402485508245,0.24747987572458774,0.6237399378622939,0.8118699689311469,-0.09406501553442653,0.45296749223278676,-0.2735162538836066,-0.6367581269418033,0.18162093652909833,-0.4091895317354508,0.2954052341322746,0.6477026170661373,0.8238513085330686,0.9119256542665344,-0.04403717286673281,0.4779814135666336,-0.2610092932166832,0.3694953533916584,0.6847476766958291,-0.15762616165208543,0.4211869191739573,0.7105934595869786,0.8552967297934893,0.9276483648967446,0.9638241824483723,0.9819120912241861,0.990956045612093,0.9954780228060465,-0.002260988596976765,0.4988695057015116,0.7494347528507558,-0.1252826235746221,-0.562641311787311,0.2186793441063445,0.6093396720531723,-0.19533016397341385,-0.5976650819867069,0.20116745900664657,0.6005837295033233,-0.19970813524833836,-0.5998540676241692,0.20007296618791542,-0.39996351690604226,0.30001824154697887,0.6500091207734895,-0.17499543961325525,-0.5874977198066276,0.20625114009668621,0.6031255700483431,-0.19843721497582845,0.4007813925120858,0.7003906962560429,-0.14980465187197856,-0.5749023259359893,0.21254883703200533,0.6062744185160027,0.8031372092580014,-0.09843139537099932,0.45078430231450034,-0.2746078488427498,-0.637303924421375,0.18134803778931252,0.5906740188946562,-0.2046629905526719,-0.6023314952763359,0.19883425236183205,0.599417126180916,-0.200291436909542,-0.6001457184547709,-0.8000728592273855,0.09996357038630727,-0.45001821480684634,0.27499089259657683,-0.3625045537017116,0.31874772314914424,-0.3406261384254279,-0.6703130692127139,0.16484346539364303,0.5824217326968215,-0.20878913365158924,-0.6043945668257946,0.1978027165871027,0.5989013582935514,-0.2005493208532243,0.39972533957338785,-0.3001373302133061,-0.6500686651066531,0.17496566744667347,-0.41251716627666324,0.2937414168616684,0.6468707084308342,-0.17656464578458292,0.41171767710770857,-0.2941411614461457,-0.6470705807230729,0.17646470963846356,0.5882323548192318,-0.20588382259038412,0.39705808870480797,0.6985290443524039,-0.15073547782379804,0.424632261088101,0.7123161305440505,0.8561580652720253,-0.07192096736398734,0.46403951631800633,0.7320197581590031,0.8660098790795016,-0.06699506046024922,0.4665024697698754,-0.2667487651150623,-0.6333743825575311,-0.8166871912787655,-0.9083435956393828,-0.9541717978196914,0.022914101090154293,-0.4885429494549228,0.2557285252725386,-0.37213573736373073,0.31393213131813463,0.6569660656590673,-0.17151696717046633,0.4142415164147668,-0.2928792417926166,0.3535603791036917,-0.3232198104481542,-0.6616099052240771,-0.8308049526120386,0.08459752369398071,0.5422987618469903,0.7711493809234952,-0.11442530953825242,0.4427873452308738,-0.2786063273845631,0.3606968363077184,0.6803484181538593,0.8401742090769296,0.9200871045384649,-0.039956447730767564,0.4800217761346162,-0.2599891119326919,0.37000544403365404,0.685002722016827,0.8425013610084136,-0.07874931949579322,0.4606253402521034,-0.2696873298739483,0.36515633506302586,0.6825781675315129,-0.15871091623424355,0.42064454188287825,-0.2896777290585609,-0.6448388645292804,0.1775805677353598,0.58879028386768,0.79439514193384,-0.10280242903308001,0.44859878548346,-0.27570060725827,-0.637850303629135,0.1810748481854325,0.5905374240927163,-0.20473128795364187,-0.6023656439768209,-0.8011828219884105,0.09940858900579475,0.5497042945028974,-0.2251478527485513,0.38742607362572434,-0.30628696318713783,-0.6531434815935689,0.17342825920321553,-0.41328587039839226,-0.7066429351991961,0.14667853240040196,0.573339266200201,0.7866696331001005,0.8933348165500503,-0.05333259172497484,-0.5266662958624875,-0.7633331479312437,0.11833342603437813,-0.44083328698281093,-0.7204166434914054,-0.8602083217457027,0.06989583912714864,0.5349479195635743,0.7674739597817872,0.8837369798908936,-0.05813151005455319,0.4709342449727234,-0.2645328775136383,-0.6322664387568191,-0.8161332193784095,0.09193339031079523,-0.45403330484460236,-0.7270166524223012,-0.8635083262111506,-0.9317541631055752,0.03412291844721238,0.5170614592236062,0.7585307296118031,-0.12073463519409844,0.4396326824029508,-0.2801836587985246,-0.6400918293992623,-0.8200459146996312,-0.9100229573498155,0.044988521325092234,-0.4775057393374539,-0.7387528696687269,0.13062356516563656,-0.4346882174171817,0.2826558912914091,0.6413279456457046,0.8206639728228523,-0.08966801358857385,-0.544834006794287,0.22758299660285652,-0.38620850169857174,0.30689574915071416,-0.3465521254246429,0.32672393728767857,0.6633619686438392,-0.16831901567808039,-0.5841595078390402,0.20792024608047988,-0.39603987695976006,0.30198006152011997,-0.34900996923994,-0.67450498461997,0.162747507690015,0.5813737538450074,0.7906868769225037,-0.10465656153874814,0.44767171923062593,-0.27616414038468706,-0.6380820701923435,-0.8190410350961718,0.09047948245191412,0.5452397412259571,-0.22738012938702146,-0.6136900646935107,0.19315496765324464,-0.40342251617337765,-0.7017112580866889,0.14914437095665556,0.5745721854783278,-0.2127139072608361,-0.6063569536304181,0.19682152318479096,-0.4015892384076045,0.29920538079619774,-0.35039730960190113,-0.6751986548009505,0.16240067259952473,0.5812003362997624,0.7906001681498812,0.8953000840749405,0.9476500420374703,0.9738250210187351,-0.013087489490632431,0.4934562552546838,-0.25327187237265814,-0.6266359361863291,0.18668203190683547,-0.4066589840465823,-0.7033294920232911,0.14833525398835445,0.5741676269941772,-0.2129161865029114,0.3935419067485443,-0.30322904662572786,0.34838547668713604,0.674192738343568,-0.16290363082821602,0.418548184585892,0.709274092292946,-0.145362953853527,-0.5726814769267635,-0.7863407384633818,0.10682963076830909,-0.44658518461584545,-0.7232925923079228,0.13835370384603862,0.5691768519230194,0.7845884259615097,-0.10770578701924516,0.4461471064903774,0.7230735532451887,0.8615367766225943,-0.06923161168870284,0.4653841941556486,0.7326920970778243,-0.13365395146108783,0.4331730242694561,-0.283413487865272,0.358293256067364,0.679146628033682,-0.160426685983159,0.4197866570084205,0.7098933285042103,0.8549466642521051,-0.07252666787394746,-0.5362633339369738,0.2318683330315131,0.6159341665157565,0.8079670832578782,-0.09601645837106088,-0.5480082291855304,-0.7740041145927652,0.1129979427036174,0.5564989713518087,-0.22175051432409565,-0.6108752571620478,0.1945623714189761,0.5972811857094881,-0.20135940714525596,-0.600679703572628,-0.8003398517863141,0.09983007410684297,0.5499150370534215,-0.22504248147328926,0.3874787592633554,0.6937393796316778,-0.15313031018416112,0.42343484490791944,-0.28828257754604025,0.3558587112269799,0.67792935561349,0.838964677806745,0.9194823389033725,0.9597411694516862,-0.020129415274156903,0.48993529236292155,0.7449676461814607,-0.12751617690926964,-0.5637580884546348,0.2181209557726826,-0.3909395221136587,0.30453023894317066,-0.34773488052841467,-0.6738674402642073,0.16306627986789635,0.5815331399339482,0.7907665699669741,0.8953832849834871,0.9476916424917435,-0.026154178754128232,0.4869229106229359,-0.25653854468853204,-0.628269272344266,0.185865363827867,-0.4070673180860665,-0.7035336590430332,0.1482331704784834,0.5741165852392417,-0.21294170738037915,0.3935291463098104,0.6967645731549053,-0.15161771342254737,0.4241911432887263,-0.28790442835563684,0.35604778582218155,-0.3219761070889092,0.3390119464555454,0.6695059732277727,0.8347529866138863,0.9173764933069432,0.9586882466534716,0.9793441233267358,-0.010327938336632092,0.4948360308316839,-0.25258198458415804,0.373709007707921,-0.3131454961460395,-0.6565727480730197,0.17171362596349016,0.5858568129817451,-0.20707159350912746,0.3964642032454363,0.6982321016227182,0.8491160508113591,-0.07544197459432045,-0.5377209872971602,0.2311395063514199,0.6155697531757099,0.807784876587855,-0.09610756170607249,0.45194621914696376,0.7259731095734818,0.8629865547867409,0.9314932773933704,0.9657466386966852,-0.0171266806516574,-0.5085633403258287,-0.7542816701629144,-0.8771408350814571,-0.9385704175407286,-0.9692852087703643,0.01535739561481786,-0.49232130219259107,0.25383934890370446,0.6269196744518523,-0.18654016277407387,0.40672991861296304,0.7033649593064815,-0.14831752034675927,0.42584123982662037,-0.2870793800866898,0.3564603099566551,0.6782301549783276,-0.1608849225108362,-0.5804424612554181,0.20977876937229095,0.6048893846861455,-0.19755530765692725,0.4012223461715364,0.7006111730857683,0.8503055865428841,0.9251527932714421,0.962576396635721,-0.018711801682139484,0.49064409915893026,-0.25467795042053487,0.37266102478973256,0.6863305123948663,0.8431652561974332,-0.0784173719012834,0.4607913140493583,0.7303956570246791,0.8651978285123396,-0.06740108574383019,-0.533700542871915,0.23314972856404248,0.6165748642820212,-0.19171256785898938,-0.5958562839294947,-0.7979281419647474,0.10103592901762631,0.5505179645088132,-0.2247410177455934,0.3876294911272033,0.6938147455636017,-0.15309262721819916,0.4234536863909004,0.7117268431954502,0.8558634215977251,-0.07206828920113745,-0.5360341446005688,-0.7680170723002844,0.11599146384985781,0.5579957319249289,-0.22100213403753555,0.3894989329812322,0.6947494664906161,-0.15262526675469196,0.42368736662265405,0.7118436833113271,0.8559218416556635,0.9279609208278318,-0.036019539586084115,0.48199023020695797,-0.259004884896521,-0.6295024424482605,0.18524877877586976,0.5926243893879348,-0.2036878053060326,0.3981560973469837,0.6990780486734919,-0.15046097566325406,-0.575230487831627,0.2123847560841865,-0.39380762195790675,-0.6969038109789534,0.1515480945105233,-0.42422595274473834,0.28788702362763086,0.6439435118138155,-0.17802824409309226,0.41098587795345387,0.7054929389767269,0.8527464694883635,-0.07362676525581824,0.4631866173720909,-0.26840669131395456,-0.6342033456569773,0.18289832717151133,0.5914491635857557,-0.20427541820712214,0.39786229089643893,0.6989311454482194,-0.15053442727589028,-0.5752672136379451,-0.7876336068189725,-0.8938168034094862,-0.9469084017047431,-0.9734542008523716,0.013272899573814223,-0.49336355021309286,-0.7466817751065464,0.12665911244672678,0.5633295562233633,0.7816647781116817,-0.10916761094415917,0.4454161945279204,-0.27729190273603976,-0.6386459513680198,0.1806770243159901,0.590338512157995,-0.20483074392100248,0.3975846280394988,0.6987923140197494,-0.1506038429901253,-0.5753019214950627,-0.7876509607475313,-0.8938254803737656,-0.9469127401868829,-0.9734563700934414,0.013271814953279282,-0.49336409252336033,-0.7466820462616801,0.12665897686915994,-0.43667051156542,-0.7183352557827101,0.14083237210864497,-0.4295838139456775,0.2852080930271612,0.6426040465135806,-0.1786979767432097,0.4106510116283951,0.7053255058141976,-0.1473372470929012,0.4263313764535494,-0.28683431177322527,0.35658284411338736,0.6782914220566937,0.8391457110283469,0.9195728555141734,0.9597864277570867,0.9798932138785433,0.9899466069392717,-0.005026696530364139,0.49748665173481793,-0.251256674132591,0.3743716629337045,0.6871858314668522,0.8435929157334261,0.921796457866713,0.9608982289333565,0.9804491144666783,0.9902245572333391,-0.0048877213833304345,0.49755613930833476,0.7487780696541674,0.8743890348270837,-0.06280548258645813,-0.5314027412932291,0.23429862935338547,0.6171493146766928,-0.19142534266165362,-0.5957126713308268,0.20214366433458658,0.6010718321672933,0.8005359160836467,0.9002679580418234,-0.04986602097908832,0.47506698951045584,-0.2624665052447721,0.36876674737761395,-0.315616626311193,-0.6578083131555965,0.17109584342220174,0.5855479217111008,-0.2072260391444496,0.3963869804277752,-0.3018065097861124,0.3490967451069438,0.6745483725534719,-0.16272581372326406,-0.5813629068616321,0.20931854656918397,0.604659273284592,0.8023296366422961,0.901164818321148,0.950582409160574,-0.024708795419712992,0.48764560229014353,0.7438228011450718,0.8719114005725359,0.935955700286268,0.967977850143134,-0.01601107492843301,0.4919944625357835,0.7459972312678917,-0.12700138436605413,0.43649930781697294,-0.2817503460915135,0.35912482695424325,-0.32043758652287835,-0.6602187932614392,0.1698906033692804,0.5849453016846402,-0.2075273491576799,-0.60376367457884,0.19811816271058003,0.5990590813552901,-0.20047045932235497,0.3997647703388225,-0.30011761483058874,0.34994119258470563,-0.3250294037076472,0.3374852981461764,0.6687426490730882,0.8343713245365441,0.917185662268272,-0.041407168865863986,-0.520703584432932,0.23964820778353402,0.619824103891767,-0.1900879480541165,-0.5950439740270582,0.2024780129864709,0.6012390064932355,-0.19938049675338226,0.40030975162330884,-0.2998451241883456,0.35007743790582724,0.6750387189529137,0.8375193594764568,0.9187596797382285,0.9593798398691142,-0.02031008006544288,0.48984495996727856,-0.25507752001636075,0.3724612399918196,-0.31376938000409016,0.3431153099979549,0.6715576549989775,-0.16422117250051127,0.41788941374974437,0.7089447068748722,-0.1455276465625639,-0.572763823281282,-0.786381911640641,-0.8931909558203205,0.05340452208983976,0.5267022610449199,-0.23664886947754005,0.38167556526123,-0.309162217369385,0.3454188913153075,0.6727094456576538,0.8363547228288268,-0.08182263858558658,-0.5409113192927932,0.22954434035360338,0.6147721701768016,0.8073860850884008,-0.09630695745579959,0.45184652127210023,-0.2740767393639499,-0.6370383696819749,-0.8185191848409874,0.0907404075795063,0.5453702037897532,0.7726851018948766,0.8863425509474383,-0.05682872452628085,0.4715856377368596,0.7357928188684297,-0.13210359056578513,-0.5660517952828925,0.21697410235855374,-0.39151294882072313,-0.6957564744103616,-0.8478782372051807,-0.9239391186025904,0.038030440698704815,0.5190152203493524,-0.24049238982532378,0.37975380508733814,0.6898769025436691,0.8449384512718345,0.9224692256359173,0.9612346128179586,0.9806173064089794,-0.009691346795510314,0.49515432660224484,-0.25242283669887755,0.3737885816505612,0.6868942908252806,-0.15655285458735968,-0.5782764272936798,0.2108617863531601,0.60543089317658,0.80271544658829,-0.09864227670585501,-0.5493211383529275,0.22533943082353625,0.6126697154117682,0.8063348577058841,-0.09683257114705796,0.45158371442647105,0.7257918572132356,0.8628959286066178,-0.0685520356966911,-0.5342760178483456,0.23286199107582722,-0.3835690044620864,-0.6917845022310432,0.15410774888447842,0.5770538744422392,-0.2114730627788804,-0.6057365313894402,0.19713173430527992,0.5985658671526399,-0.20071706642368004,0.39964146678816,-0.30017926660592,0.34991036669704,-0.32504481665148,0.33747759167426,-0.33126120416286997,0.334369397918565,0.6671846989592825,-0.16640765052035877,0.4167961747398206,0.7083980873699103,0.8541990436849551,-0.07290047815752243,0.4635497609212388,-0.2682251195393806,0.3658874402303097,-0.31705627988484514,0.34147186005757746,0.6707359300287887,0.8353679650143944,-0.08231601749280282,0.4588419912535986,0.7294209956267993,0.8647104978133997,-0.06764475109330015,-0.53382237554665,0.233088812226675,0.6165444061133375,-0.19172779694333125,0.40413610152833435,0.7020680507641672,-0.14896597461791639,-0.5744829873089582,0.2127585063455209,0.6063792531727604,0.8031896265863803,0.9015948132931901,-0.04920259335340493,-0.5246012966767024,0.2376993516616488,-0.3811503241691756,0.3094248379154122,classic
