1_59182686_59198091,(-1-1j),(-1+1j),(-1+1j),(1+1j),(-1-1j),(1+1j),(-1-1j),(-1-1j),(-1+1j),(-1-1j),(1+1j),(-1-1j),(1-1j),(-1+1j),(-1+1j),(-1+1j),(1-1j),(-1-1j),(-1+1j),(-1+1j),(-1+1j),(1-1j),(-1+1j),(-1+1j),(-1-1j),(1+1j),(-1+1j),(-1-1j),(1-1j),(-1-1j),(1-1j),(1-1j),(1+1j),(1-1j),(1+1j),(-1+1j),(-1+1j),(1+1j),(-1+1j),(-1-1j),(1-1j),(1-1j),(1+1j),(1-1j),(-1+1j),(-1-1j),(-1-1j),(-1+1j),(1+1j),(-1+1j),(1+1j),(-1+1j),(-1+1j),(1+1j),(-1-1j),(-1+1j),(1-1j),(-1-1j),(1-1j),(-1+1j),(-1+1j),(-1-1j),(-1-1j),(1+1j),(-1-1j),(-1+1j),(-1+1j),(-1+1j),(-1+1j),(-1-1j),(1+1j),(1+1j),(-1-1j),(-1-1j),(-1-1j),(-1+1j),(1-1j),(1-1j),(-1+1j),(1+1j),(1+1j),(1+1j),(1-1j),(1+1j),(1+1j),(-1+1j),(-1+1j),(1+1j),(1+1j),(1-1j),(-1-1j),(1+1j),(1-1j),(1+1j),(-1-1j),(-1+1j),(-1-1j),(1+1j),(-1-1j),(-1-1j),(-1-1j),(-1+1j),(-1+1j),(1+1j),(-1+1j),(-1+1j),(-1-1j),(-1+1j),(1+1j),(1-1j),(1+1j),(-1-1j),(1-1j),(-1+1j),(1+1j),(1+1j),(-1+1j),(-1+1j),(1-1j),(1-1j),(1+1j),(1-1j),(1-1j),(1+1j),(1-1j),(-1-1j),(1+1j),(-1+1j),(-1+1j),(-1-1j),(1+1j),(1+1j),(-1-1j),(1+1j),(-1+1j),(1-1j),(-1-1j),(-1-1j),(-1+1j),(-1-1j),(-1-1j),(-1-1j),(-1+1j),(1+1j),(-1+1j),(-1+1j),(1+1j),(1+1j),(1-1j),(1+1j),(1+1j),(-1+1j),(-1+1j),(-1+1j),(1-1j),(-1-1j),(1-1j),(1-1j),(1-1j),(-1+1j),(1-1j),(1+1j),(-1+1j),(1+1j),(-1-1j),(-1-1j),(-1-1j),(-1+1j),(1-1j),(1+1j),(-1+1j),(1-1j),(1+1j),(-1+1j),(-1+1j),(1+1j),(-1+1j),(-1+1j),(-1+1j),(1+1j),(1+1j),(-1+1j),(-1+1j),(-1-1j),(1+1j),(-1+1j),(1+1j),(1-1j),(-1+1j),(1+1j),(1+1j),(-1+1j),(-1-1j),(1+1j),(-1-1j),(-1-1j),(-1+1j),(-1+1j),(1+1j),(1+1j),(-1-1j),(1-1j),(-1-1j),(-1+1j),(-1+1j),(1-1j),(-1+1j),(1+1j),(1+1j),(1+1j),(-1+1j),(1+1j),(1-1j),(-1+1j),(-1-1j),(1+1j),(1+1j),(-1-1j),(-1+1j),(-1+1j),(-1-1j),(-1-1j),(-1-1j),(1+1j),(-1+1j),(1-1j),(1-1j),(-1+1j),(-1-1j),(-1+1j),(-1-1j),(-1+1j),(1-1j),(-1-1j),(1+1j),(1-1j),(1-1j),(-1-1j),(1+1j),(1+1j),(-1-1j),(-1-1j),(-1+1j),(-1+1j),(1+1j),(-1-1j),(-1+1j),(1-1j),(1-1j),(1-1j),(1+1j),(-1+1j),(1+1j),(1+1j),(-1+1j),(1+1j),(1+1j),(-1-1j),(-1-1j),(-1-1j),(-1-1j),(-1-1j),(1-1j),(-1+1j),(1+1j),(-1-1j),(1-1j),(-1+1j),(-1+1j),(1+1j),(-1+1j),(-1+1j),(1+1j),(1+1j),(1-1j),(-1-1j),(-1+1j),(1-1j),(1-1j),(1+1j),(1+1j),(1+1j),(1-1j),(-1-1j),(1-1j),(-1-1j),(1-1j),(-1+1j),(1+1j),(-1+1j),(-1+1j),(-1-1j),(1+1j),(-1-1j),(1+1j),(-1+1j),(-1+1j),(-1-1j),(1+1j),(1-1j),(-1-1j),(-1-1j),(-1+1j),(-1-1j),(1-1j),(-1+1j),(-1+1j),(1+1j),(1+1j),(1+1j),(1-1j),(-1+1j),(-1+1j),(1-1j),(-1-1j),(-1+1j),(-1-1j),(-1+1j),(-1-1j),(1+1j),(1+1j),(-1-1j),(1-1j),(-1+1j),(-1+1j),(1+1j),(-1+1j),(1+1j),(-1-1j),(-1+1j),(-1-1j),(-1-1j),(1-1j),(1+1j),(-1+1j),(-1+1j),(1-1j),(-1-1j),(-1+1j),(-1-1j),(-1-1j),(-1+1j),(1-1j),(-1+1j),(1-1j),(-1+1j),(1+1j),(-1+1j),(-1-1j),(-1+1j),(1+1j),(-1-1j),(-1-1j),(-1-1j),(-1+1j),(-1+1j),(1+1j),(1+1j),(-1-1j),(-1-1j),(-1-1j),(-1+1j),(-1+1j),(-1+1j),(1-1j),(1+1j),(-1-1j),(-1+1j),(-1+1j),(-1-1j),(-1+1j),(1+1j),(1+1j),(1+1j),(-1-1j),(-1-1j),(1-1j),(-1-1j),(1+1j),(1-1j),(-1+1j),(-1+1j),(-1-1j),(1-1j),(-1+1j),(1+1j),(1+1j),(-1-1j),(-1-1j),(1-1j),(1-1j),(1-1j),(-1-1j),(1-1j),(1+1j),(-1+1j),(1-1j),(-1-1j),(-1-1j),(-1+1j),(-1+1j),(-1+1j),(-1-1j),(-1+1j),(1+1j),(1+1j),(1-1j),(-1-1j),(1+1j),(1-1j),(-1+1j),(1-1j),(-1-1j),(-1+1j),(-1-1j),(-1+1j),(-1+1j),(-1-1j),(-1+1j),(1+1j),(1+1j),(1+1j),(1-1j),(-1+1j),(-1-1j),(-1-1j),(-1-1j),(1-1j),(-1+1j),(1+1j),(-1+1j),(1+1j),(1+1j),(-1-1j),(-1-1j),(1-1j),(-1+1j),(-1+1j),(1-1j),(-1-1j),(-1+1j),(-1-1j),(1+1j),(1+1j),(-1-1j),(-1+1j),(-1+1j),(1-1j),(-1-1j),(-1+1j),(-1+1j),(1+1j),(-1-1j),(1+1j),(1+1j),(-1-1j),(1-1j),(1-1j),(1-1j),(1-1j),(-1+1j),(1-1j),(-1+1j),(-1+1j),(1-1j),(-1+1j),(-1-1j),(1+1j),(1-1j),(-1+1j),(1+1j),(-1-1j),(-1-1j),(-1+1j),(1+1j),(-1-1j),(-1+1j),(-1+1j),(-1+1j),(1-1j),(1-1j),(1-1j),(-1-1j),(-1+1j),(1+1j),(1+1j),(1-1j),(1-1j),(-1+1j),(1+1j),(-1+1j),(-1-1j),(1+1j),(1+1j),(1+1j),(-1+1j),(1-1j),(1+1j),(1+1j),(1-1j),(1-1j),(-1-1j),(-1+1j),(-1+1j),(-1+1j),(1+1j),(-1+1j),(1+1j),(-1+1j),(1+1j),(1-1j),(-1-1j),(-1-1j),(-1+1j),(-1+1j),(1-1j),(-1+1j),(1-1j),(-1+1j),(-1+1j),(1+1j),(-1-1j),(-1+1j),(-1-1j),(-1+1j),(1-1j),(-1-1j),(-1-1j),(-1-1j),(-1-1j),(-1+1j),(-1+1j),(1-1j),(-1-1j),(-1-1j),(1+1j),(-1+1j),(1+1j),(1-1j),(1-1j),(-1-1j),(1-1j),(-1+1j),(-1-1j),(-1-1j),(-1-1j),(-1+1j),(-1+1j),(-1+1j),(-1+1j),(1-1j),(-1-1j),(-1+1j),(-1+1j),(-1+1j),(1+1j),(-1+1j),(-1-1j),(-1-1j),(-1+1j),(1-1j),(-1+1j),(1+1j),(-1-1j),(-1-1j),(-1-1j),(-1-1j),(1+1j),(1+1j),(-1+1j),(-1+1j),(1-1j),(-1+1j),(1+1j),(1+1j),(-1-1j),(1-1j),(1-1j),(-1+1j),(1+1j),(-1+1j),(-1+1j),(1-1j),(1-1j),(-1+1j),(-1-1j),(1-1j),(-1+1j),(-1-1j),(-1+1j),(1-1j),(-1-1j),(1-1j),(-1+1j),(-1-1j),(1+1j),(-1-1j),(1-1j),(1+1j),(1-1j),(1-1j),(1-1j),(-1+1j),(1+1j),(-1+1j),(-1+1j),(1+1j),(1+1j),(1+1j),(1-1j),(-1-1j),(-1-1j),(1+1j),(1-1j),(-1+1j),(1+1j),(1+1j),(-1-1j),(-1-1j),(-1+1j),(-1-1j),(1+1j),(-1-1j),(-1-1j),(-1-1j),(-1+1j),(1-1j),(-1-1j),(1-1j),(1+1j),(1-1j),(-1+1j),(-1+1j),(1+1j),(-1+1j),(1+1j),(1+1j),(1-1j),(1+1j),(1+1j),(-1+1j),(1+1j),(1-1j),(-1+1j),(1+1j),(1+1j),(1+1j),(-1-1j),(1+1j),(-1+1j),(1-1j),(-1-1j),(-1+1j),(1+1j),(-1+1j),(1+1j),(-1-1j),(1+1j),(1+1j),(1+1j),(1-1j),(1-1j),(-1+1j),(1-1j),(1-1j),(-1+1j),(1-1j),(-1-1j),(-1-1j),(-1+1j),(1+1j),(1+1j),(1+1j),(1+1j),(-1+1j),(1+1j),(1-1j),(1-1j),(-1-1j),(1-1j),(1-1j),(1-1j),(-1-1j),(-1+1j),(-1+1j),(-1-1j),(-1+1j),(1-1j),(1-1j),(-1+1j),(-1-1j),(-1-1j),(1+1j),(-1-1j),(1-1j),(1+1j),(-1+1j),(-1+1j),(-1-1j),(1-1j),(-1+1j),(-1+1j),(-1-1j),(1+1j),(1+1j),(-1+1j),(1-1j),(-1+1j),(1+1j),(-1+1j),(1+1j),(-1-1j),(1-1j),(1-1j),(-1-1j),(1+1j),(-1+1j),(1+1j),(1+1j),(-1+1j),(-1-1j),(1+1j),(1-1j),(1+1j),(1+1j),(-1-1j),(-1+1j),(1+1j),(-1-1j),(1-1j),(1-1j),(1-1j),(-1-1j),(1+1j),(-1+1j),(1+1j),(-1-1j),(-1+1j),(-1+1j),(1+1j),(1+1j),(-1-1j),(1+1j),(-1+1j),(1-1j),(1-1j),(-1+1j),(1+1j),(1+1j),(-1-1j),(-1-1j),(1+1j),(1-1j),(1-1j),(1-1j),(-1+1j),(1-1j),(-1-1j),(-1+1j),(1-1j),(1-1j),(-1+1j),(1-1j),(-1+1j),(-1+1j),(1+1j),(1-1j),(1-1j),(-1-1j),(-1-1j),(-1+1j),(1+1j),(-1+1j),(-1+1j),(1+1j),(1+1j),(-1-1j),(-1+1j),(1-1j),(1-1j),(-1-1j),(-1+1j),(-1+1j),(1-1j),(1-1j),(-1+1j),(1+1j),(-1+1j),(-1+1j),(1-1j),(-1+1j),(1+1j),(-1-1j),(1-1j),(1+1j),(1-1j),(1+1j),(-1+1j),(-1+1j),(1+1j),(-1+1j),(-1+1j),(1-1j),(-1-1j),(-1+1j),(1+1j),(-1-1j),(1-1j),(-1+1j),(-1+1j),(1+1j),(1+1j),(-1+1j),(-1-1j),(-1-1j),(1+1j),(-1-1j),(1-1j),(1-1j),(-1-1j),(1-1j),(-1-1j),(-1-1j),(1+1j),(1+1j),(-1+1j),(-1-1j),(-1+1j),(-1-1j),(-1+1j),(1+1j),(1+1j),(1+1j),(1-1j),(-1-1j),(-1-1j),(1+1j),(1+1j),(1+1j),(1+1j),(1+1j),(1-1j),(1-1j),(1-1j),(1-1j),(-1+1j),(1+1j),(-1+1j),(1+1j),(-1-1j),(-1+1j),(1-1j),(1+1j),(1-1j),(-1+1j),(1+1j),(1+1j),(-1-1j),(1+1j),(1+1j),(-1-1j),(1+1j),(1-1j),(-1-1j),(-1+1j),(1-1j),(-1+1j),(-1+1j),(1-1j),(-1+1j),(-1-1j),(1+1j),(-1+1j),(1+1j),(1+1j),(-1-1j),(1+1j),(1+1j),(1+1j),(1+1j),(1+1j),(-1-1j),(-1-1j),(-1-1j),(-1+1j),(1+1j),(1+1j),(1+1j),(1-1j),(-1-1j),(-1-1j),(-1-1j),(-1+1j),(-1+1j),(-1-1j),(1+1j),(1-1j),(1-1j),(1-1j),(-1-1j),(1-1j),(1-1j),(1+1j),(-1+1j),(-1+1j),(1-1j),(-1-1j),(1+1j),(1+1j),(-1-1j),(-1+1j),(-1-1j),(-1-1j),(1-1j),(-1+1j),(1-1j),(1+1j),(-1-1j),(-1-1j),(-1+1j),(-1-1j),(-1+1j),(1-1j),(1+1j),(1+1j),(1+1j),(-1+1j),(1+1j),(-1+1j),(-1-1j),(1+1j),(-1+1j),(1-1j),(-1-1j),(1+1j),(-1-1j),(1-1j),(-1-1j),(-1+1j),(1+1j),(-1-1j),(-1-1j),(-1-1j),(-1+1j),(-1-1j),(1+1j),(-1+1j),(1-1j),(-1-1j),(-1-1j),(-1-1j),(1-1j),(1-1j),(-1+1j),(1+1j),(-1+1j),(-1+1j),(-1+1j),(-1+1j),(1-1j),(1-1j),(1-1j),(-1+1j),(1-1j),(-1-1j),(-1+1j),(-1+1j),(1-1j),(1-1j),(-1+1j),(1-1j),(1+1j),(1-1j),(1+1j),(1-1j),(-1-1j),(-1-1j),(1+1j),(1-1j),(-1+1j),(-1-1j),(-1-1j),(1+1j),(-1-1j),(-1-1j),(-1+1j),(-1+1j),(1+1j),(1-1j),(-1-1j),(1+1j),(-1+1j),(-1+1j),(-1+1j),(-1+1j),(-1-1j),(-1+1j),(1+1j),(1+1j),(-1-1j),(1+1j),(1+1j),(1+1j),(1-1j),(1+1j),(1+1j),(1+1j),(1+1j),(-1+1j),(1+1j),(-1+1j),(-1-1j),(-1-1j),(-1-1j),(1-1j),(-1+1j),(-1+1j),(-1+1j),(-1+1j),(-1-1j),(-1+1j),(-1-1j),(-1-1j),(1+1j),(-1+1j),(1+1j),(-1-1j),(1-1j),(-1+1j),(-1-1j),(-1+1j),(-1-1j),(1-1j),(-1+1j),(1+1j),(-1-1j),(-1+1j),(1-1j),(-1-1j),(-1+1j),(-1+1j),(-1+1j),(-1+1j),(1+1j),(-1-1j),(1+1j),(-1+1j),(-1-1j),(1-1j),(-1-1j),(-1-1j),(1+1j),(-1+1j),(-1-1j),(1+1j),(1+1j),(-1+1j),(-1+1j),(-1+1j),(1+1j),(-1+1j),(1-1j),(1-1j),(-1+1j),(-1-1j),(1+1j),(1+1j),(-1-1j),(-1-1j),(1+1j),(1-1j),(-1+1j),(1-1j),(-1+1j),(1+1j),(1-1j),(-1+1j),(-1-1j),(1+1j),(1-1j),(1+1j),(-1-1j),(-1+1j),(-1-1j),(1+1j),(-1+1j),(-1+1j),(-1-1j),(-1+1j),(-1-1j),(1-1j),(-1+1j),(1-1j),(1-1j),(-1+1j),(-1-1j),(-1+1j),(-1+1j),(-1+1j),(1-1j),(1+1j),(-1+1j),(1+1j),(-1+1j),(-1-1j),(-1+1j),(1-1j),(-1+1j),(1-1j),(1+1j),(1-1j),(1+1j),(1-1j),(1+1j),(1+1j),(-1-1j),(1-1j),(1+1j),(-1+1j),(-1+1j),(1+1j),(1+1j),(-1-1j),(-1+1j),(-1+1j),(-1+1j),(1+1j),(1+1j),(1+1j),(-1+1j),(1+1j),(1+1j),(1+1j),(1+1j),(-1-1j),(-1+1j),(1+1j),(1-1j),(-1-1j),(-1-1j),(-1+1j),(-1-1j),(1-1j),(-1-1j),(1+1j),(-1+1j),(-1+1j),(1+1j),(-1+1j),(-1-1j),(-1+1j),(1+1j),(-1-1j),(1-1j),(-1+1j),(1+1j),(1-1j),(-1+1j),(-1+1j),(-1+1j),(-1-1j),(1+1j),(-1-1j),(-1-1j),(-1-1j),(1+1j),(1+1j),(1-1j),(1-1j),(-1+1j),(1+1j),(-1-1j),(-1+1j),(-1-1j),(1+1j),(1+1j),(-1-1j),(-1-1j),(-1-1j),(-1-1j),(-1-1j),(-1+1j),(-1+1j),(1-1j),(-1+1j),(-1-1j),(1-1j),(1+1j),(-1+1j),(1-1j),(-1+1j),(-1-1j),(1-1j),(-1+1j),(-1+1j),(-1-1j),(1+1j),(1+1j),(-1+1j),(1+1j),(-1-1j),(-1+1j),(1-1j),(-1+1j),(-1-1j),(-1-1j),(1+1j),(-1+1j),(1+1j),(-1-1j),(1+1j),(-1-1j),(1-1j),(-1+1j),(-1+1j),(1+1j),(-1-1j),(-1-1j),(-1-1j),(-1-1j),(-1+1j),(1+1j),(1+1j),(1+1j),(1+1j),(1-1j),(-1-1j),(-1-1j),(1+1j),(-1-1j),(-1+1j),(-1+1j),(-1+1j),(1+1j),(1+1j),(-1-1j),(1-1j),(-1-1j),(-1-1j),(-1-1j),(1+1j),(-1-1j),(-1-1j),(-1-1j),(-1+1j),(-1+1j),(-1+1j),(1-1j),(1-1j),(1-1j),(-1+1j),(1+1j),(1-1j),(-1+1j),(-1-1j),(1-1j),(-1+1j),(1+1j),(1+1j),(-1-1j),(1+1j),(-1+1j),(-1-1j),(1+1j),(1+1j),(-1-1j),(-1-1j),(-1+1j),(1+1j),(1-1j),(-1+1j),(-1+1j),(-1+1j),(-1+1j),(-1+1j),(1+1j),(-1-1j),(-1+1j),(-1-1j),(-1+1j),(1+1j),(1-1j),(1+1j),(-1+1j),(1+1j),(-1-1j),(-1-1j),(-1+1j),(1-1j),(-1+1j),(-1-1j),(-1+1j),(1+1j),(1+1j),(-1+1j),(-1-1j),(-1+1j),(-1+1j),(1+1j),(1-1j),(-1+1j),(-1+1j),(-1-1j),(-1-1j),(-1+1j),(-1-1j),(1+1j),(-1-1j),(-1-1j),(1+1j),(-1+1j),(1-1j),(1-1j),(-1-1j),(-1-1j),(1+1j),(-1-1j),(-1+1j),(1+1j),(1-1j),(1-1j),(-1+1j),(-1+1j),(1-1j),(-1-1j),(-1-1j),(1+1j),(1+1j),(-1+1j),(1+1j),(1-1j),(1-1j),(-1-1j),(1+1j),(1-1j),(1+1j),(1+1j),(1-1j),(1-1j),(1-1j),(-1-1j),(-1+1j),(-1-1j),(-1+1j),(1+1j),(1+1j),(1+1j),(1-1j),(1-1j),(1-1j),(1-1j),(1-1j),(1-1j),(-1-1j),(1-1j),(1-1j),(1-1j),(-1-1j),(1+1j),(-1+1j),(1-1j),(-1+1j),(1+1j),(1-1j),(-1+1j),(1+1j),(-1-1j),(-1-1j),(-1-1j),(-1+1j),(-1+1j),(1+1j),(-1-1j),(-1+1j),(1-1j),(-1+1j),(-1-1j),(-1+1j),(-1+1j),(-1+1j),(1-1j),(1-1j),(-1-1j),(1-1j),(1+1j),(1+1j),(1-1j),(1-1j),(-1+1j),(-1-1j),(-1+1j),(1+1j),(1+1j),(1+1j),(1+1j),(1+1j),(-1+1j),(1+1j),(1+1j),(1-1j),(-1+1j),(1-1j),(1-1j),(1+1j),(1-1j),(1-1j),(-1+1j),(1-1j),(-1-1j),(-1-1j),(-1+1j),(-1+1j),(-1+1j),(1+1j),(-1+1j),(1+1j),(-1+1j),(1-1j),(-1+1j),(1-1j),(1-1j),(1-1j),(1-1j),(-1+1j),(-1+1j),(1-1j),(-1+1j),(-1+1j),(-1+1j),(-1-1j),(-1-1j),(-1-1j),(-1-1j),(-1-1j),(1-1j),(-1-1j),(1+1j),(-1-1j),(-1-1j),(1-1j),(1-1j),(1-1j),(1-1j),(1-1j),(1+1j),(1+1j),(-1+1j),(-1-1j),(1+1j),(-1-1j),(-1-1j),(-1+1j),(-1-1j),(-1-1j),(1+1j),(-1-1j),(1-1j),(-1+1j),(1+1j),(1-1j),(-1-1j),(1-1j),(1+1j),(1+1j),(1-1j),(1+1j),(1-1j),(1+1j),(-1+1j),(1+1j),(1+1j),(-1-1j),(1-1j),(-1-1j),(1+1j),(1+1j),(1+1j),(1+1j),(1+1j),(1-1j),(-1+1j),(-1+1j),(-1+1j),(-1+1j),(-1+1j),(-1-1j),(-1+1j),(1+1j),(1+1j),(1+1j),(1+1j),(1+1j),(1-1j),(-1+1j),(1-1j),(1+1j),(-1+1j),(-1-1j),(1-1j),(-1+1j),(-1-1j),(1+1j),(1+1j),(1+1j),(1+1j),(1+1j),(1+1j),(-1-1j),(1+1j),(-1+1j),(-1+1j),(-1-1j),(-1+1j),(-1-1j),(1-1j),(-1+1j),(-1-1j),(1+1j),(-1+1j),(-1-1j),(-1-1j),(1-1j),(-1+1j),(1-1j),(1-1j),(-1+1j),(-1-1j),(1+1j),(-1+1j),(1+1j),(1-1j),(1-1j),(-1+1j),(-1-1j),(1+1j),(-1+1j),(-1+1j),(1+1j),(1+1j),(1-1j),(1+1j),(-1+1j),(1+1j),(1+1j),(1+1j),(-1-1j),(1-1j),(-1+1j),(1+1j),(-1+1j),(-1+1j),(-1-1j),(-1+1j),(1+1j),(1+1j),(-1-1j),(-1-1j),(-1-1j),(-1-1j),(1+1j),(1+1j),(-1-1j),(1-1j),(-1-1j),(-1+1j),(1-1j),(1+1j),(-1-1j),(-1+1j),(1-1j),(1+1j),(-1+1j),(-1+1j),(-1+1j),(1-1j),(-1+1j),(-1+1j),(-1-1j),(-1+1j),(-1-1j),(1-1j),(-1-1j),(-1+1j),(-1-1j),(1+1j),(-1+1j),(1+1j),(1+1j),(1-1j),(-1+1j),(-1+1j),(1+1j),(-1+1j),(-1-1j),(-1+1j),(1+1j),(1+1j),(1+1j),(1+1j),(-1-1j),(1+1j),(-1+1j),(-1-1j),(-1+1j),(-1+1j),(1-1j),(1+1j),(1+1j),(-1-1j),(-1-1j),(-1-1j),(1-1j),(-1-1j),(-1+1j),(1+1j),(-1-1j),(-1+1j),(-1+1j),(-1-1j),(-1-1j),(1+1j),(-1+1j),(1-1j),(1+1j),(1+1j),(-1-1j),(-1+1j),(1+1j),(-1+1j),(1+1j),(1+1j),(-1+1j),(1+1j),(1+1j),(-1-1j),(1-1j),(-1-1j),(-1+1j),(-1-1j),(1+1j),(1+1j),(1+1j),(1+1j),(1+1j),(1-1j),(1-1j),(-1-1j),(1+1j),(1+1j),(-1-1j),(1-1j),(-1+1j),(1-1j),(1-1j),(-1+1j),(-1+1j),(1-1j),(-1+1j),(1+1j),(1+1j),(1+1j),(1+1j),(1+1j),(-1-1j),(1+1j),(-1+1j),(1-1j),(1+1j),(1-1j),(-1+1j),(1-1j),(-1-1j),(1-1j),(-1-1j),(-1+1j),(1+1j),(1+1j),(1+1j),(1+1j),(-1-1j),(1+1j),(-1+1j),(-1-1j),(-1+1j),(-1+1j),(1-1j),(1+1j),(1+1j),(-1-1j),(-1-1j),(-1-1j),(1-1j),(-1-1j),(-1+1j),(1+1j),(-1-1j),(-1+1j),(-1+1j),(-1-1j),(-1-1j),(1+1j),(-1+1j),(1-1j),(1+1j),(1+1j),(-1-1j),(-1+1j),(1+1j),(-1+1j),(1+1j),(1+1j),(-1+1j),(1+1j),(1+1j),(-1-1j),(1-1j),(-1-1j),(-1+1j),(-1-1j),(1+1j),(1+1j),(1+1j),(1+1j),(1+1j),(1-1j),(-1+1j),(-1-1j),(1+1j),(1+1j),(-1-1j),(1-1j),(-1+1j),(1-1j),(1-1j),(-1+1j),(-1+1j),(1-1j),(-1+1j),(1+1j),(1+1j),(1+1j),(1+1j),(1+1j),(-1-1j),(1+1j),(-1+1j),(1-1j),(1+1j),(1-1j),(-1+1j),(-1+1j),(-1-1j),(1-1j),(-1-1j),(-1+1j),(1+1j),(1+1j),(1+1j),(1+1j),(-1-1j),(1-1j),(-1+1j),(-1-1j),(-1+1j),(-1+1j),(1-1j),(1+1j),(1+1j),(-1-1j),(-1-1j),(-1-1j),(1-1j),(-1-1j),(-1+1j),(1+1j),(-1-1j),(-1+1j),(-1+1j),(-1-1j),(-1-1j),(1+1j),(-1+1j),(1-1j),(1+1j),(1+1j),(-1-1j),(-1+1j),(1+1j),(-1+1j),(1+1j),(1+1j),(1-1j),(-1-1j),(1-1j),(1-1j),(-1-1j),(-1-1j),(-1-1j),(1+1j),(-1+1j),(-1+1j),(1+1j),(1-1j),(-1-1j),(-1+1j),(1-1j),(1-1j),(-1+1j),(-1-1j),(1-1j),(-1+1j),(-1-1j),(-1+1j),(-1+1j),(-1-1j),(1+1j),(1+1j),(-1-1j),(-1-1j),(1-1j),(-1+1j),(-1+1j),(1-1j),(-1-1j),(-1+1j),(1+1j),(1+1j),(1+1j),(1+1j),(1+1j),(-1-1j),(1+1j),(1+1j),(1+1j),(-1+1j),(1+1j),(-1-1j),(-1+1j),(1-1j),(1-1j),(-1+1j),(-1-1j),(-1-1j),(1-1j),(1-1j),(-1-1j),(1+1j),(1+1j),(-1-1j),(-1+1j),(1-1j),(-1-1j),(-1+1j),(1-1j),(-1+1j),(-1-1j),(1-1j),(1+1j),(-1+1j),(-1-1j),(1-1j),(-1-1j),(1+1j),(-1+1j),(-1-1j),(-1+1j),(-1+1j),(-1-1j),(1+1j),(1+1j),(-1-1j),(-1-1j),(-1+1j),(1+1j),(1-1j),(-1+1j),(1+1j),(1-1j),(1-1j),(-1+1j),(1+1j),(1-1j),(-1-1j),(1+1j),(1+1j),(-1-1j),(-1+1j),(1-1j),(1-1j),(-1+1j),(-1-1j),(1+1j),(1-1j),(1+1j),(-1+1j),(1-1j),(1+1j),(1-1j),(1+1j),(1+1j),(-1+1j),(1+1j),(1-1j),(1+1j),(1-1j),(-1+1j),(-1+1j),(-1+1j),(1+1j),(1+1j),(-1-1j),(1+1j),(1-1j),(-1-1j),(1+1j),(1+1j),(-1-1j),(-1-1j),(-1-1j),(1-1j),(-1+1j),(-1-1j),(1+1j),(1+1j),(-1+1j),(-1+1j),(-1-1j),(1+1j),(-1+1j),(1-1j),(1-1j),(1+1j),(1+1j),(1+1j),(-1-1j),(1+1j),(1-1j),(1+1j),(-1-1j),(1+1j),(1+1j),(1-1j),(-1-1j),(1+1j),(-1+1j),(-1+1j),(1-1j),(1-1j),(1-1j),(1-1j),(1+1j),(-1-1j),(-1+1j),(-1+1j),(-1+1j),(1+1j),(1-1j),(1+1j),(-1-1j),(-1-1j),(-1-1j),(-1-1j),(1-1j),(-1+1j),(1-1j),(-1-1j),(1+1j),(-1-1j),(1-1j),(-1+1j),(1+1j),(1-1j),(1-1j),(-1-1j),(1-1j),(-1-1j),(-1-1j),(1-1j),(1+1j),(1+1j),(1+1j),(-1+1j),(1-1j),(1-1j),(1-1j),(1-1j),(1+1j),(1-1j),(-1-1j),(1+1j),(-1-1j),(-1-1j),(-1-1j),(-1-1j),(-1+1j),(1+1j),(1-1j),(-1-1j),(1+1j),(1-1j),(1-1j),(-1-1j),(1-1j),(1+1j),(1+1j),(1-1j),(1-1j),(-1+1j),(-1+1j),(1-1j),(-1+1j),(1+1j),(-1+1j),(1+1j),(-1-1j),(-1-1j),(-1+1j),(1-1j),(-1-1j),(1-1j),(-1-1j),(1-1j),(1-1j),(-1+1j),(1-1j),(1+1j),(1-1j),(-1-1j),(-1+1j),(-1+1j),(1-1j),(1+1j),(1-1j),(1+1j),(1+1j),(1+1j),(1-1j),(1+1j),(-1-1j),(1-1j),(-1-1j),(1+1j),(1+1j),(-1+1j),(1+1j),(-1-1j),(1-1j),(1+1j),(1-1j),(1-1j),(-1+1j),(-1+1j),(1-1j),(1-1j),(1-1j),(1+1j),(-1+1j),(1-1j),(-1-1j),(1-1j),(1-1j),(-1+1j),(1+1j),(-1+1j),(-1-1j),(-1-1j),(1+1j),(1-1j),(1-1j),(-1+1j),(-1+1j),(1-1j),(-1-1j),(1-1j),(1+1j),(1+1j),(1-1j),(1-1j),(-1-1j),(-1+1j),(1-1j),(1+1j),(1+1j),(-1+1j),(-1-1j),(-1+1j),(1+1j),(-1+1j),(-1+1j),(1+1j),(-1+1j),(1-1j),(-1+1j),(-1-1j),(-1-1j),(-1-1j),(1+1j),(1+1j),(1-1j),(1-1j),(1+1j),(1-1j),(1-1j),(-1-1j),(1-1j),(1-1j),(1-1j),(-1-1j),(1-1j),(-1+1j),(1+1j),(1+1j),(1+1j),(-1-1j),(-1-1j),(-1+1j),(1+1j),(1+1j),(1+1j),(-1-1j),(-1-1j),(1-1j),(1+1j),(1-1j),(1+1j),(1+1j),(1+1j),(1-1j),(-1-1j),(1-1j),(1+1j),(-1+1j),(-1+1j),(1-1j),(1+1j),(1+1j),(-1-1j),(-1+1j),(1+1j),(1-1j),(1-1j),(-1-1j),(1-1j),(1+1j),(1-1j),(1-1j),(-1+1j),(-1-1j),(-1-1j),(1+1j),(1-1j),(1+1j),(1-1j),(1-1j),(1+1j),(1-1j),(1+1j),(1+1j),(1+1j),(1-1j),(1-1j),(-1+1j),(1+1j),(1-1j),(1-1j),(1-1j),(1+1j),(1+1j),(1-1j),(1+1j),(1+1j),(-1-1j),(1+1j),(1-1j),(1+1j),(1-1j),(-1-1j),(1-1j),(-1-1j),(1+1j),(1+1j),(1-1j),(-1-1j),(1+1j),(1-1j),(-1-1j),(1-1j),(-1+1j),(-1-1j),(1-1j),(1-1j),(1-1j),(1+1j),(1-1j),(1-1j),(1-1j),(1-1j),(-1+1j),(1+1j),(1+1j),(1-1j),(-1-1j),(1-1j),(1+1j),(1-1j),(1-1j),(1-1j),(1+1j),(1+1j),(-1+1j),(1-1j),(1-1j),(1-1j),(1+1j),(1+1j),(1-1j),(1+1j),(1-1j),(1-1j),(1-1j),(-1+1j),(1+1j),(1-1j),(-1-1j),(1-1j),(1-1j),(1-1j),(1-1j),(1+1j),(-1+1j),(1-1j),(1-1j),(1-1j),(1-1j),(-1+1j),(1-1j),(1-1j),(1-1j),(-1-1j),(1-1j),(1+1j),(1-1j),(1-1j),(1+1j),(1-1j),(1-1j),(1-1j),(1-1j),(1-1j),(1+1j),(1-1j),(1+1j),(1+1j),(-1-1j),(-1+1j),(1-1j),(-1+1j),(1+1j),(-1+1j),(1-1j),(1-1j),(1+1j),(-1+1j),(-1-1j),(1+1j),(1+1j),(-1-1j),(-1-1j),(1-1j),(-1-1j),(1+1j),(1+1j),(1+1j),(1+1j),(-1+1j),(-1+1j),(1-1j),(1-1j),(-1+1j),(-1-1j),(1-1j),(1+1j),(-1-1j),(-1+1j),(1+1j),(1-1j),(1-1j),(1+1j),(1-1j),(-1-1j),(-1+1j),(-1+1j),(-1+1j),(-1-1j),(1-1j),(-1-1j),(1+1j),(-1-1j),(-1+1j),(1-1j),(1-1j),(-1+1j),(-1-1j),(1-1j),(-1+1j),(-1+1j),(-1-1j),(1+1j),(-1-1j),(-1-1j),(1-1j),(1-1j),(-1+1j),(1+1j),(1-1j),(1-1j),(1+1j),(1+1j),(1+1j),(1-1j),(-1+1j),(-1+1j),(1-1j),(1-1j),(-1-1j),(1-1j),(-1-1j),(-1-1j),(1+1j),(1+1j),(1+1j),(1-1j),(1+1j),(1+1j),(1-1j),(-1-1j),(-1+1j),(1-1j),(1-1j),(-1+1j),(-1-1j),(-1-1j),(-1+1j),(-1-1j),(-1-1j),(1+1j),(-1+1j),(-1-1j),(1+1j),(1+1j),(-1-1j),(-1-1j),(-1-1j),(-1+1j),(1+1j),(1-1j),(1-1j),(-1-1j),(1+1j),(1-1j),(1+1j),(1-1j),(1-1j),(1-1j),(1+1j),(1+1j),(-1+1j),(1+1j),(1-1j),(1-1j),(1-1j),(1-1j),(1+1j),(1-1j),(-1-1j),(1-1j),(1-1j),(-1-1j),(-1+1j),(-1+1j),(1-1j),(1-1j),(-1-1j),(1-1j),(1-1j),(-1+1j),(1-1j),(1-1j),(1+1j),(1+1j),(1-1j),(1-1j),(-1+1j),(1+1j),(1-1j),(1+1j),(-1-1j),(-1+1j),(1+1j),(1-1j),(1-1j),(1-1j),(-1-1j),(1+1j),(-1-1j),(1+1j),(1+1j),(-1+1j),(1+1j),(1+1j),(-1-1j),(1-1j),(-1+1j),(-1+1j),(-1+1j),(-1+1j),(1+1j),(1+1j),(-1+1j),(1+1j),(1-1j),(1-1j),(-1-1j),(-1-1j),(-1+1j),(-1-1j),(-1+1j),(-1+1j),(-1+1j),(1+1j),(-1+1j),(-1+1j),(1-1j),(-1+1j),(-1+1j),(-1-1j),(-1-1j),(1-1j),(-1-1j),(1+1j),(1+1j),(-1+1j),(1-1j),(-1+1j),(1+1j),(-1+1j),(1-1j),(1-1j),(-1+1j),(-1+1j),(1+1j),(-1+1j),(1-1j),(1-1j),(1-1j),(1-1j),(1-1j),(1-1j),(-1-1j),(1+1j),(-1-1j),(1-1j),(1-1j),(-1-1j),(1+1j),(1-1j),(-1-1j),(-1-1j),(-1+1j),(1-1j),(1-1j),(-1+1j),(-1-1j),(1-1j),(1-1j),(-1+1j),(1+1j),(1+1j),(-1+1j),(1+1j),(1-1j),(1-1j),(-1+1j),(1+1j),(1+1j),(-1-1j),(-1+1j),(1-1j),(-1-1j),(-1-1j),(1+1j),(-1-1j),(-1+1j),(1-1j),(-1-1j),(-1+1j),(1-1j),(1-1j),(-1+1j),(-1-1j),(-1-1j),(-1+1j),(1-1j),(-1+1j),(-1+1j),(-1-1j),(1+1j),(1+1j),(-1-1j),(1-1j),(1-1j),(-1-1j),(-1-1j),(1-1j),(1+1j),(-1+1j),(1-1j),(-1+1j),(-1+1j),(-1+1j),(-1-1j),(1+1j),(1-1j),(1+1j),(1+1j),(-1+1j),(1+1j),(-1-1j),(-1-1j),(-1+1j),(-1-1j),(-1-1j),(1-1j),(1-1j),(-1+1j),(1+1j),(1-1j),(-1-1j),(-1+1j),(1-1j),(-1+1j),(1+1j),(-1-1j),(1+1j),(-1-1j),(-1+1j),(-1+1j),(1+1j),(-1-1j),(-1+1j),(-1+1j),(1+1j),(1+1j),(-1+1j),(1+1j),(1+1j),(-1-1j),(1+1j),(1+1j),(-1-1j),(-1+1j),(1+1j),(-1-1j),(1+1j),(1+1j),(-1-1j),(1+1j),(1+1j),(-1-1j),(1+1j),(1+1j),(-1-1j),(-1-1j),(-1+1j),(1+1j),(-1+1j),(1+1j),(-1-1j),(1+1j),(-1-1j),(1+1j),(1+1j),(-1-1j),(-1-1j),(-1-1j),(1-1j),(1+1j),(-1+1j),(1+1j),(1+1j),(-1+1j),(1+1j),(1-1j),(-1-1j),(1-1j),(-1+1j),(-1-1j),(-1-1j),(-1-1j),(-1-1j),(1-1j),(-1-1j),(-1+1j),(1+1j),(1+1j),(-1-1j),(-1-1j),(1+1j),(-1+1j),(-1+1j),(-1+1j),(1-1j),(1-1j),(-1+1j),(1+1j),(1-1j),(-1+1j),(1+1j),(1+1j),(-1-1j),(1-1j),(-1+1j),(1+1j),(1+1j),(-1-1j),(1+1j),(1-1j),(-1-1j),(-1-1j),(1-1j),(-1+1j),(1-1j),(-1+1j),(1+1j),(-1+1j),(1+1j),(1-1j),(1-1j),(-1+1j),(-1+1j),(1+1j),(1+1j),(1-1j),(1-1j),(1+1j),(-1+1j),(-1+1j),(1-1j),(1-1j),(-1+1j),(1-1j),(-1+1j),(1-1j),(-1+1j),(1+1j),(1+1j),(-1-1j),(1+1j),(-1-1j),(-1-1j),(1+1j),(1-1j),(-1+1j),(1-1j),(1-1j),(-1+1j),(1+1j),(1+1j),(-1+1j),(1-1j),(-1+1j),(1+1j),(1+1j),(-1-1j),(-1-1j),(1+1j),(1-1j),(1-1j),(1+1j),(-1+1j),(-1+1j),(-1+1j),(1+1j),(-1+1j),(1+1j),(-1+1j),(1+1j),(1+1j),(-1+1j),(-1-1j),(1+1j),(1-1j),(-1-1j),(-1+1j),(1-1j),(1+1j),(1-1j),(-1-1j),(-1-1j),(1-1j),(1-1j),(1+1j),(1-1j),(-1+1j),(1-1j),(-1+1j),(1-1j),(1-1j),(-1-1j),(1-1j),(-1-1j),(1-1j),(-1-1j),(1+1j),(1-1j),(-1+1j),(1+1j),(1+1j),(1+1j),(-1-1j),(-1-1j),(1+1j),(1-1j),(1-1j),(1-1j),(-1+1j),(1-1j),(-1-1j),(-1-1j),(1-1j),(-1+1j),(-1+1j),(1+1j),(1-1j),(1+1j),(1+1j),(1-1j),(-1-1j),(1-1j),(1-1j),(1-1j),(1-1j),(-1-1j),(-1-1j),(1-1j),(1-1j),(-1-1j),(1+1j),(1-1j),(1+1j),(-1+1j),(1+1j),(-1-1j),(-1-1j),(-1+1j),(1+1j),(-1-1j),(-1+1j),(-1-1j),(-1+1j),(1+1j),(1+1j),(-1+1j),(1-1j),(-1-1j),(1+1j),(1-1j),(1+1j),(1-1j),(-1+1j),(1+1j),(1-1j),(1+1j),(1-1j),(1-1j),(1-1j),(-1-1j),(-1+1j),(1-1j),(1+1j),(1+1j),(-1-1j),(-1-1j),(-1+1j),(-1+1j),(1-1j),(1-1j),(-1+1j),(1+1j),(-1-1j),(1+1j),(-1+1j),(1+1j),(-1-1j),(1+1j),(1-1j),(-1-1j),(-1+1j),(1+1j),(1+1j),(-1-1j),(1+1j),(-1-1j),(-1+1j),(-1+1j),(-1+1j),(-1-1j),(1+1j),(1+1j),(-1-1j),(1+1j),(-1+1j),(1+1j),(1+1j),(1+1j),(1+1j),(1-1j),(1-1j),(-1+1j),(1+1j),(1-1j),(-1-1j),(1+1j),(1-1j),(-1-1j),(-1+1j),(-1+1j),(1+1j),(-1+1j),(1+1j),(-1+1j),(1+1j),(1-1j),(-1+1j),(-1+1j),(-1+1j),(-1+1j),(1-1j),(1-1j),(1-1j),(-1-1j),(-1+1j),(-1-1j),(-1-1j),(-1+1j),(1-1j),(1-1j),(-1+1j),(-1-1j),(-1-1j),(1+1j),(-1-1j),(-1-1j),(1+1j),(1+1j),(-1-1j),(-1-1j),(-1+1j),(1+1j),(-1-1j),(1+1j),(1-1j),(1-1j),(-1-1j),(1-1j),(1+1j),(-1-1j),(-1+1j),(1+1j),(-1+1j),(1-1j),(-1+1j),(-1-1j),(-1-1j),(-1+1j),(1+1j),(1+1j),(1+1j),(1+1j),(1-1j),(-1+1j),(1+1j),(-1+1j),(1+1j),(1+1j),(1-1j),(-1-1j),(-1+1j),(-1+1j),(1+1j),(-1-1j),(1-1j),(-1-1j),(1+1j),(-1+1j),(1-1j),(1-1j),(1-1j),(-1+1j),(-1-1j),(-1-1j),(1+1j),(1-1j),(1-1j),(1-1j),(1+1j),(1-1j),(-1+1j),(1+1j),(1+1j),(-1+1j),(1+1j),(1+1j),(-1+1j),(1+1j),(-1+1j),(1+1j),(1+1j),(-1-1j),(-1-1j),(1+1j),(-1+1j),(1-1j),(1+1j),(1+1j),(1+1j),(-1+1j),(1+1j),(1+1j),(-1-1j),(1-1j),(1-1j),(-1-1j),(1-1j),(-1-1j),(1-1j),(1-1j),(1-1j),(-1-1j),(1+1j),(1-1j),(1+1j),(1-1j),(1-1j),(-1-1j),(1-1j),(1-1j),(-1-1j),(1+1j),(-1+1j),(1+1j),(1-1j),(-1-1j),(-1-1j),(1+1j),(1+1j),(1-1j),(1+1j),(-1+1j),(-1+1j),(-1+1j),(1-1j),(1-1j),(1+1j),(-1+1j),(1+1j),(1+1j),(1-1j),(-1-1j),(-1+1j),(1+1j),(1+1j),(1-1j),(-1+1j),(1+1j),(1-1j),(1-1j),(-1-1j),(-1-1j),(1-1j),(-1+1j),(-1-1j),(1-1j),(-1-1j),(-1-1j),(1-1j),(1+1j),(-1+1j),(1-1j),(-1+1j),(1-1j),(-1+1j),(1+1j),(1+1j),(1-1j),(-1-1j),(-1+1j),(-1+1j),(1-1j),(1-1j),(-1+1j),(-1-1j),(1+1j),(1+1j),(-1-1j),(-1+1j),(1+1j),(1+1j),(1-1j),(1-1j),(-1+1j),(1-1j),(1-1j),(-1+1j),(1+1j),(1-1j),(-1+1j),(-1+1j),(1+1j),(-1-1j),(-1+1j),(1-1j),(1-1j),(1+1j),(1-1j),(-1+1j),(1-1j),(1-1j),(1-1j),(-1+1j),(-1+1j),(1+1j),(1-1j),(-1-1j),(1+1j),(1+1j),(-1-1j),(1+1j),(-1+1j),(1+1j),(-1+1j),(-1+1j),(1-1j),(1-1j),(-1+1j),(-1-1j),(-1-1j),(1+1j),(-1+1j),(-1+1j),(1+1j),(1+1j),(-1-1j),(-1-1j),(-1-1j),(-1+1j),(-1+1j),(-1+1j),(1+1j),(1-1j),(1-1j),(-1-1j),(-1+1j),(1-1j),(1+1j),(1-1j),(1-1j),(-1+1j),(1+1j),(1-1j),(-1-1j),(-1-1j),(1+1j),(1+1j),(-1-1j),(1-1j),(-1+1j),(1+1j),(-1-1j),(-1-1j),(1+1j),(1+1j),(-1-1j),(-1+1j),(1-1j),(-1-1j),(-1+1j),(-1+1j),(1+1j),(-1-1j),(1+1j),(1+1j),(-1-1j),(-1-1j),(-1-1j),(-1+1j),(-1+1j),(-1-1j),(1+1j),(1+1j),(-1-1j),(-1-1j),(1+1j),(1+1j),(1+1j),(1-1j),(1-1j),(-1-1j),(-1-1j),(1+1j),(-1+1j),(1+1j),(-1-1j),(1+1j),(-1+1j),(1-1j),(-1+1j),(1+1j),(1+1j),(1+1j),(1+1j),(-1-1j),(-1+1j),(1+1j),(1+1j),(1-1j),(-1+1j),(-1+1j),(1+1j),(1-1j),(1+1j),(1+1j),(1-1j),(1+1j),(1-1j),(1+1j),(-1-1j),(1+1j),(1-1j),(-1-1j),(-1-1j),(1+1j),(-1-1j),(-1+1j),(1-1j),(-1-1j),(1+1j),(1+1j),(-1-1j),(-1+1j),(1-1j),(1-1j),(-1-1j),(1-1j),(-1-1j),(1+1j),(-1-1j),(-1+1j),(1+1j),(1+1j),(1-1j),(1+1j),(-1+1j),(1+1j),(1-1j),(-1-1j),(1-1j),(1-1j),(-1+1j),(1+1j),(-1-1j),(1+1j),(1+1j),(-1-1j),(-1-1j),(-1-1j),(1+1j),(1+1j),(1+1j),(1+1j),(1+1j),(-1-1j),(-1+1j),(1-1j),(-1-1j),(-1+1j),(1-1j),(1-1j),(-1+1j),(-1-1j),(-1-1j),(-1+1j),(1-1j),(-1-1j),(1+1j),(1-1j),(-1+1j),(1+1j),(-1-1j),(-1+1j),(-1+1j),(-1-1j),(1+1j),(1+1j),(-1-1j),(-1+1j),(-1+1j),(-1+1j),(1+1j),(1-1j),(-1-1j),(-1+1j),(1-1j),(-1+1j),(1-1j),(1-1j),(1+1j),(1-1j),(-1-1j),(1-1j),(-1-1j),(1+1j),(-1-1j),(-1-1j),(1+1j),(-1+1j),(1+1j),(1-1j),(1+1j),(-1-1j),(-1+1j),(1+1j),(-1-1j),(1+1j),(-1-1j),(-1+1j),(1+1j),(-1-1j),(1+1j),(1+1j),(-1-1j),(-1-1j),(1-1j),(-1-1j),(-1+1j),(1-1j),(1+1j),(1-1j),(1-1j),(-1-1j),(-1-1j),(-1-1j),(1+1j),(1-1j),(-1+1j),(1-1j),(-1+1j),(1+1j),(1+1j),(-1+1j),(1-1j),(-1-1j),(1-1j),(-1+1j),(-1+1j),(-1-1j),(1+1j),(1+1j),(-1-1j),(1+1j),(1+1j),(-1+1j),(1+1j),(-1-1j),(1+1j),(1+1j),(-1-1j),(1+1j),(1+1j),(1+1j),(1+1j),(-1+1j),(-1+1j),(1-1j),(1-1j),(-1-1j),(1+1j),(1-1j),(1+1j),(1+1j),(-1-1j),(-1-1j),(1-1j),(1-1j),(1-1j),(1-1j),(1-1j),(-1-1j),(1-1j),(1-1j),(-1+1j),(1+1j),(1+1j),(-1+1j),(1+1j),(1+1j),(1-1j),(1+1j),(1+1j),(1+1j),(-1-1j),(1+1j),(1-1j),(-1-1j),(1-1j),(1-1j),(1-1j),(1-1j),(1-1j),(-1-1j),(-1+1j),(1-1j),(1-1j),(-1-1j),(-1-1j),(1-1j),(-1+1j),(1+1j),(-1-1j),(-1+1j),(1-1j),(1+1j),(1+1j),(1-1j),(-1-1j),(1+1j),(1-1j),(-1+1j),(1-1j),(1-1j),(1-1j),(-1-1j),(-1+1j),(-1-1j),(-1-1j),(1+1j),(-1-1j),(1-1j),(1-1j),(1+1j),(1+1j),(-1+1j),(1+1j),(-1-1j),(-1-1j),(-1-1j),(1+1j),(1-1j),(-1-1j),(1-1j),(1-1j),(1+1j),(1-1j),(1-1j),(-1-1j),(1+1j),(-1-1j),(-1+1j),(1+1j),(-1+1j),(1-1j),(-1+1j),(-1-1j),(-1+1j),(1-1j),(-1+1j),(1+1j),(1+1j),(1-1j),(-1-1j),(1-1j),(1-1j),(-1-1j),(1+1j),(1-1j),(-1+1j),(-1+1j),(1+1j),(1-1j),(-1+1j),(-1+1j),(1-1j),(1-1j),(-1+1j),(1+1j),(-1-1j),(1+1j),(-1+1j),(-1+1j),(1-1j),(1+1j),(-1-1j),(1+1j),(1+1j),(1+1j),(-1-1j),(-1+1j),(1+1j),(-1-1j),(1+1j),(-1-1j),(-1-1j),(-1+1j),(1-1j),(1-1j),(-1+1j),(-1-1j),(-1-1j),(1+1j),(1+1j),(-1-1j),(1+1j),(1-1j),(-1-1j),(1-1j),(-1+1j),(1-1j),(-1-1j),(1+1j),(1-1j),(-1-1j),(1+1j),(-1+1j),(1+1j),(1+1j),(-1-1j),(-1-1j),(-1+1j),(-1+1j),(1+1j),(1+1j),(1+1j),(-1-1j),(-1-1j),(1-1j),(-1-1j),(-1+1j),(1-1j),(-1+1j),(1+1j),(-1-1j),(1+1j),(1+1j),(1-1j),(-1-1j),(1+1j),(1+1j),(-1-1j),(1-1j),(-1-1j),(1+1j),(1+1j),(1+1j),(1+1j),(-1-1j),(1+1j),(-1+1j),(1-1j),(-1+1j),(-1+1j),(1-1j),(-1+1j),(1+1j),(-1-1j),(1-1j),(-1-1j),(-1+1j),(-1+1j),(-1-1j),(-1-1j),(1+1j),(-1-1j),(1-1j),(1-1j),(1+1j),(1-1j),(-1+1j),(1+1j),(-1-1j),(1+1j),(-1-1j),(1+1j),(-1-1j),(-1-1j),(1-1j),(1+1j),(1+1j),(1+1j),(1+1j),(1-1j),(1+1j),(-1+1j),(-1+1j),(-1+1j),(1+1j),(-1-1j),(1+1j),(1+1j),(1-1j),(-1-1j),(-1-1j),(1-1j),(1-1j),(-1-1j),(-1-1j),(-1+1j),(1-1j),(1+1j),(1+1j),(-1+1j),(1+1j),(-1+1j),(1-1j),(-1-1j),(1-1j),(1-1j),(1+1j),(1-1j),(-1-1j),(-1-1j),(1-1j),(-1-1j),(1+1j),(1+1j),(-1-1j),(1+1j),(1+1j),(-1-1j),(-1-1j),(-1+1j),(-1+1j),(1+1j),(1+1j),(1-1j),(-1-1j),(-1-1j),(1-1j),(1+1j),(1+1j),(1+1j),(1-1j),(-1-1j),(-1-1j),(1+1j),(-1-1j),(1+1j),(1+1j),(1-1j),(-1-1j),(1-1j),(-1-1j),(1-1j),(1+1j),(1-1j),(-1+1j),(-1-1j),(1+1j),(1-1j),(1-1j),(1-1j),(1-1j),(1+1j),(-1+1j),(1-1j),(-1-1j),(1+1j),(1-1j),(-1+1j),(1-1j),(-1+1j),(1+1j),(1+1j),(1-1j),(1+1j),(1+1j),(-1-1j),(-1-1j),(-1+1j),(-1+1j),(1-1j),(-1-1j),(1-1j),(-1+1j),(-1+1j),(-1-1j),(1+1j),(1+1j),(-1-1j),(-1-1j),(1+1j),(-1+1j),(1+1j),(1+1j),(-1-1j),(1-1j),(1-1j),(1-1j),(-1+1j),(-1+1j),(1+1j),(1-1j),(1-1j),(-1-1j),(-1+1j),(-1+1j),(1+1j),(1+1j),(-1-1j),(-1-1j),(1+1j),(1-1j),(1+1j),(-1-1j),(1+1j),(1-1j),(1-1j),(-1+1j),(-1+1j),(1-1j),(1-1j),(1+1j),(-1-1j),(1-1j),(-1+1j),(-1-1j),(1+1j),(1-1j),(-1-1j),(-1+1j),(1+1j),(-1-1j),(-1+1j),(1+1j),(1-1j),(1-1j),(1-1j),(1-1j),(-1+1j),(1+1j),(1-1j),(-1+1j),(1+1j),(-1-1j),(1+1j),(-1-1j),(-1+1j),(1-1j),(1-1j),(1+1j),(1-1j),(-1-1j),(1+1j),(-1-1j),(1-1j),(-1+1j),(1-1j),(-1-1j),(-1+1j),(1-1j),(-1-1j),(-1-1j),(1+1j),(1-1j),(1-1j),(-1-1j),(-1+1j),(1-1j),(1+1j),(1-1j),(1-1j),(1-1j),(1+1j),(-1-1j),(-1-1j),(-1+1j),(1-1j),(1+1j),(1-1j),(-1+1j),(1+1j),(-1+1j),(-1+1j),(1+1j),(1+1j),(1+1j),(1-1j),(-1+1j),(1-1j),(-1-1j),(-1-1j),(1+1j),(1-1j),(-1-1j),(1+1j),(1+1j),(-1-1j),(1+1j),(1+1j),(-1-1j),(-1-1j),(1+1j),(-1-1j),(-1-1j),(1+1j),(1-1j),(-1-1j),(1+1j),(1+1j),(-1+1j),(-1+1j),(-1-1j),(1+1j),(1+1j),(1+1j),(1+1j),(-1+1j),(-1+1j),(1+1j),(-1-1j),(-1+1j),(1-1j),(1-1j),(-1+1j),(1+1j),(1-1j),(1+1j),(1+1j),(-1+1j),(-1+1j),(-1+1j),(-1+1j),(1-1j),(1+1j),(-1-1j),(1-1j),(-1-1j),(-1-1j),(1+1j),(1+1j),(-1+1j),(1+1j),(1-1j),(1+1j),(1-1j),(1-1j),(-1-1j),(1-1j),(1-1j),(1+1j),(-1+1j),(-1+1j),(1-1j),(1-1j),(-1+1j),(-1-1j),(-1-1j),(1+1j),(1-1j),(-1-1j),(-1+1j),(-1+1j),(1-1j),(-1-1j),(1+1j),(-1-1j),(-1-1j),(-1-1j),(-1-1j),(-1+1j),(1-1j),(1-1j),(1+1j),(1+1j),(-1-1j),(1+1j),(1+1j),(1-1j),(-1-1j),(-1+1j),(1-1j),(-1-1j),(-1-1j),(1+1j),(-1-1j),(-1-1j),(1+1j),(1+1j),(-1-1j),(-1+1j),(1-1j),(1-1j),(-1+1j),(1+1j),(-1-1j),(-1+1j),(1+1j),(-1-1j),(1+1j),(1+1j),(1-1j),(-1-1j),(1+1j),(-1+1j),(1+1j),(-1-1j),(-1+1j),(-1-1j),(1+1j),(1+1j),(-1-1j),(-1-1j),(1-1j),(1-1j),(-1+1j),(1-1j),(-1+1j),(-1+1j),(1+1j),(1-1j),(1-1j),(-1+1j),(1-1j),(-1+1j),(1+1j),(-1-1j),(1+1j),(1-1j),(1+1j),(-1-1j),(-1-1j),(-1+1j),(1+1j),(-1-1j),(-1-1j),(1+1j),(1+1j),(1-1j),(-1-1j),(1-1j),(-1-1j),(-1+1j),(1-1j),(1+1j),(1+1j),(-1+1j),(1-1j),(1-1j),(1+1j),(1-1j),(-1-1j),(1-1j),(1-1j),(-1-1j),(1+1j),(1-1j),(-1-1j),(1+1j),(1-1j),(1+1j),(1-1j),(-1+1j),(1+1j),(1-1j),(1-1j),(-1-1j),(1-1j),(1+1j),(1+1j),(1+1j),(1+1j),(1+1j),(-1-1j),(-1+1j),(1+1j),(-1+1j),(-1-1j),(1+1j),(1+1j),(-1-1j),(-1+1j),(1+1j),(1+1j),(-1-1j),(1+1j),(1-1j),(1+1j),(1+1j),(1-1j),(-1+1j),(1+1j),(-1+1j),(1+1j),(1-1j),(1-1j),(-1-1j),(-1+1j),(1-1j),(-1-1j),(1+1j),(1-1j),(-1+1j),(1-1j),(-1-1j),(-1+1j),(1+1j),(-1-1j),(-1-1j),(1+1j),(-1-1j),(1+1j),(-1+1j),(-1+1j),(1-1j),(1-1j),(-1+1j),(1+1j),(-1+1j),(1-1j),(1+1j),(1+1j),(1-1j),(1-1j),(1-1j),(1-1j),(1+1j),(-1-1j),(1+1j),(-1+1j),(1+1j),(-1-1j),(-1-1j),(-1+1j),(1-1j),(-1-1j),(-1-1j),(1-1j),(1-1j),(1-1j),(1+1j),(1+1j),(1+1j),(-1-1j),(-1+1j),(1-1j),(-1-1j),(1+1j),(1+1j),(1-1j),(-1+1j),(-1+1j),(1+1j),(-1-1j),(1+1j),(1+1j),(1+1j),(1+1j),(1+1j),(1-1j),(-1-1j),(1-1j),(-1-1j),(1-1j),(-1+1j),(1-1j),(1-1j),(-1+1j),(-1-1j),(-1-1j),(1+1j),(-1-1j),(1-1j),(-1-1j),(1+1j),(1+1j),(-1-1j),(1+1j),(1+1j),(-1-1j),(-1-1j),(-1-1j),(-1-1j),(1+1j),(1+1j),(1+1j),(1-1j),(1-1j),(1-1j),(-1+1j),(1-1j),(1-1j),(-1-1j),(-1-1j),(1-1j),(1-1j),(-1-1j),(-1+1j),(-1+1j),(1-1j),(1+1j),(-1-1j),(1-1j),(1-1j),(1-1j),(-1+1j),(1+1j),(1+1j),(-1+1j),(1+1j),(1+1j),(1+1j),(-1-1j),(-1-1j),(-1-1j),(1+1j),(1+1j),(1-1j),(1-1j),(-1-1j),(1+1j),(-1-1j),(-1-1j),(-1+1j),(1-1j),(1+1j),(1+1j),(1-1j),(-1+1j),(-1+1j),(1+1j),(1+1j),(-1-1j),(-1+1j),(1+1j),(1+1j),(1+1j),(1+1j),(1-1j),(-1+1j),(-1-1j),(1+1j),(1+1j),(-1-1j),(-1+1j),(1-1j),(1+1j),(1-1j),(1+1j),(-1+1j),(1-1j),(1-1j),(-1+1j),(-1-1j),(1+1j),(1+1j),(1-1j),(-1-1j),(-1-1j),(1+1j),(1+1j),(-1+1j),(-1+1j),(1+1j),(-1+1j),(-1+1j),(1+1j),(1+1j),(-1-1j),(1-1j),(1+1j),(-1+1j),(1+1j),(1+1j),(1+1j),(-1-1j),(1+1j),(1+1j),(-1-1j),(-1-1j),(-1-1j),(-1-1j),(-1-1j),(-1+1j),(1-1j),(-1+1j),(1+1j),(1+1j),(1+1j),(-1-1j),(1+1j),(1-1j),(1-1j),(-1-1j),(1+1j),(-1+1j),(1+1j),(-1-1j),(-1-1j),(1+1j),(1+1j),(-1-1j),(-1-1j),(-1+1j),(1-1j),(-1-1j),(-1-1j),(-1+1j),(1+1j),(1-1j),(-1+1j),(1-1j),(-1+1j),(1-1j),(-1+1j),(1+1j),(1+1j),(-1+1j),(1+1j),(-1-1j),(1+1j),(1-1j),(1-1j),(-1+1j),(1+1j),(1-1j),(1+1j),(1-1j),(-1+1j),(1-1j),(1+1j),(-1-1j),(1+1j),(1-1j),(-1+1j),(1+1j),(-1-1j),(-1+1j),(1+1j),(-1-1j),(1+1j),(-1-1j),(1+1j),(-1-1j),(1+1j),(1+1j),(1+1j),(1-1j),(1-1j),(1-1j),(1+1j),(-1+1j),(-1+1j),(1+1j),(1-1j),(1-1j),(1-1j),(1-1j),(-1+1j),(-1-1j),(1+1j),(1+1j),(-1-1j),(1-1j),(-1-1j),(-1+1j),(1-1j),(-1-1j),(1+1j),(1+1j),(-1-1j),(1-1j),(-1+1j),(1+1j),(-1-1j),(-1+1j),(-1+1j),(-1-1j),(1+1j),(1+1j),(-1-1j),(1-1j),(1-1j),(1-1j),(1-1j),(1-1j),(-1+1j),(1+1j),(1+1j),(1-1j),(-1-1j),(-1-1j),(-1-1j),(-1-1j),(1+1j),(-1+1j),(-1+1j),(1+1j),(-1-1j),(1-1j),(-1+1j),(-1+1j),(1+1j),(-1-1j),(-1+1j),(1+1j),(-1-1j),(1+1j),(-1-1j),(1+1j),(-1-1j),(-1+1j),(-1+1j),(1-1j),(1-1j),(-1+1j),(-1-1j),(1+1j),(1+1j),(-1-1j),(1+1j),(1+1j),(-1+1j),(1-1j),(-1-1j),(1+1j),(1+1j),(-1-1j),(-1+1j),(1+1j),(1+1j),(1-1j),(1+1j),(1-1j),(1-1j),(1-1j),(-1-1j),(1+1j),(1-1j),(1+1j),(-1-1j),(1+1j),(1-1j),(-1+1j),(1-1j),(1+1j),(1+1j),(-1+1j),(1+1j),(1+1j),(-1+1j),(1+1j),(-1+1j),(1-1j),(1+1j),(1+1j),(-1+1j),(1-1j),(-1+1j),(-1+1j),(1+1j),(-1+1j),(-1+1j),(1+1j),(1+1j),(-1+1j),(-1-1j),(1-1j),(-1+1j),(1+1j),(-1-1j),(-1-1j),(-1-1j),(-1-1j),(-1+1j),(1-1j),(-1+1j),(-1+1j),(1-1j),(1-1j),(1-1j),(-1-1j),(1-1j),(1-1j),(1+1j),(1-1j),(1-1j),(1+1j),(1-1j),(1+1j),(1-1j),(-1-1j),(1-1j),(-1-1j),(-1-1j),(-1+1j),(1+1j),(-1-1j),(-1+1j),(1-1j),(1-1j),(-1+1j),(-1-1j),(-1+1j),(1+1j),(-1+1j),(1-1j),(-1+1j),(1+1j),(-1-1j),(-1+1j),(1+1j),(1+1j),(1-1j),(1+1j),(1+1j),(-1-1j),(-1+1j),(-1-1j),(-1+1j),(1+1j),(-1-1j),(-1+1j),(1+1j),(-1+1j),(1-1j),(1-1j),(-1-1j),(1-1j),(-1+1j),(-1+1j),(1+1j),(-1-1j),(-1-1j),(1+1j),(-1-1j),(1+1j),(1+1j),(-1-1j),(-1+1j),(1-1j),(1-1j),(-1-1j),(1+1j),(1+1j),(-1-1j),(-1-1j),(-1+1j),(-1+1j),(1+1j),(1+1j),(-1-1j),(1-1j),(-1+1j),(1+1j),(1+1j),(-1-1j),(1+1j),(1+1j),(-1-1j),(-1+1j),(1+1j),(-1-1j),(-1-1j),(-1+1j),(-1+1j),(-1+1j),(-1+1j),(1+1j),(1+1j),(1-1j),(1+1j),(1-1j),(1+1j),(1-1j),(1-1j),(1-1j),(1-1j),(-1-1j),(1-1j),(1+1j),(1-1j),(-1+1j),(-1+1j),(-1-1j),(1+1j),(1+1j),(-1-1j),(1-1j),(1-1j),(-1+1j),(1-1j),(1-1j),(1+1j),(-1-1j),(1-1j),(1-1j),(1-1j),(1+1j),(1-1j),(-1+1j),(1+1j),(1+1j),(1+1j),(-1-1j),(1+1j),(1+1j),(1+1j),(1+1j),(1+1j),(1-1j),(1-1j),(1+1j),(1-1j),(1+1j),(-1+1j),(1+1j),(-1-1j),(1+1j),(1+1j),(1-1j),(1-1j),(-1-1j),(-1-1j),(1+1j),(-1-1j),(1+1j),(1+1j),(1+1j),(-1-1j),(1-1j),(1+1j),(-1+1j),(1-1j),(-1-1j),(1-1j),(1+1j),(1-1j),(-1-1j),(-1+1j),(1-1j),(-1-1j),(1-1j),(1-1j),(-1-1j),(1-1j),(-1-1j),(1+1j),(1-1j),(-1-1j),(-1-1j),(-1+1j),(-1+1j),(1-1j),(-1+1j),(-1+1j),(1+1j),(-1-1j),(-1-1j),(1+1j),(1+1j),(-1-1j),(-1+1j),(1-1j),(1-1j),(-1+1j),(-1-1j),(-1-1j),(-1+1j),(1+1j),(1-1j),(1-1j),(1+1j),(1-1j),(1-1j),(1-1j),(1-1j),(-1+1j),(1+1j),(1+1j),(-1-1j),(-1+1j),(1-1j),(1-1j),(1+1j),(-1+1j),(1+1j),(1+1j),(-1+1j),(1+1j),(1-1j),(1+1j),(1+1j),(1-1j),(1-1j),(-1-1j),(1-1j),(1-1j),(-1+1j),(-1+1j),(1-1j),(1-1j),(-1+1j),(1-1j),(1-1j),(-1+1j),(1+1j),(-1+1j),(1+1j),(1+1j),(-1+1j),(-1+1j),(-1-1j),(1-1j),(1-1j),(-1-1j),(1+1j),(1+1j),(-1-1j),(-1-1j),(1+1j),(1-1j),(1+1j),(1-1j),(1-1j),(1+1j),(1-1j),(-1-1j),(1+1j),(-1-1j),(1+1j),(1+1j),(1+1j),(1-1j),(-1+1j),(-1-1j),(1+1j),(-1-1j),(1+1j),(1+1j),(-1-1j),(-1+1j),(1-1j),(1+1j),(-1+1j),(1-1j),(-1-1j),(-1-1j),(1+1j),(1+1j),(-1-1j),(-1-1j),(1+1j),(1-1j),(1-1j),(-1-1j),(-1-1j),(1+1j),(1+1j),(1+1j),(1+1j),(1-1j),(-1-1j),(-1-1j),(-1-1j),(-1+1j),(1-1j),(-1-1j),(-1+1j),(1+1j),(-1-1j),(1+1j),(-1-1j),(-1+1j),(1-1j),(-1+1j),(1+1j),(1+1j),(1-1j),(-1-1j),(1+1j),(1+1j),(1-1j),(1-1j),(-1+1j),(1-1j),(-1-1j),(1-1j),(1+1j),(1-1j),(1-1j),(-1-1j),(1+1j),(1-1j),(1-1j),(1+1j),(1-1j),(-1-1j),(1-1j),(-1+1j),(-1+1j),(1+1j),(1-1j),(1+1j),(-1-1j),(1+1j),(1-1j),(-1+1j),(1-1j),(1-1j),(-1+1j),(1+1j),(1+1j),(1-1j),(1-1j),(-1+1j),(1+1j),(-1-1j),(1-1j),(-1+1j),(-1+1j),(-1+1j),(1+1j),(1+1j),(-1-1j),(-1+1j),(-1-1j),(1-1j),(1-1j),(-1-1j),(-1-1j),(-1+1j),(1+1j),(-1-1j),(1+1j),(1-1j),(1-1j),(1-1j),(-1+1j),(1+1j),(1-1j),(1-1j),(-1-1j),(-1+1j),(1-1j),(-1-1j),(1+1j),(-1+1j),(1-1j),(-1-1j),(-1-1j),(1+1j),(-1+1j),(-1-1j),(-1+1j),(-1+1j),(1+1j),(-1-1j),(-1-1j),(-1-1j),(-1-1j),(-1+1j),(1-1j),(-1+1j),(1+1j),(-1-1j),(-1-1j),(1+1j),(-1-1j),(-1-1j),(1+1j),(1+1j),(-1-1j),(1+1j),(1+1j),(1+1j),(-1+1j),(-1-1j),(1+1j),(1+1j),(1-1j),(1+1j),(1+1j),(1+1j),(-1-1j),(1+1j),(1-1j),(1+1j),(-1+1j),(-1+1j),(-1-1j),(1+1j),(1+1j),(-1-1j),(-1+1j),(1+1j),(1-1j),(-1-1j),(-1-1j),(1+1j),(-1+1j),(1+1j),(-1-1j),(1-1j),(-1-1j),(1-1j),(1-1j),(1-1j),(1-1j),(-1-1j),(-1+1j),(-1-1j),(1+1j),(1-1j),(-1-1j),(-1-1j),(-1-1j),(1-1j),(-1+1j),(1-1j),(1-1j),(-1-1j),(-1-1j),(-1-1j),(-1-1j),(1+1j),(1+1j),(-1+1j),(-1+1j),(1-1j),(1-1j),(-1+1j),(-1-1j),(-1-1j),(1+1j),(-1-1j),(-1+1j),(1+1j),(-1-1j),(-1-1j),(1+1j),(-1-1j),(-1+1j),(1+1j),(-1-1j),(-1+1j),(1-1j),(-1-1j),(-1+1j),(1-1j),(-1-1j),(1-1j),(-1-1j),(1-1j),(1-1j),(-1-1j),(-1-1j),(1-1j),(1-1j),(1-1j),(-1+1j),(1+1j),(-1+1j),(-1+1j),(1-1j),(1-1j),(-1+1j),(-1+1j),(1+1j),(1+1j),(1+1j),(-1-1j),(1-1j),(1-1j),(1+1j),(1+1j),(1+1j),(1+1j),(-1+1j),(1-1j),(1-1j),(-1-1j),(1-1j),(1-1j),(1+1j),(1-1j),(-1-1j),(-1+1j),(-1-1j),(-1-1j),(-1+1j),(1+1j),(1+1j),(-1-1j),(1+1j),(-1+1j),(1-1j),(1-1j),(-1-1j),(1+1j),(1-1j),(1-1j),(1-1j),(-1+1j),(1+1j),(-1-1j),(1-1j),(1-1j),(-1-1j),(1-1j),(1+1j),(-1+1j),(1+1j),(1+1j),(1+1j),(-1+1j),(1+1j),(1+1j),(1-1j),(1+1j),(1-1j),(1-1j),(-1-1j),(1-1j),(1-1j),(-1-1j),(1+1j),(1+1j),(1-1j),(1+1j),(-1+1j),(-1-1j),(1+1j),(1+1j),(-1-1j),(-1+1j),(1-1j),(-1+1j),(1-1j),(-1-1j),(-1+1j),(1-1j),(-1+1j),(1-1j),(1-1j),(-1-1j),(-1-1j),(-1-1j),(1-1j),(-1+1j),(1-1j),(1-1j),(-1+1j),(-1-1j),(-1-1j),(1+1j),(1+1j),(-1-1j),(1-1j),(1-1j),(1+1j),(1+1j),(1+1j),(-1-1j),(-1-1j),(-1+1j),(1+1j),(1+1j),(1-1j),(-1-1j),(-1-1j),(-1-1j),(1+1j),(1+1j),(1-1j),(-1+1j),(1+1j),(1+1j),(1+1j),(1+1j),(-1-1j),(-1-1j),(-1-1j),(-1+1j),(-1+1j),(1+1j),(1-1j),(1-1j),(-1+1j),(1-1j),(1-1j),(1+1j),(1+1j),(1+1j),(1+1j),(-1+1j),(1-1j),(-1-1j),(1+1j),(1-1j),(1-1j),(-1+1j),(-1+1j),(-1+1j),(1+1j),(1+1j),(-1-1j),(1-1j),(1-1j),(1+1j),(1-1j),(1-1j),(1-1j),(-1+1j),(1-1j),(-1-1j),(-1-1j),(1-1j),(-1+1j),(1+1j),(1-1j),(1+1j),(1-1j),(1-1j),(-1-1j),(1+1j),(-1+1j),(1+1j),(1+1j),(-1-1j),(1+1j),(-1-1j),(-1+1j),(1-1j),(1+1j),(1-1j),(1+1j),(1+1j),(1+1j),(-1-1j),(-1+1j),(1+1j),(1+1j),(1+1j),(1+1j),(-1-1j),(1+1j),(1-1j),(-1+1j),(-1+1j),(-1-1j),(1+1j),(1+1j),(-1-1j),(-1+1j),(1-1j),(1-1j),(-1-1j),(1+1j),(1+1j),(1+1j),(1+1j),(1+1j),(1-1j),(1+1j),(1-1j),(-1+1j),(1-1j),(1+1j),(-1-1j),(1+1j),(1-1j),(1+1j),(-1+1j),(1+1j),(-1-1j),(1-1j),(-1+1j),(-1+1j),(-1-1j),(1+1j),(1+1j),(-1-1j),(-1-1j),(1+1j),(1-1j),(1-1j),(-1-1j),(1+1j),(-1-1j),(-1-1j),(1-1j),(1-1j),(1-1j),(-1+1j),(-1+1j),(1-1j),(1-1j),(1-1j),(-1-1j),(1+1j),(1+1j),(-1-1j),(-1-1j),(1+1j),(1-1j),(1-1j),(-1+1j),(1-1j),(-1+1j),(1-1j),(-1-1j),(1-1j),(1-1j),(1+1j),(1+1j),(1+1j),(1+1j),(-1-1j),(1-1j),(1+1j),(1-1j),(1-1j),(-1+1j),(-1+1j),(1-1j),(-1+1j),(-1-1j),(1-1j),(-1-1j),(-1-1j),(1+1j),(-1-1j),(1+1j),(1+1j),(1+1j),(1+1j),(1-1j),(-1-1j),(1+1j),(1+1j),(1-1j),(1+1j),(1-1j),(-1-1j),(-1+1j),(1-1j),(-1-1j),(1+1j),(1-1j),(-1+1j),(1-1j),(1+1j),(1-1j),(1-1j),(-1-1j),(-1-1j),(-1+1j),(-1+1j),(1+1j),(1+1j),(-1-1j),(1-1j),(-1+1j),(1+1j),(-1-1j),(-1+1j),(1+1j),(-1-1j),(-1+1j),(1+1j),(-1+1j),(1+1j),(-1-1j),(-1-1j),(-1-1j),(-1-1j),(-1+1j),(1-1j),(-1-1j),(-1+1j),(-1+1j),(1-1j),(1-1j),(1-1j),(1+1j),(-1+1j),(-1+1j),(1-1j),(1-1j),(-1+1j),(-1-1j),(-1-1j),(1+1j),(1+1j),(-1-1j),(1-1j),(1+1j),(1-1j),(1-1j),(1-1j),(1-1j),(1-1j),(-1+1j),(-1-1j),(1+1j),(1+1j),(1+1j),(-1+1j),(1+1j),(1+1j),(1-1j),(1+1j),(1+1j),(1+1j),(1+1j),(-1-1j),(-1+1j),(1+1j),(-1+1j),(-1+1j),(1-1j),(1-1j),(-1+1j),(-1-1j),(-1-1j),(1-1j),(1-1j),(-1-1j),(1+1j),(-1-1j),(-1+1j),(1-1j),(1-1j),(-1+1j),(1-1j),(1-1j),(-1-1j),(1+1j),(1+1j),(1+1j),(-1-1j),(1+1j),(-1-1j),(-1+1j),(-1-1j),(-1-1j),(1-1j),(-1+1j),(-1+1j),(1-1j),(-1+1j),(1+1j),(1+1j),(-1+1j),(1+1j),(1-1j),(1+1j),(1-1j),(-1+1j),(-1+1j),(-1+1j),(1+1j),(1-1j),(-1-1j),(1-1j),(-1+1j),(1-1j),(1+1j),(1-1j),(1+1j),(-1-1j),(1-1j),(-1-1j),(1+1j),(1+1j),(-1-1j),(1+1j),(1-1j),(1-1j),(-1-1j),(-1-1j),(1+1j),(-1-1j),(1+1j),(1+1j),(-1+1j),(1-1j),(-1-1j),(1+1j),(1+1j),(1+1j),(1-1j),(-1+1j),(1+1j),(1-1j),(-1+1j),(1-1j),(-1+1j),(1-1j),(1-1j),(1-1j),(-1+1j),(-1+1j),(1-1j),(1-1j),(-1+1j),(1+1j),(-1-1j),(-1-1j),(-1-1j),(1-1j),(1+1j),(1+1j),(1-1j),(1-1j),(1-1j),(1-1j),(-1+1j),(1-1j),(1-1j),(1-1j),(-1+1j),(1+1j),(-1-1j),(1+1j),(-1+1j),(-1-1j),(1+1j),(-1+1j),(-1-1j),(1+1j),(1+1j),(-1-1j),(-1+1j),(1-1j),(1-1j),(1+1j),(1-1j),(1+1j),(1+1j),(-1+1j),(1+1j),(-1-1j),(-1-1j),(1+1j),(-1-1j),(-1-1j),(1+1j),(1-1j),(1+1j),(-1-1j),(1+1j),(1+1j),(-1-1j),(-1+1j),(1+1j),(1+1j),(-1-1j),(1+1j),(-1-1j),(-1+1j),(1-1j),(-1+1j),(-1-1j),(1+1j),(-1+1j),(-1+1j),(1+1j),(1-1j),(1+1j),(1-1j),(-1-1j),(1-1j),(-1+1j),(1+1j),(1-1j),(1+1j),(1+1j),(1-1j),(1+1j),(-1-1j),(1+1j),(1+1j),(-1-1j),(-1-1j),(-1-1j),(-1-1j),(1+1j),(-1-1j),(-1+1j),(1-1j),(1+1j),(1-1j),(1+1j),(-1+1j),(1+1j),(1+1j),(-1-1j),(-1+1j),(-1-1j),(1-1j),(-1-1j),(-1-1j),(-1-1j),(-1-1j),(1-1j),(-1+1j),(1-1j),(-1-1j),(1-1j),(1-1j),(-1+1j),(-1+1j),(-1+1j),(-1+1j),(-1-1j),(1-1j),(1-1j),(-1-1j),(-1+1j),(1-1j),(-1+1j),(1+1j),(1+1j),(-1-1j),(1-1j),(-1-1j),(1-1j),(1-1j),(1-1j),(1+1j),(1-1j),(-1+1j),(-1+1j),(1+1j),(-1-1j),(1+1j),(1-1j),(-1+1j),(-1+1j),(-1-1j),(1+1j),(1+1j),(-1-1j),(-1-1j),(1-1j),(1+1j),(1-1j),(1+1j),(-1-1j),(1+1j),(1+1j),(1-1j),(1-1j),(-1-1j),(1+1j),(1-1j),(-1-1j),(1+1j),(1+1j),(-1-1j),(-1-1j),(1+1j),(1+1j),(1+1j),(1-1j),(1+1j),(-1+1j),(1+1j),(-1+1j),(-1-1j),(-1+1j),(1+1j),(-1-1j),(1+1j),(-1+1j),(-1+1j),(1-1j),(-1-1j),(1-1j),(-1-1j),(1-1j),(-1-1j),(-1-1j),(1+1j),(1-1j),(-1+1j),(1-1j),(-1+1j),(1+1j),(1-1j),(1+1j),(1-1j),(1-1j),(-1-1j),(-1-1j),(1+1j),(1-1j),(-1+1j),(1-1j),(1+1j),(-1-1j),(-1-1j),(-1+1j),(-1+1j),(1-1j),(1-1j),(1-1j),(-1-1j),(-1+1j),(1-1j),(-1+1j),(-1-1j),(-1-1j),(-1-1j),(1+1j),(1+1j),(1+1j),(-1-1j),(1-1j),(1-1j),(1-1j),(1-1j),(1-1j),(-1+1j),(-1-1j),(1-1j),(-1+1j),(1+1j),(1+1j),(-1-1j),(-1-1j),(1+1j),(1-1j),(1-1j),(1-1j),(1-1j),(1+1j),(1-1j),(1-1j),(-1-1j),(-1-1j),(-1+1j),(-1+1j),(1+1j),(1+1j),(1+1j),(-1-1j),(-1-1j),(-1+1j),(1+1j),(-1-1j),(-1+1j),(1-1j),(1-1j),(-1+1j),(-1-1j),(-1-1j),(1+1j),(1-1j),(-1-1j),(-1+1j),(1+1j),(1-1j),(-1+1j),(-1-1j),(-1-1j),(1+1j),(1-1j),(1-1j),(1-1j),(1+1j),(-1-1j),(1-1j),(-1+1j),(-1+1j),(1+1j),(1+1j),(1+1j),(1+1j),(-1-1j),(1-1j),(-1-1j),(-1+1j),(-1-1j),(1+1j),(1+1j),(-1-1j),(-1-1j),(1-1j),(1-1j),(-1-1j),(1-1j),(-1+1j),(1+1j),(-1-1j),(1+1j),(1+1j),(1+1j),(1-1j),(-1-1j),(1-1j),(-1-1j),(-1+1j),(1+1j),(1+1j),(-1-1j),(1+1j),(-1-1j),(1+1j),(1-1j),(-1+1j),(1+1j),(1+1j),(1+1j),(1+1j),(1+1j),(-1+1j),(1+1j),(1+1j),(-1+1j),(-1+1j),(1-1j),(1-1j),(1-1j),(-1-1j),(1-1j),(-1+1j),(1-1j),(1-1j),(1-1j),(1+1j),(1+1j),(-1+1j),(1-1j),(-1+1j),(1+1j),(1+1j),(1-1j),(1-1j),(1+1j),(1+1j),(1-1j),(1+1j),(-1+1j),(1+1j),(1+1j),(-1+1j),(-1+1j),(-1+1j),(1+1j),(-1+1j),(1-1j),(1-1j),(-1-1j),(-1-1j),(-1+1j),(-1+1j),(-1-1j),(1-1j),(1-1j),(-1-1j),(-1+1j),(1+1j),(1+1j),(1+1j),(-1-1j),(-1-1j),(1-1j),(-1-1j),(-1-1j),(-1-1j),(-1-1j),(-1+1j),(-1+1j),(1-1j),(-1+1j),(-1-1j),(1+1j),(1-1j),(1-1j),(1-1j),(-1-1j),(-1+1j),(1-1j),(1+1j),(-1-1j),(-1-1j),(1-1j),(-1+1j),(-1+1j),(1+1j),(1-1j),(1-1j),(1+1j),(-1+1j),(-1+1j),(1+1j),(-1+1j),(-1+1j),(1+1j),(-1-1j),(-1+1j),(1+1j),(-1+1j),(1+1j),(-1-1j),(-1-1j),(-1-1j),(1+1j),(1+1j),(1+1j),(-1+1j),(1-1j),(1-1j),(1+1j),(1+1j),(-1-1j),(1+1j),(1-1j),(1+1j),(1-1j),(-1-1j),(1-1j),(1-1j),(-1-1j),(1-1j),(1+1j),(-1-1j),(1-1j),(-1-1j),(-1-1j),(-1+1j),(1+1j),(-1-1j),(1-1j),(-1-1j),(-1-1j),(1+1j),(1+1j),(1-1j),(1+1j),(1-1j),(1-1j),(1-1j),(1-1j),(1-1j),(-1+1j),(1-1j),(1+1j),(1+1j),(-1-1j),(1-1j),(-1-1j),(-1-1j),(1+1j),(1-1j),(1-1j),(-1-1j),(1+1j),(-1-1j),(-1-1j),(-1+1j),(1+1j),(1+1j),(1+1j),(-1-1j),(-1+1j),(-1+1j),(1-1j),(-1+1j),(1-1j),(1+1j),(-1-1j),(-1+1j),(-1+1j),(1+1j),(-1+1j),(1+1j),(1+1j),(1-1j),(1+1j),(1+1j),(-1+1j),(1-1j),(1-1j),(-1+1j),(-1-1j),(-1-1j),(1-1j),(1-1j),(1+1j),(-1+1j),(1-1j),(1+1j),(1-1j),(1-1j),(-1+1j),(1+1j),(1+1j),(1+1j),(1+1j),(-1-1j),(1-1j),(1-1j),(1-1j),(1-1j),(1-1j),(-1+1j),(1-1j),(-1-1j),(-1-1j),(-1+1j),(1+1j),(1+1j),(1+1j),(1+1j),(1-1j),(1+1j),(1-1j),(1-1j),(-1-1j),(1-1j),(1-1j),(1-1j),(-1-1j),(1-1j),(-1+1j),(-1-1j),(-1+1j),(1-1j),(1-1j),(-1+1j),(-1-1j),(-1-1j),(1+1j),(-1-1j),(1-1j),(-1-1j),(-1+1j),(-1+1j),(-1-1j),(1+1j),(1+1j),(-1-1j),(-1-1j),(-1+1j),(-1+1j),(1+1j),(1-1j),(1-1j),(1+1j),(-1+1j),(1-1j),(-1-1j),(1-1j),(-1-1j),(-1-1j),(1+1j),(1-1j),(1+1j),(1+1j),(1-1j),(-1-1j),(-1-1j),(-1-1j),(1+1j),(-1+1j),(1+1j),(-1+1j),(1+1j),(-1-1j),(1-1j),(1-1j),(1-1j),(-1-1j),(1+1j),(1-1j),(1-1j),(-1+1j),(1-1j),(1+1j),(1+1j),(1+1j),(-1-1j),(-1+1j),(1-1j),(1-1j),(1-1j),(-1+1j),(1+1j),(-1-1j),(1+1j),(-1-1j),(1+1j),(1+1j),(1-1j),(1-1j),(1-1j),(1-1j),(-1-1j),(1-1j),(-1-1j),(1+1j),(1-1j),(-1+1j),(1+1j),(1+1j),(1+1j),(1-1j),(1-1j),(-1-1j),(-1-1j),(-1+1j),(1+1j),(-1+1j),(-1-1j),(1+1j),(1+1j),(-1-1j),(1+1j),(1-1j),(-1+1j),(-1+1j),(1+1j),(1-1j),(1-1j),(1-1j),(1-1j),(-1-1j),(-1+1j),(1+1j),(1-1j),(-1+1j),(1+1j),(-1-1j),(1-1j),(1-1j),(-1+1j),(-1-1j),(1+1j),(-1+1j),(1+1j),(1-1j),(-1+1j),(-1+1j),(-1-1j),(-1-1j),(1+1j),(-1-1j),(1-1j),(-1+1j),(1+1j),(1+1j),(1+1j),(-1+1j),(-1-1j),(1+1j),(1+1j),(-1+1j),(1-1j),(1-1j),(-1-1j),(1-1j),(1-1j),(-1-1j),(1+1j),(1+1j),(1+1j),(-1-1j),(1+1j),(-1-1j),(-1+1j),(1-1j),(1+1j),(1+1j),(-1+1j),(-1-1j),(-1-1j),(-1-1j),(1+1j),(1-1j),(-1+1j),(1+1j),(1-1j),(1+1j),(1+1j),(1-1j),(-1-1j),(1+1j),(-1+1j),(1+1j),(-1-1j),(-1-1j),(1+1j),(1+1j),(1-1j),(1+1j),(1+1j),(1-1j),(-1-1j),(1+1j),(1+1j),(-1-1j),(1-1j),(-1+1j),(1+1j),(1+1j),(1-1j),(-1+1j),(1-1j),(1-1j),(-1+1j),(1+1j),(1+1j),(1-1j),(-1+1j),(1+1j),(-1-1j),(-1+1j),(-1+1j),(-1+1j),(1+1j),(-1-1j),(-1-1j),(-1-1j),(-1-1j),(1+1j),(1+1j),(1+1j),(-1-1j),(1-1j),(-1-1j),(-1-1j),(-1+1j),(-1+1j),(1+1j),(-1-1j),(1+1j),(-1+1j),(-1-1j),(1+1j),(-1-1j),(1-1j),(1-1j),(1+1j),(1+1j),(1-1j),(-1+1j),(1+1j),(1+1j),(1+1j),(-1-1j),(1-1j),(-1-1j),(-1-1j),(1-1j),(-1-1j),(1-1j),(-1-1j),(-1-1j),(1+1j),(-1-1j),(-1+1j),(-1+1j),(1+1j),(1-1j),(1+1j),(1+1j),(-1+1j),(1+1j),(-1+1j),(1+1j),(1+1j),(-1+1j),(-1+1j),(1+1j),(1-1j),(1+1j),(1-1j),(-1+1j),(1+1j),(1+1j),(-1-1j),(1+1j),(1-1j),(-1+1j),(1+1j),(1+1j),(-1+1j),(1+1j),(-1-1j),(-1-1j),(-1+1j),(1-1j),(1-1j),(1-1j),(1+1j),(-1+1j),(-1-1j),(-1+1j),(-1+1j),(1+1j),(1-1j),(1-1j),(-1+1j),(1+1j),(1+1j),(1+1j),(-1+1j),(1-1j),(1+1j),(1-1j),(1-1j),(-1-1j),(1-1j),(1-1j),(1-1j),(-1-1j),(-1-1j),(-1-1j),(-1-1j),(1+1j),(1-1j),(-1-1j),(1+1j),(1+1j),(-1-1j),(-1+1j),(1+1j),(1+1j),(1-1j),(1+1j),(1+1j),(-1+1j),(-1+1j),(-1+1j),(-1+1j),(-1-1j),(-1-1j),(1+1j),(1+1j),(-1-1j),(1+1j),(-1-1j),(-1-1j),(-1+1j),(-1+1j),(1+1j),(1+1j),(1+1j),(-1-1j),(-1+1j),(1+1j),(-1-1j),(-1-1j),(1+1j),(1-1j),(-1+1j),(1+1j),(1+1j),(1-1j),(1+1j),(1+1j),(-1-1j),(1+1j),(1+1j),(-1+1j),(1+1j),(-1-1j),(1-1j),(1+1j),(-1-1j),(-1+1j),(1-1j),(1-1j),(-1+1j),(-1-1j),(-1-1j),(-1+1j),(1+1j),(-1-1j),(1+1j),(1+1j),(-1-1j),(-1-1j),(-1+1j),(-1-1j),(1+1j),(1+1j),(-1-1j),(1+1j),(-1+1j),(-1-1j),(1+1j),(1+1j),(-1-1j),(-1+1j),(1-1j),(-1-1j),(1+1j),(1-1j),(1-1j),(-1-1j),(-1+1j),(1-1j),(-1+1j),(1-1j),(-1-1j),(1-1j),(-1-1j),(-1-1j),(1+1j),(1+1j),(1+1j),(1+1j),(1+1j),(-1-1j),(1+1j),(1-1j),(-1-1j),(-1+1j),(1-1j),(1+1j),(1-1j),(1+1j),(-1-1j),(1+1j),(1+1j),(-1-1j),(-1-1j),(-1-1j),(1+1j),(1-1j),(1-1j),(1+1j),(-1-1j),(1+1j),(-1+1j),(1-1j),(1-1j),(-1+1j),(1+1j),(1+1j),(-1-1j),(-1+1j),(1-1j),(-1-1j),(1-1j),(-1-1j),(-1-1j),(1+1j),(1+1j),(1+1j),(1+1j),(-1+1j),(1+1j),(1-1j),(-1+1j),(1+1j),(1+1j),(1-1j),(1+1j),(1+1j),(1+1j),(1-1j),(1+1j),(1-1j),(-1+1j),(1+1j),(1+1j),(-1-1j),(-1+1j),(-1+1j),(-1-1j),(1+1j),(1+1j),(1+1j),(-1+1j),(1+1j),(1+1j),(1-1j),(1+1j),(1+1j),(1+1j),(1+1j),(1-1j),(-1-1j),(-1-1j),(-1+1j),(-1-1j),(1-1j),(-1-1j),(1+1j),(-1+1j),(1+1j),(-1-1j),(-1-1j),(1+1j),(1+1j),(-1-1j),(-1-1j),(1-1j),(1-1j),(1+1j),(1+1j),(-1-1j),(-1+1j),(1-1j),(-1-1j),(1+1j),(1+1j),(-1-1j),(1+1j),(1+1j),(-1+1j),(1+1j),(1-1j),(1-1j),(-1-1j),(1+1j),(1+1j),(-1+1j),(-1+1j),(1+1j),(-1-1j),(-1-1j),(1+1j),(-1+1j),(1+1j),(1-1j),(-1+1j),(1-1j),(-1-1j),(-1-1j),(1-1j),(-1-1j),(-1+1j),(1-1j),(1-1j),(-1+1j),(-1-1j),(1+1j),(1+1j),(-1-1j),(1+1j),(-1-1j),(1-1j),(1+1j),(-1-1j),(-1+1j),(-1+1j),(1+1j),(1+1j),(-1+1j),(-1+1j),(-1+1j),(1-1j),(-1-1j),(1+1j),(-1-1j),(1+1j),(-1+1j),(1+1j),(-1-1j),(1-1j),(1+1j),(-1-1j),(-1-1j),(-1+1j),(1+1j),(1+1j),(1+1j),(1-1j),(1-1j),(1+1j),(-1+1j),(1+1j),(-1-1j),(-1+1j),(1-1j),(-1-1j),(1+1j),(1+1j),(-1-1j),(1-1j),(-1-1j),(-1-1j),(-1-1j),(1+1j),(1+1j),(-1+1j),(-1-1j),(1+1j),(-1+1j),(-1+1j),(1-1j),(1-1j),(1-1j),(1-1j),(1-1j),(1-1j),(-1-1j),(-1-1j),(1-1j),(1+1j),(-1-1j),(1-1j),(1+1j),(1-1j),(-1+1j),(1-1j),(1-1j),(-1+1j),(1+1j),(1-1j),(-1+1j),(1+1j),(1+1j),(-1-1j),(1+1j),(-1+1j),(-1+1j),(-1+1j),(-1-1j),(-1-1j),(1-1j),(1-1j),(-1+1j),(-1+1j),(1-1j),(1+1j),(-1+1j),(1+1j),(-1-1j),(1+1j),(-1+1j),(1-1j),(-1-1j),(1+1j),(1+1j),(-1-1j),(-1-1j),(1+1j),(1-1j),(1+1j),(1-1j),(-1-1j),(-1-1j),(1+1j),(-1+1j),(-1-1j),(-1-1j),(-1+1j),(1+1j),(1+1j),(-1+1j),(-1-1j),(1+1j),(-1+1j),(1+1j),(1-1j),(1-1j),(-1+1j),(-1+1j),(1-1j),(1+1j),(-1-1j),(1+1j),(1-1j),(-1+1j),(1+1j),(1-1j),(-1-1j),(-1-1j),(1+1j),(1+1j),(1-1j),(-1-1j),(-1+1j),(-1-1j),(-1-1j),(1+1j),(1-1j),(-1-1j),(1+1j),(-1-1j),(-1+1j),(1-1j),(1-1j),(-1+1j),(-1-1j),(-1-1j),(-1+1j),(-1-1j),(1+1j),(1-1j),(1+1j),(1-1j),(1-1j),(1+1j),(1-1j),(-1-1j),(1-1j),(1-1j),(1-1j),(1+1j),(-1-1j),(1-1j),(1-1j),(1-1j),(-1-1j),(1+1j),(1-1j),(-1-1j),(1-1j),(1+1j),(1+1j),(1-1j),(1-1j),(1-1j),(1-1j),(1-1j),(1-1j),(-1+1j),(1-1j),(1+1j),(1-1j),(1-1j),(-1+1j),(-1+1j),(1-1j),(1-1j),(1-1j),(1-1j),(1-1j),(-1-1j),(1-1j),(-1-1j),(-1-1j),(-1+1j),(1+1j),(-1+1j),(-1+1j),(-1+1j),(1-1j),(1-1j),(1-1j),(1-1j),(-1+1j),(-1+1j),(1-1j),(1-1j),(1-1j),(-1+1j),(-1+1j),(1+1j),(1+1j),(1+1j),(-1-1j),(-1-1j),(-1-1j),(-1-1j),(-1-1j),(1+1j),(-1-1j),(1+1j),(1+1j),(1+1j),(-1-1j),(-1-1j),(1-1j),(1-1j),(1-1j),(1-1j),(1-1j),(1+1j),(1+1j),(1-1j),(-1-1j),(-1-1j),(-1-1j),(-1-1j),(-1+1j),(-1+1j),(1+1j),(-1+1j),(1+1j),(1+1j),(-1+1j),(1+1j),(1-1j),(-1-1j),(1-1j),(1+1j),(1+1j),(1-1j),(1-1j),(1-1j),(1-1j),(1-1j),(1-1j),(-1+1j),(1-1j),(1-1j),(1-1j),(1-1j),(-1+1j),(-1+1j),(1-1j),(1-1j),(1+1j),(1-1j),(1-1j),(1-1j),(-1+1j),(1+1j),(-1-1j),(1-1j),(1-1j),(-1+1j),(1-1j),(1+1j),(1-1j),(1+1j),(1+1j),(1+1j),(1+1j),(-1-1j),(1-1j),(-1-1j),(1+1j),(1-1j),(1+1j),(1-1j),(-1+1j),(-1+1j),(-1+1j),(-1+1j),(-1+1j),(1+1j),(1+1j),(1+1j),(1+1j),(1+1j),(1+1j),(1-1j),(-1-1j),(1-1j),(1+1j),(1+1j),(1+1j),(1-1j),(-1-1j),(1-1j),(1+1j),(1+1j),(1+1j),(1-1j),(-1-1j),(-1+1j),(1+1j),(1+1j),(1+1j),(-1-1j),(-1-1j),(-1-1j),(1+1j),(1+1j),(1+1j),(1+1j),(-1-1j),(1+1j),(1+1j),(1+1j),(1+1j),(-1-1j),(1+1j),(1+1j),(1+1j),(1+1j),(-1+1j),(1+1j),(-1-1j),(-1-1j),(-1-1j),(1+1j),(-1-1j),(1+1j),(1+1j),(-1-1j),(-1+1j),(1-1j),(-1+1j),(1+1j),(1+1j),(1+1j),(1+1j),(-1-1j),(1-1j),(-1+1j),(-1-1j),(1-1j),(1-1j),(-1+1j),(-1+1j),(1-1j),(1+1j),(1+1j),(-1-1j),(-1-1j),(-1-1j),(1+1j),(1+1j),(1-1j),(-1-1j),(-1+1j),(1+1j),(-1-1j),(1+1j),(-1-1j),(-1+1j),(1-1j),(1-1j),(1+1j),(-1+1j),(1+1j),(-1-1j),(-1+1j),(-1-1j),(1+1j),(1+1j),(1+1j),(1+1j),(-1-1j),(1-1j),(1+1j),(1+1j),(1+1j),(-1+1j),(-1-1j),(-1+1j),(1-1j),(-1-1j),(1+1j),(1-1j),(1-1j),(-1+1j),(-1+1j),(-1-1j),(-1+1j),(1-1j),(-1-1j),(1+1j),(1+1j),(1+1j),(-1-1j),(1-1j),(1+1j),(1+1j),(1+1j),(1+1j),(-1-1j),(-1-1j),(-1+1j),(1+1j),(1+1j),(1+1j),(-1-1j),(1+1j),(1+1j),(-1-1j),(-1+1j),(1-1j),(-1+1j),(-1+1j),(1-1j),(1+1j),(1+1j),(-1-1j),(-1-1j),(-1-1j),(1+1j),(-1-1j),(-1-1j),(-1+1j),(1-1j),(1-1j),(1+1j),(-1+1j),(1+1j),(-1-1j),(-1+1j),(-1-1j),(1+1j),(1+1j),(1+1j),(1+1j),(-1-1j),(1-1j),(-1+1j),(1+1j),(1+1j),(1-1j),(-1-1j),(-1+1j),(1-1j),(-1-1j),(1+1j),(1-1j),(1-1j),(-1+1j),(-1+1j),(-1-1j),(-1+1j),(1-1j),(-1-1j),(1+1j),(1+1j),(1+1j),(-1-1j),(1-1j),(1+1j),(1+1j),(1+1j),(1+1j),(-1-1j),(-1-1j),(-1+1j),(-1-1j),(1+1j),(1+1j),(-1-1j),(1+1j),(1+1j),(1+1j),(1+1j),(1-1j),(-1+1j),(-1+1j),(1-1j),(1+1j),(1+1j),(-1-1j),(-1-1j),(-1-1j),(1+1j),(-1-1j),(-1-1j),(-1+1j),(1-1j),(1-1j),(-1-1j),(-1+1j),(1+1j),(-1-1j),(-1+1j),(-1-1j),(1+1j),(1+1j),(1+1j),(1+1j),(-1-1j),(1-1j),(-1+1j),(1+1j),(1+1j),(-1+1j),(-1-1j),(-1+1j),(1-1j),(-1-1j),(1+1j),(1-1j),(1+1j),(-1+1j),(1+1j),(-1+1j),(-1+1j),(-1-1j),(1+1j),(1+1j),(1+1j),(1+1j),(-1-1j),(1-1j),(1+1j),(1+1j),(1+1j),(-1+1j),(-1-1j),(-1-1j),(1-1j),(-1-1j),(1+1j),(1+1j),(-1-1j),(-1+1j),(-1+1j),(-1-1j),(1+1j),(1+1j),(1+1j),(1+1j),(-1-1j),(1-1j),(1+1j),(1+1j),(1+1j),(-1+1j),(-1-1j),(1+1j),(-1+1j),(1+1j),(1+1j),(1+1j),(1+1j),(1+1j),(1+1j),(-1-1j),(1+1j),(1-1j),(1-1j),(1-1j),(-1-1j),(1+1j),(1+1j),(1-1j),(-1+1j),(1+1j),(1-1j),(1-1j),(-1+1j),(-1+1j),(-1+1j),(1+1j),(1+1j),(-1-1j),(-1-1j),(-1-1j),(-1-1j),(1+1j),(1-1j),(-1-1j),(1+1j),(1+1j),(-1-1j),(-1-1j),(-1-1j),(-1+1j),(1-1j),(1+1j),(1-1j),(-1-1j),(1+1j),(1-1j),(1-1j),(1+1j),(1-1j),(-1-1j),(-1-1j),(1-1j),(1-1j),(1-1j),(1+1j),(1-1j),(-1-1j),(1+1j),(1+1j),(-1+1j),(1+1j),(1-1j),(-1-1j),(1-1j),(-1-1j),(1-1j),(-1+1j),(1-1j),(-1+1j),(1+1j),(1+1j),(1-1j),(1+1j),(1-1j),(1-1j),(-1+1j),(1+1j),(1-1j),(1-1j),(1-1j),(-1-1j),(-1+1j),(1+1j),(-1+1j),(1+1j),(1+1j),(1-1j),(1+1j),(-1+1j),(1+1j),(1-1j),(1-1j),(1-1j),(-1+1j),(1+1j),(1-1j),(-1+1j),(1+1j),(1-1j),(-1+1j),(1+1j),(-1+1j),(1+1j),(1-1j),(1-1j),(1-1j),(-1-1j),(-1+1j),(1+1j),(1-1j),(1-1j),(-1+1j),(1+1j),(1-1j),(1+1j),(1+1j),(1+1j),(-1+1j),(1+1j),(1-1j),(1-1j),(-1+1j),(1+1j),(1-1j),(1-1j),(1-1j),(1+1j),(-1-1j),(1+1j),(-1+1j),(1+1j),(1-1j),(1+1j),(1-1j),(1+1j),(1-1j),(1+1j),(-1-1j),(1+1j),(1+1j),(1-1j),(-1+1j),(1+1j),(1-1j),(-1+1j),(1+1j),(1-1j),(-1+1j),(1+1j),(1-1j),(1+1j),(-1+1j),(-1+1j),(1+1j),(-1+1j),(1+1j),(-1+1j),(1+1j),(1+1j),(1+1j),(-1-1j),(1+1j),(1+1j),(-1-1j),(1+1j),(1-1j),(1+1j),(-1-1j),(-1-1j),(1-1j),(-1-1j),(-1+1j),(1-1j),(1-1j),(-1+1j),(-1-1j),(-1-1j),(-1+1j),(1+1j),(1+1j),(1-1j),(-1-1j),(1-1j),(-1-1j),(-1-1j),(1+1j),(1+1j),(1+1j),(-1-1j),(1+1j),(-1+1j),(1-1j),(1-1j),(-1+1j),(-1-1j),(1+1j),(1+1j),(1+1j),(1+1j),(1+1j),(-1-1j),(-1-1j),(1+1j),(1+1j),(1+1j),(1+1j),(1+1j),(1+1j),(1+1j),(1+1j),(1+1j),(1-1j),(1-1j),(1+1j),(1-1j),(-1-1j),(-1+1j),(1-1j),(1-1j),(-1+1j),(-1-1j),(1-1j),(1-1j),(-1-1j),(1-1j),(-1-1j),(1-1j),(1+1j),(-1+1j),(-1-1j),(1+1j),(1+1j),(1+1j),(1+1j),(-1-1j),(1+1j),(1+1j),(-1-1j),(-1-1j),(-1-1j),(1+1j),(1+1j),(-1-1j),(-1-1j),(1-1j),(-1-1j),(1-1j),(1-1j),(1-1j),(1-1j),(1-1j),(-1+1j),(-1-1j),(-1+1j),(-1+1j),(1-1j),(1-1j),(-1+1j),(-1-1j),(-1-1j),(-1+1j),(1-1j),(-1+1j),(1+1j),(1+1j),(1+1j),(1+1j),(1+1j),(1+1j),(-1-1j),(1+1j),(1+1j),(-1-1j),(1-1j),(1-1j),(1-1j),(-1+1j),(-1-1j),(1-1j),(-1+1j),(-1+1j),(1+1j),(-1+1j),(1+1j),(-1-1j),(-1+1j),(1+1j),(1+1j),(1+1j),(-1-1j),(-1+1j),(1+1j),(-1-1j),(1+1j),(1-1j),(1-1j),(-1-1j),(1-1j),(1+1j),(-1+1j),(1+1j),(-1+1j),(1+1j),(-1-1j),(1+1j),(1-1j),(1+1j),(-1-1j),(-1+1j),(-1-1j),(-1-1j),(1+1j),(1+1j),(1+1j),(-1+1j),(1+1j),(1+1j),(1+1j),(1+1j),(1-1j),(1+1j),(1-1j),(1+1j),(1-1j),(1-1j),(1+1j),(-1+1j),(1+1j),(1+1j),(-1-1j),(-1-1j),(1-1j),(1+1j),(1-1j),(-1-1j),(1-1j),(1+1j),(-1+1j),(1+1j),(1+1j),(1+1j),(1-1j),(1-1j),(1-1j),(1+1j),(-1+1j),(1+1j),(1-1j),(1+1j),(1+1j),(-1-1j),(1-1j),(1-1j),(1-1j),(1-1j),(1-1j),(1-1j),(-1+1j),(-1+1j),(1+1j),(1-1j),(1+1j),(1+1j),(1-1j),(-1-1j),(1+1j),(1-1j),(1+1j),(1-1j),(1-1j),(1+1j),(-1+1j),(1+1j),(1+1j),(1+1j),(1+1j),(-1-1j),(1-1j),(-1+1j),(1-1j),(-1+1j),(1-1j),(-1+1j),(-1+1j),(1+1j),(-1-1j),(1+1j),(1+1j),(1-1j),(1-1j),(1-1j),(1-1j),(1-1j),(-1-1j),(-1+1j),(1+1j),(-1-1j),(-1-1j),(1+1j),(1+1j),(1+1j),(-1-1j),(1+1j),(1+1j),(1-1j),(1+1j),(1-1j),(1-1j),(-1-1j),(1-1j),(1+1j),(-1-1j),(-1+1j),(1+1j),(1+1j),(-1+1j),(1-1j),(1+1j),(1-1j),(-1+1j),(1+1j),(1+1j),(-1-1j),(-1+1j),(1-1j),(1-1j),(-1+1j),(1+1j),(-1-1j),(-1-1j),(1-1j),(-1+1j),(-1-1j),(1-1j),(-1+1j),(1+1j),(1-1j),(1+1j),(-1+1j),(1-1j),(1-1j),(-1+1j),(1+1j),(-1-1j),(-1+1j),(1-1j),(1-1j),(-1+1j),(-1-1j),(1-1j),(-1+1j),(1+1j),(1-1j),(1+1j),(-1+1j),(1-1j),(1-1j),(-1+1j),(1+1j),(-1-1j),(-1+1j),(1-1j),(1-1j),(-1+1j),(-1-1j),(1-1j),(-1+1j),(1+1j),(1-1j),(-1+1j),(-1+1j),(1-1j),(1+1j),(-1+1j),(-1-1j),(1-1j),(1+1j),(1-1j),(1+1j),(1-1j),(1-1j),(1+1j),(1+1j),(1+1j),(-1-1j),(1+1j),(-1-1j),(-1+1j),(1+1j),(-1-1j),(1+1j),(1+1j),(1-1j),(1+1j),(1+1j),(-1-1j),(1+1j),(1+1j),(1+1j),(-1-1j),(-1-1j),(1-1j),(-1-1j),(-1+1j),(1+1j),(1+1j),(1+1j),(1-1j),(1-1j),(1-1j),(-1+1j),(1+1j),(1+1j),(-1-1j),(-1-1j),(1+1j),(-1-1j),(1+1j),(1+1j),(-1-1j),(-1-1j),(1-1j),(1+1j),(1+1j),(1+1j),(1+1j),(-1-1j),(1-1j),(1+1j),(1+1j),(1-1j),(1+1j),(1+1j),(1+1j),(1-1j),(1+1j),(1-1j),(1+1j),(1+1j),(-1-1j),(1-1j),(1-1j),(1-1j),(-1+1j),(1-1j),(1-1j),(1+1j),(-1+1j),(-1+1j),(-1-1j),(-1-1j),(-1+1j),(1-1j),(1-1j),(1+1j),(1+1j),(-1-1j),(1+1j),(1-1j),(-1-1j),(1+1j),(-1+1j),(1-1j),(1-1j),(-1+1j),(-1-1j),(1+1j),(-1-1j),(-1+1j),(1-1j),(1-1j),(-1+1j),(-1-1j),(1-1j),(-1+1j),(1+1j),(-1+1j),(1-1j),(-1+1j),(-1-1j),(-1+1j),(-1+1j),(1+1j),(1-1j),(1-1j),(1-1j),(1-1j),(-1+1j),(-1+1j),(-1-1j),(-1+1j),(-1+1j),(-1+1j),(-1-1j),(-1+1j),(-1+1j),(1+1j),(1-1j),(1-1j),(1-1j),(1+1j),(-1+1j),(-1+1j),(-1+1j),(1+1j),(1+1j),(1+1j),(1-1j),(-1+1j),(1-1j),(-1-1j),(-1-1j),(-1-1j),(1-1j),(-1+1j),(1+1j),(1-1j),(1+1j),(1+1j),(1+1j),(1-1j),(-1+1j),(1-1j),(1+1j),(1-1j),(1-1j),(1-1j),(-1+1j),(-1+1j),(-1-1j),(1+1j),(1-1j),(-1-1j),(-1+1j),(1-1j),(1-1j),(-1+1j),(-1-1j),(-1-1j),(-1-1j),(-1+1j),(1-1j),(1+1j),(-1-1j),(-1-1j),(-1+1j),(1-1j),(1-1j),(-1-1j),(-1-1j),(1+1j),(1+1j),(1-1j),(1+1j),(1-1j),(-1+1j),(1-1j),(1+1j),(1-1j),(-1+1j),(1+1j),(1+1j),(1+1j),(1-1j),(-1+1j),(1-1j),(-1-1j),(1+1j),(1-1j),(-1-1j),(1+1j),(1-1j),(-1-1j),(1+1j),(1-1j),(1+1j),(1+1j),(-1-1j),(-1+1j),(1-1j),(-1-1j),(1+1j),(1+1j),(-1-1j),(1-1j),(1-1j),(1-1j),(-1-1j),(-1-1j),(1-1j),(-1+1j),(1-1j),(1+1j),(1-1j),(1-1j),(-1+1j),(1+1j),(-1+1j),(1+1j),(1+1j),(1-1j),(1-1j),(1-1j),(1-1j),(1-1j),(-1+1j),(-1+1j),(1+1j),(1-1j),(-1-1j),(-1+1j),(-1-1j),(1-1j),(1+1j),(-1+1j),(1+1j),(-1-1j),(-1+1j),(-1+1j),(1+1j),(-1-1j),(-1+1j),(-1+1j),(1-1j),(1-1j),(-1+1j),(1+1j),(-1-1j),(1+1j),(1+1j),(1+1j),(1+1j),(-1-1j),(-1+1j),(-1-1j),(-1-1j),(1-1j),(1+1j),(-1-1j),(-1+1j),(1-1j),(-1-1j),(1-1j),(-1-1j),(-1+1j),(-1+1j),(-1+1j),(-1+1j),(-1-1j),(1+1j),(-1-1j),(1+1j),(1+1j),(-1-1j),(-1+1j),(1-1j),(1+1j),(-1+1j),(-1+1j),(1+1j),(-1-1j),(-1-1j),(-1-1j),(-1+1j),(1+1j),(-1+1j),(1+1j),(-1-1j),(1+1j),(1+1j),(-1-1j),(1-1j),(-1+1j),(-1-1j),(-1-1j),(-1+1j),(1+1j),(1-1j),(-1-1j),(-1-1j),(-1+1j),(-1+1j),(1+1j),(-1+1j),(-1+1j),(1+1j),(1+1j),(1-1j),(1+1j),(1+1j),(-1+1j),(1-1j),(1-1j),(-1+1j),(-1-1j),(1-1j),(-1+1j),(1+1j),(1+1j),(-1-1j),(1+1j),(-1-1j),(-1+1j),(1+1j),(1-1j),(-1+1j),(1+1j),(1+1j),(-1+1j),(-1+1j),(1-1j),(-1+1j),(-1-1j),(-1+1j),(-1+1j),(1-1j),(1-1j),(-1+1j),(1+1j),(1+1j),(1-1j),(1+1j),(1-1j),(1+1j),(1-1j),(1-1j),(-1+1j),(1-1j),(1+1j),(1+1j),(1-1j),(-1-1j),(1-1j),(-1-1j),(-1+1j),(1-1j),(-1-1j),(-1-1j),(-1-1j),(-1+1j),(1+1j),(-1-1j),(-1-1j),(1-1j),(1-1j),(1-1j),(1-1j),(-1+1j),(1+1j),(-1-1j),(-1+1j),(1-1j),(-1-1j),(1+1j),(1+1j),(-1-1j),(-1-1j),(1-1j),(-1-1j),(1-1j),(1+1j),(1+1j),(1+1j),(1-1j),(1-1j),(1-1j),(1-1j),(1-1j),(-1+1j),(1+1j),(-1-1j),(1+1j),(-1-1j),(-1+1j),(1-1j),(-1-1j),(-1-1j),(-1+1j),(1-1j),(-1+1j),(-1+1j),(-1-1j),(1+1j),(1-1j),(1+1j),(-1-1j),(1+1j),(1+1j),(1-1j),(-1-1j),(1+1j),(1+1j),(1+1j),(-1+1j),(1+1j),(-1+1j),(1+1j),(1-1j),(-1+1j),(-1+1j),(1-1j),(1-1j),(-1+1j),(1+1j),(-1-1j),(-1+1j),(-1+1j),(-1-1j),(-1+1j),(1-1j),(-1-1j),(-1+1j),(1+1j),(-1+1j),(-1-1j),(-1+1j),(1+1j),(1-1j),(-1+1j),(-1-1j),(-1-1j),(-1+1j),(1-1j),(-1-1j),(-1+1j),(-1+1j),(-1-1j),(1+1j),(1+1j),(-1-1j),(-1+1j),(1-1j),(1-1j),(1+1j),(-1-1j),(-1-1j),(-1+1j),(1+1j),(1-1j),(1-1j),(1-1j),(-1+1j),(1-1j),(-1+1j),(1-1j),(1-1j),(-1-1j),(1+1j),(1+1j),(-1-1j),(1-1j),(1-1j),(-1+1j),(-1+1j),(1-1j),(1-1j),(-1+1j),(1+1j),(1+1j),(-1-1j),(-1-1j),(1+1j),(1-1j),(-1-1j),(1-1j),(1-1j),(1-1j),(-1-1j),(-1+1j),(1+1j),(1+1j),(1+1j),(1-1j),(1-1j),(1-1j),(-1-1j),(1+1j),(1+1j),(1-1j),(1-1j),(-1+1j),(1-1j),(1-1j),(1-1j),(1-1j),(-1+1j),(-1+1j),(1+1j),(1-1j),(-1+1j),(1-1j),(-1+1j),(1+1j),(-1-1j),(1-1j),(1-1j),(1-1j),(1-1j),(1+1j),(1+1j),(-1-1j),(1+1j),(-1+1j),(1-1j),(1-1j),(-1-1j),(-1+1j),(1-1j),(1-1j),(-1+1j),(1+1j),(1+1j),(-1-1j),(-1-1j),(1+1j),(-1-1j),(1-1j),(1-1j),(1-1j),(1-1j),(1-1j),(1-1j),(1-1j),(1-1j),(-1+1j),(1-1j),(1-1j),(-1-1j),(-1+1j),(1-1j),(-1+1j),(1+1j),(-1-1j),(1+1j),(1-1j),(1-1j),(1-1j),(1-1j),(1-1j),(-1+1j),(1-1j),(-1-1j),(1+1j),(1-1j),(1-1j),(-1-1j),(1-1j),(1-1j),(1-1j),(-1-1j),(1+1j),(-1-1j),(-1+1j),(1+1j),(1+1j),(-1+1j),(1-1j),(-1+1j),(1+1j),(1-1j),(1-1j),(-1+1j),(1-1j),(1-1j),(1-1j),(1+1j),(1+1j),(1+1j),(-1+1j),(1-1j),(-1-1j),(1-1j),(-1+1j),(1+1j),(1-1j),(1-1j),(-1+1j),(1-1j),(-1+1j),(-1-1j),(-1-1j),(-1+1j),(1-1j),(1-1j),(-1-1j),(-1-1j),(1+1j),(-1+1j),(-1+1j),(1-1j),(-1+1j),(1+1j),(-1-1j),(-1+1j),(-1+1j),(1+1j),(1+1j),(-1-1j),(-1-1j),(1+1j),(-1-1j),(-1+1j),(-1+1j),(1-1j),(1-1j),(-1+1j),(-1+1j),(1+1j),(1-1j),(1+1j),(-1-1j),(1+1j),(-1+1j),(1-1j),(-1-1j),(1+1j),(1+1j),(1-1j),(1+1j),(1+1j),(-1+1j),(1+1j),(1+1j),(1+1j),(-1-1j),(1-1j),(-1+1j),(1-1j),(1-1j),(1-1j),(-1+1j),(1-1j),(1-1j),(1-1j),(1-1j),(-1+1j),(1-1j),(1+1j),(1+1j),(1-1j),(-1-1j),(-1+1j),(1+1j),(-1+1j),(-1+1j),(1-1j),(1-1j),(-1+1j),(-1-1j),(1-1j),(-1-1j),(1-1j),(1-1j),(-1+1j),(1-1j),(1-1j),(1-1j),(1+1j),(-1-1j),(-1+1j),(-1+1j),(1+1j),(1-1j),(-1-1j),(1+1j),(1-1j),(1-1j),(1-1j),(-1+1j),(1+1j),(1+1j),(-1-1j),(-1-1j),(1-1j),(-1+1j),(-1+1j),(1-1j),(-1-1j),(-1-1j),(1+1j),(1-1j),(-1-1j),(-1-1j),(1-1j),(-1-1j),(1+1j),(1+1j),(-1-1j),(1-1j),(-1+1j),(-1+1j),(1-1j),(1-1j),(-1+1j),(1-1j),(1-1j),(1-1j),(1-1j),(1-1j),(-1+1j),(1+1j),(-1-1j),(1+1j),(1+1j),(-1+1j),(1+1j),(-1-1j),(-1+1j),(1-1j),(1-1j),(-1+1j),(-1-1j),(1-1j),(1+1j),(1+1j),(1-1j),(1-1j),(1-1j),(1-1j),(-1+1j),(1-1j),(1+1j),(1-1j),(1-1j),(1-1j),(1-1j),(1-1j),(1-1j),(-1+1j),(1-1j),(1-1j),(-1+1j),(-1+1j),(1+1j),(1+1j),(1+1j),(1-1j),(-1+1j),(1-1j),(1-1j),(1-1j),(-1-1j),(1+1j),(1-1j),(-1-1j),(1+1j),(1-1j),(1+1j),(-1-1j),(1-1j),(1-1j),(1-1j),(1-1j),(-1-1j),(1-1j),(1-1j),(-1+1j),(1-1j),(1-1j),(-1+1j),(1-1j),(-1+1j),(-1+1j),(1-1j),(-1+1j),(1-1j),(1-1j),(-1+1j),(-1-1j),(1+1j),(-1-1j),(1+1j),(1-1j),(-1+1j),(1-1j),(1-1j),(-1-1j),(1-1j),(1-1j),(-1-1j),(-1+1j),(1+1j),(1-1j),(1-1j),(1-1j),(1-1j),(1-1j),(1+1j),(-1-1j),(1+1j),(1+1j),(-1+1j),(-1+1j),(1-1j),(1-1j),(1+1j),(-1+1j),(1-1j),(1-1j),(1+1j),(1+1j),(1-1j),(1+1j),(-1-1j),(1-1j),(1+1j),(1-1j),(1+1j),(-1+1j),(1-1j),(-1+1j),(1-1j),(-1-1j),(-1+1j),(-1+1j),(1+1j),(1+1j),(1+1j),(1+1j),(-1+1j),(1+1j),(1+1j),(1-1j),(-1+1j),(1-1j),(1-1j),(-1+1j),(-1-1j),(1-1j),(-1+1j),(1+1j),(-1-1j),(1+1j),(1+1j),(1+1j),(1+1j),(-1+1j),(1+1j),(1+1j),(-1+1j),(-1+1j),(1-1j),(1+1j),(1+1j),(1+1j),(1+1j),(-1-1j),(1+1j),(1-1j),(1+1j),(1+1j),(1+1j),(1+1j),(1+1j),(1+1j),(1+1j),(1-1j),(1+1j),(1-1j),(1+1j),(1-1j),(1+1j),(1+1j),(1-1j),(1+1j),(1+1j),(1-1j),(1+1j),(1+1j),(1-1j),(1+1j),(1+1j),(1-1j),(1+1j),(1+1j),(1-1j),(1+1j),(1+1j),(1+1j),(1+1j),(1-1j),(1-1j),(1-1j),(-1-1j),(1-1j),(1-1j),(1+1j),(-1+1j),(-1+1j),(1-1j),(1-1j),(1+1j),(1+1j),(1+1j),(1+1j),(1-1j),(1-1j),(1+1j),(-1-1j),(-1+1j),(1+1j),(1-1j),(1+1j),(-1-1j),(1+1j),(-1-1j),(-1+1j),(1+1j),(-1-1j),(-1-1j),(-1+1j),(1-1j),(1-1j),(-1+1j),(-1+1j),(-1-1j),(-1-1j),(-1+1j),(-1-1j),(1+1j),(1-1j),(1+1j),(1-1j),(-1-1j),(-1-1j),(1-1j),(-1-1j),(1-1j),(-1+1j),(-1-1j),(-1+1j),(1-1j),(-1-1j),(-1-1j),(1-1j),(1+1j),(-1+1j),(-1+1j),(1-1j),(-1-1j),(-1+1j),(1+1j),(-1-1j),(1+1j),(-1-1j),(-1-1j),(1-1j),(-1+1j),(-1+1j),(-1-1j),(-1+1j),(1-1j),(1-1j),(-1+1j),(1-1j),(1+1j),(-1-1j),(-1+1j),(1-1j),(1-1j),(-1+1j),(1+1j),(-1-1j),(-1+1j),(1+1j),(-1-1j),(-1-1j),(-1+1j),(-1+1j),(1+1j),(1+1j),(-1+1j),(-1-1j),(-1+1j),(1-1j),(1-1j),(1-1j),(1-1j),(-1-1j),(-1-1j),(1+1j),(-1-1j),(1+1j),(-1-1j),(-1-1j),(-1-1j),(1-1j),(1-1j),(-1+1j),(1-1j),(1+1j),(1+1j),(-1+1j),(1+1j),(1+1j),(-1+1j),(1-1j),(1-1j),(1-1j),(-1-1j),(-1-1j),(-1+1j),(-1+1j),(1-1j),(-1+1j),(-1-1j),(-1-1j),(1-1j),(-1-1j),(-1+1j),(-1-1j),(-1-1j),(1-1j),(1-1j),(-1+1j),(-1+1j),(-1-1j),(1+1j),(1+1j),(-1-1j),(-1-1j),(-1+1j),(1+1j),(1-1j),(-1+1j),(1-1j),(1-1j),(1+1j),(-1-1j),(-1+1j),(1-1j),(1-1j),(-1+1j),(-1+1j),(-1+1j),(1-1j),(1-1j),(-1+1j),(-1-1j),(1-1j),(1-1j),(-1-1j),(1+1j),(-1+1j),(-1+1j),(-1+1j),(-1+1j),(1+1j),(-1+1j),(-1+1j),(1+1j),(1+1j),(1+1j),(1-1j),(1+1j),(-1-1j),(-1+1j),(-1-1j),(1-1j),(1+1j),(-1-1j),(-1+1j),(-1+1j),(-1+1j),(-1+1j),(1-1j),(-1-1j),(-1-1j),(-1+1j),(1-1j),(1-1j),(1+1j),(1-1j),(1+1j),(-1+1j),(-1+1j),(-1+1j),(-1-1j),(-1+1j),(1+1j),(1+1j),(-1-1j),(1+1j),(1-1j),(1+1j),(1-1j),(-1-1j),(-1-1j),(-1+1j),(1+1j),(1-1j),(1+1j),(1-1j),(1-1j),(1-1j),(1-1j),(1-1j),(1-1j),(1-1j),(1+1j),(1+1j),(-1+1j),(1-1j),(-1+1j),(1-1j),(1-1j),(-1+1j),(1-1j),(1-1j),(1-1j),(1-1j),(1-1j),(1-1j),(-1-1j),(-1-1j),(-1+1j),(-1-1j),(-1+1j),(1+1j),(1-1j),(-1-1j),(1-1j),(1-1j),(1+1j),(-1-1j),(-1+1j),(1-1j),(-1+1j),(1-1j),(1-1j),(-1-1j),(1-1j),(-1+1j),(-1+1j),(1+1j),(1+1j),(-1-1j),(-1+1j),(1+1j),(1+1j),(1+1j),(1-1j),(-1+1j),(1-1j),(1-1j),(-1-1j),(1+1j),(1+1j),(1+1j),(-1-1j),(1-1j),(1-1j),(1+1j),(1+1j),(1+1j),(1+1j),(1-1j),(1-1j),(1-1j),(1-1j),(-1+1j),(1-1j),(1-1j),(-1+1j),(1-1j),(1-1j),(-1+1j),(1-1j),(1+1j),(1+1j),(1+1j),(1+1j),(1-1j),(-1-1j),(1-1j),(-1+1j),(1+1j),(1-1j),(-1+1j),(-1-1j),(1+1j),(1-1j),(-1+1j),(1-1j),(-1-1j),(-1+1j),(1-1j),(-1+1j),(1-1j),(1-1j),(1-1j),(1-1j),(-1+1j),(-1+1j),(1-1j),(1-1j),(1-1j),(1-1j),(1-1j),(-1+1j),(1+1j),(-1-1j),(1-1j),(1-1j),(-1-1j),(-1+1j),(-1+1j),(-1-1j),(1-1j),(-1-1j),(1-1j),(1-1j),(1-1j),(1+1j),(1-1j),(-1+1j),(-1-1j),(-1+1j),(1+1j),(-1-1j),(-1+1j),(-1+1j),(1+1j),(-1+1j),(1+1j),(1+1j),(-1+1j),(1+1j),(1+1j),(-1+1j),(1-1j),(1-1j),(-1+1j),(1-1j),(1-1j),(-1+1j),(1-1j),(1-1j),(-1+1j),(1+1j),(-1-1j),(-1+1j),(-1+1j),(1+1j),(1-1j),(1-1j),(1-1j),(1-1j),(-1+1j),(1+1j),(-1-1j),(-1-1j),(1+1j),(-1-1j),(1+1j),(1+1j),(1-1j),(1+1j),(1-1j),(1-1j),(-1-1j),(1-1j),(-1+1j),(1+1j),(1+1j),(1-1j),(1+1j),(1+1j),(-1+1j),(1-1j),(1-1j),(-1+1j),(1+1j),(1+1j),(-1-1j),(1+1j),(-1-1j),(1-1j),(-1-1j),(-1-1j),(1-1j),(1-1j),(1-1j),(-1+1j),(1-1j),(1+1j),(-1-1j),(1+1j),(1-1j),(1-1j),(-1+1j),(-1-1j),(1+1j),(1+1j),(-1+1j),(-1+1j),(1-1j),(1-1j),(-1+1j),(-1+1j),(-1-1j),(1-1j),(-1-1j),(-1-1j),(1-1j),(-1+1j),(-1+1j),(-1+1j),(-1-1j),(-1-1j),(-1+1j),(1-1j),(1-1j),(-1+1j),(-1-1j),(-1-1j),(-1+1j),(-1+1j),(-1+1j),(1+1j),(-1-1j),(-1+1j),(1+1j),(-1-1j),(-1+1j),(1-1j),(1-1j),(-1+1j),(-1-1j),(-1-1j),(-1+1j),(1-1j),(1-1j),(-1+1j),(-1-1j),(-1+1j),(-1+1j),(-1-1j),(-1-1j),(1-1j),(1-1j),(1-1j),(-1+1j),(1+1j),(-1-1j),(-1+1j),(1-1j),(1-1j),(-1+1j),(-1-1j),(-1-1j),(1-1j),(-1-1j),(-1-1j),(1-1j),(1-1j),(1-1j),(-1+1j),(-1+1j),(1+1j),(-1+1j),(1-1j),(-1+1j),(1-1j),(-1-1j),(-1-1j),(1-1j),(1+1j),(-1-1j),(-1+1j),(1-1j),(1-1j),(-1+1j),(-1-1j),(-1-1j),(-1+1j),(1-1j),(-1-1j),(1-1j),(-1-1j),(-1-1j),(-1+1j),(-1-1j),(-1+1j),(-1+1j),(1-1j),(1-1j),(-1+1j),(-1-1j),(-1-1j),(1+1j),(1-1j),(1-1j),(-1+1j),(1+1j),(-1-1j),(-1+1j),(-1-1j),(-1-1j),(1-1j),(-1+1j),(1-1j),(-1+1j),(-1-1j),(-1-1j),(-1+1j),(1+1j),(1+1j),(1+1j),(1+1j),(1+1j),(-1+1j),(1+1j),(1+1j),(1-1j),(1-1j),(1-1j),(1-1j),(1-1j),(-1-1j),(-1-1j),(-1+1j),(1+1j),(-1+1j),(1-1j),(1+1j),(1-1j),(-1+1j),(-1-1j),(-1+1j),(-1+1j),(-1-1j),(-1-1j),(1-1j),(-1-1j),(-1-1j),(-1+1j),(-1-1j),(-1-1j),(-1+1j),(-1-1j),(1-1j),(-1+1j),(1-1j),(-1-1j),(1+1j),(1-1j),(-1-1j),(1+1j),(1+1j),(1-1j),(-1+1j),(1+1j),(-1+1j),(1+1j),(1-1j),(-1+1j),(1-1j),(-1-1j),(-1+1j),(1-1j),(1+1j),(1-1j),(1-1j),(1-1j),(-1-1j),(1+1j),(1+1j),(1-1j),(1+1j),(1+1j),(1-1j),(1-1j),(-1+1j),(1-1j),(1-1j),(-1+1j),(-1-1j),(1-1j),(1-1j),(1-1j),(1-1j),(1-1j),(1-1j),(-1+1j),(-1-1j),(-1-1j),(-1+1j),(1+1j),(-1-1j),(1-1j),(-1-1j),(-1+1j),(1+1j),(-1-1j),(-1-1j),(1+1j),(-1+1j),(1-1j),(1-1j),(1-1j),(-1+1j),(1-1j),(-1-1j),(-1+1j),(1-1j),(1+1j),(-1+1j),(-1+1j),(-1-1j),(1+1j),(1+1j),(-1-1j),(-1+1j),(1-1j),(1-1j),(-1+1j),(1-1j),(1-1j),(1-1j),(-1-1j),(1-1j),(-1+1j),(-1+1j),(1-1j),(1-1j),(-1+1j),(1-1j),(-1-1j),(1+1j),(1+1j),(1+1j),(1+1j),(1+1j),(1+1j),(-1+1j),(1-1j),(1-1j),(-1+1j),(-1-1j),(1-1j),(-1+1j),(1+1j),(-1-1j),(1-1j),(1-1j),(-1+1j),(1-1j),(-1-1j),(-1-1j),(-1+1j),(1+1j),(-1+1j),(-1+1j),(1+1j),(-1-1j),(-1+1j),(-1-1j),(-1-1j),(1+1j),(-1+1j),(1-1j),(1-1j),(1+1j),(-1-1j),(-1+1j),(1-1j),(1-1j),(-1-1j),(1+1j),(-1+1j),(1+1j),(-1-1j),(-1-1j),(-1+1j),(1+1j),(1+1j),(-1-1j),(-1-1j),(-1-1j),(1-1j),(1-1j),(-1+1j),(1+1j),(-1-1j),(1-1j),(-1+1j),(1+1j),(1-1j),(1-1j),(1+1j),(-1+1j),(-1+1j),(1-1j),(1-1j),(-1+1j),(1+1j),(-1-1j),(1+1j),(1+1j),(1-1j),(-1+1j),(1-1j),(-1+1j),(1-1j),(1-1j),(-1+1j),(1-1j),(1+1j),(-1+1j),(1+1j),(1-1j),(-1+1j),(-1-1j),(-1-1j),(-1+1j),(1+1j),(-1-1j),(-1+1j),(1+1j),(-1-1j),(1+1j),(1+1j),(-1-1j),(-1-1j),(1-1j),(-1-1j),(1-1j),(-1+1j),(-1-1j),(-1+1j),(1+1j),(-1-1j),(-1-1j),(1+1j),(-1-1j),(1-1j),(-1-1j),(1-1j),(-1+1j),(1-1j),(1-1j),(-1+1j),(1-1j),(1-1j),(-1+1j),(1-1j),(-1+1j),(-1-1j),(1+1j),(1+1j),(-1+1j),(-1+1j),(1+1j),(1+1j),(-1+1j),(-1-1j),(1-1j),(1-1j),(1-1j),(1-1j),(1-1j),(-1-1j),(-1-1j),(1-1j),(1-1j),(-1+1j),(1-1j),(-1-1j),(-1-1j),(1+1j),(-1-1j),(1+1j),(1-1j),(-1-1j),(-1+1j),(1+1j),(-1-1j),(1-1j),(1-1j),(1-1j),(1-1j),(-1+1j),(-1+1j),(1-1j),(1-1j),(1-1j),(1-1j),(1-1j),(-1+1j),(1-1j),(1-1j),(-1-1j),(-1+1j),(1+1j),(-1-1j),(-1+1j),(1+1j),(-1-1j),(-1+1j),(-1+1j),(1+1j),(-1+1j),(-1+1j),(1-1j),(1-1j),(-1+1j),(-1-1j),(-1-1j),(-1+1j),(1-1j),(-1+1j),(1+1j),(-1-1j),(-1-1j),(-1-1j),(-1+1j),(1-1j),(-1+1j),(1+1j),(-1-1j),(-1+1j),(1-1j),(1-1j),(1-1j),(1-1j),(-1+1j),(1+1j),(-1-1j),(-1-1j),(-1-1j),(-1+1j),(1-1j),(-1+1j),(1+1j),(-1-1j),(-1+1j),(1-1j),(1-1j),(1-1j),(1-1j),(-1+1j),(1+1j),(-1-1j),(1+1j),(1+1j),(1+1j),(1-1j),(-1+1j),(1-1j),(-1+1j),(-1+1j),(1-1j),(1-1j),(1-1j),(1-1j),(1-1j),(1-1j),(1-1j),(-1-1j),(-1-1j),(1-1j),(-1+1j),(1+1j),(-1+1j),(1-1j),(1-1j),(1-1j),(-1-1j),(-1-1j),(1-1j),(-1-1j),(-1+1j),(1-1j),(1-1j),(1-1j),(-1+1j),(1-1j),(1-1j),(-1+1j),(1+1j),(1-1j),(-1+1j),(1+1j),(1+1j),(-1+1j),(-1-1j),(-1-1j),(-1+1j),(-1-1j),(-1+1j),(1-1j),(-1-1j),(-1-1j),(-1+1j),(1+1j),(1+1j),(1-1j),(1-1j),(-1+1j),(1-1j),(1-1j),(1-1j),(1-1j),(1-1j),(-1+1j),(1-1j),(-1+1j),(1-1j),(1-1j),(-1+1j),(-1-1j),(-1-1j),(-1-1j),(-1+1j),(-1+1j),(1-1j),(-1+1j),(-1+1j),(1+1j),(-1-1j),(-1+1j),(1+1j),(1-1j),(-1+1j),(1-1j),(-1+1j),(-1+1j),(-1-1j),(-1+1j),(-1+1j),(-1+1j),(1+1j),(1+1j),(1-1j),(-1+1j),(-1-1j),(-1+1j),(-1+1j),(-1+1j),(1+1j),(1-1j),(1+1j),(1+1j),(1-1j),(-1+1j),(1+1j),(-1-1j),(-1-1j),(1+1j),(1-1j),(1+1j),(1-1j),(1-1j),(-1+1j),(1+1j),(1+1j),(1+1j),(-1-1j),(-1+1j),(-1+1j),(1-1j),(1+1j),(1-1j),(1+1j),(-1-1j),(-1+1j),(1+1j),(1-1j),(-1+1j),(1+1j),(1+1j),(-1-1j),(-1+1j),(1+1j),(-1+1j),(1-1j),(-1+1j),(1-1j),(-1-1j),(1-1j),(1-1j),(1-1j),(1+1j),(-1-1j),(-1+1j),(-1+1j),(1-1j),(1-1j),(-1+1j),(-1-1j),(1-1j),(1-1j),(1-1j),(-1+1j),(-1-1j),(-1-1j),(-1+1j),(-1+1j),(-1-1j),(-1-1j),(-1-1j),(1-1j),(-1-1j),(-1+1j),(-1+1j),(-1-1j),(1+1j),(1+1j),(-1-1j),(-1-1j),(-1+1j),(1-1j),(-1-1j),(-1+1j),(1-1j),(-1-1j),(1-1j),(-1+1j),(1+1j),(1-1j),(-1+1j),(1+1j),(1+1j),(1-1j),(1-1j),(-1-1j),(-1-1j),(1-1j),(-1+1j),(-1+1j),(1-1j),(-1+1j),(1-1j),(1-1j),(1-1j),(1-1j),(1-1j),(1+1j),(-1-1j),(1+1j),(-1-1j),(1-1j),(1+1j),(1+1j),(1-1j),(1-1j),(1-1j),(-1+1j),(-1+1j),(1+1j),(1+1j),(-1-1j),(1+1j),(1+1j),(1-1j),(1-1j),(1-1j),(-1+1j),(1+1j),(-1-1j),(1-1j),(1+1j),(-1+1j),(1-1j),(-1+1j),(1+1j),(1-1j),(1-1j),(1+1j),(1-1j),(1-1j),(1-1j),(-1+1j),(-1-1j),(1+1j),(1-1j),(1-1j),(-1-1j),(1-1j),(1-1j),(1-1j),(-1+1j),(-1-1j),(1+1j),(-1-1j),(-1+1j),(-1+1j),(1+1j),(1-1j),(1-1j),(-1+1j),(1-1j),(1-1j),(-1-1j),(-1-1j),(-1+1j),(1+1j),(-1-1j),(-1-1j),(-1-1j),(1-1j),(-1-1j),(-1+1j),(-1+1j),(1-1j),(1-1j),(1+1j),(1+1j),(1+1j),(1+1j),(1-1j),(1+1j),(1-1j),(1-1j),(1-1j),(-1+1j),(1-1j),(1-1j),(-1-1j),(1+1j),(1+1j),(1-1j),(1-1j),(1-1j),(1+1j),(1-1j),(1+1j),(-1-1j),(1-1j),(-1-1j),(1+1j),(1-1j),(1+1j),(-1-1j),(-1-1j),(-1-1j),(1-1j),(1+1j),(-1-1j),(-1-1j),(-1+1j),(-1-1j),(-1-1j),(1+1j),(-1+1j),(1+1j),(1+1j),(-1-1j),(-1+1j),(1-1j),(-1+1j),(-1+1j),(-1+1j),(-1+1j),(-1+1j),(1-1j),(-1+1j),(1-1j),(1-1j),(1-1j),(-1+1j),(1-1j),(1-1j),(-1+1j),(1-1j),(-1+1j),(1-1j),(-1+1j),(-1+1j),(1-1j),(1-1j),(1-1j),(1+1j),(1+1j),(-1-1j),(-1+1j),(1-1j),(1-1j),(-1+1j),(-1-1j),(-1-1j),(-1+1j),(1+1j),(1-1j),(1+1j),(-1-1j),(-1+1j),(1-1j),(-1+1j),(1+1j),(1-1j),(1-1j),(-1+1j),(-1+1j),(1-1j),(1-1j),(-1+1j),(1+1j),(1-1j),(1+1j),(-1-1j),(1-1j),(1-1j),(-1-1j),(-1-1j),(1+1j),(1+1j),(1+1j),(1-1j),(1+1j),(-1+1j),(1-1j),(1-1j),(1-1j),(-1-1j),(1+1j),(1+1j),(1+1j),(-1-1j),(-1+1j),(-1+1j),(1+1j),(-1-1j),(1+1j),(1+1j),(1+1j),(1-1j),(1-1j),(-1+1j),(-1+1j),(1-1j),(-1-1j),(-1+1j),(1+1j),(-1+1j),(-1+1j),(1+1j),(1+1j),(1+1j),(1-1j),(-1+1j),(-1+1j),(-1+1j),(1-1j),(1+1j),(-1-1j),(1-1j),(-1-1j),(-1+1j),(-1+1j),(1+1j),(1+1j),(1-1j),(-1-1j),(1-1j),(-1-1j),(-1+1j),(1-1j),(-1+1j),(1-1j),(-1-1j),(-1+1j),(1+1j),(1+1j),(1-1j),(1+1j),(1+1j),(1-1j),(1-1j),(-1+1j),(1-1j),(-1-1j),(1+1j),(1+1j),(1-1j),(1-1j),(-1+1j),(1+1j),(-1-1j),(-1+1j),(-1+1j),(1+1j),(1+1j),(-1+1j),(-1-1j),(-1+1j),(-1+1j),(-1-1j),(1-1j),(1-1j),(1-1j),(-1-1j),(-1-1j),(-1-1j),(1-1j),(1-1j),(-1-1j),(-1-1j),(1+1j),(-1+1j),(-1+1j),(1-1j),(1-1j),(-1+1j),(1-1j),(-1-1j),(-1-1j),(1-1j),(-1-1j),(1-1j),(-1+1j),(1+1j),(1-1j),(1+1j),(-1+1j),(1-1j),(1+1j),(-1+1j),(1+1j),(-1+1j),(1-1j),(-1-1j),(-1-1j),(-1-1j),(-1-1j),(1-1j),(-1+1j),(-1-1j),(-1-1j),(-1-1j),(1-1j),(1-1j),(1-1j),(-1+1j),(1-1j),(-1+1j),(-1+1j),(1+1j),(1+1j),(1+1j),(-1-1j),(1+1j),(1-1j),(1-1j),(1+1j),(-1-1j),(1-1j),(1-1j),(-1+1j),(1+1j),(1+1j),(-1-1j),(-1+1j),(-1-1j),(-1-1j),(1+1j),(-1+1j),(1-1j),(-1+1j),(1-1j),(-1-1j),(1-1j),(1+1j),(-1+1j),(1+1j),(1+1j),(-1-1j),(-1+1j),(1-1j),(1-1j),(-1+1j),(1-1j),(-1+1j),(-1+1j),(1-1j),(1-1j),(-1-1j),(1-1j),(-1+1j),(-1-1j),(1-1j),(-1+1j),(1+1j),(1-1j),(-1+1j),(1+1j),(1+1j),(-1+1j),(1-1j),(1-1j),(1-1j),(-1-1j),(1+1j),(-1+1j),(-1-1j),(1-1j),(1+1j),(-1-1j),(1+1j),(1+1j),(-1+1j),(-1+1j),(1+1j),(1-1j),(1-1j),(-1+1j),(1-1j),(-1-1j),(1+1j),(1-1j),(1-1j),(1-1j),(-1+1j),(-1+1j),(1+1j),(-1-1j),(-1+1j),(-1+1j),(1-1j),(-1-1j),(-1+1j),(-1+1j),(-1-1j),(-1-1j),(-1+1j),(-1+1j),(1+1j),(-1+1j),(1-1j),(1-1j),(-1-1j),(-1+1j),(1-1j),(1-1j),(-1+1j),(-1-1j),(-1-1j),(1-1j),(1+1j),(-1-1j),(-1+1j),(1-1j),(-1-1j),(1+1j),(1-1j),(-1+1j),(1+1j),(-1+1j),(1+1j),(-1-1j),(1+1j),(1+1j),(1+1j),(1+1j),(1-1j),(1-1j),(1-1j),(1-1j),(-1-1j),(1-1j),(1+1j),(-1-1j),(1-1j),(1-1j),(1-1j),(1-1j),(-1+1j),(-1+1j),(-1-1j),(1+1j),(1-1j),(1+1j),(-1-1j),(-1-1j),(-1+1j),(1+1j),(1+1j),(1+1j),(1+1j),(1-1j),(1-1j),(-1-1j),(1-1j),(1+1j),(1+1j),(-1+1j),(1+1j),(1+1j),(-1+1j),(-1+1j),(1+1j),(1+1j),(1+1j),(1+1j),(1-1j),(1-1j),(1-1j),(1-1j),(-1+1j),(1+1j),(1-1j),(-1-1j),(1-1j),(1+1j),(-1-1j),(-1+1j),(-1+1j),(-1+1j),(1+1j),(1-1j),(-1+1j),(-1+1j),(1-1j),(1-1j),(1-1j),(-1+1j),(1-1j),(-1-1j),(-1-1j),(-1+1j),(-1+1j),(1-1j),(1-1j),(-1+1j),(-1-1j),(1-1j),(1-1j),(1-1j),(-1-1j),(-1-1j),(1-1j),(1+1j),(-1-1j),(1-1j),(-1-1j),(1-1j),(1+1j),(-1-1j),(-1+1j),(1-1j),(-1+1j),(-1-1j),(1-1j),(-1-1j),(1-1j),(1+1j),(-1+1j),(1-1j),(-1+1j),(-1-1j),(-1-1j),(-1+1j),(1+1j),(-1-1j),(1+1j),(1+1j),(1+1j),(-1+1j),(-1+1j),(1-1j),(1-1j),(-1+1j),(-1-1j),(-1-1j),(1+1j),(1+1j),(1+1j),(1+1j),(1-1j),(-1-1j),(-1-1j),(-1+1j),(1-1j),(-1+1j),(-1+1j),(1+1j),(-1+1j),(-1+1j),(-1+1j),(-1+1j),(-1+1j),(1-1j),(-1-1j),(-1-1j),(-1+1j),(1-1j),(1-1j),(-1+1j),(-1-1j),(-1-1j),(1+1j),(-1-1j),(1+1j),(-1-1j),(-1+1j),(-1+1j),(-1+1j),(1+1j),(1+1j),(1+1j),(1-1j),(1+1j),(1-1j),(1+1j),(1+1j),(1+1j),(-1+1j),(1+1j),(-1+1j),(1-1j),(1+1j),(1+1j),(-1-1j),(-1+1j),(-1+1j),(1-1j),(1+1j),(1+1j),(-1+1j),(1+1j),(1+1j),(1-1j),(1+1j),(-1-1j),(-1+1j),(-1-1j),(1-1j),(1-1j),(1+1j),(-1-1j),(-1-1j),(1+1j),(-1-1j),(1-1j),(1-1j),(1+1j),(-1-1j),(1-1j),(1-1j),(-1-1j),(1+1j),(1-1j),(-1-1j),(1+1j),(1+1j),(1+1j),(1+1j),(1-1j),(1+1j),(-1-1j),(1+1j),(1-1j),(-1+1j),(-1+1j),(-1+1j),(1+1j),(1+1j),(1+1j),(-1+1j),(1-1j),(1-1j),(1-1j),(1-1j),(1-1j),(1-1j),(1+1j),(-1-1j),(-1+1j),(1+1j),(-1+1j),(1+1j),(1-1j),(-1+1j),(1+1j),(-1-1j),(-1+1j),(1+1j),(1+1j),(1-1j),(-1+1j),(1+1j),(1-1j),(-1+1j),(-1+1j),(1-1j),(1+1j),(1-1j),(1-1j),(-1+1j),(1+1j),(1+1j),(1+1j),(-1-1j),(-1-1j),(1+1j),(1+1j),(1+1j),(1-1j),(-1+1j),(1-1j),(-1+1j),(1+1j),(1+1j),(1+1j),(-1+1j),(1-1j),(1+1j),(-1-1j),(-1+1j),(1-1j),(1-1j),(1-1j),(-1-1j),(1+1j),(-1-1j),(-1-1j),(1+1j),(1+1j),(1+1j),(-1+1j),(1-1j),(-1+1j),(1-1j),(1-1j),(-1-1j),(1+1j),(1+1j),(1+1j),(1+1j),(1-1j),(-1+1j),(1+1j),(-1+1j),(1-1j),(1+1j),(1-1j),(1-1j),(1-1j),(-1+1j),(1+1j),(1-1j),(-1+1j),(1-1j),(1-1j),(1-1j),(-1+1j),(1-1j),(-1-1j),(1-1j),(-1-1j),(-1-1j),(-1+1j),(1-1j),(1-1j),(-1+1j),(-1-1j),(-1-1j),(-1-1j),(-1-1j),(1-1j),(1+1j),(1+1j),(1-1j),(1-1j),(1-1j),(-1+1j),(1-1j),(1-1j),(-1+1j),(1-1j),(-1+1j),(-1+1j),(1+1j),(-1+1j),(-1+1j),(1+1j),(1+1j),(1+1j),(-1-1j),(-1+1j),(-1-1j),(1+1j),(1+1j),(1-1j),(-1+1j),(1+1j),(1-1j),(1-1j),(1-1j),(1-1j),(1-1j),(1-1j),(-1+1j),(1-1j),(-1+1j),(1+1j),(1-1j),(-1+1j),(1-1j),(1-1j),(-1+1j),(-1-1j),(-1+1j),(1-1j),(1+1j),(1+1j),(1+1j),(-1-1j),(1-1j),(1+1j),(-1-1j),(-1+1j),(-1+1j),(-1+1j),(-1-1j),(1+1j),(-1+1j),(1-1j),(1-1j),(-1+1j),(1+1j),(-1+1j),(1+1j),(1+1j),(1-1j),(-1+1j),(1-1j),(1-1j),(1-1j),(-1-1j),(-1-1j),(-1-1j),(1+1j),(1+1j),(1+1j),(1-1j),(1-1j),(1+1j),(-1-1j),(-1+1j),(-1+1j),(1-1j),(1-1j),(-1+1j),(-1-1j),(1+1j),(-1-1j),(1+1j),(1-1j),(-1-1j),(-1-1j),(1-1j),(-1+1j),(-1-1j),(1+1j),(-1+1j),(1-1j),(1-1j),(1-1j),(1-1j),(-1+1j),(-1-1j),(1+1j),(1+1j),(-1-1j),(1-1j),(-1+1j),(-1+1j),(1+1j),(-1-1j),(1+1j),(1-1j),(-1-1j),(1+1j),(-1+1j),(1-1j),(1+1j),(-1-1j),(-1-1j),(-1+1j),(1-1j),(1-1j),(-1-1j),(-1+1j),(1-1j),(-1+1j),(-1-1j),(-1-1j),(1-1j),(1+1j),(-1+1j),(1-1j),(-1-1j),(-1+1j),(-1-1j),(1+1j),(1-1j),(1+1j),(1-1j),(1-1j),(-1-1j),(1-1j),(1+1j),(1+1j),(1-1j),(-1+1j),(1+1j),(-1+1j),(-1+1j),(-1-1j),(1-1j),(-1+1j),(1+1j),(-1-1j),(1+1j),(1+1j),(1-1j),(-1+1j),(1+1j),(-1-1j),(-1+1j),(-1+1j),(1-1j),(-1+1j),(-1+1j),(1-1j),(-1+1j),(1+1j),(1+1j),(1-1j),(1+1j),(1-1j),(-1+1j),(1-1j),(-1-1j),(-1+1j),(1-1j),(1-1j),(-1-1j),(1-1j),(1-1j),(-1+1j),(1-1j),(-1-1j),(-1+1j),(1-1j),(1-1j),(-1+1j),(1+1j),(-1-1j),(-1+1j),(1+1j),(-1-1j),(-1+1j),(-1-1j),(-1-1j),(-1-1j),(-1-1j),(-1-1j),(1-1j),(-1-1j),(1-1j),(-1+1j),(1-1j),(1-1j),(1-1j),(-1+1j),(-1-1j),(1+1j),(1-1j),(-1-1j),(1-1j),(-1+1j),(1+1j),(1-1j),(-1+1j),(1+1j),(1+1j),(1-1j),(-1+1j),(-1+1j),(1+1j),(-1-1j),(1+1j),(1-1j),(-1+1j),(-1-1j),(-1+1j),(1-1j),(1-1j),(-1+1j),(1+1j),(1-1j),(1-1j),(-1-1j),(-1+1j),(1-1j),(1-1j),(-1+1j),(1+1j),(-1-1j),(1+1j),(-1-1j),(1+1j),(1-1j),(1+1j),(-1-1j),(-1-1j),(1+1j),(1+1j),(-1+1j),(1+1j),(-1-1j),(1-1j),(1-1j),(1-1j),(-1+1j),(-1+1j),(-1-1j),(-1+1j),(1+1j),(-1+1j),(-1+1j),(1-1j),(1-1j),(-1+1j),(-1-1j),(-1-1j),(-1+1j),(1-1j),(1-1j),(-1+1j),(-1-1j),(1-1j),(-1+1j),(1-1j),(1+1j),(-1+1j),(-1+1j),(1-1j),(-1+1j),(-1-1j),(-1+1j),(-1-1j),(-1+1j),(1-1j),(-1+1j),(1+1j),(1+1j),(-1+1j),(1-1j),(-1+1j),(1-1j),(1+1j),(-1-1j),(-1+1j),(1+1j),(-1-1j),(1-1j),(1+1j),(-1-1j),(1+1j),(-1-1j),(-1+1j),(-1-1j),(-1+1j),(1+1j),(-1+1j),(1-1j),(-1+1j),(1-1j),(1+1j),(-1-1j),(-1+1j),(-1+1j),(1+1j),(1-1j),(1-1j),(1-1j),(1+1j),(1+1j),(1-1j),(1-1j),(1-1j),(-1-1j),(1+1j),(1+1j),(1-1j),(1-1j),(1-1j),(-1+1j),(1-1j),(1-1j),(-1-1j),(1+1j),(1+1j),(1+1j),(1+1j),(1-1j),(1-1j),(1-1j),(-1+1j),(1-1j),(1-1j),(-1-1j),(-1-1j),(1+1j),(1+1j),(1+1j),(1-1j),(1-1j),(1+1j),(1+1j),(1-1j),(1+1j),(1+1j),(-1+1j),(-1+1j),(1-1j),(1-1j),(1-1j),(1-1j),(-1+1j),(1-1j),(1-1j),(-1+1j),(1-1j),(-1-1j),(1+1j),(1+1j),(-1-1j),(-1+1j),(1-1j),(-1+1j),(1-1j),(1-1j),(-1+1j),(1-1j),(1-1j),(-1+1j),(1-1j),(-1-1j),(1+1j),(-1+1j),(-1-1j),(1+1j),(1+1j),(-1-1j),(-1+1j),(1+1j),(1+1j),(1+1j),(-1+1j),(1+1j),(-1+1j),(-1+1j),(1+1j),(1+1j),(1+1j),(-1+1j),(1-1j),(-1-1j),(-1-1j),(1+1j),(-1-1j),(-1+1j),(1-1j),(1-1j),(-1+1j),(-1-1j),(1-1j),(1-1j),(1-1j),(-1-1j),(1+1j),(1+1j),(1-1j),(-1-1j),(-1+1j),(-1-1j),(1+1j),(1+1j),(1+1j),(-1-1j),(1-1j),(-1+1j),(1+1j),(1+1j),(-1-1j),(-1+1j),(1-1j),(1-1j),(-1+1j),(-1-1j),(-1-1j),(-1+1j),(1-1j),(1+1j),(1-1j),(-1-1j),(-1-1j),(1-1j),(1-1j),(1+1j),(1+1j),(1+1j),(1+1j),(1+1j),(1-1j),(1-1j),(1-1j),(1-1j),(-1-1j),(-1-1j),(-1+1j),(1+1j),(-1-1j),(-1+1j),(1+1j),(1+1j),(1+1j),(1+1j),(-1+1j),(1+1j),(-1-1j),(1-1j),(-1-1j),(-1+1j),(1+1j),(1+1j),(1-1j),(1+1j),(-1-1j),(-1+1j),(1+1j),(1+1j),(1-1j),(-1-1j),(1+1j),(1+1j),(1-1j),(-1-1j),(1-1j),(1-1j),(-1-1j),(1-1j),(-1-1j),(-1-1j),(1-1j),(1+1j),(1+1j),(-1+1j),(1-1j),(1-1j),(-1+1j),(1+1j),(-1+1j),(1+1j),(-1+1j),(-1+1j),(1-1j),(1+1j),(-1+1j),(-1+1j),(-1+1j),(-1-1j),(1-1j),(-1+1j),(1-1j),(-1-1j),(1-1j),(1-1j),(1-1j),(1+1j),(1-1j),(1+1j),(1-1j),(1+1j),(-1-1j),(1-1j),(-1-1j),(-1+1j),(1-1j),(-1-1j),(-1+1j),(1+1j),(-1-1j),(-1-1j),(1-1j),(1+1j),(1+1j),(-1-1j),(1+1j),(1+1j),(-1-1j),(-1-1j),(1-1j),(-1-1j),(1+1j),(1+1j),(1-1j),(-1+1j),(-1-1j),(1-1j),(-1+1j),(1+1j),(1+1j),(1-1j),(1+1j),(1-1j),(1-1j),(1-1j),(1-1j),(1-1j),(1+1j),(-1+1j),(1+1j),(-1+1j),(-1+1j),(1+1j),(-1-1j),(-1-1j),(-1+1j),(1+1j),(1+1j),(1+1j),(-1+1j),(1+1j),(-1-1j),(1-1j),(1-1j),(-1-1j),(1-1j),(1-1j),(-1+1j),(-1-1j),(-1+1j),(1+1j),(-1+1j),(-1+1j),(-1+1j),(1+1j),(-1+1j),(1-1j),(-1-1j),(1+1j),(1+1j),(-1+1j),(-1-1j),(-1-1j),(1-1j),(-1-1j),(-1-1j),(-1-1j),(-1+1j),(-1+1j),(-1-1j),(-1+1j),(1+1j),(1+1j),(1+1j),(1+1j),(1+1j),(-1+1j),(-1+1j),(1+1j),(-1-1j),(1+1j),(1+1j),(1-1j),(1+1j),(-1-1j),(1-1j),(-1-1j),(1+1j),(1+1j),(-1+1j),(-1+1j),(1-1j),(-1-1j),(-1+1j),(1+1j),(1-1j),(-1-1j),(-1-1j),(1-1j),(-1-1j),(-1-1j),(-1-1j),(1+1j),(-1+1j),(-1+1j),(1-1j),(-1-1j),(1-1j),(1+1j),(-1+1j),(1+1j),(-1+1j),(-1-1j),(-1+1j),(1-1j),(-1+1j),(-1-1j),(1+1j),(1+1j),(1+1j),(-1-1j),(-1+1j),(1-1j),(1+1j),(1-1j),(1+1j),(-1-1j),(-1-1j),(1+1j),(1-1j),(1+1j),(1-1j),(1+1j),(-1-1j),(1+1j),(-1-1j),(-1-1j),(1-1j),(1+1j),(1-1j),(-1-1j),(1+1j),(-1-1j),(1+1j),(-1+1j),(-1-1j),(1+1j),(1+1j),(1+1j),(-1-1j),(1+1j),(-1-1j),(-1-1j),(-1-1j),(-1-1j),(-1+1j),(-1-1j),(1+1j),(1-1j),(1-1j),(1-1j),(1-1j),(1+1j),(1+1j),(1+1j),(-1-1j),(-1-1j),(-1-1j),(1-1j),(1+1j),(-1-1j),(-1-1j),(1-1j),(1+1j),(1-1j),(-1-1j),(1+1j),(-1-1j),(1+1j),(-1+1j),(1+1j),(1+1j),(1+1j),(-1+1j),(1+1j),(1-1j),(-1+1j),(1+1j),(1+1j),(1-1j),(-1-1j),(1-1j),(1+1j),(-1-1j),(-1-1j),(1+1j),(1-1j),(1+1j),(1-1j),(1+1j),(-1-1j),(1+1j),(-1-1j),(-1-1j),(1-1j),(-1-1j),(1-1j),(-1+1j),(1+1j),(1+1j),(-1-1j),(-1-1j),(-1-1j),(1-1j),(-1-1j),(-1+1j),(1+1j),(1-1j),(1+1j),(1-1j),(1-1j),(1+1j),(1-1j),(1+1j),(1+1j),(1-1j),(1+1j),(1+1j),(1-1j),(1-1j),(1+1j),(1+1j),(1+1j),(1+1j),(-1-1j),(-1+1j),(1+1j),(1-1j),(1+1j),(1+1j),(-1+1j),(1+1j),(1+1j),(1+1j),(-1-1j),(-1-1j),(1+1j),(1-1j),(1+1j),(1-1j),(1+1j),(-1-1j),(1-1j),(1-1j),(1+1j),(1+1j),(-1-1j),(-1-1j),(-1+1j),(1+1j),(1+1j),(-1-1j),(1+1j),(-1+1j),(1-1j),(-1+1j),(-1-1j),(-1+1j),(-1-1j),(1+1j),(1+1j),(1+1j),(-1+1j),(-1-1j),(1+1j),(-1+1j),(1+1j),(1+1j),(1+1j),(-1-1j),(1-1j),(-1-1j),(-1-1j),(1+1j),(-1-1j),(1+1j),(1+1j),(1+1j),(1+1j),(-1+1j),(1+1j),(1+1j),(1-1j),(-1+1j),(1+1j),(1+1j),(-1-1j),(-1-1j),(-1-1j),(1-1j),(-1+1j),(1+1j),(-1-1j),(1+1j),(1-1j),(1+1j),(-1-1j),(-1-1j),(1-1j),(1+1j),(1+1j),(-1-1j),(-1-1j),(1-1j),(1-1j),(-1+1j),(-1+1j),(1+1j),(1+1j),(-1+1j),(1+1j),(-1-1j),(1+1j),(1+1j),(-1-1j),(-1-1j),(-1-1j),(1-1j),(1-1j),(-1-1j),(1+1j),(1+1j),(-1-1j),(1-1j),(1+1j),(1+1j),(1+1j),(-1-1j),(1+1j),(1-1j),(1-1j),(-1+1j),(1+1j),(1-1j),(1-1j),(1+1j),(-1+1j),(-1+1j),(-1-1j),(1+1j),(-1-1j),(1-1j),(-1-1j),(-1-1j),(1+1j),(-1-1j),(1-1j),(1-1j),(1+1j),(-1+1j),(1+1j),(1+1j),(-1-1j),(-1-1j),(1+1j),(-1-1j),(1+1j),(-1+1j),(1+1j),(1+1j),(-1+1j),(-1-1j),(-1-1j),(-1-1j),(1+1j),(1-1j),(-1+1j),(1+1j),(-1+1j),(-1+1j),(1+1j),(1+1j),(-1-1j),(-1-1j),(1+1j),(1-1j),(1+1j),(1-1j),(-1-1j),(-1+1j),(1+1j),(1+1j),(1+1j),(-1-1j),(1-1j),(1+1j),(-1-1j),(1+1j),(1+1j),(1-1j),(-1-1j),(-1-1j),(-1+1j),(-1+1j),(-1-1j),(-1+1j),(1-1j),(-1+1j),(1+1j),(1-1j),(-1-1j),(-1-1j),(1+1j),(1-1j),(-1+1j),(1+1j),(1-1j),(1-1j),(1+1j),(1+1j),(-1-1j),(1+1j),(1+1j),(1+1j),(-1+1j),(1+1j),(1+1j),(-1-1j),(-1-1j),(-1-1j),(1-1j),(-1-1j),(-1-1j),(1-1j),(-1+1j),(1+1j),(1+1j),(-1-1j),(-1-1j),(-1-1j),(-1+1j),(1+1j),(-1+1j),(-1-1j),(1-1j),(1-1j),(1+1j),(1+1j),(-1+1j),(1-1j),(-1-1j),(1+1j),(1+1j),(1+1j),(1-1j),(-1-1j),(1-1j),(-1+1j),(1-1j),(1-1j),(1+1j),(1+1j),(1+1j),(-1+1j),(1+1j),(1-1j),(1+1j),(1-1j),(1+1j),(1-1j),(1-1j),(-1-1j),(-1-1j),(-1-1j),(1+1j),(1-1j),(1+1j),(1-1j),(1+1j),(1+1j),(1+1j),(-1-1j),(-1-1j),(1-1j),(1+1j),(1+1j),(-1-1j),(-1+1j),(1+1j),(-1+1j),(1+1j),(1-1j),(1+1j),(1-1j),(1+1j),(1+1j),(1+1j),(1+1j),(1+1j),(1-1j),(1+1j),(1+1j),(-1-1j),(1+1j),(-1-1j),(1-1j),(1+1j),(-1-1j),(-1-1j),(-1+1j),(1+1j),(1+1j),(-1-1j),(1+1j),(1-1j),(1-1j),(-1+1j),(-1+1j),(1+1j),(1+1j),(1-1j),(-1-1j),(-1-1j),(1-1j),(1+1j),(-1+1j),(-1-1j),(1+1j),(-1-1j),(-1+1j),(1+1j),(1-1j),(1+1j),(-1+1j),(-1+1j),(1+1j),(1+1j),(-1-1j),(1+1j),(-1+1j),(-1+1j),(1+1j),(1+1j),(-1-1j),(-1-1j),(-1-1j),(-1+1j),(1+1j),(1-1j),(1+1j),(-1-1j),(1+1j),(1+1j),(1+1j),(1-1j),(1-1j),(-1-1j),(1-1j),(-1+1j),(-1-1j),(1+1j),(1+1j),(1+1j),(-1-1j),(1+1j),(1-1j),(1+1j),(-1-1j),(-1+1j),(-1-1j),(1+1j),(-1+1j),(1-1j),(1-1j),(1+1j),(-1+1j),(1+1j),(1+1j),(-1+1j),(-1+1j),(-1-1j),(1+1j),(1+1j),(1-1j),(1+1j),(1+1j),(-1-1j),(1+1j),(1+1j),(1+1j),(1-1j),(-1-1j),(1+1j),(1-1j),(-1+1j),(-1+1j),(-1+1j),(1+1j),(-1-1j),(1+1j),(1+1j),(-1-1j),(1+1j),(-1+1j),(1+1j),(1+1j),(-1-1j),(1+1j),(1+1j),(-1-1j),(-1-1j),(1-1j),(-1+1j),(1+1j),(1-1j),(-1-1j),(-1-1j),(1+1j),(-1+1j),(1+1j),(-1+1j),(-1+1j),(1-1j),(1+1j),(1+1j),(1+1j),(-1+1j),(1-1j),(-1-1j),(1+1j),(1+1j),(-1+1j),(1-1j),(-1-1j),(1-1j),(1-1j),(1-1j),(1+1j),(1+1j),(1+1j),(1-1j),(-1-1j),(1+1j),(-1-1j),(-1+1j),(1+1j),(1+1j),(1-1j),(1+1j),(-1-1j),(1+1j),(-1-1j),(-1-1j),(1-1j),(1+1j),(-1+1j),(1+1j),(1+1j),(-1-1j),(-1-1j),(-1-1j),(1-1j),(1+1j),(1+1j),(-1-1j),(1-1j),(1+1j),(-1+1j),(1-1j),(1-1j),(1-1j),(1+1j),(-1-1j),(1+1j),(1-1j),(1-1j),(1+1j),(1+1j),(-1-1j),(-1-1j),(-1-1j),(1+1j),(1-1j),(1+1j),(1+1j),(-1-1j),(-1-1j),(-1-1j),(1-1j),(1+1j),(1-1j),(1-1j),(1+1j),(1+1j),(1+1j),(1+1j),(1+1j),(-1+1j),(-1-1j),(-1+1j),(1+1j),(1+1j),(-1-1j),(-1-1j),(1+1j),(1-1j),(1+1j),(-1+1j),(1+1j),(1+1j),(-1-1j),(-1+1j),(-1-1j),(1-1j),(-1-1j),(1-1j),(-1+1j),(1+1j),(1+1j),(1-1j),(1+1j),(1+1j),(-1+1j),(1+1j),(1+1j),(1+1j),(1+1j),(1-1j),(-1-1j),(-1-1j),(1+1j),(1+1j),(1-1j),(1+1j),(-1-1j),(1+1j),(-1-1j),(1+1j),(1-1j),(-1-1j),(-1-1j),(1-1j),(-1+1j),(1+1j),(1+1j),(1+1j),(1-1j),(1+1j),(-1-1j),(1-1j),(1+1j),(-1-1j),(-1+1j),(1+1j),(1+1j),(1-1j),(1-1j),(1-1j),(1+1j),(1+1j),(1-1j),(1+1j),(1+1j),(1-1j),(-1-1j),(-1-1j),(1+1j),(1-1j),(-1-1j),(1+1j),(-1-1j),(-1-1j),(1+1j),(1+1j),(1+1j),(-1-1j),(1+1j),(-1-1j),(1-1j),(-1+1j),(-1+1j),(-1+1j),(1+1j),(1+1j),(1+1j),(1+1j),(-1-1j),(1+1j),(-1+1j),(1-1j),(1+1j),(1+1j),(1+1j),(-1-1j),(-1-1j),(-1+1j),(1-1j),(1+1j),(1-1j),(-1-1j),(-1-1j),(1-1j),(-1+1j),(1+1j),(-1-1j),(-1-1j),(-1-1j),(-1-1j),(-1-1j),(-1+1j),(1+1j),(1-1j),(-1+1j),(1-1j),(-1-1j),(-1+1j),(1+1j),(1+1j),(1+1j),(-1-1j),(1+1j),(1-1j),(-1-1j),(1-1j),(-1+1j),(-1-1j),(-1+1j),(1+1j),(1+1j),(-1-1j),(-1+1j),(1+1j),(-1+1j),(1+1j),(1+1j),(-1-1j),(1+1j),(1-1j),(1+1j),(1+1j),(-1-1j),(1+1j),(1-1j),(-1+1j),(1+1j),(-1-1j),(1+1j),(1-1j),(-1+1j),(1-1j),(1+1j),(1+1j),(1-1j),(1+1j),(-1-1j),(1+1j),(1-1j),(1-1j),(-1-1j),(1+1j),(-1-1j),(1+1j),(-1-1j),(1+1j),(1+1j),(-1-1j),(1-1j),(1+1j),(1-1j),(1+1j),(-1-1j),(1+1j),(-1+1j),(-1+1j),(1+1j),(1-1j),(1+1j),(-1+1j),(1-1j),(1+1j),(-1-1j),(1+1j),(1+1j),(1-1j),(1+1j),(1+1j),(1+1j),(1+1j),(1-1j),(1+1j),(-1+1j),(1-1j),(1-1j),(1-1j),(1-1j),(1-1j),(-1-1j),(-1-1j),(-1+1j),(1+1j),(1+1j),(-1-1j),(-1-1j),(-1-1j),(-1-1j),(-1-1j),(-1+1j),(1+1j),(1-1j),(1+1j),(1-1j),(1+1j),(-1-1j),(-1-1j),(1+1j),(-1-1j),(-1+1j),(1+1j),(-1+1j),(1+1j),(1+1j),(-1+1j),(1+1j),(1-1j),(1+1j),(-1-1j),(1+1j),(1+1j),(1-1j),(1-1j),(1+1j),(-1-1j),(1-1j),(-1+1j),(-1-1j),(1+1j),(-1-1j),(-1-1j),(1-1j),(-1-1j),(1+1j),(-1+1j),(1-1j),(1+1j),(-1-1j),(1-1j),(1+1j),(1-1j),(1-1j),(1-1j),(1-1j),(-1-1j),(1+1j),(1+1j),(-1-1j),(-1+1j),(1+1j),(-1-1j),(1+1j),(1+1j),(1-1j),(-1+1j),(1+1j),(1+1j),(-1-1j),(-1-1j),(1+1j),(1-1j),(-1-1j),(1+1j),(-1-1j),(1+1j),(1-1j),(-1-1j),(1+1j),(1+1j),(-1-1j),(1-1j),(1+1j),(1+1j),(1-1j),(1+1j),(1+1j),(1-1j),(-1+1j),(1+1j),(1+1j),(1-1j),(1+1j),(1+1j),(-1-1j),(1-1j),(-1+1j),(-1+1j),(1-1j),(1-1j),(1+1j),(1+1j),(1+1j),(1+1j),(-1+1j),(-1-1j),(-1-1j),(-1+1j),(-1+1j),(1+1j),(1+1j),(1-1j),(-1-1j),(-1+1j),(1-1j),(1+1j),(-1+1j),(1-1j),(-1+1j),(1-1j),(1+1j),(-1-1j),(-1-1j),(1-1j),(-1+1j),(1+1j),(-1-1j),(-1+1j),(-1-1j),(-1-1j),(1-1j),(-1+1j),(-1+1j),(1-1j),(1+1j),(-1+1j),(1+1j),(-1-1j),(1-1j),(-1+1j),(1+1j),(-1-1j),(-1+1j),(1+1j),(-1+1j),(-1-1j),(-1-1j),(-1+1j),(1-1j),(1-1j),(1-1j),(-1-1j),(1+1j),(1-1j),(1+1j),(-1+1j),(-1+1j),(1+1j),(-1+1j),(1-1j),(1-1j),(1+1j),(1-1j),(-1-1j),(1-1j),(-1+1j),(1+1j),(-1+1j),(1+1j),(-1+1j),(-1+1j),(-1+1j),(-1-1j),(-1-1j),(1-1j),(1-1j),(1-1j),(1-1j),(1+1j),(-1-1j),(1+1j),(1+1j),(-1-1j),(-1-1j),(-1+1j),(1+1j),(1+1j),(1+1j),(-1+1j),(-1+1j),(-1-1j),(1+1j),(1+1j),(1-1j),(-1-1j),(-1+1j),(-1-1j),(1+1j),(1+1j),(-1+1j),(-1+1j),(1+1j),(1-1j),(-1-1j),(1-1j),(1+1j),(-1+1j),(-1-1j),(1-1j),(-1-1j),(-1+1j),(-1+1j),(1+1j),(-1-1j),(-1-1j),(1+1j),(1-1j),(-1+1j),(1+1j),(-1-1j),(-1+1j),(1+1j),(1+1j),(1-1j),(1-1j),(-1+1j),(1+1j),(-1+1j),(-1-1j),(1-1j),(1+1j),(-1+1j),(1+1j),(1-1j),(1+1j),(-1-1j),(-1+1j),(1+1j),(-1-1j),(1-1j),(1-1j),(1+1j),(-1+1j),(1+1j),(1-1j),(1+1j),(1+1j),(-1+1j),(1-1j),(-1-1j),(-1-1j),(1+1j),(-1+1j),(1+1j),(1-1j),(-1+1j),(1+1j),(1-1j),(-1+1j),(1+1j),(-1+1j),(1+1j),(1-1j),(1+1j),(-1-1j),(1-1j),(-1-1j),(-1+1j),(1-1j),(-1+1j),(1+1j),(1+1j),(1+1j),(1-1j),(1+1j),(1+1j),(1-1j),(-1-1j),(1+1j),(-1+1j),(1+1j),(1-1j),(1+1j),(1+1j),(1+1j),(1+1j),(-1-1j),(1+1j),(-1-1j),(-1-1j),(-1-1j),(1-1j),(1+1j),(-1+1j),(1+1j),(1+1j),(1-1j),(1+1j),(-1-1j),(1-1j),(-1+1j),(-1-1j),(1+1j),(1-1j),(1-1j),(1+1j),(-1+1j),(1+1j),(1-1j),(-1+1j),(1+1j),(1-1j),(-1-1j),(1+1j),(1-1j),(-1-1j),(1-1j),(-1+1j),(-1+1j),(1+1j),(1+1j),(-1-1j),(1+1j),(-1+1j),(1+1j),(1-1j),(-1+1j),(-1+1j),(1+1j),(-1+1j),(1+1j),(1-1j),(1+1j),(-1-1j),(1-1j),(-1+1j),(1-1j),(1-1j),(1-1j),(1-1j),(1+1j),(1+1j),(1+1j),(1+1j),(1-1j),(1-1j),(1+1j),(1-1j),(-1+1j),(1+1j),(1+1j),(1+1j),(-1-1j),(1-1j),(-1-1j),(-1+1j),(-1-1j),(-1-1j),(1+1j),(1+1j),(1+1j),(1+1j),(-1-1j),(1+1j),(1+1j),(1+1j),(-1+1j),(-1-1j),(1-1j),(1+1j),(-1-1j),(1+1j),(1-1j),(1+1j),(-1+1j),(1+1j),(-1+1j),(1+1j),(-1+1j),(-1-1j),(-1-1j),(-1+1j),(-1+1j),(1-1j),(1+1j),(-1+1j),(1+1j),(-1+1j),(1+1j),(-1-1j),(-1-1j),(-1+1j),(1+1j),(-1-1j),(1-1j),(-1+1j),(-1-1j),(1+1j),(-1+1j),(1-1j),(1+1j),(-1-1j),(-1-1j),(-1-1j),(-1-1j),(1-1j),(1-1j),(-1-1j),(-1+1j),(-1+1j),(-1-1j),(-1+1j),(1-1j),(1+1j),(1+1j),(-1+1j),(-1+1j),(-1+1j),(1+1j),(-1+1j),(-1-1j),(-1+1j),(-1+1j),(1-1j),(1+1j),(-1-1j),(1+1j),(1+1j),(-1+1j),(1-1j),(1-1j),(-1-1j),(1-1j),(-1+1j),(-1-1j),(1+1j),(1+1j),(-1-1j),(1-1j),(-1+1j),(1+1j),(-1+1j),(-1-1j),(-1+1j),(1+1j),(1+1j),(-1+1j),(1-1j),(-1+1j),(-1+1j),(1-1j),(-1-1j),(-1-1j),(1+1j),(-1-1j),(1+1j),(1-1j),(-1+1j),(-1+1j),(-1-1j),(1-1j),(-1+1j),(1-1j),(-1+1j),(-1-1j),(1+1j),(-1+1j),(-1-1j),(-1+1j),(-1+1j),(1-1j),(1-1j),(-1+1j),(1-1j),(1-1j),(-1+1j),(1-1j),(1-1j),(1-1j),(1+1j),(-1+1j),(-1+1j),(1-1j),(-1-1j),(1+1j),(-1-1j),(-1+1j),(1+1j),(1-1j),(1+1j),(-1-1j),(1+1j),(1-1j),(1-1j),(-1-1j),(-1+1j),(1+1j),(-1+1j),(-1+1j),(1+1j),(1+1j),(-1-1j),(-1-1j),(-1-1j),(-1+1j),(1+1j),(1+1j),(-1+1j),(-1+1j),(1-1j),(-1-1j),(-1-1j),(1-1j),(-1-1j),(1-1j),(1-1j),(1-1j),(1-1j),(1+1j),(1-1j),(-1-1j),(1+1j),(1+1j),(1+1j),(-1-1j),(-1+1j),(1+1j),(1+1j),(-1-1j),(-1-1j),(-1-1j),(1-1j),(-1-1j),(1+1j),(-1-1j),(1-1j),(1+1j),(-1+1j),(1+1j),(-1+1j),(1+1j),(1-1j),(-1+1j),(1+1j),(1+1j),(-1+1j),(-1-1j),(1-1j),(1+1j),(-1+1j),(1-1j),(-1+1j),(1+1j),(-1-1j),(-1+1j),(1+1j),(1+1j),(1+1j),(1-1j),(-1-1j),(1-1j),(1-1j),(-1+1j),(-1+1j),(-1-1j),(1-1j),(1-1j),(1-1j),(-1-1j),(-1-1j),(-1+1j),(1-1j),(-1-1j),(1+1j),(1+1j),(-1-1j),(1-1j),(-1-1j),(-1-1j),(1+1j),(-1+1j),(1-1j),(1+1j),(-1-1j),(-1+1j),(1-1j),(1-1j),(1-1j),(1+1j),(1-1j),(-1-1j),(1-1j),(-1-1j),(-1-1j),(-1-1j),(-1-1j),(1-1j),(1-1j),(1-1j),(1+1j),(-1-1j),(1-1j),(-1+1j),(-1-1j),(1+1j),(-1-1j),(-1+1j),(1+1j),(-1-1j),(1-1j),(1-1j),(-1-1j),(-1+1j),(1-1j),(1-1j),(1-1j),(1-1j),(1+1j),(-1-1j),(1-1j),(1-1j),(-1-1j),(-1-1j),(1-1j),(-1+1j),(1+1j),(-1-1j),(-1-1j),(1-1j),(1-1j),(1+1j),(1-1j),(1-1j),(1+1j),(1-1j),(1-1j),(1+1j),(-1+1j),(1-1j),(1+1j),(-1-1j),(1-1j),(1+1j),(-1-1j),(1+1j),(1+1j),(1+1j),(-1-1j),(-1+1j),(-1+1j),(1+1j),(-1-1j),(-1-1j),(1-1j),(1-1j),(1-1j),(1-1j),(1+1j),(-1-1j),(-1+1j),(1+1j),(1-1j),(1-1j),(1+1j),(1+1j),(-1+1j),(-1+1j),(-1+1j),(1+1j),(1+1j),(-1-1j),(1-1j),(1-1j),(1+1j),(1-1j),(1-1j),(1+1j),(1+1j),(-1+1j),(-1+1j),(-1+1j),(1+1j),(1+1j),(1+1j),(-1-1j),(1-1j),(1+1j),(-1+1j),(-1+1j),(-1+1j),(1-1j),(1-1j),(1-1j),(-1+1j),(-1+1j),(1+1j),(1+1j),(1+1j),(-1+1j),(-1-1j),(-1-1j),(1+1j),(1+1j),(1+1j),(-1-1j),(1+1j),(-1-1j),(1-1j),(1+1j),(-1+1j),(-1+1j),(1+1j),(-1+1j),(1-1j),(1-1j),(1+1j),(-1+1j),(-1+1j),(1+1j),(1-1j),(1-1j),(-1-1j),(-1+1j),(-1+1j),(-1-1j),(1-1j),(1+1j),(1+1j),(-1-1j),(-1+1j),(1+1j),(1-1j),(1+1j),(1+1j),(1-1j),(-1+1j),(1+1j),(1-1j),(1+1j),(1+1j),(-1+1j),(-1+1j),(1+1j),(1-1j),(-1+1j),(-1+1j),(1-1j),(-1+1j),(-1+1j),(1-1j),(-1+1j),(1+1j),(1-1j),(-1+1j),(1+1j),(1-1j),(-1+1j),(1+1j),(1-1j),(-1+1j),(1-1j),(-1-1j),(1-1j),(1+1j),(1+1j),(1+1j),(-1+1j),(1+1j),(1+1j),(1+1j),(-1+1j),(-1+1j),(1+1j),(1-1j),(-1+1j),(1-1j),(-1+1j),(1-1j),(-1-1j),(1+1j),(1-1j),(-1+1j),(1+1j),(1+1j),(-1-1j),(1-1j),(1+1j),(1-1j),(-1+1j),(1-1j),(-1+1j),(1-1j),(1+1j),(1+1j),(1-1j),(-1+1j),(-1+1j),(1+1j),(1-1j),(-1-1j),(-1-1j),(1+1j),(-1-1j),(-1+1j),(1-1j),(-1+1j),(-1+1j),(-1+1j),(1-1j),(1-1j),(-1-1j),(-1-1j),(-1+1j),(-1+1j),(-1-1j),(-1+1j),(1-1j),(-1+1j),(1+1j),(1-1j),(1+1j),(1+1j),(-1+1j),(-1+1j),(-1-1j),(-1+1j),(-1-1j),(1+1j),(-1-1j),(-1+1j),(1+1j),(-1+1j),(-1-1j),(-1-1j),(1+1j),(1-1j),(-1-1j),(1+1j),(1-1j),(1+1j),(1-1j),(1+1j),(1-1j),(-1+1j),(1+1j),(-1-1j),(1-1j),(1-1j),(1-1j),(-1+1j),(1+1j),(1-1j),(1+1j),(1+1j),(-1+1j),(1+1j),(-1+1j),(1-1j),(-1+1j),(1-1j),(-1-1j),(-1+1j),(1+1j),(-1-1j),(1+1j),(-1-1j),(-1-1j),(1-1j),(1-1j),(-1-1j),(-1+1j),(-1-1j),(-1+1j),(1+1j),(-1+1j),(1-1j),(1-1j),(1-1j),(1+1j),(-1+1j),(-1+1j),(-1+1j),(1+1j),(-1+1j),(1+1j),(1+1j),(-1-1j),(-1+1j),(-1+1j),(-1-1j),(1-1j),(-1-1j),(1+1j),(1-1j),(1-1j),(-1+1j),(-1+1j),(-1+1j),(1-1j),(-1+1j),(1-1j),(1-1j),(-1-1j),(-1+1j),(-1+1j),(1-1j),(-1+1j),(-1-1j),(-1-1j),(-1-1j),(-1+1j),(-1+1j),(-1-1j),(1+1j),(1-1j),(-1+1j),(1+1j),(1+1j),(1+1j),(-1+1j),(-1+1j),(-1+1j),(1-1j),(1-1j),(1+1j),(1+1j),(1+1j),(-1+1j),(1+1j),(-1+1j),(1-1j),(1+1j),(-1+1j),(-1+1j),(1+1j),(1+1j),(-1-1j),(-1-1j),(1-1j),(-1-1j),(1+1j),(-1-1j),(1-1j),(1+1j),(-1-1j),(-1-1j),(-1+1j),(1+1j),(-1-1j),(-1-1j),(-1-1j),(1-1j),(-1+1j),(1-1j),(-1+1j),(1+1j),(-1+1j),(1-1j),(1+1j),(-1+1j),(-1-1j),(1-1j),(1+1j),(-1-1j),(-1+1j),(-1+1j),(1-1j),(1-1j),(1-1j),(1+1j),(-1+1j),(1+1j),(1+1j),(1+1j),(-1-1j),(1+1j),(1-1j),(1-1j),(-1+1j),(-1+1j),(-1+1j),(-1+1j),(-1-1j),(-1-1j),(-1-1j),(-1+1j),(1-1j),(-1-1j),(1-1j),(1+1j),(-1-1j),(-1+1j),(-1+1j),(-1-1j),(-1+1j),(-1+1j),(-1+1j),(-1-1j),(1-1j),(1-1j),(1+1j),(-1-1j),(-1-1j),(1-1j),(1-1j),(1-1j),(-1+1j),(-1+1j),(1-1j),(1+1j),(1+1j),(1+1j),(1-1j),(-1-1j),(-1+1j),(1+1j),(-1+1j),(-1+1j),(-1-1j),(-1+1j),(1+1j),(-1+1j),(1-1j),(-1+1j),(-1+1j),(1-1j),(-1+1j),(-1+1j),(-1+1j),(-1+1j),(1+1j),(1+1j),(-1-1j),(-1-1j),(-1-1j),(-1-1j),(-1+1j),(-1-1j),(1+1j),(1+1j),(-1+1j),(-1+1j),(-1-1j),(1+1j),(1+1j),(-1+1j),(1-1j),(1-1j),(-1-1j),(-1-1j),(-1+1j),(1+1j),(-1-1j),(1+1j),(-1-1j),(-1+1j),(-1-1j),(1+1j),(-1-1j),(-1+1j),(-1+1j),(-1-1j),(-1+1j),(1+1j),(1-1j),(1+1j),(-1+1j),(1+1j),(-1+1j),(-1+1j),(-1-1j),(1+1j),(-1-1j),(-1+1j),(-1+1j),(-1+1j),(-1+1j),(1+1j),(1-1j),(1-1j),(1+1j),(1+1j),(-1+1j),(-1-1j),(-1-1j),(-1+1j),(1+1j),(-1+1j),(1+1j),(1+1j),(-1+1j),(-1-1j),(-1-1j),(-1+1j),(1-1j),(1+1j),(1+1j),(-1-1j),(-1+1j),(-1-1j),(1+1j),(1+1j),(-1+1j),(1-1j),(1+1j),(-1+1j),(1+1j),(-1+1j),(-1+1j),(-1+1j),(-1+1j),(-1-1j),(-1-1j),(1-1j),(1-1j),(-1+1j),(-1+1j),(1-1j),(-1+1j),(1-1j),(1+1j),(1+1j),(1-1j),(1-1j),(1+1j),(1-1j),(1-1j),(-1+1j),(1+1j),(-1-1j),(-1+1j),(1-1j),(1+1j),(1+1j),(-1-1j),(-1-1j),(-1-1j),(-1+1j),(1+1j),(1-1j),(-1+1j),(-1+1j),(1-1j),(1+1j),(1-1j),(1-1j),(-1+1j),(-1+1j),(1+1j),(-1+1j),(-1+1j),(-1+1j),(1-1j),(-1+1j),(1+1j),(1-1j),(-1-1j),(-1-1j),(1-1j),(1-1j),(-1-1j),(-1+1j),(1+1j),(-1+1j),(1-1j),(-1-1j),(1-1j),(1-1j),(1-1j),(1-1j),(-1+1j),(1-1j),(-1+1j),(-1-1j),(-1-1j),(-1-1j),(-1+1j),(-1-1j),(-1-1j),(1-1j),(-1+1j),(1+1j),(1-1j),(-1+1j),(-1+1j),(1+1j),(1+1j),(-1+1j),(-1-1j),(1+1j),(1+1j),(-1+1j),(1+1j),(-1-1j),(-1-1j),(1-1j),(-1+1j),(-1+1j),(1-1j),(1-1j),(1+1j),(-1+1j),(-1-1j),(-1-1j),(1+1j),(-1-1j),(1+1j),(-1-1j),(-1-1j),(-1+1j),(1+1j),(-1+1j),(1-1j),(-1+1j),(-1-1j),(1+1j),(-1-1j),(1+1j),(1+1j),(1+1j),(-1+1j),(-1+1j),(-1-1j),(-1+1j),(1-1j),(-1+1j),(-1-1j),(1+1j),(-1-1j),(-1+1j),(-1+1j),(-1+1j),(-1+1j),(-1+1j),(1-1j),(1-1j),(-1-1j),(1+1j),(1+1j),(1-1j),(-1-1j),(1+1j),(-1+1j),(1+1j),(-1+1j),(1+1j),(1+1j),(-1-1j),(1-1j),(1+1j),(1-1j),(1+1j),(1+1j),(1+1j),(1+1j),(1-1j),(-1+1j),(1+1j),(1-1j),(1+1j),(1+1j),(1-1j),(1+1j),(1+1j),(1+1j),(-1-1j),(1+1j),(1+1j),(-1-1j),(-1-1j),(-1-1j),(1+1j),(1+1j),(1+1j),(-1+1j),(1+1j),(-1-1j),(1-1j),(-1-1j),(1-1j),(1+1j),(1-1j),(-1+1j),(1+1j),(1-1j),(1-1j),(-1-1j),(1+1j),(1-1j),(1+1j),(1+1j),(1+1j),(1-1j),(-1+1j),(1-1j),(-1+1j),(1+1j),(1-1j),(-1+1j),(1+1j),(1-1j),(-1-1j),(1-1j),(1-1j),(-1+1j),(1+1j),(1-1j),(1+1j),(-1-1j),(1+1j),(1-1j),(1-1j),(1+1j),(-1-1j),(1+1j),(-1-1j),(1-1j),(1-1j),(-1-1j),(1+1j),(-1-1j),(-1+1j),(1+1j),(1+1j),(1-1j),(1+1j),(-1-1j),(-1+1j),(1+1j),(1-1j),(1+1j),(1+1j),(1+1j),(-1-1j),(-1+1j),(1-1j),(1+1j),(1+1j),(1+1j),(-1+1j),(1+1j),(1+1j),(1-1j),(1+1j),(-1-1j),(1-1j),(1+1j),(1+1j),(-1+1j),(-1+1j),(-1+1j),(1+1j),(1+1j),(1+1j),(1+1j),(-1-1j),(-1-1j),(1-1j),(1+1j),(1+1j),(1-1j),(-1+1j),(1+1j),(1+1j),(-1-1j),(-1-1j),(1+1j),(-1+1j),(1+1j),(1+1j),(-1-1j),(-1-1j),(1-1j),(1+1j),(1+1j),(1+1j),(1-1j),(1+1j),(-1+1j),(1+1j),(1+1j),(1+1j),(-1-1j),(-1+1j),(1-1j),(1+1j),(-1-1j),(1-1j),(-1+1j),(1+1j),(1+1j),(1-1j),(-1+1j),(-1+1j),(1-1j),(1-1j),(1+1j),(-1-1j),(-1-1j),(1-1j),(1-1j),(-1-1j),(1+1j),(1-1j),(-1+1j),(1+1j),(1-1j),(-1-1j),(-1-1j),(1-1j),(1+1j),(1-1j),(-1-1j),(-1+1j),(-1-1j),(-1-1j),(-1-1j),(1-1j),(1-1j),(-1-1j),(1+1j),(1-1j),(-1-1j),(1+1j),(1+1j),(1-1j),(1-1j),(1+1j),(1-1j),(1+1j),(1+1j),(1+1j),(-1-1j),(1-1j),(1+1j),(1+1j),(1+1j),(1-1j),(-1-1j),(-1-1j),(-1-1j),(1+1j),(-1+1j),(1+1j),(1-1j),(1+1j),(1+1j),(1-1j),(1+1j),(-1-1j),(-1-1j),(1-1j),(-1+1j),(1+1j),(-1-1j),(1+1j),(-1-1j),(-1-1j),(1+1j),(-1+1j),(1+1j),(-1+1j),(1-1j),(1-1j),(-1-1j),(-1+1j),(-1+1j),(1-1j),(1-1j),(-1+1j),(1+1j),(-1+1j),(-1+1j),(1+1j),(1+1j),(1+1j),(-1+1j),(1+1j),(-1-1j),(1+1j),(1-1j),(-1-1j),(-1+1j),(1-1j),(-1+1j),(1+1j),(-1-1j),(-1-1j),(-1-1j),(1-1j),(-1+1j),(1-1j),(1-1j),(-1+1j),(1+1j),(1+1j),(-1+1j),(1-1j),(1-1j),(-1+1j),(-1-1j),(1-1j),(-1-1j),(-1-1j),(1+1j),(1+1j),(-1+1j),(1-1j),(-1+1j),(-1-1j),(1+1j),(1+1j),(-1-1j),(1+1j),(-1-1j),(-1+1j),(1-1j),(1+1j),(-1-1j),(1+1j),(1-1j),(-1+1j),(1+1j),(-1+1j),(1-1j),(1-1j),(-1-1j),(-1-1j),(1-1j),(-1+1j),(-1-1j),(-1+1j),(-1+1j),(-1-1j),(1+1j),(1+1j),(-1-1j),(-1+1j),(1-1j),(1-1j),(-1-1j),(1+1j),(-1+1j),(-1+1j),(-1-1j),(1-1j),(-1+1j),(-1-1j),(1+1j),(1-1j),(1-1j),(-1+1j),(-1+1j),(1-1j),(-1+1j),(1+1j),(1+1j),(1+1j),(-1-1j),(-1+1j),(1-1j),(-1+1j),(-1-1j),(-1-1j),(1+1j),(1+1j),(1+1j),(1-1j),(-1-1j),(-1-1j),(1+1j),(1-1j),(-1+1j),(1+1j),(-1+1j),(1+1j),(-1-1j),(1-1j),(-1+1j),(1-1j),(1+1j),(1-1j),(1-1j),(-1+1j),(-1-1j),(-1+1j),(-1-1j),(1+1j),(-1+1j),(-1-1j),(-1+1j),(1+1j),(-1+1j),(1+1j),(-1-1j),(-1+1j),(-1-1j),(1+1j),(1+1j),(1-1j),(1+1j),(-1+1j),(1+1j),(1+1j),(1+1j),(-1+1j),(1+1j),(-1-1j),(-1-1j),(-1+1j),(1+1j),(-1+1j),(1+1j),(1+1j),(1+1j),(-1+1j),(1+1j),(1+1j),(1+1j),(-1+1j),(1+1j),(1-1j),(1+1j),(1-1j),(1+1j),(-1+1j),(1-1j),(1-1j),(-1-1j),(-1+1j),(1+1j),(1-1j),(1+1j),(1+1j),(-1-1j),(1+1j),(1+1j),(-1+1j),(1+1j),(1-1j),(1-1j),(1+1j),(-1+1j),(1+1j),(-1+1j),(-1+1j),(1+1j),(1-1j),(1+1j),(-1+1j),(-1-1j),(1+1j),(-1-1j),(1+1j),(1-1j),(1+1j),(1+1j),(1+1j),(1+1j),(1-1j),(1+1j),(1-1j),(1-1j),(1+1j),(1-1j),(1+1j),(1+1j),(1+1j),(1+1j),(-1-1j),(-1+1j),(-1-1j),(1+1j),(-1-1j),(-1+1j),(1+1j),(1+1j),(1-1j),(1+1j),(1-1j),(1+1j),(1+1j),(1+1j),(1+1j),(1-1j),(1+1j),(-1-1j),(1+1j),(-1-1j),(1+1j),(-1-1j),(1-1j),(-1-1j),(-1+1j),(1-1j),(1-1j),(-1+1j),(1-1j),(1+1j),(-1+1j),(1+1j),(-1-1j),(1-1j),(1-1j),(1+1j),(1-1j),(-1-1j),(-1+1j),(-1-1j),(1+1j),(-1-1j),(-1-1j),(1+1j),(1+1j),(1+1j),(1+1j),(-1-1j),(1+1j),(1+1j),(-1+1j),(-1+1j),(-1-1j),(-1+1j),(-1-1j),(1+1j),(1-1j),(1+1j),(-1-1j),(1-1j),(-1+1j),(-1-1j),(1+1j),(1+1j),(-1-1j),(-1+1j),(1-1j),(1+1j),(-1+1j),(-1-1j),(-1-1j),(1-1j),(-1+1j),(-1-1j),(1+1j),(-1-1j),(-1-1j),(-1-1j),(-1-1j),(1-1j),(1-1j),(1+1j),(-1-1j),(-1+1j),(-1-1j),(-1+1j),(-1-1j),(1-1j),(1-1j),(1-1j),(1+1j),(-1+1j),(-1-1j),(1-1j),(1-1j),(1+1j),(1+1j),(1+1j),(-1+1j),(1+1j),(1+1j),(-1-1j),(1-1j),(1+1j),(-1+1j),(1-1j),(1+1j),(1+1j),(1-1j),(1-1j),(1+1j),(-1-1j),(1+1j),(1+1j),(-1+1j),(1+1j),(1-1j),(-1+1j),(-1+1j),(1+1j),(1+1j),(1-1j),(1-1j),(-1+1j),(1+1j),(1+1j),(-1+1j),(1+1j),(1-1j),(1+1j),(1+1j),(1-1j),(1-1j),(1+1j),(1-1j),(1+1j),(1-1j),(1-1j),(1+1j),(1+1j),(1-1j),(1-1j),(-1-1j),(1+1j),(1-1j),(1+1j),(1-1j),(1-1j),(1+1j),(1+1j),(1-1j),(-1+1j),(1+1j),(1+1j),(1+1j),(1-1j),(-1-1j),(1-1j),(1+1j),(1+1j),(1+1j),(1-1j),(1-1j),(1+1j),(1+1j),(1-1j),(1+1j),(1-1j),(1-1j),(1+1j),(-1+1j),(1-1j),(1+1j),(-1+1j),(1-1j),(1-1j),(1+1j),(-1-1j),(1-1j),(1-1j),(1-1j),(1-1j),(-1-1j),(1+1j),(-1+1j),(1-1j),(1+1j),(1+1j),(-1+1j),(1-1j),(1-1j),(1+1j),(-1+1j),(1-1j),(1+1j),(1-1j),(1-1j),(1-1j),(1-1j),(1+1j),(1+1j),(1-1j),(1+1j),(-1-1j),(1-1j),(1-1j),(-1-1j),(1+1j),(-1+1j),(1+1j),(-1-1j),(1-1j),(1-1j),(1+1j),(1+1j),(-1-1j),(-1+1j),(1-1j),(1+1j),(-1-1j),(1-1j),(1+1j),(1+1j),(-1+1j),(1-1j),(1-1j),(1+1j),(1+1j),(1-1j),(-1-1j),(1+1j),(1+1j),(1-1j),(1+1j),(1-1j),(-1-1j),(1+1j),(-1-1j),(-1+1j),(-1-1j),(1+1j),(1-1j),(1-1j),(-1+1j),(1-1j),(1+1j),(1+1j),(-1-1j),(-1+1j),(-1-1j),(1+1j),(-1-1j),(1+1j),(-1+1j),(-1-1j),(1+1j),(1+1j),(1-1j),(1-1j),(1+1j),(1+1j),(-1+1j),(-1-1j),(1+1j),(-1+1j),(-1-1j),(-1+1j),(1+1j),(-1+1j),(-1-1j),(1+1j),(-1+1j),(-1-1j),(1-1j),(-1-1j),(-1+1j),(1+1j),(1+1j),(1+1j),(-1+1j),(1+1j),(-1+1j),(-1-1j),(1+1j),(1-1j),(-1-1j),(1-1j),(-1-1j),(-1+1j),(-1-1j),(-1+1j),(1+1j),(1+1j),(-1+1j),(-1-1j),(-1+1j),(-1-1j),(-1+1j),(-1-1j),(-1-1j),(1+1j),(-1+1j),(1+1j),(-1+1j),(1+1j),(1+1j),(1+1j),(-1+1j),(-1-1j),(1+1j),(-1+1j),(1-1j),(1-1j),(1+1j),(-1-1j),(-1+1j),(-1-1j),(-1+1j),(-1-1j),(-1+1j),(-1-1j),(-1-1j),(1+1j),(-1+1j),(1+1j),(1+1j),(-1+1j),(-1-1j),(-1+1j),(-1-1j),(-1+1j),(-1-1j),(1+1j),(1-1j),(1+1j),(-1+1j),(-1-1j),(-1+1j),(-1-1j),(-1+1j),(-1-1j),(1+1j),(1+1j),(-1+1j),(-1-1j),(-1-1j),(-1+1j),(1+1j),(-1+1j),(-1-1j),(-1+1j),(-1-1j),(-1-1j),(-1+1j),(1+1j),(1+1j),(-1-1j),(-1-1j),(-1+1j),(-1-1j),(-1+1j),(-1-1j),(-1+1j),(-1-1j),(1+1j),(1-1j),(1+1j),(-1+1j),(1+1j),(-1+1j),(-1-1j),(-1+1j),(-1-1j),(1+1j),(1+1j),(1+1j),(-1-1j),(-1-1j),(-1+1j),(1+1j),(-1+1j),(1+1j),(-1+1j),(-1-1j),(1+1j),(-1+1j),(1+1j),(1+1j),(-1+1j),(-1-1j),(-1+1j),(-1-1j),(1-1j),(-1-1j),(-1+1j),(-1-1j),(1+1j),(1+1j),(-1+1j),(1+1j),(1+1j),(-1+1j),(1+1j),(-1+1j),(-1-1j),(-1+1j),(-1-1j),(-1+1j),(-1-1j),(1+1j),(-1+1j),(1+1j),(-1+1j),(1-1j),(-1+1j),(-1-1j),(-1+1j),(-1-1j),(1+1j),(1+1j),(-1+1j),(-1-1j),(1+1j),(-1+1j),(1+1j),(-1+1j),(-1-1j),(-1+1j),(-1-1j),(1+1j),(-1+1j),(-1-1j),(1+1j),(-1+1j),(-1-1j),(1-1j),(-1-1j),(-1+1j),(-1-1j),(-1+1j),(-1-1j),(1+1j),(1+1j),(1+1j),(-1+1j),(1+1j),(-1-1j),(-1+1j),(1+1j),(-1+1j),(-1+1j),(-1-1j),(-1+1j),(-1-1j),(-1-1j),(-1+1j),(1+1j),(-1+1j),(-1-1j),(-1+1j),(-1-1j),(-1+1j),(-1-1j),(-1-1j),(1+1j),(-1+1j),(-1+1j),(-1-1j),(1+1j),(-1+1j),(1+1j),(1-1j),(-1-1j),(-1+1j),(-1-1j),(1+1j),(1+1j),(1+1j),(-1+1j),(1-1j),(1+1j),(1+1j),(1-1j),(1+1j),(1+1j),(1+1j),(1-1j),(1+1j),(1+1j),(1+1j),(-1+1j),(1+1j),(1+1j),(-1+1j),(-1-1j),(1-1j),(-1-1j),(1+1j),(-1+1j),(1-1j),(1+1j),(1+1j),(1+1j),(-1+1j),(1-1j),(1+1j),(1+1j),(1+1j),(1-1j),(1+1j),(1+1j),(1-1j),(1-1j),(1-1j),(1-1j),(1-1j),(1+1j),(1+1j),(1-1j),(1+1j),(1+1j),(1+1j),(1-1j),(1+1j),(1+1j),(-1+1j),(1+1j),(1-1j),(1-1j),(1-1j),(-1+1j),(1+1j),(-1-1j),(1-1j),(1-1j),(1+1j),(1+1j),(-1-1j),(-1-1j),(1-1j),(1-1j),(1+1j),(1+1j),(1-1j),(-1+1j),(1+1j),(1-1j),(1+1j),(1-1j),(1-1j),(-1-1j),(-1-1j),(1-1j),(-1-1j),(1+1j),(-1+1j),(1-1j),(1+1j),(1+1j),(1-1j),(1-1j),(1+1j),(1-1j),(1+1j),(1+1j),(1+1j),(1-1j),(-1-1j),(-1+1j),(-1-1j),(1+1j),(1+1j),(1+1j),(1+1j),(1-1j),(-1+1j),(-1-1j),(1+1j),(1+1j),(1-1j),(1-1j),(1-1j),(-1+1j),(1-1j),(1+1j),(1+1j),(1+1j),(1-1j),(1-1j),(1+1j),(-1-1j),(-1-1j),(1-1j),(1-1j),(1-1j),(1-1j),(1-1j),(1+1j),(1+1j),(1+1j),(1-1j),(1-1j),(-1-1j),(1+1j),(1+1j),(1+1j),(-1+1j),(-1-1j),(1-1j),(1-1j),(-1-1j),(1-1j),(1-1j),(-1+1j),(1-1j),(1+1j),(-1-1j),(1-1j),(1+1j),(-1-1j),(-1+1j),(-1+1j),(1+1j),(-1+1j),(1-1j),(1+1j),(-1-1j),(1-1j),(1-1j),(1+1j),(1+1j),(1+1j),(-1+1j),(1+1j),(1+1j),(1+1j),(-1+1j),(-1-1j),(1-1j),(1-1j),(1-1j),(1+1j),(1+1j),(-1+1j),(1-1j),(1+1j),(1+1j),(1+1j),(1-1j),(1-1j),(1+1j),(1+1j),(1+1j),(1-1j),(1+1j),(1+1j),(1+1j),(1+1j),(1-1j),(-1-1j),(1-1j),(-1-1j),(-1+1j),(1+1j),(1+1j),(1+1j),(1+1j),(1+1j),(1-1j),(1-1j),(-1-1j),(-1-1j),(-1-1j),(1+1j),(1-1j),(1+1j),(1+1j),(1+1j),(1-1j),(1+1j),(1-1j),(1-1j),(1-1j),(-1+1j),(1-1j),(1+1j),(1+1j),(1+1j),(1-1j),(1-1j),(1+1j),(1+1j),(-1-1j),(1+1j),(1-1j),(1+1j),(1+1j),(1-1j),(1-1j),(1-1j),(1-1j),(1+1j),(1+1j),(1-1j),(1+1j),(-1+1j),(-1-1j),(1+1j),(1+1j),(1-1j),(-1+1j),(1-1j),(1+1j),(1+1j),(-1+1j),(-1-1j),(-1+1j),(1+1j),(1+1j),(-1+1j),(1-1j),(1-1j),(1+1j),(1+1j),(1+1j),(1-1j),(-1-1j),(-1-1j),(1+1j),(1-1j),(-1+1j),(-1-1j),(1+1j),(1+1j),(1-1j),(-1+1j),(-1-1j),(-1-1j),(-1-1j),(1-1j),(1-1j),(1-1j),(1+1j),(1+1j),(1+1j),(1+1j),(-1+1j),(-1-1j),(-1+1j),(1+1j),(1+1j),(1+1j),(1+1j),(-1-1j),(1-1j),(1-1j),(1+1j),(1-1j),(1+1j),(1+1j),(1+1j),(1-1j),(-1-1j),(1-1j),(1-1j),(1-1j),(1-1j),(1+1j),(1+1j),(1+1j),(1-1j),(-1+1j),(1+1j),(1-1j),(1+1j),(-1+1j),(1-1j),(-1-1j),(1-1j),(1+1j),(1+1j),(1-1j),(1-1j),(-1+1j),(-1-1j),(-1+1j),(-1-1j),(-1+1j),(-1-1j),(1-1j),(-1+1j),(-1+1j),(1-1j),(1+1j),(1+1j),(1-1j),(1-1j),(1-1j),(1+1j),(-1+1j),(1+1j),(-1-1j),(1+1j),(1+1j),(-1+1j),(1-1j),(-1-1j),(1-1j),(-1+1j),(1+1j),(1-1j),(-1+1j),(1-1j),(1-1j),(-1+1j),(1-1j),(1-1j),(-1+1j),(1-1j),(1-1j),(-1-1j),(-1+1j),(1-1j),(-1+1j),(1-1j),(1-1j),(-1+1j),(1-1j),(-1+1j),(1+1j),(1-1j),(-1+1j),(1-1j),(1-1j),(-1+1j),(1-1j),(1-1j),(-1+1j),(-1+1j),(1-1j),(-1+1j),(-1+1j),(-1+1j),(1+1j),(1-1j),(-1+1j),(1-1j),(1+1j),(1-1j),(-1-1j),(-1-1j),(1+1j),(1+1j),(-1-1j),(1+1j),(-1-1j),(1+1j),(-1-1j),(1+1j),(-1-1j),(-1-1j),(1+1j),(-1-1j),(-1-1j),(-1-1j),(1+1j),(1+1j),(1+1j),(-1-1j),(-1-1j),(-1-1j),(-1-1j),(-1-1j),(-1+1j),(1-1j),(-1-1j),(-1+1j),(-1-1j),(-1+1j),(1+1j),(-1-1j),(-1-1j),(-1-1j),(-1-1j),(1+1j),(-1-1j),(-1-1j),(1+1j),(-1+1j),(-1-1j),(1+1j),(-1-1j),(1+1j),(-1+1j),(-1+1j),(-1-1j),(-1-1j),(-1-1j),(-1+1j),(-1+1j),(-1-1j),(-1-1j),(-1+1j),(-1+1j),(-1-1j),(-1-1j),(-1-1j),(-1-1j),(-1-1j),(-1+1j),(-1-1j),(-1-1j),(-1-1j),(-1+1j),(-1-1j),(-1+1j),(-1-1j),(-1-1j),(-1+1j),(1-1j),(-1-1j),(-1+1j),(1+1j),(-1+1j),(-1+1j),(-1-1j),(1+1j),(-1-1j),(-1+1j),(-1-1j),(-1+1j),(-1-1j),(-1+1j),(-1-1j),(-1-1j),(-1-1j),(-1-1j),(-1+1j),(1+1j),(-1+1j),(-1-1j),(1+1j),(-1+1j),(-1+1j),(1+1j),(-1+1j),(1+1j),(-1-1j),(-1+1j),(-1+1j),(-1-1j),(-1+1j),(-1+1j),(-1-1j),(-1-1j),(-1-1j),(-1-1j),(1+1j),(-1-1j),(1+1j),(-1-1j),(-1-1j),(-1+1j),(-1-1j),(-1+1j),(-1-1j),(-1+1j),(-1-1j),(1+1j),(-1-1j),(-1+1j),(-1-1j),(-1+1j),(-1-1j),(-1-1j),(-1-1j),(1+1j),(-1-1j),(-1+1j),(1+1j),(-1+1j),(-1-1j),(-1-1j),(-1-1j),(1+1j),(1+1j),(-1+1j),(-1-1j),(1-1j),(-1-1j),(-1-1j),(-1-1j),(-1+1j),(-1-1j),(-1+1j),(-1+1j),(1+1j),(1-1j),(-1+1j),(-1-1j),(-1+1j),(-1+1j),(-1-1j),(-1-1j),(-1+1j),(-1+1j),(1+1j),(-1+1j),(-1+1j),(-1-1j),(-1+1j),(-1+1j),(-1-1j),(-1+1j),(-1+1j),(-1-1j),(-1-1j),(-1-1j),(-1-1j),(1+1j),(-1-1j),(-1-1j),(-1-1j),(-1-1j),(-1-1j),(1+1j),(1+1j),(1+1j),(-1-1j),(-1-1j),(-1-1j),(-1-1j),(-1+1j),(-1-1j),(-1+1j),(-1+1j),(-1-1j),(-1+1j),(-1+1j),(-1-1j),(-1-1j),(-1-1j),(-1-1j),(1+1j),(1+1j),(-1-1j),(-1-1j),(1-1j),(-1-1j),(1+1j),(-1-1j),(-1-1j),(-1-1j),(-1-1j),(1+1j),(-1-1j),(1+1j),(-1-1j),(1-1j),(-1-1j),(-1-1j),(-1-1j),(1+1j),(-1-1j),(1+1j),(-1-1j),(-1-1j),(-1+1j),(1-1j),(-1+1j),(1-1j),(-1-1j),(-1+1j),(1+1j),(-1+1j),(-1-1j),(-1-1j),(1+1j),(-1+1j),(-1-1j),(-1-1j),(-1-1j),(1+1j),(1+1j),(1+1j),(1+1j),(1-1j),(-1-1j),(1+1j),(1+1j),(-1-1j),(1+1j),(1+1j),(1+1j),(-1+1j),(-1-1j),(1+1j),(1+1j),(-1-1j),(1+1j),(1+1j),(1+1j),(1+1j),(-1+1j),(-1+1j),(1-1j),(1+1j),(-1-1j),(-1-1j),(1-1j),(-1-1j),(-1+1j),(1+1j),(1+1j),(-1+1j),(1+1j),(1+1j),(1-1j),(-1-1j),(-1-1j),(1+1j),(-1-1j),(-1-1j),(1-1j),(1-1j),(1-1j),(-1+1j),(1-1j),(-1+1j),(1+1j),(-1+1j),(-1+1j),(-1-1j),(-1-1j),(-1-1j),(-1-1j),(1+1j),(1+1j),(1+1j),(1+1j),(1+1j),(-1-1j),(1+1j),(-1+1j),(-1+1j),(-1+1j),(1-1j),(-1+1j),(-1-1j),(-1+1j),(-1+1j),(-1-1j),(-1-1j),(1+1j),(-1-1j),(-1+1j),(-1+1j),(-1-1j),(1+1j),(-1-1j),(1+1j),(-1-1j),(-1-1j),(1+1j),(1+1j),(1+1j),(1-1j),(-1+1j),(-1+1j),(-1-1j),(1-1j),(-1+1j),(-1-1j),(1+1j),(1-1j),(1-1j),(-1-1j),(-1+1j),(-1+1j),(-1-1j),(1+1j),(1+1j),(-1-1j),(1+1j),(1-1j),(1-1j),(-1+1j),(-1-1j),(-1-1j),(-1-1j),(-1-1j),(1+1j),(1-1j),(-1+1j),(-1+1j),(1+1j),(1+1j),(1-1j),(-1+1j),(-1-1j),(1+1j),(1-1j),(1+1j),(1+1j),(1+1j),(-1+1j),(-1+1j),(-1-1j),(1+1j),(1+1j),(-1+1j),(1+1j),(-1+1j),(-1-1j),(-1+1j),(1-1j),(-1-1j),(-1+1j),(-1-1j),(1+1j),(-1+1j),(-1-1j),(1+1j),(1+1j),(-1-1j),(-1+1j),(-1+1j),(-1+1j),(1-1j),(-1+1j),(-1-1j),(1+1j),(-1+1j),(-1-1j),(1+1j),(-1-1j),(1+1j),(-1+1j),(-1-1j),(1+1j),(1+1j),(-1+1j),(-1-1j),(-1+1j),(1+1j),(-1-1j),(-1+1j),(-1-1j),(-1-1j),(1-1j),(1+1j),(-1+1j),(-1+1j),(-1+1j),(1-1j),(-1+1j),(-1-1j),(-1-1j),(1+1j),(1-1j),(1-1j),(-1+1j),(-1-1j),(-1-1j),(-1+1j),(1+1j),(-1-1j),(1+1j),(-1+1j),(-1-1j),(1+1j),(1-1j),(-1-1j),(-1+1j),(1+1j),(-1+1j),(1+1j),(-1-1j),(1+1j),(1-1j),(1-1j),(-1-1j),(-1-1j),(1+1j),(1+1j),(-1-1j),(1-1j),(1+1j),(1+1j),(1-1j),(1-1j),(-1-1j),(-1+1j),(1-1j),(-1+1j),(-1-1j),(-1+1j),(-1+1j),(-1-1j),(-1-1j),(1+1j),(-1-1j),(1-1j),(1-1j),(-1-1j),(1-1j),(-1+1j),(-1-1j),(-1+1j),(-1+1j),(-1-1j),(-1-1j),(1+1j),(-1-1j),(1-1j),(1-1j),(-1-1j),(1-1j),(1+1j),(1+1j),(-1+1j),(-1+1j),(1+1j),(-1+1j),(-1+1j),(-1+1j),(-1+1j),(-1-1j),(1+1j),(1+1j),(-1+1j),(1-1j),(1-1j),(-1+1j),(-1-1j),(-1-1j),(-1+1j),(-1-1j),(1+1j),(-1-1j),(-1+1j),(1+1j),(1+1j),(1-1j),(1+1j),(-1+1j),(-1+1j),(-1-1j),(-1-1j),(-1-1j),(1+1j),(-1-1j),(-1+1j),(1-1j),(1+1j),(-1-1j),(-1+1j),(-1-1j),(1+1j),(1-1j),(-1+1j),(-1-1j),(-1-1j),(1+1j),(1-1j),(1-1j),(1-1j),(-1-1j),(-1-1j),(-1-1j),(-1-1j),(1+1j),(1+1j),(1+1j),(1+1j),(-1+1j),(-1-1j),(1-1j),(1-1j),(1-1j),(-1+1j),(-1-1j),(1-1j),(-1-1j),(1-1j),(1-1j),(-1+1j),(1-1j),(-1-1j),(1+1j),(1+1j),(1+1j),(-1+1j),(-1-1j),(-1-1j),(-1-1j),(-1+1j),(1-1j),(-1+1j),(-1-1j),(1+1j),(-1+1j),(-1-1j),(1+1j),(-1-1j),(1+1j),(1-1j),(-1-1j),(1+1j),(1+1j),(-1-1j),(-1+1j),(-1+1j),(-1-1j),(-1-1j),(1+1j),(-1+1j),(1+1j),(1-1j),(-1-1j),(1-1j),(1+1j),(1-1j),(1+1j),(1-1j),(1+1j),(1-1j),(1+1j),(-1+1j),(-1+1j),(1-1j),(1+1j),(-1+1j),(-1-1j),(-1-1j),(1-1j),(1-1j),(1-1j),(-1-1j),(-1-1j),(1+1j),(-1+1j),(-1-1j),(1+1j),(-1-1j),(1+1j),(1-1j),(1+1j),(1+1j),(1+1j),(1+1j),(1+1j),(1-1j),(1-1j),(1-1j),(-1-1j),(-1-1j),(1-1j),(1-1j),(1+1j),(1+1j),(1+1j),(1+1j),(1-1j),(1-1j),(-1+1j),(-1-1j),(-1-1j),(1+1j),(1-1j),(1-1j),(1-1j),(1-1j),(1+1j),(-1+1j),(1-1j),(1+1j),(1-1j),(1-1j),(1-1j),(1-1j),(1-1j),(1+1j),(1+1j),(1+1j),(1+1j),(1-1j),(1-1j),(-1+1j),(-1-1j),(1+1j),(1+1j),(1+1j),(1+1j),(1+1j),(1+1j),(-1-1j),(-1+1j),(-1+1j),(1-1j),(1+1j),(-1-1j),(1+1j),(1+1j),(1+1j),(1-1j),(-1+1j),(-1+1j),(1+1j),(1-1j),(1+1j),(1-1j),(1-1j),(1-1j),(1-1j),(-1-1j),(1-1j),(-1-1j),(-1+1j),(1-1j),(-1+1j),(1+1j),(1+1j),(1+1j),(1+1j),(1-1j),(1+1j),(1-1j),(1-1j),(1+1j),(1-1j),(1+1j),(-1-1j),(1+1j),(1-1j),(1+1j),(-1+1j),(1-1j),(1-1j),(1-1j),(-1+1j),(1+1j),(1+1j),(1+1j),(1+1j),(1+1j),(1-1j),(1-1j),(-1+1j),(-1+1j),(1+1j),(-1-1j),(1+1j),(1+1j),(1+1j),(1+1j),(1+1j),(1-1j),(1-1j),(1-1j),(-1+1j),(1-1j),(1+1j),(1-1j),(1+1j),(1+1j),(1+1j),(1-1j),(-1-1j),(1-1j),(1-1j),(1-1j),(1-1j),(-1-1j),(-1-1j),(-1+1j),(1+1j),(-1+1j),(-1+1j),(1-1j),(1+1j),(1+1j),(1-1j),(-1-1j),(1+1j),(1+1j),(-1+1j),(1-1j),(-1+1j),(1+1j),(1+1j),(1+1j),(1+1j),(1+1j),(-1+1j),(1+1j),(1-1j),(1+1j),(1+1j),(1-1j),(1-1j),(1+1j),(-1-1j),(1+1j),(1+1j),(1-1j),(-1+1j),(1-1j),(-1+1j),(1-1j),(1+1j),(1+1j),(1+1j),(1+1j),(1+1j),(-1+1j),(1+1j),(1-1j),(1-1j),(1-1j),(1-1j),(1-1j),(1+1j),(1+1j),(-1-1j),(1-1j),(1-1j),(-1+1j),(-1+1j),(1+1j),(-1+1j),(1+1j),(1+1j),(1+1j),(1-1j),(1+1j),(1+1j),(1+1j),(1-1j),(1+1j),(-1-1j),(1+1j),(1-1j),(1-1j),(1-1j),(1-1j),(-1-1j),(-1-1j),(1-1j),(1-1j),(1-1j),(-1+1j),(-1+1j),(-1-1j),(-1-1j),(1+1j),(1+1j),(1+1j),(1+1j),(1-1j),(1+1j),(-1-1j),(1+1j),(1+1j),(1+1j),(1+1j),(1+1j),(1-1j),(1+1j),(1-1j),(1-1j),(-1+1j),(-1+1j),(-1-1j),(1+1j),(1+1j),(1+1j),(1+1j),(1-1j),(1-1j),(1+1j),(1-1j),(-1-1j),(1+1j),(1+1j),(1+1j),(1+1j),(1-1j),(1-1j),(1-1j),(1+1j),(-1+1j),(-1+1j),(-1-1j),(1+1j),(-1-1j),(-1+1j),(-1-1j),(-1+1j),(1-1j),(1-1j),(-1+1j),(1-1j),(1+1j),(1-1j),(1+1j),(1+1j),(-1-1j),(1+1j),(1-1j),(1+1j),(1-1j),(-1-1j),(1-1j),(1-1j),(1+1j),(1+1j),(-1+1j),(1+1j),(1-1j),(-1-1j),(1-1j),(1-1j),(1-1j),(1-1j),(1+1j),(1+1j),(1+1j),(-1+1j),(1+1j),(-1+1j),(1+1j),(1-1j),(1-1j),(1-1j),(1-1j),(-1-1j),(-1+1j),(1+1j),(-1+1j),(1-1j),(1-1j),(1+1j),(-1-1j),(1+1j),(1+1j),(1+1j),(-1+1j),(1+1j),(-1+1j),(-1+1j),(1+1j),(1-1j),(-1-1j),(-1+1j),(1+1j),(1+1j),(-1+1j),(-1-1j),(-1-1j),(-1+1j),(1+1j),(1-1j),(-1-1j),(1+1j),(1+1j),(1-1j),(-1-1j),(-1+1j),(1+1j),(1+1j),(-1+1j),(1+1j),(1+1j),(-1+1j),(-1+1j),(1+1j),(1+1j),(1+1j),(-1-1j),(1-1j),(-1-1j),(-1+1j),(-1+1j),(1-1j),(-1+1j),(1-1j),(1+1j),(-1-1j),(-1-1j),(1+1j),(-1+1j),(1-1j),(-1+1j),(1+1j),(1-1j),(1-1j),(-1+1j),(-1+1j),(1+1j),(-1+1j),(1-1j),(1+1j),(-1-1j),(-1-1j),(1-1j),(1-1j),(1-1j),(1+1j),(-1+1j),(-1-1j),(-1+1j),(1-1j),(1+1j),(1+1j),(1-1j),(1+1j),(1-1j),(1+1j),(1+1j),(1+1j),(1+1j),(-1+1j),(1+1j),(1+1j),(1+1j),(1+1j),(1-1j),(1+1j),(1+1j),(1-1j),(1-1j),(-1+1j),(1-1j),(-1+1j),(-1+1j),(1+1j),(1-1j),(1-1j),(1-1j),(1-1j),(1-1j),(1+1j),(-1-1j),(-1-1j),(-1-1j),(1-1j),(1+1j),(1+1j),(1+1j),(-1-1j),(1+1j),(-1-1j),(1+1j),(1+1j),(1+1j),(-1-1j),(-1-1j),(1+1j),(1+1j),(1+1j),(-1-1j),(-1+1j),(-1-1j),(1+1j),(1+1j),(-1-1j),(1+1j),(1+1j),(-1+1j),(1-1j),(-1-1j),(1+1j),(-1-1j),(1+1j),(-1-1j),(1+1j),(-1-1j),(1-1j),(1+1j),(1+1j),(-1+1j),(1+1j),(-1+1j),(-1+1j),(1-1j),(-1-1j),(1+1j),(1+1j),(1-1j),(1-1j),(1-1j),(-1-1j),(-1-1j),(1-1j),(-1-1j),(-1-1j),(1+1j),(1-1j),(1+1j),(1-1j),(1-1j),(1+1j),(-1-1j),(1+1j),(1+1j),(1+1j),(1+1j),(-1-1j),(1+1j),(1+1j),(1+1j),(1-1j),(1-1j),(1-1j),(1-1j),(1+1j),(1-1j),(1+1j),(-1+1j),(-1+1j),(-1+1j),(-1+1j),(-1+1j),(1+1j),(1+1j),(1+1j),(1-1j),(1-1j),(-1+1j),(1+1j),(-1-1j),(-1-1j),(-1-1j),(1-1j),(-1-1j),(1-1j),(1-1j),(1+1j),(-1+1j),(1+1j),(1+1j),(1+1j),(1-1j),(-1+1j),(1-1j),(1+1j),(1+1j),(-1+1j),(-1+1j),(-1+1j),(-1+1j),(-1+1j),(1-1j),(1-1j),(1+1j),(1+1j),(-1+1j),(1+1j),(-1-1j),(1+1j),(1+1j),(1-1j),(-1+1j),(1-1j),(-1+1j),(-1-1j),(1-1j),(-1+1j),(-1+1j),(1-1j),(-1+1j),(-1-1j),(1+1j),(-1-1j),(1+1j),(1-1j),(1-1j),(-1+1j),(1+1j),(1+1j),(-1-1j),(1+1j),(1+1j),(-1-1j),(1+1j),(-1-1j),(-1-1j),(-1+1j),(1-1j),(1+1j),(-1-1j),(-1+1j),(1+1j),(1+1j),(-1-1j),(1+1j),(1+1j),(1+1j),(1+1j),(1-1j),(-1-1j),(1+1j),(-1-1j),(1+1j),(1-1j),(1-1j),(-1-1j),(-1-1j),(1-1j),(1-1j),(-1+1j),(1+1j),(1-1j),(1-1j),(1+1j),(-1-1j),(1-1j),(-1+1j),(1-1j),(1-1j),(1-1j),(-1+1j),(1+1j),(1-1j),(1+1j),(-1-1j),(-1+1j),(1-1j),(1-1j),(1-1j),(1-1j),(1-1j),(-1+1j),(1-1j),(1+1j),(1+1j),(-1+1j),(1-1j),(-1+1j),(1+1j),(1+1j),(-1+1j),(1-1j),(1-1j),(1-1j),(-1-1j),(-1+1j),(-1+1j),(1-1j),(-1+1j),(-1+1j),(-1-1j),(-1+1j),(-1+1j),(-1-1j),(-1-1j),(-1+1j),(1-1j),(1-1j),(-1-1j),(1+1j),(-1+1j),(1-1j),(1-1j),(-1-1j),(1-1j),(-1-1j),(1+1j),(1+1j),(1-1j),(1-1j),(-1-1j),(-1-1j),(1-1j),(1-1j),(-1-1j),(1+1j),(1-1j),(1-1j),(1-1j),(-1-1j),(1+1j),(-1+1j),(-1+1j),(1+1j),(-1+1j),(-1+1j),(1+1j),(-1-1j),(1+1j),(1-1j),(-1-1j),(-1+1j),(1-1j),(1-1j),(-1-1j),(1+1j),(-1-1j),(1+1j),(-1+1j),(-1+1j),(-1-1j),(1+1j),(1-1j),(1-1j),(-1-1j),(1+1j),(1-1j),(-1-1j),(-1+1j),(1+1j),(1+1j),(1-1j),(1-1j),(-1+1j),(1-1j),(1-1j),(-1-1j),(1+1j),(-1-1j),(-1-1j),(1+1j),(1-1j),(-1+1j),(1-1j),(-1+1j),(-1+1j),(1-1j),(-1-1j),(-1-1j),(1+1j),(-1+1j),(-1+1j),(1-1j),(-1-1j),(1-1j),(-1-1j),(-1-1j),(-1-1j),(1-1j),(1-1j),(1+1j),(-1-1j),(-1-1j),(1+1j),(-1+1j),(-1+1j),(-1+1j),(1+1j),(-1+1j),(1+1j),(-1+1j),(1+1j),(-1+1j),(-1-1j),(-1+1j),(1-1j),(1-1j),(1-1j),(-1+1j),(-1-1j),(-1+1j),(1-1j),(-1-1j),(-1+1j),(-1-1j),(-1+1j),(-1+1j),(1+1j),(-1+1j),(1-1j),(-1+1j),(1-1j),(-1-1j),(1+1j),(1-1j),(-1+1j),(1-1j),(1-1j),(-1-1j),(1-1j),(1-1j),(-1-1j),(-1-1j),(1-1j),(1-1j),(-1-1j),(1+1j),(1-1j),(-1-1j),(1-1j),(1-1j),(-1-1j),(1+1j),(1-1j),(1-1j),(-1-1j),(-1+1j),(1+1j),(1-1j),(1-1j),(-1-1j),(1-1j),(-1+1j),(1-1j),(1-1j),(-1+1j),(1+1j),(1-1j),(1-1j),(-1-1j),(-1-1j),(-1-1j),(-1-1j),(1-1j),(1-1j),(1+1j),(-1-1j),(-1+1j),(-1-1j),(-1-1j),(-1+1j),(1-1j),(1+1j),(1+1j),(-1+1j),(-1+1j),(-1+1j),(-1+1j),(-1+1j),(1-1j),(1-1j),(1+1j),(1+1j),(-1+1j),(1+1j),(1+1j),(-1-1j),(1+1j),(-1-1j),(-1+1j),(1+1j),(1-1j),(1-1j),(-1-1j),(1+1j),(1-1j),(1+1j),(1-1j),(1+1j),(-1+1j),(1+1j),(-1+1j),(1-1j),(1-1j),(-1-1j),(1+1j),(1-1j),(-1-1j),(1+1j),(1+1j),(-1-1j),(1+1j),(1-1j),(-1-1j),(1-1j),(1-1j),(-1-1j),(-1+1j),(-1+1j),(-1-1j),(1+1j),(-1+1j),(1-1j),(1-1j),(1-1j),(-1-1j),(1+1j),(1-1j),(-1+1j),(1-1j),(1-1j),(-1-1j),(1+1j),(-1+1j),(1-1j),(-1-1j),(1+1j),(1-1j),(1-1j),(1-1j),(-1-1j),(-1-1j),(1+1j),(-1-1j),(-1-1j),(1+1j),(-1-1j),(1-1j),(1-1j),(-1-1j),(-1+1j),(1+1j),(-1-1j),(-1-1j),(1-1j),(1-1j),(-1-1j),(-1+1j),(-1+1j),(1+1j),(1+1j),(1+1j),(1+1j),(-1-1j),(-1-1j),(1+1j),(-1+1j),(1+1j),(1-1j),(-1-1j),(1-1j),(-1-1j),(1-1j),(1+1j),(1+1j),(-1-1j),(1+1j),(-1-1j),(-1-1j),(1+1j),(1+1j),(1+1j),complex_number
