5_134564971_134581679,(1-1j),(1-1j),(1-1j),(1-1j),(-1+1j),(-1+1j),(-1-1j),(1+1j),(1+1j),(-1-1j),(-1+1j),(-1+1j),(1-1j),(1-1j),(-1+1j),(1-1j),(-1+1j),(1-1j),(1-1j),(1-1j),(1+1j),(-1-1j),(1+1j),(-1-1j),(-1+1j),(-1+1j),(-1-1j),(1+1j),(1+1j),(-1-1j),(-1+1j),(1+1j),(-1-1j),(-1+1j),(1-1j),(-1-1j),(1-1j),(-1+1j),(1-1j),(1+1j),(1-1j),(-1-1j),(1-1j),(1-1j),(1+1j),(1-1j),(-1-1j),(1+1j),(-1+1j),(-1-1j),(1+1j),(1-1j),(-1-1j),(1+1j),(1-1j),(-1+1j),(-1+1j),(1-1j),(1+1j),(1-1j),(-1-1j),(1-1j),(1+1j),(1-1j),(-1-1j),(1-1j),(-1+1j),(1-1j),(1+1j),(1+1j),(1+1j),(1-1j),(-1-1j),(1+1j),(1+1j),(1-1j),(-1-1j),(1-1j),(1-1j),(1-1j),(1+1j),(1-1j),(-1-1j),(1+1j),(1+1j),(1-1j),(-1-1j),(-1+1j),(1+1j),(1+1j),(1+1j),(1+1j),(1-1j),(-1-1j),(1-1j),(1+1j),(1-1j),(-1-1j),(1+1j),(1-1j),(-1-1j),(1-1j),(1+1j),(-1-1j),(1-1j),(-1-1j),(1-1j),(1+1j),(1-1j),(-1+1j),(-1-1j),(1-1j),(-1-1j),(-1+1j),(1+1j),(1+1j),(1+1j),(1-1j),(-1-1j),(1+1j),(1+1j),(1-1j),(-1-1j),(-1+1j),(1-1j),(-1+1j),(1+1j),(1+1j),(1+1j),(-1-1j),(1+1j),(-1+1j),(1+1j),(-1+1j),(1+1j),(1-1j),(1+1j),(-1+1j),(-1-1j),(1+1j),(1+1j),(-1-1j),(-1+1j),(-1+1j),(1+1j),(-1+1j),(1+1j),(1+1j),(-1+1j),(-1+1j),(1+1j),(1+1j),(1+1j),(1+1j),(1+1j),(-1+1j),(-1+1j),(1-1j),(1-1j),(-1+1j),(1+1j),(1-1j),(1-1j),(-1+1j),(-1+1j),(-1+1j),(1-1j),(1-1j),(1+1j),(-1-1j),(-1-1j),(1+1j),(1+1j),(1-1j),(1+1j),(1+1j),(1-1j),(-1+1j),(1+1j),(1+1j),(1+1j),(-1-1j),(1-1j),(1-1j),(1-1j),(-1+1j),(1-1j),(1-1j),(1-1j),(-1-1j),(-1+1j),(-1+1j),(-1-1j),(1-1j),(1-1j),(1-1j),(1+1j),(1-1j),(1-1j),(1-1j),(1-1j),(1-1j),(-1+1j),(-1-1j),(-1-1j),(-1+1j),(1-1j),(1-1j),(-1+1j),(1+1j),(-1+1j),(-1+1j),(1+1j),(-1+1j),(1-1j),(1-1j),(1+1j),(1-1j),(1-1j),(1-1j),(1-1j),(1-1j),(-1+1j),(-1-1j),(-1-1j),(1-1j),(-1-1j),(1-1j),(1+1j),(1-1j),(-1+1j),(1+1j),(-1-1j),(-1+1j),(1+1j),(-1+1j),(1-1j),(-1-1j),(1+1j),(-1+1j),(1-1j),(1-1j),(1-1j),(1-1j),(-1+1j),(1+1j),(-1+1j),(1-1j),(-1-1j),(1-1j),(1+1j),(1+1j),(-1-1j),(1-1j),(1-1j),(-1+1j),(1-1j),(-1-1j),(1-1j),(1+1j),(1-1j),(1-1j),(-1+1j),(-1+1j),(-1+1j),(1-1j),(1-1j),(1+1j),(-1-1j),(-1-1j),(1+1j),(1+1j),(-1+1j),(-1-1j),(1-1j),(-1+1j),(1-1j),(1-1j),(1-1j),(1-1j),(-1-1j),(1+1j),(1+1j),(-1+1j),(1-1j),(1-1j),(-1+1j),(1-1j),(1-1j),(-1+1j),(-1-1j),(-1+1j),(-1+1j),(1-1j),(1-1j),(1-1j),(1-1j),(1+1j),(-1+1j),(1-1j),(1-1j),(-1+1j),(-1-1j),(-1-1j),(-1+1j),(-1-1j),(-1-1j),(1-1j),(1+1j),(1-1j),(-1+1j),(-1-1j),(-1+1j),(1+1j),(1-1j),(1-1j),(-1-1j),(1+1j),(-1+1j),(1-1j),(1-1j),(1-1j),(1-1j),(-1+1j),(-1-1j),(-1+1j),(-1-1j),(-1+1j),(1-1j),(1-1j),(-1+1j),(-1-1j),(-1+1j),(-1+1j),(1-1j),(1-1j),(1+1j),(1-1j),(1+1j),(-1+1j),(1-1j),(1-1j),(-1+1j),(-1-1j),(-1-1j),(-1+1j),(-1-1j),(-1-1j),(1+1j),(1+1j),(1-1j),(-1+1j),(1+1j),(-1-1j),(-1+1j),(-1-1j),(1-1j),(1-1j),(-1-1j),(1+1j),(-1+1j),(1-1j),(1-1j),(1-1j),(1-1j),(-1+1j),(-1-1j),(-1+1j),(1-1j),(-1-1j),(1-1j),(1+1j),(1+1j),(-1-1j),(-1+1j),(1-1j),(-1+1j),(1-1j),(-1-1j),(-1+1j),(1+1j),(1-1j),(1-1j),(-1+1j),(-1+1j),(-1+1j),(1-1j),(1-1j),(1-1j),(-1-1j),(-1-1j),(1+1j),(1+1j),(1-1j),(-1-1j),(1+1j),(-1+1j),(1-1j),(1-1j),(1-1j),(1-1j),(-1-1j),(1+1j),(-1-1j),(-1+1j),(1+1j),(-1-1j),(1+1j),(1+1j),(1+1j),(1+1j),(-1+1j),(1-1j),(1-1j),(1+1j),(-1+1j),(-1-1j),(-1+1j),(1-1j),(-1-1j),(-1+1j),(-1-1j),(-1+1j),(1-1j),(-1+1j),(-1+1j),(-1+1j),(1-1j),(1-1j),(1+1j),(-1-1j),(-1-1j),(1+1j),(1+1j),(-1+1j),(-1-1j),(-1-1j),(-1+1j),(1-1j),(1-1j),(1-1j),(1-1j),(1-1j),(-1-1j),(1-1j),(1+1j),(-1-1j),(-1+1j),(1-1j),(1-1j),(-1+1j),(-1-1j),(1-1j),(-1+1j),(-1-1j),(1-1j),(-1-1j),(-1+1j),(1-1j),(-1+1j),(1-1j),(-1-1j),(-1+1j),(1+1j),(1-1j),(-1+1j),(-1+1j),(-1+1j),(-1+1j),(1-1j),(1-1j),(1+1j),(-1-1j),(-1-1j),(-1-1j),(1+1j),(-1+1j),(1+1j),(1-1j),(-1+1j),(1-1j),(1-1j),(1-1j),(-1+1j),(-1-1j),(1+1j),(-1-1j),(-1+1j),(1-1j),(1-1j),(-1+1j),(1-1j),(-1+1j),(-1+1j),(-1+1j),(1-1j),(-1-1j),(1-1j),(1-1j),(1-1j),(1-1j),(1-1j),(1-1j),(-1+1j),(1-1j),(1-1j),(1-1j),(1-1j),(-1+1j),(1-1j),(-1+1j),(1-1j),(1-1j),(1-1j),(-1-1j),(-1+1j),(1+1j),(-1+1j),(1-1j),(-1+1j),(-1-1j),(1+1j),(1-1j),(-1-1j),(-1-1j),(1-1j),(-1-1j),(-1+1j),(1+1j),(1-1j),(-1-1j),(-1+1j),(1-1j),(-1+1j),(1+1j),(1-1j),(-1+1j),(1-1j),(1-1j),(1-1j),(1-1j),(1+1j),(1-1j),(1+1j),(1-1j),(1-1j),(1-1j),(1+1j),(-1+1j),(1+1j),(1-1j),(-1+1j),(1-1j),(1-1j),(1-1j),(-1-1j),(-1-1j),(-1-1j),(-1-1j),(-1-1j),(1+1j),(1-1j),(1+1j),(1-1j),(1-1j),(-1-1j),(-1+1j),(1-1j),(-1+1j),(1-1j),(1-1j),(-1-1j),(1-1j),(1+1j),(-1-1j),(1+1j),(-1-1j),(-1+1j),(1-1j),(-1-1j),(1+1j),(1+1j),(1+1j),(1-1j),(1+1j),(1+1j),(-1-1j),(-1-1j),(1+1j),(1+1j),(1+1j),(1+1j),(-1-1j),(1+1j),(-1-1j),(1+1j),(1+1j),(1+1j),(1-1j),(1-1j),(1+1j),(-1+1j),(1+1j),(1-1j),(-1-1j),(-1+1j),(1-1j),(1+1j),(1-1j),(-1-1j),(-1-1j),(-1+1j),(-1+1j),(-1+1j),(-1+1j),(1+1j),(1-1j),(1-1j),(1+1j),(1+1j),(1+1j),(1+1j),(1+1j),(-1+1j),(-1+1j),(1-1j),(1-1j),(1-1j),(-1+1j),(1-1j),(-1+1j),(-1+1j),(-1+1j),(-1+1j),(-1+1j),(1-1j),(1-1j),(-1+1j),(1+1j),(1+1j),(1+1j),(1+1j),(1+1j),(-1-1j),(-1-1j),(1+1j),(1+1j),(1+1j),(1+1j),(-1-1j),(-1-1j),(-1-1j),(1-1j),(-1-1j),(-1+1j),(-1+1j),(1+1j),(1-1j),(1+1j),(-1-1j),(-1-1j),(1+1j),(1+1j),(1+1j),(1+1j),(1+1j),(1+1j),(1-1j),(1-1j),(1+1j),(1+1j),(1+1j),(1+1j),(1+1j),(-1-1j),(1+1j),(1-1j),(1-1j),(1+1j),(-1+1j),(1+1j),(1-1j),(-1+1j),(1+1j),(1+1j),(-1-1j),(-1+1j),(1-1j),(1+1j),(-1+1j),(1+1j),(-1+1j),(1+1j),(1-1j),(1+1j),(1+1j),(1-1j),(1+1j),(1-1j),(-1+1j),(-1-1j),(-1+1j),(-1+1j),(1+1j),(1+1j),(1+1j),(-1-1j),(-1+1j),(1-1j),(-1+1j),(-1-1j),(1-1j),(-1+1j),(-1+1j),(-1-1j),(-1+1j),(1+1j),(1-1j),(1-1j),(-1+1j),(-1+1j),(1+1j),(1+1j),(-1-1j),(1+1j),(1-1j),(-1+1j),(1-1j),(1+1j),(-1-1j),(-1-1j),(1+1j),(1+1j),(1-1j),(-1-1j),(1-1j),(-1+1j),(-1-1j),(1-1j),(1-1j),(-1-1j),(-1+1j),(-1+1j),(-1-1j),(1-1j),(-1+1j),(-1+1j),(1+1j),(1-1j),(1+1j),(1-1j),(-1+1j),(-1+1j),(1-1j),(1-1j),(-1+1j),(1+1j),(1+1j),(1-1j),(-1+1j),(1-1j),(-1-1j),(1-1j),(1+1j),(-1-1j),(-1-1j),(1+1j),(1+1j),(-1+1j),(-1+1j),(-1-1j),(-1-1j),(-1-1j),(1-1j),(-1+1j),(1-1j),(1-1j),(-1-1j),(1+1j),(-1+1j),(-1-1j),(1+1j),(1+1j),(-1-1j),(1+1j),(1-1j),(1+1j),(-1+1j),(1-1j),(1+1j),(-1+1j),(-1+1j),(1+1j),(-1-1j),(1+1j),(1+1j),(1+1j),(1+1j),(-1-1j),(-1-1j),(1-1j),(-1+1j),(-1+1j),(1-1j),(1-1j),(-1+1j),(-1+1j),(-1+1j),(1+1j),(1-1j),(1-1j),(1-1j),(1-1j),(1+1j),(1+1j),(-1+1j),(1-1j),(-1-1j),(1-1j),(1+1j),(-1-1j),(-1+1j),(1-1j),(1-1j),(-1-1j),(-1+1j),(-1+1j),(1-1j),(1+1j),(-1+1j),(1-1j),(-1-1j),(1-1j),(1+1j),(1-1j),(-1+1j),(1-1j),(-1-1j),(-1-1j),(-1-1j),(1-1j),(1-1j),(1+1j),(-1-1j),(-1+1j),(1+1j),(1+1j),(-1+1j),(1-1j),(-1+1j),(1-1j),(-1+1j),(-1+1j),(-1-1j),(1+1j),(1+1j),(-1-1j),(1-1j),(1+1j),(-1+1j),(-1+1j),(1+1j),(1+1j),(1+1j),(1-1j),(-1-1j),(-1+1j),(-1+1j),(-1+1j),(1-1j),(-1-1j),(-1-1j),(-1+1j),(1-1j),(1-1j),(-1-1j),(1+1j),(1-1j),(1+1j),(1-1j),(1-1j),(1-1j),(1-1j),(1-1j),(1-1j),(1+1j),(1+1j),(-1+1j),(-1+1j),(-1-1j),(1+1j),(1+1j),(-1+1j),(1-1j),(1-1j),(1-1j),(1-1j),(-1+1j),(1-1j),(-1-1j),(1-1j),(-1+1j),(1+1j),(-1+1j),(-1-1j),(-1+1j),(-1+1j),(1+1j),(1-1j),(1-1j),(1-1j),(1-1j),(1+1j),(-1+1j),(1-1j),(-1-1j),(1-1j),(1-1j),(1-1j),(-1+1j),(-1-1j),(-1-1j),(-1+1j),(-1+1j),(1-1j),(-1-1j),(-1-1j),(1-1j),(1+1j),(1-1j),(1-1j),(1-1j),(1+1j),(1-1j),(1-1j),(-1-1j),(1+1j),(1-1j),(-1-1j),(1-1j),(1-1j),(-1+1j),(1-1j),(-1+1j),(-1+1j),(1+1j),(-1+1j),(1+1j),(-1-1j),(-1+1j),(-1+1j),(1-1j),(-1-1j),(1+1j),(1+1j),(-1-1j),(-1+1j),(-1+1j),(1-1j),(-1-1j),(1+1j),(1-1j),(-1+1j),(-1+1j),(-1+1j),(1-1j),(1-1j),(-1+1j),(1-1j),(1+1j),(1+1j),(1+1j),(-1-1j),(-1+1j),(1+1j),(1-1j),(-1+1j),(1-1j),(1-1j),(1-1j),(1-1j),(1-1j),(-1+1j),(-1+1j),(1+1j),(-1+1j),(1+1j),(-1-1j),(1+1j),(1+1j),(1-1j),(1+1j),(1+1j),(1-1j),(-1+1j),(1+1j),(-1-1j),(-1+1j),(1-1j),(1-1j),(-1+1j),(-1-1j),(1-1j),(-1+1j),(-1+1j),(1-1j),(-1+1j),(-1+1j),(-1-1j),(-1+1j),(-1+1j),(-1-1j),(1+1j),(-1-1j),(-1-1j),(-1+1j),(-1+1j),(1+1j),(-1+1j),(-1+1j),(-1-1j),(-1+1j),(1-1j),(-1+1j),(1-1j),(1-1j),(1+1j),(1-1j),(1-1j),(-1-1j),(1+1j),(-1+1j),(-1+1j),(-1+1j),(1+1j),(-1-1j),(-1+1j),(1-1j),(1-1j),(1-1j),(1+1j),(-1-1j),(-1+1j),(1-1j),(1-1j),(-1+1j),(1-1j),(1-1j),(-1+1j),(1-1j),(-1-1j),(-1-1j),(-1-1j),(-1-1j),(1-1j),(1-1j),(1+1j),(1-1j),(1-1j),(-1-1j),(-1+1j),(1-1j),(1-1j),(-1+1j),(-1-1j),(1-1j),(-1+1j),(-1-1j),(-1+1j),(-1+1j),(1+1j),(1+1j),(1+1j),(-1+1j),(1+1j),(1+1j),(-1+1j),(1+1j),(1+1j),(1-1j),(1-1j),(1-1j),(-1-1j),(1+1j),(1+1j),(1-1j),(-1-1j),(-1-1j),(1-1j),(-1-1j),(1-1j),(1+1j),(1+1j),(1+1j),(-1-1j),(-1+1j),(-1+1j),(1-1j),(-1-1j),(1-1j),(1-1j),(-1-1j),(1+1j),(-1+1j),(-1+1j),(1-1j),(1-1j),(-1-1j),(1+1j),(-1+1j),(1+1j),(1-1j),(-1+1j),(1+1j),(1-1j),(1-1j),(-1-1j),(1-1j),(-1-1j),(1-1j),(1-1j),(-1-1j),(1-1j),(-1-1j),(-1-1j),(-1+1j),(1-1j),(-1+1j),(-1+1j),(1+1j),(-1+1j),(1+1j),(-1+1j),(-1+1j),(1+1j),(-1+1j),(1-1j),(1-1j),(1-1j),(-1-1j),(1+1j),(1-1j),(-1+1j),(1+1j),(1+1j),(1-1j),(1-1j),(-1+1j),(1+1j),(1-1j),(-1+1j),(1-1j),(-1-1j),(-1-1j),(-1+1j),(-1+1j),(1+1j),(-1+1j),(1-1j),(1-1j),(1-1j),(-1+1j),(-1+1j),(-1+1j),(-1-1j),(1-1j),(-1-1j),(-1-1j),(-1-1j),(-1+1j),(1-1j),(-1-1j),(1+1j),(1-1j),(1-1j),(-1-1j),(1+1j),(1+1j),(1+1j),(1+1j),(1-1j),(1-1j),(1+1j),(1+1j),(-1+1j),(1-1j),(1-1j),(-1+1j),(1+1j),(1-1j),(1-1j),(1+1j),(1-1j),(1-1j),(-1+1j),(-1+1j),(1-1j),(-1-1j),(1-1j),(-1+1j),(1+1j),(1-1j),(1-1j),(1+1j),(1-1j),(1+1j),(1+1j),(1-1j),(-1-1j),(1-1j),(-1+1j),(1+1j),(1-1j),(1-1j),(1+1j),(-1-1j),(-1+1j),(1-1j),(-1+1j),(1-1j),(1-1j),(1-1j),(-1+1j),(-1-1j),(1+1j),(-1+1j),(1+1j),(1+1j),(-1-1j),(1-1j),(-1+1j),(-1+1j),(1+1j),(1-1j),(1-1j),(1-1j),(-1-1j),(1+1j),(-1+1j),(1-1j),(-1+1j),(1-1j),(-1-1j),(-1-1j),(1+1j),(1-1j),(-1-1j),(1-1j),(-1+1j),(1-1j),(1+1j),(1+1j),(-1+1j),(1+1j),(-1-1j),(1+1j),(1-1j),(-1-1j),(-1+1j),(1+1j),(1+1j),(1+1j),(1+1j),(1-1j),(-1-1j),(-1-1j),(1+1j),(1-1j),(-1+1j),(1-1j),(1-1j),(-1+1j),(-1-1j),(1-1j),(-1-1j),(-1+1j),(-1+1j),(1+1j),(1+1j),(1-1j),(1-1j),(1-1j),(-1-1j),(1-1j),(-1-1j),(-1+1j),(1+1j),(-1+1j),(1+1j),(1+1j),(1+1j),(1+1j),(-1+1j),(1-1j),(-1+1j),(1-1j),(1-1j),(1-1j),(-1-1j),(1+1j),(1+1j),(1+1j),(-1-1j),(-1+1j),(1-1j),(1-1j),(-1+1j),(-1-1j),(-1-1j),(-1+1j),(1+1j),(1-1j),(-1+1j),(1+1j),(1+1j),(1+1j),(-1+1j),(1-1j),(-1-1j),(1-1j),(-1-1j),(1-1j),(1-1j),(-1+1j),(-1+1j),(-1-1j),(1-1j),(1-1j),(-1-1j),(1-1j),(-1+1j),(-1+1j),(1+1j),(-1+1j),(1+1j),(-1-1j),(1-1j),(1+1j),(1+1j),(1-1j),(1+1j),(-1-1j),(-1+1j),(-1+1j),(1-1j),(1-1j),(-1+1j),(-1-1j),(-1-1j),(-1+1j),(1+1j),(-1+1j),(1-1j),(-1+1j),(-1+1j),(-1-1j),(1+1j),(1+1j),(-1-1j),(-1+1j),(-1-1j),(1+1j),(-1+1j),(1+1j),(1+1j),(1+1j),(-1+1j),(1+1j),(1+1j),(1-1j),(1+1j),(1-1j),(1-1j),(1-1j),(1-1j),(-1-1j),(-1+1j),(-1+1j),(1+1j),(-1-1j),(1+1j),(1+1j),(1+1j),(1+1j),(1-1j),(1-1j),(1-1j),(1-1j),(1-1j),(1-1j),(-1-1j),(1+1j),(1+1j),(-1+1j),(-1-1j),(-1-1j),(1-1j),(1+1j),(1+1j),(-1+1j),(-1+1j),(-1-1j),(1+1j),(1+1j),(-1-1j),(1-1j),(1-1j),(1+1j),(1-1j),(1-1j),(-1-1j),(1-1j),(-1-1j),(-1-1j),(-1+1j),(1-1j),(1+1j),(1+1j),(1+1j),(-1-1j),(-1-1j),(-1+1j),(1-1j),(1-1j),(-1+1j),(-1-1j),(-1+1j),(-1+1j),(1-1j),(-1+1j),(1+1j),(1+1j),(1-1j),(-1+1j),(-1+1j),(1+1j),(-1+1j),(1-1j),(1-1j),(1+1j),(-1-1j),(1+1j),(1+1j),(1+1j),(1+1j),(1+1j),(1-1j),(1+1j),(1-1j),(1-1j),(-1+1j),(1-1j),(1+1j),(-1+1j),(1-1j),(-1-1j),(-1+1j),(-1+1j),(1+1j),(-1+1j),(-1+1j),(1+1j),(1-1j),(-1-1j),(1+1j),(-1+1j),(1+1j),(1-1j),(1+1j),(1-1j),(1-1j),(1-1j),(1-1j),(1+1j),(1+1j),(-1-1j),(1-1j),(1-1j),(1-1j),(-1+1j),(-1+1j),(1-1j),(1-1j),(-1-1j),(1-1j),(-1-1j),(-1+1j),(1-1j),(-1-1j),(-1-1j),(1-1j),(-1-1j),(-1-1j),(1+1j),(1+1j),(-1-1j),(1-1j),(-1-1j),(-1-1j),(-1-1j),(-1+1j),(-1+1j),(1-1j),(1+1j),(-1-1j),(-1+1j),(1+1j),(1+1j),(1+1j),(1-1j),(-1+1j),(1+1j),(1+1j),(-1-1j),(-1-1j),(-1+1j),(-1+1j),(-1+1j),(-1+1j),(1+1j),(-1+1j),(-1+1j),(1-1j),(1-1j),(1-1j),(-1-1j),(-1+1j),(1+1j),(1+1j),(-1+1j),(-1-1j),(1+1j),(-1+1j),(-1+1j),(1+1j),(1+1j),(-1-1j),(1-1j),(-1-1j),(-1-1j),(-1-1j),(-1+1j),(1-1j),(-1-1j),(1-1j),(1+1j),(1-1j),(1-1j),(1+1j),(1+1j),(-1+1j),(1-1j),(-1-1j),(1+1j),(-1-1j),(1-1j),(-1+1j),(1+1j),(1+1j),(1+1j),(-1-1j),(1+1j),(-1+1j),(-1-1j),(1+1j),(1+1j),(-1-1j),(-1-1j),(-1+1j),(1-1j),(-1-1j),(1-1j),(1-1j),(1-1j),(1-1j),(1-1j),(-1-1j),(1+1j),(1-1j),(-1+1j),(1-1j),(-1+1j),(1-1j),(1-1j),(-1-1j),(-1+1j),(1+1j),(-1+1j),(1+1j),(1-1j),(1-1j),(1-1j),(1-1j),(1-1j),(-1-1j),(1+1j),(-1+1j),(1+1j),(-1-1j),(-1+1j),(-1+1j),(1-1j),(1-1j),(-1+1j),(-1-1j),(-1+1j),(1+1j),(1-1j),(1-1j),(1-1j),(1-1j),(1-1j),(-1-1j),(-1-1j),(1+1j),(-1+1j),(1-1j),(1+1j),(1+1j),(1-1j),(1-1j),(-1+1j),(1-1j),(-1-1j),(1-1j),(-1-1j),(-1+1j),(1+1j),(1-1j),(-1+1j),(-1+1j),(1+1j),(1+1j),(1+1j),(-1-1j),(-1+1j),(1-1j),(-1-1j),(-1+1j),(-1+1j),(1-1j),(1-1j),(-1+1j),(-1-1j),(-1-1j),(-1+1j),(-1+1j),(1+1j),(1+1j),(1-1j),(1+1j),(1+1j),(1+1j),(1+1j),(1-1j),(-1+1j),(-1+1j),(1-1j),(1-1j),(-1-1j),(1+1j),(-1+1j),(-1-1j),(1+1j),(1+1j),(1+1j),(1+1j),(1+1j),(-1+1j),(1-1j),(1-1j),(1-1j),(1-1j),(-1+1j),(-1+1j),(-1+1j),(1+1j),(-1-1j),(-1+1j),(1+1j),(1+1j),(-1-1j),(-1-1j),(-1-1j),(-1+1j),(-1+1j),(1-1j),(1+1j),(-1-1j),(1+1j),(1-1j),(-1+1j),(-1+1j),(1+1j),(1+1j),(1-1j),(-1-1j),(1-1j),(-1-1j),(1+1j),(-1-1j),(1+1j),(1-1j),(-1+1j),(-1+1j),(1+1j),(-1+1j),(1+1j),(-1+1j),(1+1j),(-1-1j),(-1-1j),(-1+1j),(-1+1j),(1-1j),(-1-1j),(-1+1j),(-1-1j),(1-1j),(-1-1j),(1-1j),(1+1j),(1-1j),(1-1j),(1-1j),(-1+1j),(-1+1j),(1-1j),(1-1j),(-1+1j),(1+1j),(1-1j),(-1+1j),(1+1j),(1+1j),(1-1j),(1-1j),(-1+1j),(1-1j),(1+1j),(1-1j),(1+1j),(-1+1j),(-1+1j),(1-1j),(1-1j),(-1+1j),(1+1j),(-1-1j),(-1+1j),(1-1j),(-1+1j),(1-1j),(-1-1j),(-1-1j),(1+1j),(1-1j),(1+1j),(1+1j),(1+1j),(-1+1j),(1+1j),(1-1j),(1-1j),(1-1j),(-1-1j),(1+1j),(-1-1j),(-1+1j),(1+1j),(1+1j),(1-1j),(-1-1j),(-1-1j),(1+1j),(-1-1j),(1+1j),(1+1j),(-1+1j),(1+1j),(-1-1j),(1+1j),(-1+1j),(1-1j),(-1+1j),(-1+1j),(1+1j),(1-1j),(-1-1j),(1-1j),(1-1j),(1-1j),(-1-1j),(1-1j),(1+1j),(1-1j),(1+1j),(1+1j),(-1+1j),(1-1j),(-1+1j),(-1+1j),(-1+1j),(-1+1j),(1-1j),(1-1j),(-1+1j),(1-1j),(1+1j),(1-1j),(1-1j),(1+1j),(1-1j),(1-1j),(1+1j),(-1+1j),(1+1j),(1-1j),(1+1j),(1-1j),(-1-1j),(-1-1j),(1-1j),(-1+1j),(-1-1j),(-1-1j),(-1-1j),(-1+1j),(1-1j),(-1+1j),(1-1j),(1-1j),(-1-1j),(-1+1j),(-1+1j),(1-1j),(-1+1j),(1-1j),(1+1j),(1-1j),(1-1j),(-1+1j),(1-1j),(-1+1j),(1-1j),(1-1j),(1+1j),(1-1j),(1-1j),(1+1j),(1-1j),(1+1j),(1+1j),(-1-1j),(-1+1j),(1-1j),(1-1j),(-1+1j),(-1-1j),(1-1j),(-1+1j),(1+1j),(1-1j),(-1+1j),(1-1j),(-1-1j),(1+1j),(1+1j),(1+1j),(-1-1j),(-1-1j),(1+1j),(1+1j),(1+1j),(1-1j),(1-1j),(-1-1j),(1-1j),(-1+1j),(-1+1j),(1-1j),(-1-1j),(-1-1j),(1+1j),(-1-1j),(1+1j),(1+1j),(1+1j),(1+1j),(-1-1j),(1+1j),(-1+1j),(1+1j),(1-1j),(-1-1j),(1+1j),(1-1j),(-1+1j),(1-1j),(-1+1j),(-1-1j),(1+1j),(1-1j),(1-1j),(-1+1j),(1-1j),(-1+1j),(-1+1j),(1+1j),(1+1j),(1-1j),(-1+1j),(1-1j),(1-1j),(-1+1j),(1+1j),(-1+1j),(1-1j),(1+1j),(1-1j),(1+1j),(1+1j),(1+1j),(-1+1j),(1+1j),(-1-1j),(-1-1j),(-1-1j),(-1-1j),(1+1j),(1-1j),(1+1j),(1-1j),(1+1j),(1-1j),(1-1j),(-1-1j),(1+1j),(-1-1j),(1-1j),(-1-1j),(-1+1j),(1-1j),(-1-1j),(-1+1j),(1-1j),(-1+1j),(1-1j),(1-1j),(1-1j),(-1+1j),(1+1j),(1+1j),(-1-1j),(1+1j),(1+1j),(-1-1j),(1-1j),(1-1j),(-1+1j),(-1+1j),(1+1j),(-1+1j),(-1+1j),(-1-1j),(1+1j),(1+1j),(-1-1j),(-1-1j),(1-1j),(-1-1j),(-1+1j),(1-1j),(1-1j),(1-1j),(1-1j),(1+1j),(1-1j),(1-1j),(-1-1j),(1-1j),(1-1j),(1-1j),(-1+1j),(1+1j),(1+1j),(1+1j),(-1-1j),(1+1j),(1+1j),(1-1j),(1+1j),(-1+1j),(1-1j),(1-1j),(1-1j),(-1+1j),(-1-1j),(1+1j),(1+1j),(-1-1j),(-1-1j),(1-1j),(1+1j),(1+1j),(1+1j),(-1-1j),(-1-1j),(-1+1j),(1+1j),(-1-1j),(-1+1j),(-1+1j),(-1+1j),(-1+1j),(1-1j),(-1-1j),(1-1j),(-1-1j),(-1+1j),(-1+1j),(-1-1j),(-1+1j),(1-1j),(-1-1j),(1+1j),(-1+1j),(1-1j),(1-1j),(-1-1j),(-1-1j),(-1+1j),(1-1j),(1+1j),(-1-1j),(1+1j),(1+1j),(-1-1j),(1+1j),(1-1j),(-1+1j),(1+1j),(-1-1j),(-1+1j),(-1-1j),(1-1j),(-1-1j),(-1+1j),(1-1j),(-1+1j),(1+1j),(1-1j),(1-1j),(1-1j),(1-1j),(-1+1j),(1-1j),(-1+1j),(-1+1j),(1-1j),(1-1j),(-1-1j),(1-1j),(-1-1j),(-1-1j),(1+1j),(1+1j),(1-1j),(1+1j),(1-1j),(1-1j),(-1+1j),(1-1j),(1-1j),(-1-1j),(1+1j),(-1+1j),(1+1j),(-1-1j),(1+1j),(1+1j),(1+1j),(1+1j),(-1+1j),(-1+1j),(-1+1j),(1-1j),(1-1j),(-1-1j),(1+1j),(1+1j),(-1-1j),(-1-1j),(1+1j),(1+1j),(-1-1j),(-1+1j),(1-1j),(1-1j),(-1+1j),(-1-1j),(1+1j),(-1-1j),(-1+1j),(-1+1j),(1-1j),(1-1j),(-1+1j),(-1-1j),(1+1j),(1+1j),(-1+1j),(1-1j),(-1-1j),(1-1j),(1+1j),(1-1j),(-1+1j),(-1+1j),(1+1j),(1+1j),(1+1j),(1-1j),(1+1j),(1-1j),(1-1j),(1-1j),(-1+1j),(1-1j),(1-1j),(1+1j),(1+1j),(-1-1j),(-1+1j),(1-1j),(1-1j),(-1+1j),(-1-1j),(-1-1j),(1+1j),(1-1j),(-1+1j),(1-1j),(-1+1j),(1-1j),(1-1j),(-1-1j),(1-1j),(1-1j),(1-1j),(1-1j),(1+1j),(-1+1j),(1+1j),(1+1j),(-1+1j),(1-1j),(-1+1j),(1-1j),(1-1j),(-1-1j),(1-1j),(-1+1j),(1+1j),(1+1j),(-1+1j),(1+1j),(1-1j),(-1-1j),(1+1j),(-1+1j),(-1+1j),(1+1j),(1+1j),(1+1j),(1+1j),(1+1j),(1-1j),(1+1j),(1+1j),(-1+1j),(1-1j),(1-1j),(-1-1j),(-1-1j),(-1-1j),(1+1j),(1+1j),(1-1j),(-1+1j),(-1-1j),(-1-1j),(1-1j),(1-1j),(1-1j),(1-1j),(-1-1j),(1+1j),(-1-1j),(1+1j),(1+1j),(-1+1j),(-1+1j),(-1-1j),(-1+1j),(-1+1j),(-1+1j),(1-1j),(1-1j),(-1+1j),(1-1j),(1-1j),(1+1j),(1-1j),(-1+1j),(-1+1j),(-1+1j),(-1+1j),(1+1j),(1-1j),(1-1j),(-1-1j),(-1+1j),(-1+1j),(1-1j),(1-1j),(-1+1j),(1+1j),(1+1j),(-1+1j),(1-1j),(1-1j),(-1+1j),(-1+1j),(-1-1j),(1+1j),(1+1j),(-1-1j),(-1+1j),(-1+1j),(-1+1j),(-1+1j),(1+1j),(1+1j),(1+1j),(1+1j),(-1-1j),(-1+1j),(1+1j),(1+1j),(1+1j),(-1-1j),(-1+1j),(1-1j),(1-1j),(-1+1j),(-1-1j),(1-1j),(1+1j),(1-1j),(1-1j),(-1+1j),(1+1j),(-1-1j),(-1+1j),(1+1j),(1+1j),(1-1j),(1+1j),(1-1j),(1-1j),(1+1j),(1-1j),(1-1j),(1-1j),(-1-1j),(1-1j),(-1-1j),(-1+1j),(1+1j),(-1-1j),(-1+1j),(1-1j),(-1-1j),(1+1j),(1+1j),(1+1j),(1-1j),(-1+1j),(1+1j),(1+1j),(-1-1j),(1-1j),(1-1j),(1-1j),(-1+1j),(1+1j),(-1+1j),(1-1j),(-1-1j),(-1+1j),(1+1j),(1-1j),(1+1j),(-1-1j),(-1+1j),(1+1j),(1-1j),(-1-1j),(1-1j),(1-1j),(-1+1j),(1-1j),(1+1j),(1+1j),(-1+1j),(1-1j),(1-1j),(1-1j),(-1-1j),(-1-1j),(1+1j),(1+1j),(-1-1j),(-1-1j),(1-1j),(-1-1j),(-1+1j),(-1-1j),(1+1j),(1-1j),(1-1j),(1+1j),(1+1j),(1+1j),(1+1j),(-1+1j),(1+1j),(-1-1j),(-1+1j),(1+1j),(-1-1j),(-1+1j),(1-1j),(-1-1j),(-1+1j),(1+1j),(-1+1j),(-1+1j),(1-1j),(-1-1j),(-1+1j),(-1+1j),(-1+1j),(-1+1j),(-1-1j),(1+1j),(1+1j),(-1-1j),(-1-1j),(1-1j),(1-1j),(-1+1j),(-1+1j),(-1+1j),(-1+1j),(1+1j),(-1-1j),(-1-1j),(1+1j),(1+1j),(-1+1j),(-1+1j),(-1-1j),(1-1j),(-1+1j),(-1-1j),(-1+1j),(1+1j),(-1-1j),(1+1j),(1+1j),(-1+1j),(1+1j),(-1+1j),(1-1j),(-1-1j),(1-1j),(-1+1j),(-1+1j),(1+1j),(-1-1j),(-1-1j),(-1+1j),(1-1j),(1-1j),(-1+1j),(-1-1j),(-1-1j),(-1+1j),(1+1j),(1-1j),(-1+1j),(1-1j),(1-1j),(1-1j),(1+1j),(-1+1j),(1-1j),(1-1j),(1-1j),(-1+1j),(1-1j),(1-1j),(-1+1j),(1-1j),(1-1j),(-1+1j),(1-1j),(1-1j),(-1+1j),(-1+1j),(1-1j),(-1-1j),(1+1j),(-1-1j),(-1+1j),(-1+1j),(-1+1j),(-1+1j),(1-1j),(-1-1j),(-1-1j),(-1+1j),(-1-1j),(1-1j),(-1+1j),(-1+1j),(1+1j),(-1-1j),(1-1j),(-1+1j),(1+1j),(-1-1j),(-1+1j),(-1-1j),(1+1j),(1-1j),(-1-1j),(1+1j),(1+1j),(-1-1j),(1-1j),(-1+1j),(1-1j),(-1-1j),(-1+1j),(1-1j),(1+1j),(1+1j),(-1+1j),(-1-1j),(-1+1j),(-1+1j),(1-1j),(-1-1j),(-1-1j),(-1-1j),(1+1j),(-1+1j),(1-1j),(-1-1j),(1+1j),(1+1j),(1-1j),(-1+1j),(-1-1j),(1+1j),(1+1j),(-1-1j),(1+1j),(1-1j),(-1+1j),(1-1j),(1+1j),(1-1j),(1+1j),(-1+1j),(1+1j),(-1+1j),(1+1j),(1-1j),(1+1j),(1+1j),(1-1j),(-1+1j),(1+1j),(1+1j),(1-1j),(-1-1j),(-1+1j),(1-1j),(-1-1j),(1+1j),(1+1j),(1-1j),(1-1j),(-1+1j),(-1-1j),(1-1j),(1-1j),(-1-1j),(1+1j),(-1-1j),(1-1j),(1-1j),(-1+1j),(-1+1j),(-1-1j),(-1+1j),(1+1j),(-1-1j),(-1+1j),(-1+1j),(-1+1j),(1+1j),(-1+1j),(1-1j),(1-1j),(1-1j),(-1+1j),(-1+1j),(1+1j),(1+1j),(1-1j),(-1+1j),(-1+1j),(1-1j),(1-1j),(-1+1j),(-1+1j),(1+1j),(-1-1j),(1-1j),(1+1j),(-1-1j),(-1+1j),(1-1j),(1-1j),(-1+1j),(1-1j),(-1+1j),(1-1j),(-1-1j),(1-1j),(1-1j),(-1+1j),(-1+1j),(1-1j),(-1+1j),(1+1j),(1-1j),(1+1j),(1+1j),(1-1j),(1+1j),(1-1j),(-1+1j),(-1+1j),(1-1j),(1-1j),(-1+1j),(1+1j),(1+1j),(1+1j),(-1-1j),(-1-1j),(-1+1j),(1-1j),(-1-1j),(1-1j),(-1-1j),(1+1j),(1-1j),(-1-1j),(1+1j),(1+1j),(-1-1j),(-1-1j),(1+1j),(1+1j),(-1+1j),(1+1j),(1+1j),(1-1j),(1-1j),(1+1j),(1-1j),(1+1j),(1-1j),(-1-1j),(-1-1j),(1-1j),(1+1j),(1-1j),(-1-1j),(-1+1j),(1-1j),(1-1j),(-1-1j),(1+1j),(1+1j),(1+1j),(-1-1j),(1-1j),(1+1j),(-1-1j),(1-1j),(-1-1j),(1-1j),(-1+1j),(-1-1j),(1+1j),(1+1j),(-1-1j),(-1+1j),(1-1j),(1-1j),(-1+1j),(-1+1j),(1-1j),(-1-1j),(-1-1j),(1+1j),(-1-1j),(-1-1j),(-1+1j),(-1+1j),(1+1j),(1-1j),(1-1j),(1+1j),(1+1j),(-1-1j),(1+1j),(-1+1j),(1+1j),(-1-1j),(-1+1j),(1+1j),(1-1j),(1+1j),(1-1j),(1+1j),(-1-1j),(-1+1j),(1+1j),(-1+1j),(-1+1j),(1-1j),(1-1j),(-1+1j),(1-1j),(-1+1j),(-1+1j),(1+1j),(1+1j),(1-1j),(1-1j),(-1+1j),(1-1j),(-1-1j),(1-1j),(1+1j),(1-1j),(1+1j),(-1-1j),(1-1j),(1-1j),(1-1j),(1-1j),(1-1j),(-1+1j),(1-1j),(1-1j),(1-1j),(-1-1j),(1+1j),(1-1j),(1+1j),(-1+1j),(1+1j),(-1+1j),(1-1j),(-1-1j),(1+1j),(-1-1j),(1+1j),(1+1j),(-1+1j),(1-1j),(1-1j),(1-1j),(-1-1j),(-1-1j),(1+1j),(-1-1j),(1+1j),(-1+1j),(1+1j),(1+1j),(1+1j),(-1-1j),(1-1j),(1+1j),(1-1j),(1+1j),(-1+1j),(1-1j),(-1-1j),(-1-1j),(-1-1j),(-1+1j),(1-1j),(1-1j),(-1-1j),(-1+1j),(1-1j),(1-1j),(1-1j),(1-1j),(1-1j),(1+1j),(-1-1j),(1-1j),(-1+1j),(1-1j),(-1-1j),(1-1j),(-1+1j),(-1+1j),(1-1j),(1-1j),(-1+1j),(1+1j),(1+1j),(-1-1j),(-1+1j),(1-1j),(1-1j),(-1+1j),(1-1j),(-1+1j),(-1+1j),(1-1j),(-1-1j),(-1-1j),(1+1j),(-1+1j),(1+1j),(1+1j),(-1-1j),(-1+1j),(-1-1j),(-1+1j),(-1+1j),(-1-1j),(-1+1j),(1+1j),(-1+1j),(1-1j),(-1+1j),(1+1j),(-1+1j),(1-1j),(-1-1j),(-1+1j),(1+1j),(-1-1j),(1+1j),(-1-1j),(1-1j),(-1-1j),(-1+1j),(-1-1j),(1+1j),(1+1j),(-1-1j),(-1+1j),(1-1j),(-1-1j),(-1+1j),(-1+1j),(1+1j),(-1+1j),(1+1j),(1-1j),(1+1j),(-1+1j),(1+1j),(-1-1j),(-1+1j),(1+1j),(-1-1j),(-1+1j),(1+1j),(-1-1j),(1+1j),(-1-1j),(-1-1j),(1+1j),(-1-1j),(-1+1j),(-1+1j),(-1+1j),(-1+1j),(1-1j),(-1-1j),(-1-1j),(-1+1j),(-1-1j),(-1+1j),(1-1j),(-1-1j),(-1-1j),(1-1j),(-1-1j),(-1-1j),(1+1j),(-1-1j),(1-1j),(1-1j),(1+1j),(-1-1j),(1-1j),(-1-1j),(1-1j),(-1+1j),(-1-1j),(1-1j),(1-1j),(1+1j),(-1-1j),(1+1j),(1-1j),(-1+1j),(-1-1j),(1+1j),(1-1j),(-1+1j),(1+1j),(-1-1j),(1+1j),(1-1j),(1+1j),(-1+1j),(1-1j),(-1-1j),(-1+1j),(1-1j),(1-1j),(-1+1j),(1+1j),(-1-1j),(-1+1j),(1-1j),(-1+1j),(1-1j),(1-1j),(-1+1j),(-1-1j),(1+1j),(1+1j),(-1-1j),(-1-1j),(-1+1j),(1-1j),(1-1j),(1-1j),(-1+1j),(1-1j),(-1-1j),(-1+1j),(1-1j),(-1-1j),(1+1j),(1+1j),(-1+1j),(1-1j),(-1-1j),(1+1j),(1-1j),(-1+1j),(-1+1j),(-1+1j),(-1+1j),(1+1j),(1-1j),(1-1j),(-1-1j),(1+1j),(1+1j),(1+1j),(-1-1j),(1+1j),(-1+1j),(1-1j),(1-1j),(1-1j),(-1-1j),(-1-1j),(-1+1j),(-1+1j),(-1-1j),(1+1j),(1-1j),(1-1j),(1-1j),(-1+1j),(1+1j),(-1-1j),(-1+1j),(1+1j),(-1+1j),(1-1j),(1-1j),(-1+1j),(1+1j),(1+1j),(1+1j),(-1-1j),(1+1j),(1+1j),(1-1j),(-1-1j),(-1-1j),(1-1j),(1+1j),(1+1j),(1+1j),(1-1j),(1-1j),(1-1j),(-1+1j),(1-1j),(-1+1j),(1-1j),(-1+1j),(1-1j),(-1-1j),(-1+1j),(1-1j),(-1-1j),(1+1j),(1-1j),(-1+1j),(1-1j),(1+1j),(-1-1j),(1+1j),(1-1j),(1+1j),(1-1j),(1+1j),(1+1j),(1+1j),(1-1j),(-1+1j),(-1-1j),(1+1j),(1-1j),(1-1j),(-1+1j),(1+1j),(1+1j),(1+1j),(-1-1j),(1+1j),(1-1j),(-1-1j),(-1+1j),(-1+1j),(1+1j),(1+1j),(1-1j),(-1+1j),(1-1j),(1-1j),(-1+1j),(-1+1j),(1-1j),(-1-1j),(1-1j),(-1+1j),(1+1j),(-1-1j),(-1+1j),(-1+1j),(-1-1j),(-1+1j),(1-1j),(-1-1j),(1+1j),(-1-1j),(-1+1j),(-1+1j),(-1+1j),(-1+1j),(-1+1j),(1-1j),(1-1j),(-1+1j),(1-1j),(1-1j),(-1+1j),(-1-1j),(1-1j),(-1-1j),(-1+1j),(1-1j),(1-1j),(-1-1j),(-1+1j),(-1+1j),(-1-1j),(-1-1j),(-1+1j),(1-1j),(-1+1j),(-1+1j),(1+1j),(1-1j),(-1+1j),(-1+1j),(-1-1j),(1+1j),(1+1j),(-1-1j),(1+1j),(1+1j),(1-1j),(-1-1j),(-1-1j),(-1+1j),(1-1j),(1-1j),(-1+1j),(1+1j),(1+1j),(1-1j),(1-1j),(1-1j),(1-1j),(-1-1j),(1-1j),(1-1j),(1-1j),(-1-1j),(-1-1j),(1+1j),(1-1j),(1-1j),(1+1j),(-1-1j),(-1+1j),(1-1j),(1-1j),(-1+1j),(-1-1j),(1+1j),(1-1j),(1-1j),(-1+1j),(-1+1j),(1-1j),(1-1j),(1-1j),(1-1j),(-1-1j),(1-1j),(1-1j),(-1-1j),(1+1j),(1+1j),(1+1j),(-1+1j),(1-1j),(1+1j),(-1-1j),(1+1j),(-1+1j),(1+1j),(1+1j),(-1+1j),(-1+1j),(1+1j),(1+1j),(-1-1j),(-1-1j),(1+1j),(1-1j),(1-1j),(1-1j),(-1-1j),(-1+1j),(-1+1j),(-1+1j),(1-1j),(1-1j),(-1+1j),(1-1j),(1-1j),(1-1j),(1+1j),(-1+1j),(1-1j),(-1+1j),(-1+1j),(-1-1j),(1+1j),(1+1j),(-1-1j),(1+1j),(-1+1j),(1+1j),(-1+1j),(1+1j),(1-1j),(1-1j),(1-1j),(1-1j),(1-1j),(-1+1j),(1-1j),(-1-1j),(-1-1j),(1+1j),(1-1j),(1-1j),(-1+1j),(1+1j),(1+1j),(-1+1j),(1-1j),(1-1j),(-1+1j),(1+1j),(-1-1j),(-1-1j),(-1+1j),(-1+1j),(1+1j),(-1-1j),(-1+1j),(1-1j),(1-1j),(-1-1j),(-1+1j),(-1+1j),(1-1j),(1+1j),(1+1j),(1+1j),(-1-1j),(1-1j),(1-1j),(1+1j),(-1-1j),(-1+1j),(1+1j),(1+1j),(1+1j),(1-1j),(-1-1j),(1-1j),(1-1j),(1-1j),(-1+1j),(-1+1j),(1-1j),(-1-1j),(1-1j),(1+1j),(-1-1j),(1+1j),(1-1j),(1-1j),(1+1j),(-1-1j),(-1+1j),(1+1j),(1+1j),(1-1j),(-1-1j),(1-1j),(-1-1j),(1+1j),(1-1j),(1-1j),(1-1j),(1-1j),(-1+1j),(1-1j),(1-1j),(-1-1j),(-1+1j),(1-1j),(1-1j),(-1+1j),(-1-1j),(1-1j),(-1-1j),(-1+1j),(1-1j),(1-1j),(1-1j),(1-1j),(1-1j),(1+1j),(-1+1j),(1-1j),(1+1j),(1-1j),(-1-1j),(1+1j),(1-1j),(1+1j),(1-1j),(-1+1j),(1+1j),(1-1j),(-1+1j),(1+1j),(1+1j),(-1+1j),(1+1j),(1-1j),(1+1j),(1-1j),(-1-1j),(1-1j),(1-1j),(1+1j),(-1-1j),(-1+1j),(1+1j),(-1+1j),(1+1j),(1-1j),(1-1j),(1-1j),(-1+1j),(1-1j),(-1-1j),(-1+1j),(-1+1j),(1-1j),(1+1j),(1-1j),(-1+1j),(1-1j),(-1-1j),(1+1j),(-1-1j),(1+1j),(-1-1j),(1-1j),(-1-1j),(1+1j),(1+1j),(-1-1j),(-1-1j),(1+1j),(-1+1j),(1-1j),(1-1j),(1-1j),(1-1j),(-1-1j),(-1+1j),(1-1j),(-1-1j),(1-1j),(-1+1j),(1+1j),(1-1j),(1-1j),(-1+1j),(1-1j),(-1-1j),(-1+1j),(1-1j),(-1-1j),(1+1j),(1+1j),(-1-1j),(-1+1j),(1-1j),(1-1j),(-1+1j),(-1+1j),(1-1j),(-1+1j),(-1+1j),(-1-1j),(-1-1j),(-1+1j),(1+1j),(1-1j),(1-1j),(-1+1j),(1-1j),(1-1j),(-1-1j),(1+1j),(1+1j),(-1+1j),(-1+1j),(-1+1j),(-1+1j),(1-1j),(-1+1j),(1+1j),(-1-1j),(-1-1j),(-1+1j),(1+1j),(1-1j),(-1+1j),(-1+1j),(-1-1j),(1+1j),(1+1j),(-1-1j),(-1-1j),(1-1j),(1+1j),(1+1j),(-1+1j),(1+1j),(1+1j),(1-1j),(1+1j),(1-1j),(-1-1j),(1-1j),(1+1j),(-1+1j),(-1+1j),(1+1j),(-1+1j),(1-1j),(1+1j),(-1-1j),(-1-1j),(1-1j),(-1-1j),(1-1j),(-1-1j),(1+1j),(1-1j),(-1-1j),(1+1j),(1+1j),(-1-1j),(-1+1j),(1-1j),(-1-1j),(-1-1j),(1-1j),(1-1j),(1-1j),(1-1j),(1-1j),(-1-1j),(-1-1j),(-1+1j),(1-1j),(-1+1j),(1+1j),(1-1j),(-1+1j),(1-1j),(1-1j),(-1+1j),(-1+1j),(1-1j),(1-1j),(-1+1j),(1-1j),(1-1j),(-1+1j),(1+1j),(1-1j),(-1+1j),(-1+1j),(1+1j),(-1-1j),(1+1j),(1-1j),(1-1j),(1-1j),(-1-1j),(1+1j),(1-1j),(-1-1j),(1+1j),(1-1j),(1+1j),(-1-1j),(-1+1j),(-1+1j),(1-1j),(-1-1j),(1+1j),(1+1j),(1-1j),(1+1j),(1+1j),(-1+1j),(1+1j),(1+1j),(1-1j),(-1+1j),(1-1j),(1+1j),(-1-1j),(1-1j),(1+1j),(-1-1j),(1+1j),(-1+1j),(1-1j),(-1+1j),(1+1j),(1-1j),(-1-1j),(1+1j),(-1-1j),(-1+1j),(1-1j),(-1+1j),(1-1j),(-1-1j),(1+1j),(-1+1j),(1+1j),(1+1j),(1+1j),(-1-1j),(-1+1j),(1-1j),(-1-1j),(-1+1j),(1-1j),(-1-1j),(-1+1j),(1+1j),(1-1j),(-1+1j),(1-1j),(1+1j),(-1+1j),(-1+1j),(1+1j),(-1-1j),(1+1j),(-1-1j),(1+1j),(1+1j),(1-1j),(-1+1j),(1-1j),(1+1j),(1-1j),(1-1j),(-1+1j),(1-1j),(1-1j),(-1-1j),(-1-1j),(-1+1j),(1+1j),(1+1j),(1-1j),(-1-1j),(-1-1j),(1+1j),(1+1j),(1+1j),(1-1j),(1-1j),(-1+1j),(1+1j),(1+1j),(-1+1j),(-1+1j),(1-1j),(1-1j),(-1+1j),(-1-1j),(-1-1j),(1+1j),(-1+1j),(1+1j),(1+1j),(-1-1j),(-1+1j),(-1+1j),(1-1j),(1-1j),(-1-1j),(1-1j),(1-1j),(-1-1j),(1+1j),(-1-1j),(1+1j),(1-1j),(-1+1j),(1+1j),(-1-1j),(1-1j),(1+1j),(1+1j),(1+1j),(1+1j),(1-1j),(-1+1j),(1+1j),(1+1j),(1-1j),(-1-1j),(-1+1j),(1+1j),(-1+1j),(1+1j),(1-1j),(1-1j),(-1+1j),(1-1j),(-1+1j),(-1+1j),(1+1j),(1-1j),(1-1j),(1-1j),(1+1j),(-1+1j),(-1+1j),(1+1j),(1-1j),(1-1j),(-1-1j),(-1-1j),(-1+1j),(-1+1j),(1-1j),(1-1j),(-1+1j),(1-1j),(1-1j),(1-1j),(1+1j),(-1+1j),(-1+1j),(1+1j),(1-1j),(1+1j),(1+1j),(-1+1j),(1+1j),(-1-1j),(1-1j),(-1-1j),(1-1j),(1-1j),(1+1j),(1-1j),(-1+1j),(1-1j),(1+1j),(-1-1j),(-1+1j),(-1+1j),(1+1j),(1-1j),(1-1j),(-1+1j),(1-1j),(-1-1j),(-1-1j),(-1-1j),(1-1j),(1+1j),(1-1j),(1-1j),(1-1j),(1-1j),(1+1j),(-1+1j),(1-1j),(1-1j),(-1+1j),(-1+1j),(-1+1j),(1-1j),(-1-1j),(1+1j),(1-1j),(-1-1j),(1+1j),(-1+1j),(1-1j),(-1+1j),(-1+1j),(1+1j),(-1-1j),(-1+1j),(-1-1j),(-1+1j),(1-1j),(-1-1j),(1+1j),(-1-1j),(1+1j),(1+1j),(-1-1j),(1-1j),(-1+1j),(1-1j),(1-1j),(1-1j),(1-1j),(-1+1j),(1+1j),(-1+1j),(1-1j),(1-1j),(-1+1j),(1+1j),(1-1j),(1-1j),(-1+1j),(-1+1j),(-1-1j),(1+1j),(-1-1j),(-1+1j),(1+1j),(-1+1j),(-1+1j),(1-1j),(1-1j),(-1+1j),(-1-1j),(-1-1j),(-1+1j),(1-1j),(1-1j),(1-1j),(-1-1j),(1-1j),(-1+1j),(1+1j),(1-1j),(-1+1j),(1+1j),(-1-1j),(1+1j),(-1+1j),(1+1j),(1-1j),(-1+1j),(1-1j),(1-1j),(-1+1j),(-1+1j),(-1-1j),(1+1j),(1+1j),(-1-1j),(-1+1j),(-1+1j),(1-1j),(-1+1j),(1-1j),(-1-1j),(-1+1j),(1-1j),(1-1j),(1-1j),(-1+1j),(1-1j),(-1-1j),(-1-1j),(-1-1j),(1-1j),(-1+1j),(1-1j),(-1-1j),(1+1j),(1+1j),(-1-1j),(-1-1j),(1+1j),(1-1j),(-1-1j),(-1-1j),(1+1j),(1-1j),(-1+1j),(1+1j),(1+1j),(-1+1j),(1+1j),(1-1j),(1-1j),(-1-1j),(1+1j),(-1-1j),(1-1j),(-1-1j),(1+1j),(-1-1j),(1-1j),(-1-1j),(1-1j),(1-1j),(-1+1j),(1+1j),(1+1j),(1-1j),(1+1j),(1+1j),(-1+1j),(1+1j),(1-1j),(-1+1j),(-1+1j),(-1+1j),(1-1j),(-1-1j),(1-1j),(1-1j),(1+1j),(1+1j),(-1+1j),(1+1j),(-1+1j),(-1+1j),(1+1j),(-1+1j),(1+1j),(-1-1j),(1+1j),(-1-1j),(1+1j),(1-1j),(-1+1j),(1+1j),(1-1j),(1-1j),(1+1j),(-1-1j),(1-1j),(1-1j),(-1-1j),(1+1j),(-1+1j),(-1+1j),(1+1j),(1-1j),(-1-1j),(-1+1j),(-1-1j),(1+1j),(1+1j),(-1-1j),(1+1j),(-1+1j),(1+1j),(1-1j),(-1+1j),(1-1j),(1-1j),(1-1j),(-1-1j),(1-1j),(1-1j),(-1-1j),(1-1j),(1-1j),(-1-1j),(1+1j),(1+1j),(-1+1j),(1+1j),(-1-1j),(1+1j),(1+1j),(1+1j),(-1+1j),(-1+1j),(1-1j),(1-1j),(1+1j),(1-1j),(1-1j),(1+1j),(-1-1j),(-1-1j),(-1-1j),(1-1j),(1-1j),(1-1j),(1-1j),(-1+1j),(1-1j),(-1+1j),(-1+1j),(1-1j),(-1-1j),(-1+1j),(1-1j),(-1+1j),(-1+1j),(1-1j),(-1+1j),(1+1j),(-1-1j),(1+1j),(-1+1j),(1+1j),(1+1j),(1-1j),(1-1j),(-1-1j),(1+1j),(-1-1j),(1+1j),(1-1j),(-1+1j),(-1+1j),(-1+1j),(1+1j),(-1-1j),(1-1j),(1+1j),(-1-1j),(-1+1j),(1+1j),(-1+1j),(-1+1j),(1-1j),(1-1j),(-1+1j),(1-1j),(-1-1j),(-1+1j),(1-1j),(-1+1j),(1-1j),(-1-1j),(-1+1j),(1-1j),(1+1j),(1-1j),(1+1j),(1-1j),(-1+1j),(1-1j),(1-1j),(-1+1j),(1+1j),(-1+1j),(1+1j),(1-1j),(1+1j),(1+1j),(-1-1j),(1+1j),(-1-1j),(-1+1j),(1+1j),(1-1j),(-1-1j),(-1-1j),(-1-1j),(-1+1j),(1-1j),(1-1j),(-1+1j),(-1-1j),(-1-1j),(-1+1j),(1-1j),(-1-1j),(1+1j),(1-1j),(-1+1j),(1+1j),(-1-1j),(-1+1j),(-1+1j),(-1-1j),(1+1j),(1+1j),(-1-1j),(-1+1j),(1+1j),(-1-1j),(-1+1j),(-1+1j),(1-1j),(1-1j),(-1+1j),(1-1j),(-1+1j),(-1+1j),(-1+1j),(1-1j),(1-1j),(-1+1j),(1-1j),(1+1j),(1-1j),(1+1j),(-1+1j),(1-1j),(1-1j),(-1-1j),(1-1j),(1+1j),(1-1j),(1-1j),(-1-1j),(-1+1j),(1-1j),(-1+1j),(1+1j),(-1+1j),(1+1j),(1+1j),(-1-1j),(-1+1j),(1-1j),(1-1j),(-1+1j),(-1-1j),(-1-1j),(-1+1j),(1-1j),(-1+1j),(-1+1j),(1+1j),(1-1j),(-1+1j),(1-1j),(1+1j),(1-1j),(1+1j),(1-1j),(1-1j),(1+1j),(1-1j),(-1-1j),(-1-1j),(1+1j),(1-1j),(1-1j),(-1-1j),(-1+1j),(1-1j),(1-1j),(1-1j),(1-1j),(-1-1j),(1+1j),(1+1j),(1-1j),(-1+1j),(1-1j),(-1-1j),(1-1j),(-1+1j),(-1+1j),(1+1j),(1+1j),(1-1j),(1-1j),(1-1j),(-1+1j),(-1+1j),(-1+1j),(1-1j),(-1+1j),(-1-1j),(-1-1j),(-1+1j),(-1+1j),(1-1j),(1-1j),(1-1j),(-1+1j),(1-1j),(-1-1j),(-1-1j),(-1+1j),(1+1j),(-1-1j),(-1+1j),(1-1j),(1-1j),(-1+1j),(-1+1j),(1-1j),(-1-1j),(1+1j),(-1+1j),(1-1j),(1-1j),(-1+1j),(-1+1j),(1+1j),(1-1j),(-1-1j),(1+1j),(1+1j),(1-1j),(1+1j),(-1-1j),(-1+1j),(1+1j),(1+1j),(1-1j),(1+1j),(-1-1j),(-1-1j),(-1+1j),(-1+1j),(-1+1j),(1-1j),(1-1j),(-1-1j),(1+1j),(1-1j),(-1+1j),(-1+1j),(-1-1j),(1+1j),(1+1j),(-1-1j),(-1-1j),(1-1j),(1+1j),(1-1j),(-1+1j),(1-1j),(1-1j),(-1+1j),(1+1j),(1-1j),(-1-1j),(1-1j),(1+1j),(1+1j),(1+1j),(-1-1j),(1+1j),(1-1j),(1+1j),(1-1j),(-1-1j),(-1+1j),(1-1j),(-1-1j),(-1-1j),(1+1j),(1-1j),(-1-1j),(1+1j),(1+1j),(-1-1j),(1+1j),(1+1j),(1-1j),(1-1j),(-1-1j),(-1+1j),(1-1j),(1-1j),(-1+1j),(1+1j),(1+1j),(1+1j),(1+1j),(-1-1j),(-1+1j),(1+1j),(1-1j),(1-1j),(-1-1j),(1+1j),(-1-1j),(1-1j),(-1-1j),(1-1j),(-1+1j),(-1+1j),(-1+1j),(1+1j),(-1+1j),(-1-1j),(1+1j),(-1+1j),(-1+1j),(1+1j),(1+1j),(1-1j),(1-1j),(1+1j),(1-1j),(1-1j),(-1-1j),(-1+1j),(1+1j),(1-1j),(1-1j),(-1-1j),(1-1j),(1+1j),(1+1j),(-1-1j),(-1-1j),(-1-1j),(1-1j),(1+1j),(1-1j),(1-1j),(-1+1j),(-1+1j),(1+1j),(1-1j),(-1-1j),(1-1j),(-1+1j),(-1-1j),(1+1j),(-1+1j),(1+1j),(1+1j),(1-1j),(1+1j),(1-1j),(-1+1j),(1+1j),(1+1j),(1+1j),(-1+1j),(1+1j),(-1+1j),(1+1j),(1+1j),(-1+1j),(1-1j),(1-1j),(-1-1j),(-1+1j),(1-1j),(-1+1j),(1+1j),(-1-1j),(1-1j),(-1+1j),(-1+1j),(1-1j),(1-1j),(-1-1j),(1-1j),(1+1j),(1-1j),(1-1j),(-1-1j),(1-1j),(1-1j),(-1-1j),(1+1j),(-1+1j),(1+1j),(1+1j),(1+1j),(-1+1j),(-1+1j),(-1+1j),(-1-1j),(1+1j),(1+1j),(-1-1j),(-1-1j),(1-1j),(-1+1j),(1+1j),(-1+1j),(1-1j),(-1-1j),(-1-1j),(-1+1j),(1+1j),(1-1j),(-1+1j),(-1-1j),(1-1j),(-1-1j),(1+1j),(1-1j),(-1+1j),(1-1j),(1-1j),(-1-1j),(-1+1j),(-1+1j),(-1-1j),(1+1j),(-1-1j),(-1+1j),(-1-1j),(-1+1j),(1-1j),(1+1j),(-1+1j),(1+1j),(1+1j),(1-1j),(-1+1j),(1-1j),(-1-1j),(-1+1j),(-1+1j),(1-1j),(1-1j),(-1+1j),(-1+1j),(1-1j),(-1+1j),(-1+1j),(-1-1j),(1+1j),(1+1j),(-1-1j),(-1+1j),(-1+1j),(1+1j),(-1+1j),(1+1j),(1+1j),(1+1j),(-1-1j),(1+1j),(-1-1j),(-1-1j),(-1-1j),(1-1j),(1+1j),(1-1j),(-1-1j),(1-1j),(1+1j),(-1-1j),(-1+1j),(1+1j),(1-1j),(-1+1j),(1+1j),(1-1j),(-1-1j),(1+1j),(1+1j),(1-1j),(-1+1j),(1-1j),(1-1j),(1+1j),(1-1j),(-1+1j),(-1+1j),(1-1j),(-1+1j),(1-1j),(-1-1j),(-1-1j),(-1+1j),(1-1j),(-1+1j),(1-1j),(1-1j),(-1-1j),(-1+1j),(1+1j),(1-1j),(-1+1j),(1-1j),(-1-1j),(1-1j),(-1+1j),(1-1j),(-1-1j),(1+1j),(1+1j),(-1-1j),(-1-1j),(-1+1j),(-1+1j),(1-1j),(1-1j),(1+1j),(-1-1j),(1-1j),(1+1j),(1+1j),(1+1j),(1-1j),(1+1j),(1+1j),(1+1j),(1+1j),(1-1j),(1+1j),(1-1j),(-1+1j),(-1+1j),(-1-1j),(-1+1j),(1-1j),(-1-1j),(-1+1j),(1+1j),(-1+1j),(1-1j),(-1-1j),(-1+1j),(-1+1j),(1-1j),(-1-1j),(1-1j),(1+1j),(1-1j),(-1+1j),(1+1j),(1+1j),(-1+1j),(-1+1j),(1+1j),(-1-1j),(1+1j),(1+1j),(-1+1j),(1+1j),(1-1j),(1-1j),(-1-1j),(1-1j),(-1-1j),(-1-1j),(1+1j),(-1+1j),(-1+1j),(1+1j),(-1-1j),(1+1j),(1+1j),(1+1j),(1-1j),(-1+1j),(-1+1j),(1-1j),(1-1j),(1-1j),(-1-1j),(1+1j),(1-1j),(1+1j),(1+1j),(-1+1j),(1+1j),(-1+1j),(1+1j),(1+1j),(-1-1j),(1+1j),(1+1j),(1+1j),(1-1j),(1+1j),(1+1j),(-1+1j),(-1+1j),(1+1j),(1-1j),(1+1j),(-1-1j),(-1+1j),(1+1j),(1-1j),(-1+1j),(1+1j),(1-1j),(1-1j),(-1-1j),(1-1j),(-1-1j),(1+1j),(-1-1j),(-1-1j),(-1-1j),(1-1j),(1+1j),(1+1j),(1-1j),(-1+1j),(-1+1j),(1-1j),(1-1j),(-1-1j),(1+1j),(-1-1j),(-1+1j),(1-1j),(-1-1j),(1+1j),(1+1j),(-1-1j),(-1-1j),(1-1j),(-1+1j),(-1+1j),(1-1j),(-1+1j),(1-1j),(1-1j),(-1-1j),(-1-1j),(-1-1j),(1+1j),(-1-1j),(1+1j),(1+1j),(-1-1j),(-1-1j),(1-1j),(1+1j),(1+1j),(1-1j),(1-1j),(-1-1j),(-1-1j),(-1-1j),(1+1j),(1-1j),(-1-1j),(1-1j),(-1-1j),(1+1j),(-1-1j),(1+1j),(-1+1j),(-1+1j),(1+1j),(1-1j),(-1+1j),(-1-1j),(1-1j),(-1-1j),(1+1j),(-1+1j),(1-1j),(1-1j),(-1-1j),(1+1j),(1-1j),(-1-1j),(1+1j),(1+1j),(-1-1j),(-1-1j),(-1-1j),(1-1j),(-1+1j),(-1+1j),(1-1j),(1-1j),(-1-1j),(-1+1j),(1+1j),(-1+1j),(-1+1j),(-1+1j),(-1+1j),(-1-1j),(1+1j),(-1+1j),(1+1j),(1-1j),(-1-1j),(1+1j),(1-1j),(-1-1j),(1-1j),(1+1j),(-1+1j),(-1+1j),(-1+1j),(1-1j),(1-1j),(-1+1j),(1-1j),(-1+1j),(1-1j),(-1-1j),(1-1j),(-1-1j),(-1+1j),(-1+1j),(1-1j),(-1+1j),(-1+1j),(1-1j),(1-1j),(-1+1j),(1-1j),(1-1j),(-1+1j),(1-1j),(-1-1j),(-1+1j),(1-1j),(1-1j),(-1+1j),(1-1j),(1-1j),(-1-1j),(1-1j),(1-1j),(-1-1j),(-1-1j),(-1+1j),(1-1j),(-1-1j),(-1-1j),(-1+1j),(1-1j),(-1+1j),(1-1j),(-1-1j),(1+1j),(-1-1j),(-1+1j),(1+1j),(1-1j),(-1-1j),(1+1j),(1+1j),(-1+1j),(1-1j),(-1-1j),(-1+1j),(-1+1j),(1-1j),(-1-1j),(1-1j),(1-1j),(1+1j),(1-1j),(-1+1j),(-1-1j),(-1-1j),(-1-1j),(1+1j),(-1-1j),(1-1j),(1+1j),(-1+1j),(-1+1j),(1+1j),(-1-1j),(-1+1j),(1-1j),(1-1j),(-1+1j),(-1-1j),(-1-1j),(1+1j),(-1-1j),(-1+1j),(-1+1j),(-1-1j),(1+1j),(1+1j),(-1-1j),(-1+1j),(1+1j),(-1-1j),(-1+1j),(1-1j),(-1+1j),(-1+1j),(1+1j),(-1-1j),(-1+1j),(1-1j),(1-1j),(-1-1j),(-1-1j),(1-1j),(1-1j),(-1-1j),(1-1j),(1-1j),(-1-1j),(1+1j),(1+1j),(-1+1j),(-1-1j),(1+1j),(1+1j),(-1-1j),(1-1j),(-1+1j),(1+1j),(1-1j),(-1+1j),(1+1j),(-1-1j),(-1+1j),(1-1j),(-1+1j),(1+1j),(1+1j),(1+1j),(1+1j),(1+1j),(1+1j),(-1-1j),(1-1j),(-1-1j),(-1-1j),(1+1j),(1+1j),(-1-1j),(1-1j),(-1-1j),(1+1j),(-1-1j),(1-1j),(1-1j),(-1+1j),(1+1j),(-1+1j),(-1+1j),(-1-1j),(-1-1j),(-1+1j),(-1-1j),(-1-1j),(1-1j),(-1-1j),(-1-1j),(-1-1j),(-1+1j),(-1-1j),(-1+1j),(-1+1j),(1+1j),(1+1j),(1-1j),(-1-1j),(1-1j),(1-1j),(-1-1j),(-1-1j),(1+1j),(-1-1j),(-1-1j),(-1+1j),(1-1j),(1-1j),(-1-1j),(1-1j),(1-1j),(-1+1j),(1-1j),(-1+1j),(1+1j),(1+1j),(1+1j),(1-1j),(-1-1j),(-1+1j),(1-1j),(1+1j),(1-1j),(-1-1j),(1+1j),(1+1j),(1-1j),(1-1j),(1+1j),(1+1j),(-1-1j),(1+1j),(1+1j),(-1+1j),(1+1j),(1+1j),(1-1j),(-1-1j),(-1+1j),(1+1j),(1+1j),(-1+1j),(1+1j),(1-1j),(1+1j),(1+1j),(1+1j),(1+1j),(1-1j),(-1-1j),(1-1j),(1-1j),(1+1j),(1+1j),(1+1j),(1-1j),(1+1j),(1+1j),(1-1j),(1+1j),(1+1j),(1-1j),(-1-1j),(-1+1j),(-1+1j),(-1+1j),(1-1j),(1-1j),(-1+1j),(-1-1j),(1-1j),(-1+1j),(-1+1j),(-1-1j),(-1+1j),(1-1j),(-1-1j),(1+1j),(1+1j),(-1-1j),(-1+1j),(1+1j),(1-1j),(1-1j),(1+1j),(1-1j),(-1+1j),(1-1j),(-1+1j),(-1+1j),(-1+1j),(-1+1j),(1+1j),(1+1j),(-1-1j),(-1-1j),(1+1j),(1-1j),(1-1j),(1-1j),(1+1j),(1+1j),(1-1j),(-1-1j),(1+1j),(1+1j),(-1+1j),(1-1j),(1-1j),(-1+1j),(-1-1j),(-1-1j),(1+1j),(-1+1j),(-1-1j),(1+1j),(1+1j),(-1-1j),(-1-1j),(-1+1j),(-1+1j),(1+1j),(-1+1j),(1+1j),(-1-1j),(1+1j),(-1+1j),(1+1j),(1+1j),(1+1j),(1+1j),(1-1j),(1+1j),(-1+1j),(-1+1j),(1+1j),(-1+1j),(-1-1j),(1+1j),(1+1j),(-1-1j),(-1-1j),(1-1j),(-1+1j),(1+1j),(1-1j),(-1+1j),(-1+1j),(-1+1j),(1-1j),(1-1j),(-1+1j),(-1-1j),(1-1j),(-1-1j),(1+1j),(1-1j),(-1+1j),(1+1j),(-1-1j),(1+1j),(-1+1j),(1+1j),(1-1j),(1+1j),(1+1j),(1+1j),(1+1j),(1+1j),(1+1j),(1-1j),(-1-1j),(-1+1j),(-1-1j),(1+1j),(1+1j),(1+1j),(1-1j),(1+1j),(1+1j),(1+1j),(1+1j),(1-1j),(1+1j),(1-1j),(1+1j),(1+1j),(1+1j),(1+1j),(1-1j),(1+1j),(1-1j),(1-1j),(1+1j),(1+1j),(1+1j),(-1+1j),(1+1j),(1-1j),(1-1j),(1+1j),(-1-1j),(1+1j),(-1-1j),(1+1j),(1+1j),(1+1j),(-1-1j),(1+1j),(1-1j),(-1+1j),(1-1j),(1+1j),(1-1j),(1-1j),(1+1j),(1+1j),(1+1j),(1+1j),(1+1j),(-1-1j),(1+1j),(1+1j),(1+1j),(1-1j),(-1-1j),(1+1j),(1-1j),(1+1j),(1-1j),(1-1j),(1+1j),(1-1j),(1-1j),(-1+1j),(1+1j),(1-1j),(1+1j),(1-1j),(1+1j),(1-1j),(1-1j),(1-1j),(-1+1j),(1+1j),(1-1j),(1+1j),(1+1j),(1-1j),(1+1j),(1-1j),(-1-1j),(1+1j),(1+1j),(-1+1j),(-1+1j),(1-1j),(1+1j),(1+1j),(1+1j),(1-1j),(1+1j),(1-1j),(1-1j),(1+1j),(1+1j),(1+1j),(1+1j),(-1+1j),(1+1j),(1-1j),(1+1j),(1+1j),(1-1j),(1+1j),(1-1j),(1-1j),(1-1j),(1+1j),(-1-1j),(-1-1j),(1-1j),(1+1j),(-1+1j),(1+1j),(1-1j),(1-1j),(1-1j),(1+1j),(1-1j),(1+1j),(-1+1j),(-1+1j),(1-1j),(1-1j),(-1+1j),(-1-1j),(-1+1j),(-1+1j),(1-1j),(1-1j),(-1-1j),(-1-1j),(-1+1j),(1+1j),(-1-1j),(1+1j),(1+1j),(1+1j),(1+1j),(-1+1j),(1+1j),(1+1j),(1-1j),(1+1j),(1+1j),(1-1j),(1-1j),(-1+1j),(-1+1j),(1+1j),(-1-1j),(-1+1j),(-1-1j),(1-1j),(1+1j),(1+1j),(1-1j),(-1-1j),(-1+1j),(1+1j),(1-1j),(-1+1j),(1+1j),(1+1j),(-1+1j),(-1-1j),(1+1j),(1-1j),(1-1j),(1+1j),(-1+1j),(1+1j),(-1-1j),(-1-1j),(1+1j),(1-1j),(1-1j),(-1-1j),(-1+1j),(-1-1j),(1-1j),(-1-1j),(1+1j),(1+1j),(-1+1j),(1+1j),(-1-1j),(1-1j),(1+1j),(-1+1j),(1+1j),(-1-1j),(-1-1j),(-1-1j),(-1-1j),(1-1j),(1+1j),(-1+1j),(1-1j),(-1-1j),(1-1j),(1-1j),(-1+1j),(1+1j),(-1+1j),(-1+1j),(1-1j),(1+1j),(1-1j),(1-1j),(1-1j),(1+1j),(1-1j),(1+1j),(-1-1j),(-1-1j),(-1+1j),(1+1j),(-1+1j),(1+1j),(1+1j),(-1-1j),(-1-1j),(-1+1j),(1+1j),(-1+1j),(1+1j),(-1-1j),(-1+1j),(-1+1j),(1-1j),(-1-1j),(1-1j),(-1-1j),(1-1j),(1+1j),(1+1j),(1+1j),(1+1j),(1-1j),(1-1j),(1+1j),(-1+1j),(1+1j),(1-1j),(1-1j),(1-1j),(-1-1j),(1-1j),(-1-1j),(1-1j),(-1+1j),(-1+1j),(1-1j),(1-1j),(1-1j),(1+1j),(-1+1j),(1+1j),(1+1j),(1-1j),(-1+1j),(-1-1j),(1+1j),(-1+1j),(1-1j),(1+1j),(-1+1j),(1+1j),(1+1j),(1-1j),(1+1j),(1+1j),(1-1j),(-1-1j),(1+1j),(-1+1j),(1+1j),(-1+1j),(1+1j),(1+1j),(1+1j),(1+1j),(-1+1j),(1+1j),(1-1j),(-1+1j),(1-1j),(1-1j),(-1-1j),(-1-1j),(-1-1j),(1-1j),(-1+1j),(1-1j),(1-1j),(1-1j),(-1-1j),(-1-1j),(-1-1j),(1-1j),(-1+1j),(1+1j),(1-1j),(1-1j),(1-1j),(-1+1j),(1+1j),(1-1j),(-1+1j),(1-1j),(1-1j),(1-1j),(1+1j),(1+1j),(-1-1j),(1-1j),(-1+1j),(-1-1j),(-1-1j),(1-1j),(1-1j),(-1+1j),(1+1j),(-1+1j),(-1+1j),(-1+1j),(-1+1j),(1-1j),(1-1j),(-1+1j),(-1-1j),(1-1j),(-1+1j),(1-1j),(-1+1j),(-1-1j),(1+1j),(-1-1j),(1+1j),(1-1j),(-1+1j),(1-1j),(-1-1j),(-1+1j),(-1+1j),(1+1j),(1-1j),(1-1j),(-1-1j),(1-1j),(-1-1j),(1-1j),(-1+1j),(-1-1j),(1+1j),(1+1j),(-1-1j),(-1+1j),(1-1j),(1-1j),(-1+1j),(-1-1j),(1-1j),(1+1j),(1+1j),(-1-1j),(1-1j),(-1-1j),(1+1j),(1-1j),(1+1j),(-1-1j),(-1+1j),(1-1j),(1-1j),(-1+1j),(-1-1j),(-1-1j),(-1+1j),(-1-1j),(-1+1j),(1-1j),(-1-1j),(-1+1j),(1-1j),(-1+1j),(-1+1j),(1-1j),(-1-1j),(1+1j),(1-1j),(1+1j),(-1-1j),(-1-1j),(1+1j),(1-1j),(-1+1j),(1-1j),(-1-1j),(-1+1j),(-1+1j),(-1-1j),(1+1j),(1+1j),(-1-1j),(-1-1j),(1-1j),(-1-1j),(1-1j),(1-1j),(-1+1j),(1-1j),(-1+1j),(1-1j),(1-1j),(1-1j),(-1+1j),(1-1j),(1-1j),(1-1j),(1+1j),(-1-1j),(-1-1j),(1+1j),(1-1j),(-1+1j),(1-1j),(1-1j),(-1+1j),(-1-1j),(-1-1j),(-1+1j),(1-1j),(1+1j),(-1+1j),(-1-1j),(1+1j),(1+1j),(-1-1j),(-1+1j),(1+1j),(-1+1j),(1+1j),(-1+1j),(-1+1j),(-1+1j),(-1+1j),(-1+1j),(1+1j),(1+1j),(-1+1j),(1+1j),(1+1j),(1-1j),(-1-1j),(1+1j),(-1+1j),(1-1j),(1-1j),(1+1j),(1-1j),(-1+1j),(1+1j),(-1-1j),(1-1j),(-1-1j),(1-1j),(1+1j),(1-1j),(-1-1j),(-1-1j),(-1-1j),(-1+1j),(1-1j),(1+1j),(1-1j),(1-1j),(-1+1j),(1-1j),(-1-1j),(-1+1j),(1+1j),(-1+1j),(-1+1j),(1-1j),(1+1j),(-1-1j),(1-1j),(-1-1j),(1-1j),(-1-1j),(1-1j),(1-1j),(-1+1j),(1+1j),(1-1j),(-1-1j),(-1-1j),(1-1j),(1+1j),(1+1j),(-1-1j),(1-1j),(1-1j),(-1+1j),(-1+1j),(-1+1j),(1+1j),(1-1j),(-1-1j),(-1+1j),(-1+1j),(-1+1j),(1+1j),(-1-1j),(1-1j),(1-1j),(1-1j),(-1-1j),(-1+1j),(1+1j),(1+1j),(-1-1j),(-1-1j),(1+1j),(1+1j),(-1-1j),(-1+1j),(1-1j),(-1+1j),(1-1j),(-1+1j),(1+1j),(-1-1j),(-1-1j),(1-1j),(1-1j),(-1+1j),(1+1j),(1-1j),(1-1j),(1-1j),(-1-1j),(-1-1j),(1-1j),(1-1j),(-1-1j),(1+1j),(1+1j),(1+1j),(1+1j),(1+1j),(-1-1j),(-1-1j),(-1-1j),(1-1j),(-1-1j),(-1-1j),(-1+1j),(1+1j),(1+1j),(1+1j),(1-1j),(1+1j),(1-1j),(1-1j),(-1+1j),(-1-1j),(1-1j),(-1+1j),(1+1j),(1-1j),(1-1j),(-1+1j),(-1-1j),(1+1j),(1-1j),(1+1j),(1+1j),(1+1j),(-1+1j),(1+1j),(1-1j),(-1+1j),(-1-1j),(1+1j),(-1+1j),(1+1j),(1+1j),(1-1j),(1-1j),(1-1j),(-1+1j),(1-1j),(-1+1j),(-1+1j),(-1+1j),(1-1j),(-1-1j),(-1+1j),(1-1j),(-1-1j),(1+1j),(-1+1j),(-1+1j),(1+1j),(1-1j),(-1+1j),(-1+1j),(1+1j),(1-1j),(1-1j),(-1+1j),(1-1j),(-1-1j),(-1+1j),(-1+1j),(1-1j),(1+1j),(-1-1j),(1+1j),(-1+1j),(1+1j),(1-1j),(-1+1j),(1+1j),(1+1j),(-1-1j),(1+1j),(-1-1j),(-1+1j),(1-1j),(1-1j),(1-1j),(1+1j),(-1+1j),(-1-1j),(1+1j),(1+1j),(1+1j),(-1-1j),(-1-1j),(1-1j),(-1-1j),(1-1j),(-1+1j),(-1-1j),(1-1j),(1+1j),(-1-1j),(1-1j),(-1-1j),(1+1j),(-1+1j),(1+1j),(-1-1j),(1+1j),(-1+1j),(-1+1j),(-1-1j),(-1+1j),(-1+1j),(-1+1j),(1+1j),(-1+1j),(-1+1j),(1-1j),(-1-1j),(-1+1j),(1+1j),(1+1j),(-1+1j),(-1-1j),(1+1j),(-1+1j),(-1-1j),(1+1j),(-1+1j),(1-1j),(-1-1j),(-1-1j),(1-1j),(-1-1j),(-1+1j),(-1+1j),(-1-1j),(1+1j),(1+1j),(1+1j),(1-1j),(1-1j),(-1+1j),(-1-1j),(1-1j),(-1+1j),(1+1j),(1+1j),(-1+1j),(1+1j),(-1-1j),(1+1j),(1-1j),(1+1j),(-1-1j),(1+1j),(1-1j),(-1-1j),(-1-1j),(1+1j),(-1+1j),(1-1j),(1-1j),(-1-1j),(1-1j),(-1-1j),(-1-1j),(-1+1j),(-1+1j),(1+1j),(1+1j),(1-1j),(1+1j),(-1+1j),(1+1j),(-1-1j),(1+1j),(1+1j),(-1-1j),(-1-1j),(1-1j),(-1-1j),(-1-1j),(1-1j),(1-1j),(1-1j),(1-1j),(-1-1j),(1-1j),(-1-1j),(-1-1j),(-1-1j),(1+1j),(1-1j),(1+1j),(1-1j),(-1-1j),(-1-1j),(1-1j),(-1-1j),(1+1j),(-1-1j),(-1+1j),(1+1j),(-1-1j),(-1+1j),(1+1j),(1-1j),(1+1j),(1-1j),(-1-1j),(1-1j),(-1-1j),(-1-1j),(1+1j),(-1+1j),(1+1j),(-1+1j),(1+1j),(1-1j),(1+1j),(1+1j),(-1-1j),(1-1j),(-1+1j),(1-1j),(-1-1j),(-1-1j),(-1+1j),(1-1j),(1-1j),(-1-1j),(1+1j),(-1+1j),(1-1j),(-1+1j),(1+1j),(-1-1j),(-1+1j),(1-1j),(-1+1j),(-1+1j),(-1+1j),(-1+1j),(1-1j),(1+1j),(1-1j),(1-1j),(1+1j),(1-1j),(-1-1j),(1+1j),(-1+1j),(-1-1j),(1+1j),(-1+1j),(-1+1j),(1-1j),(-1-1j),(-1+1j),(1-1j),(1-1j),(-1+1j),(1-1j),(1-1j),(-1+1j),(-1+1j),(1+1j),(-1+1j),(1+1j),(-1+1j),(1+1j),(1+1j),(-1+1j),(1+1j),(1-1j),(1-1j),(-1-1j),(-1-1j),(-1+1j),(-1-1j),(1-1j),(-1-1j),(1+1j),(1-1j),(-1-1j),(-1+1j),(1+1j),(-1+1j),(1+1j),(-1+1j),(1-1j),(-1-1j),(1+1j),(1+1j),(1+1j),(1+1j),(-1-1j),(1+1j),(1+1j),(1-1j),(-1-1j),(1-1j),(1-1j),(-1-1j),(-1+1j),(-1+1j),(-1-1j),(1+1j),(-1-1j),(-1-1j),(-1+1j),(1+1j),(-1+1j),(1-1j),(-1-1j),(1-1j),(-1-1j),(-1-1j),(-1-1j),(-1+1j),(1+1j),(1+1j),(-1+1j),(1+1j),(1+1j),(1-1j),(1-1j),(1+1j),(1-1j),(-1-1j),(-1-1j),(1+1j),(-1+1j),(1+1j),(1-1j),(1-1j),(-1+1j),(-1+1j),(1-1j),(-1-1j),(1+1j),(1-1j),(1+1j),(1+1j),(-1-1j),(1-1j),(-1+1j),(1+1j),(1+1j),(1+1j),(-1-1j),(-1-1j),(1+1j),(1-1j),(1+1j),(1+1j),(1-1j),(-1-1j),(1-1j),(-1-1j),(1+1j),(1+1j),(-1-1j),(-1-1j),(-1+1j),(1+1j),(1+1j),(-1-1j),(1+1j),(-1-1j),(1-1j),(-1-1j),(-1-1j),(1+1j),(1-1j),(-1+1j),(1-1j),(-1-1j),(-1-1j),(-1+1j),(1+1j),(-1-1j),(-1+1j),(-1-1j),(1-1j),(1-1j),(1+1j),(1-1j),(-1-1j),(1-1j),(-1-1j),(1+1j),(1-1j),(1+1j),(-1-1j),(1+1j),(-1+1j),(-1+1j),(1+1j),(1+1j),(1+1j),(-1+1j),(-1+1j),(1-1j),(1+1j),(-1-1j),(1+1j),(-1-1j),(1+1j),(1-1j),(-1-1j),(1+1j),(1+1j),(-1-1j),(-1+1j),(-1+1j),(-1-1j),(-1+1j),(-1+1j),(1+1j),(1+1j),(-1-1j),(1-1j),(-1-1j),(-1-1j),(-1+1j),(-1-1j),(-1-1j),(1+1j),(1+1j),(1+1j),(-1-1j),(1+1j),(-1+1j),(-1-1j),(1-1j),(-1-1j),(-1-1j),(1+1j),(-1-1j),(1+1j),(1+1j),(-1-1j),(-1-1j),(-1+1j),(-1+1j),(1-1j),(1+1j),(1+1j),(-1-1j),(-1-1j),(-1+1j),(-1+1j),(-1-1j),(1+1j),(1-1j),(1-1j),(1-1j),(-1+1j),(-1-1j),(1-1j),(-1+1j),(-1+1j),(1-1j),(1+1j),(1+1j),(-1-1j),(-1+1j),(1+1j),(-1-1j),(-1-1j),(-1-1j),(-1+1j),(-1+1j),(-1+1j),(1+1j),(1+1j),(1+1j),(-1-1j),(-1-1j),(1+1j),(1+1j),(-1-1j),(-1-1j),(1+1j),(1+1j),(-1-1j),(1-1j),(1+1j),(-1+1j),(1-1j),(1-1j),(-1+1j),(1+1j),(-1-1j),(1-1j),(-1-1j),(-1-1j),(1+1j),(1-1j),(-1+1j),(1+1j),(1+1j),(-1-1j),(1+1j),(1-1j),(-1-1j),(1-1j),(1-1j),(-1-1j),(1+1j),(1-1j),(-1-1j),(1-1j),(1-1j),(-1+1j),(-1+1j),(-1+1j),(1-1j),(-1-1j),(1+1j),(1-1j),(-1-1j),(-1-1j),(-1-1j),(1-1j),(1+1j),(1-1j),(-1-1j),(-1+1j),(1+1j),(-1-1j),(-1+1j),(1-1j),(1+1j),(1+1j),(-1+1j),(-1+1j),(1-1j),(-1-1j),(1+1j),(-1-1j),(1-1j),(1+1j),(-1-1j),(-1-1j),(-1-1j),(-1-1j),(-1-1j),(-1-1j),(1-1j),(1+1j),(1+1j),(1+1j),(-1+1j),(1-1j),(1-1j),(1+1j),(1-1j),(-1+1j),(1-1j),(1+1j),(-1+1j),(1-1j),(1+1j),(1-1j),(-1-1j),(-1+1j),(-1-1j),(1+1j),(-1-1j),(1-1j),(-1+1j),(1-1j),(1-1j),(1+1j),(-1-1j),(-1-1j),(-1-1j),(1+1j),(1-1j),(-1-1j),(1+1j),(1+1j),(-1-1j),(1+1j),(-1-1j),(1-1j),(-1+1j),(1+1j),(1-1j),(-1-1j),(1+1j),(-1+1j),(1-1j),(1-1j),(-1+1j),(-1+1j),(1+1j),(-1+1j),(1+1j),(1-1j),(1+1j),(1-1j),(-1-1j),(-1-1j),(1+1j),(1-1j),(1-1j),(-1-1j),(1+1j),(1+1j),(1-1j),(-1-1j),(-1-1j),(1+1j),(1-1j),(1-1j),(-1+1j),(1-1j),(1-1j),(-1+1j),(-1+1j),(1-1j),(-1-1j),(-1+1j),(-1-1j),(1+1j),(1-1j),(-1-1j),(-1-1j),(1-1j),(1-1j),(-1+1j),(-1-1j),(1+1j),(-1-1j),(-1-1j),(-1+1j),(1-1j),(1+1j),(1-1j),(-1-1j),(1-1j),(-1+1j),(-1+1j),(1-1j),(1-1j),(-1-1j),(1+1j),(-1-1j),(-1+1j),(1+1j),(1-1j),(-1-1j),(1-1j),(1-1j),(1-1j),(-1-1j),(-1-1j),(-1+1j),(1-1j),(1+1j),(-1-1j),(-1+1j),(-1-1j),(-1+1j),(1-1j),(1-1j),(1-1j),(-1+1j),(1+1j),(-1-1j),(1+1j),(-1-1j),(1-1j),(1-1j),(-1-1j),(1+1j),(-1-1j),(-1+1j),(1-1j),(1+1j),(1-1j),(1-1j),(1-1j),(-1+1j),(1-1j),(1-1j),(-1+1j),(-1+1j),(-1-1j),(1-1j),(-1+1j),(1+1j),(-1-1j),(-1+1j),(1-1j),(1-1j),(1-1j),(-1-1j),(1-1j),(-1-1j),(-1+1j),(1+1j),(1+1j),(1+1j),(1+1j),(-1-1j),(1+1j),(-1-1j),(1-1j),(1-1j),(1+1j),(1-1j),(-1+1j),(1-1j),(-1+1j),(-1-1j),(-1-1j),(1+1j),(-1+1j),(-1+1j),(1+1j),(1-1j),(-1-1j),(-1-1j),(1-1j),(1-1j),(-1-1j),(-1+1j),(1+1j),(-1-1j),(1+1j),(-1+1j),(1-1j),(1-1j),(-1-1j),(-1-1j),(1+1j),(1+1j),(1+1j),(-1-1j),(1+1j),(1-1j),(1-1j),(-1-1j),(-1-1j),(-1+1j),(1+1j),(-1+1j),(-1+1j),(-1+1j),(-1-1j),(1-1j),(-1-1j),(1-1j),(1-1j),(1+1j),(-1+1j),(1-1j),(-1-1j),(1-1j),(-1-1j),(1-1j),(1+1j),(-1-1j),(-1-1j),(-1+1j),(1-1j),(1-1j),(-1-1j),(1+1j),(-1-1j),(1+1j),(1+1j),(-1-1j),(1+1j),(1-1j),(1+1j),(1-1j),(1-1j),(1-1j),(-1+1j),(-1+1j),(1+1j),(-1+1j),(-1+1j),(-1+1j),(-1-1j),(1+1j),(-1+1j),(1-1j),(1-1j),(-1+1j),(1-1j),(1-1j),(-1+1j),(1+1j),(1+1j),(1-1j),(-1+1j),(-1+1j),(1+1j),(1+1j),(1-1j),(-1-1j),(-1+1j),(1+1j),(-1-1j),(-1+1j),(1+1j),(1-1j),(1-1j),(1-1j),(-1-1j),(1+1j),(1-1j),(1-1j),(-1+1j),(1-1j),(1-1j),(-1+1j),(1+1j),(1-1j),(-1+1j),(1-1j),(-1+1j),(-1+1j),(-1+1j),(-1+1j),(1-1j),(1+1j),(1-1j),(-1-1j),(1+1j),(-1-1j),(-1-1j),(-1+1j),(1+1j),(-1+1j),(-1-1j),(1+1j),(1+1j),(1-1j),(-1-1j),(-1-1j),(-1-1j),(-1-1j),(-1-1j),(-1-1j),(-1-1j),(-1-1j),(-1+1j),(-1+1j),(-1+1j),(-1-1j),(1-1j),(-1-1j),(-1+1j),(1+1j),(-1-1j),(-1-1j),(-1-1j),(1+1j),(-1+1j),(-1-1j),(1-1j),(1-1j),(-1-1j),(-1-1j),(1-1j),(-1-1j),(-1+1j),(1-1j),(1+1j),(1-1j),(-1+1j),(-1+1j),(1+1j),(1+1j),(1-1j),(-1+1j),(-1-1j),(1+1j),(-1-1j),(1+1j),(-1-1j),(1+1j),(1-1j),(-1-1j),(1-1j),(-1+1j),(1-1j),(1+1j),(1+1j),(1+1j),(-1-1j),(1+1j),(-1+1j),(1-1j),(1+1j),(1-1j),(1-1j),(-1+1j),(1+1j),(1+1j),(1+1j),(1+1j),(-1-1j),(1+1j),(1+1j),(1+1j),(1-1j),(-1-1j),(1-1j),(1+1j),(-1-1j),(1+1j),(1+1j),(1+1j),(1-1j),(1+1j),(1+1j),(1+1j),(1-1j),(-1-1j),(-1+1j),(1+1j),(1+1j),(1+1j),(1+1j),(1-1j),(-1+1j),(-1-1j),(1+1j),(-1-1j),(-1-1j),(-1+1j),(1-1j),(1-1j),(-1+1j),(-1+1j),(1+1j),(1-1j),(1-1j),(-1-1j),(-1+1j),(1+1j),(-1-1j),(1+1j),(-1-1j),(-1-1j),(-1+1j),(1+1j),(1-1j),(1+1j),(-1+1j),(1+1j),(1-1j),(1-1j),(-1+1j),(1-1j),(1+1j),(-1-1j),(1+1j),(-1-1j),(-1-1j),(1+1j),(-1-1j),(-1-1j),(1-1j),(-1+1j),(1-1j),(-1+1j),(1+1j),(1+1j),(1+1j),(-1+1j),(1-1j),(1-1j),(-1+1j),(1+1j),(-1+1j),(1+1j),(1+1j),(-1+1j),(1+1j),(1+1j),(-1+1j),(1-1j),(1-1j),(1+1j),(1-1j),(1-1j),(1+1j),(1-1j),(-1-1j),(-1-1j),(1-1j),(-1-1j),(1+1j),(-1+1j),(1+1j),(1+1j),(1+1j),(-1+1j),(1-1j),(-1-1j),(-1+1j),(-1+1j),(-1-1j),(1+1j),(-1-1j),(-1+1j),(-1-1j),(1-1j),(-1-1j),(-1+1j),(1+1j),(1-1j),(1+1j),(1+1j),(1-1j),(-1+1j),(-1+1j),(1+1j),(-1+1j),(1-1j),(-1+1j),(-1+1j),(-1+1j),(1-1j),(-1+1j),(-1-1j),(1-1j),(1-1j),(1+1j),(-1+1j),(1+1j),(1+1j),(1-1j),(-1-1j),(1+1j),(1-1j),(-1-1j),(-1-1j),(-1+1j),(-1-1j),(1+1j),(-1+1j),(1+1j),(1+1j),(1-1j),(-1-1j),(1+1j),(1+1j),(1-1j),(-1+1j),(-1-1j),(1+1j),(1+1j),(-1+1j),(-1+1j),(1-1j),(1-1j),(1+1j),(-1-1j),(-1+1j),(1+1j),(1-1j),(1+1j),(1-1j),(1-1j),(1-1j),(-1+1j),(-1-1j),(1+1j),(-1-1j),(-1-1j),(-1+1j),(-1+1j),(1+1j),(1+1j),(-1+1j),(1-1j),(-1+1j),(-1-1j),(-1-1j),(1+1j),(1+1j),(-1-1j),(-1+1j),(1+1j),(-1+1j),(1+1j),(1+1j),(-1-1j),(1-1j),(-1-1j),(-1-1j),(-1+1j),(1-1j),(1-1j),(-1-1j),(1+1j),(-1+1j),(-1+1j),(1+1j),(-1+1j),(-1+1j),(1+1j),(1+1j),(-1-1j),(1+1j),(-1+1j),(-1+1j),(-1+1j),(1-1j),(1+1j),(1+1j),(-1+1j),(1+1j),(-1+1j),(1+1j),(1-1j),(-1-1j),(1+1j),(1+1j),(-1-1j),(1+1j),(-1-1j),(1-1j),(-1-1j),(-1-1j),(-1+1j),(-1-1j),(-1-1j),(-1+1j),(1+1j),(1-1j),(1+1j),(1-1j),(-1+1j),(1+1j),(1-1j),(-1-1j),(-1+1j),(1-1j),(1+1j),(1-1j),(1+1j),(1-1j),(-1-1j),(1-1j),(1+1j),(1-1j),(1-1j),(-1-1j),(1+1j),(-1+1j),(-1+1j),(1+1j),(1+1j),(-1+1j),(-1+1j),(1-1j),(1-1j),(-1-1j),(1+1j),(1+1j),(-1-1j),(1+1j),(-1-1j),(-1-1j),(1-1j),(-1-1j),(1+1j),(-1+1j),(-1-1j),(-1+1j),(-1+1j),(1+1j),(1-1j),(1+1j),(-1+1j),(1+1j),(1-1j),(-1-1j),(-1-1j),(1+1j),(1+1j),(-1+1j),(1+1j),(1+1j),(1-1j),(1-1j),(-1+1j),(-1+1j),(1-1j),(1-1j),(-1+1j),(1+1j),(1-1j),(-1-1j),(1+1j),(1+1j),(1-1j),(1-1j),(-1+1j),(1-1j),(-1-1j),(-1-1j),(-1+1j),(-1-1j),(1-1j),(-1+1j),(-1-1j),(1+1j),(1-1j),(-1+1j),(1+1j),(1+1j),(-1-1j),(-1-1j),(-1-1j),(1+1j),(-1+1j),(-1+1j),(-1+1j),(1+1j),(1+1j),(-1+1j),(1-1j),(-1+1j),(-1+1j),(1+1j),(-1+1j),(1+1j),(-1-1j),(-1-1j),(1+1j),(1+1j),(1-1j),(1+1j),(1-1j),(-1-1j),(1+1j),(-1+1j),(1+1j),(-1+1j),(1-1j),(-1+1j),(1-1j),(1-1j),(-1+1j),(1-1j),(1-1j),(1+1j),(-1-1j),(1+1j),(1+1j),(1+1j),(-1-1j),(-1-1j),(-1-1j),(1-1j),(-1-1j),(-1+1j),(-1-1j),(1+1j),(-1-1j),(1+1j),(1+1j),(1+1j),(1-1j),(-1-1j),(-1-1j),(-1-1j),(1-1j),(1-1j),(-1-1j),(-1+1j),(-1+1j),(-1+1j),(-1-1j),(1+1j),(1-1j),(1-1j),(1-1j),(-1+1j),(1+1j),(1-1j),(1-1j),(1-1j),(-1+1j),(-1+1j),(1-1j),(-1-1j),(-1-1j),(1-1j),(1-1j),(-1+1j),(1+1j),(1+1j),(1+1j),(-1+1j),(-1-1j),(1-1j),(1+1j),(1+1j),(-1-1j),(-1-1j),(1-1j),(1+1j),(-1+1j),(-1-1j),(1-1j),(-1-1j),(-1+1j),(1-1j),(1-1j),(1+1j),(-1-1j),(1-1j),(1-1j),(1-1j),(-1-1j),(1-1j),(1+1j),(1+1j),(1+1j),(1+1j),(-1-1j),(1+1j),(-1-1j),(1+1j),(1-1j),(1+1j),(-1+1j),(-1-1j),(1-1j),(-1+1j),(1-1j),(1-1j),(1-1j),(-1-1j),(1+1j),(1+1j),(-1+1j),(1-1j),(-1+1j),(1+1j),(1+1j),(1-1j),(1-1j),(1-1j),(1+1j),(-1-1j),(-1+1j),(-1-1j),(1-1j),(-1+1j),(1-1j),(1-1j),(1-1j),(1-1j),(1+1j),(1+1j),(-1+1j),(1-1j),(1-1j),(-1-1j),(-1+1j),(-1-1j),(1+1j),(1+1j),(1-1j),(1+1j),(-1+1j),(1-1j),(1-1j),(-1-1j),(-1+1j),(1+1j),(-1-1j),(-1-1j),(-1-1j),(-1+1j),(-1+1j),(1+1j),(1+1j),(1+1j),(-1-1j),(1+1j),(-1-1j),(1+1j),(1-1j),(-1+1j),(-1+1j),(-1-1j),(1-1j),(-1+1j),(1-1j),(1+1j),(1-1j),(-1-1j),(1+1j),(-1-1j),(1-1j),(-1-1j),(-1+1j),(-1+1j),(-1-1j),(1+1j),(-1-1j),(1-1j),(1-1j),(-1-1j),(1+1j),(-1-1j),(1+1j),(-1+1j),(1+1j),(1+1j),(-1-1j),(1-1j),(1+1j),(-1-1j),(-1+1j),(-1+1j),(1+1j),(1+1j),(-1+1j),(-1-1j),(1+1j),(1-1j),(1-1j),(1-1j),(1-1j),(-1-1j),(-1+1j),(1-1j),(1-1j),(1+1j),(1-1j),(1+1j),(-1-1j),(-1-1j),(-1-1j),(1-1j),(-1+1j),(1+1j),(1+1j),(-1-1j),(1+1j),(1+1j),(1+1j),(1-1j),(1+1j),(1-1j),(1-1j),(-1+1j),(1-1j),(-1-1j),(-1-1j),(-1-1j),(1-1j),(1+1j),(1-1j),(-1-1j),(1+1j),(1-1j),(-1-1j),(1-1j),(-1+1j),(1+1j),(1+1j),(1-1j),(-1-1j),(-1-1j),(1+1j),(1-1j),(1+1j),(-1+1j),(-1+1j),(-1-1j),(1-1j),(1-1j),(1-1j),(1-1j),(-1+1j),(-1-1j),(-1+1j),(1+1j),(-1+1j),(1+1j),(1+1j),(-1+1j),(1+1j),(1+1j),(1+1j),(-1+1j),(1-1j),(1+1j),(-1+1j),(-1-1j),(1+1j),(-1+1j),(1+1j),(1+1j),(1+1j),(1+1j),(-1-1j),(1-1j),(-1+1j),(-1-1j),(1+1j),(-1+1j),(-1+1j),(-1+1j),(1+1j),(1+1j),(1-1j),(-1+1j),(-1-1j),(-1-1j),(1+1j),(1+1j),(1+1j),(1+1j),(-1+1j),(1+1j),(1+1j),(-1+1j),(1+1j),(1-1j),(-1-1j),(1-1j),(1-1j),(-1+1j),(1-1j),(1+1j),(-1-1j),(1+1j),(-1-1j),(1-1j),(-1+1j),(1-1j),(1-1j),(1-1j),(1+1j),(-1+1j),(-1-1j),(-1+1j),(1-1j),(-1+1j),(-1-1j),(-1-1j),(-1+1j),(-1+1j),(1-1j),(1-1j),(-1-1j),(1+1j),(-1+1j),(1+1j),(1+1j),(1-1j),(-1-1j),(1-1j),(-1+1j),(-1-1j),(1+1j),(1-1j),(1-1j),(1+1j),(1-1j),(1-1j),(1-1j),(1-1j),(-1-1j),(-1-1j),(1+1j),(-1+1j),(-1-1j),(1+1j),(1+1j),(1-1j),(-1+1j),(-1-1j),(1+1j),(1+1j),(-1-1j),(1+1j),(1+1j),(1+1j),(1-1j),(1+1j),(1-1j),(1+1j),(1-1j),(-1-1j),(1+1j),(-1-1j),(-1+1j),(1-1j),(-1+1j),(1+1j),(1+1j),(1-1j),(1-1j),(1-1j),(1-1j),(1-1j),(1+1j),(1-1j),(-1-1j),(-1-1j),(1-1j),(1-1j),(-1+1j),(-1+1j),(1+1j),(1+1j),(1+1j),(-1+1j),(-1+1j),(1-1j),(-1+1j),(1-1j),(1-1j),(1+1j),(-1+1j),(1-1j),(-1+1j),(-1+1j),(1+1j),(-1-1j),(1-1j),(-1-1j),(1+1j),(1-1j),(1+1j),(1-1j),(1-1j),(-1+1j),(1+1j),(1+1j),(1+1j),(1-1j),(-1-1j),(1-1j),(-1+1j),(1+1j),(1-1j),(1-1j),(-1-1j),(-1-1j),(1-1j),(1-1j),(1-1j),(-1-1j),(1+1j),(-1+1j),(-1+1j),(-1+1j),(1-1j),(-1+1j),(1+1j),(1+1j),(-1-1j),(1-1j),(-1-1j),(1+1j),(-1+1j),(1+1j),(1+1j),(-1-1j),(1+1j),(-1+1j),(-1-1j),(-1-1j),(1+1j),(-1+1j),(1+1j),(-1+1j),(1+1j),(1-1j),(1-1j),(-1+1j),(1-1j),(1+1j),(1+1j),(1-1j),(-1+1j),(1-1j),(1-1j),(-1-1j),(-1-1j),(-1-1j),(1+1j),(1-1j),(1+1j),(-1-1j),(1-1j),(-1+1j),(-1-1j),(1+1j),(1+1j),(1+1j),(1-1j),(1-1j),(-1+1j),(-1-1j),(1+1j),(-1+1j),(1+1j),(1+1j),(-1-1j),(1+1j),(1-1j),(1-1j),(-1+1j),(-1+1j),(1+1j),(-1+1j),(-1+1j),(1-1j),(1-1j),(1+1j),(-1-1j),(-1+1j),(1+1j),(-1-1j),(-1-1j),(1+1j),(-1-1j),(1+1j),(-1+1j),(-1-1j),(1+1j),(1-1j),(-1-1j),(1+1j),(-1+1j),(1-1j),(1+1j),(1-1j),(1+1j),(1-1j),(-1+1j),(-1-1j),(1-1j),(-1-1j),(-1-1j),(-1+1j),(-1+1j),(-1+1j),(1+1j),(1+1j),(-1+1j),(1+1j),(-1-1j),(-1-1j),(-1+1j),(-1+1j),(1+1j),(-1+1j),(1+1j),(-1+1j),(1+1j),(1+1j),(-1-1j),(1-1j),(-1-1j),(1-1j),(1+1j),(1-1j),(1-1j),(1+1j),(1-1j),(-1+1j),(-1-1j),(1-1j),(-1-1j),(-1+1j),(-1+1j),(1+1j),(1+1j),(1+1j),(-1+1j),(-1-1j),(1+1j),(1+1j),(1+1j),(-1-1j),(1+1j),(1+1j),(-1+1j),(1+1j),(1-1j),(-1+1j),(1-1j),(1-1j),(1+1j),(1+1j),(-1-1j),(1+1j),(-1-1j),(1-1j),(1-1j),(-1-1j),(-1-1j),(-1-1j),(1+1j),(1-1j),(-1-1j),(1-1j),(1-1j),(-1-1j),(1-1j),(-1-1j),(1-1j),(1+1j),(1-1j),(1+1j),(1+1j),(-1-1j),(-1-1j),(1-1j),(1+1j),(1-1j),(-1+1j),(-1-1j),(-1+1j),(1-1j),(-1-1j),(-1+1j),(1+1j),(-1+1j),(-1-1j),(1+1j),(-1-1j),(1+1j),(-1-1j),(-1-1j),(1-1j),(1-1j),(1+1j),(-1+1j),(-1+1j),(1-1j),(-1-1j),(1-1j),(1-1j),(-1+1j),(-1+1j),(1-1j),(1+1j),(-1-1j),(-1+1j),(-1-1j),(1+1j),(1-1j),(-1-1j),(1+1j),(1+1j),(-1-1j),(1+1j),(1-1j),(1-1j),(1+1j),(-1+1j),(1+1j),(1+1j),(-1+1j),(1-1j),(1-1j),(1+1j),(-1-1j),(1+1j),(-1+1j),(-1+1j),(-1+1j),(-1-1j),(-1-1j),(1+1j),(-1+1j),(1+1j),(-1+1j),(1+1j),(1-1j),(1+1j),(1-1j),(-1-1j),(1+1j),(1-1j),(-1-1j),(-1-1j),(1+1j),(-1-1j),(1+1j),(-1-1j),(1-1j),(1-1j),(-1+1j),(1-1j),(1-1j),(-1+1j),(-1+1j),(1+1j),(1+1j),(-1-1j),(1+1j),(1+1j),(-1-1j),(1+1j),(1-1j),(-1-1j),(-1-1j),(-1-1j),(-1+1j),(1-1j),(1+1j),(-1-1j),(1+1j),(1+1j),(-1-1j),(-1-1j),(-1-1j),(-1+1j),(-1-1j),(1+1j),(1-1j),(1-1j),(1-1j),(-1-1j),(1+1j),(-1-1j),(1+1j),(1-1j),(1+1j),(-1-1j),(1+1j),(-1+1j),(1-1j),(1-1j),(1+1j),(1+1j),(1-1j),(-1+1j),(-1-1j),(1+1j),(1+1j),(-1-1j),(-1+1j),(1-1j),(1+1j),(1-1j),(-1+1j),(-1-1j),(-1-1j),(1+1j),(1+1j),(1-1j),(-1-1j),(-1-1j),(1+1j),(-1+1j),(-1-1j),(1-1j),(1+1j),(-1-1j),(1+1j),(1-1j),(1+1j),(1-1j),(1-1j),(-1-1j),(1+1j),(1+1j),(1+1j),(1-1j),(-1-1j),(-1-1j),(1-1j),(1-1j),(-1-1j),(1-1j),(1-1j),(-1-1j),(1+1j),(1-1j),(-1-1j),(1+1j),(-1-1j),(-1-1j),(1+1j),(-1-1j),(-1-1j),(1+1j),(1-1j),(-1-1j),(1+1j),(1-1j),(-1-1j),(1+1j),(-1-1j),(-1-1j),(1-1j),(-1-1j),(-1+1j),(1+1j),(1+1j),(1+1j),(1+1j),(1-1j),(-1-1j),(1+1j),(1-1j),(1+1j),(1+1j),(1-1j),(-1-1j),(1+1j),(-1+1j),(1-1j),(1-1j),(1+1j),(-1-1j),(1-1j),(1+1j),(1+1j),(1-1j),(-1+1j),(-1+1j),(1-1j),(1-1j),(-1-1j),(1+1j),(1+1j),(-1-1j),(-1-1j),(-1+1j),(1+1j),(1+1j),(1-1j),(-1-1j),(1+1j),(-1+1j),(1+1j),(1-1j),(1-1j),(1+1j),(1+1j),(1-1j),(-1-1j),(1+1j),(1-1j),(-1-1j),(1+1j),(-1-1j),(-1-1j),(1-1j),(1-1j),(-1-1j),(-1+1j),(-1-1j),(1-1j),(-1+1j),(1-1j),(1-1j),(-1+1j),(-1+1j),(-1-1j),(1+1j),(1-1j),(-1-1j),(-1-1j),(1-1j),(-1-1j),(1-1j),(1-1j),(-1-1j),(1+1j),(-1-1j),(1+1j),(1-1j),(1-1j),(-1-1j),(1+1j),(1+1j),(1+1j),(1-1j),(-1-1j),(-1-1j),(1-1j),(1-1j),(-1-1j),(1+1j),(-1-1j),(1-1j),(-1-1j),(1+1j),(1-1j),(-1-1j),(1+1j),(1-1j),(-1-1j),(1+1j),(-1-1j),(1+1j),(-1-1j),(1-1j),(1-1j),(1+1j),(1-1j),(-1-1j),(1+1j),(1-1j),(-1+1j),(-1+1j),(-1-1j),(-1-1j),(-1+1j),(1-1j),(1+1j),(1+1j),(-1+1j),(-1+1j),(-1+1j),(-1+1j),(-1-1j),(1+1j),(-1+1j),(1+1j),(-1+1j),(1+1j),(1-1j),(1+1j),(1-1j),(-1-1j),(1+1j),(1+1j),(-1-1j),(1+1j),(1+1j),(1-1j),(1+1j),(1-1j),(1-1j),(1-1j),(1-1j),(1-1j),(1+1j),(1+1j),(1-1j),(-1+1j),(-1-1j),(1+1j),(1-1j),(-1-1j),(1-1j),(1+1j),(1+1j),(1-1j),(-1-1j),(-1+1j),(1-1j),(1+1j),(1-1j),(1+1j),(1-1j),(-1-1j),(1+1j),(-1+1j),(1-1j),(1-1j),(1-1j),(1-1j),(1-1j),(1+1j),(1-1j),(1-1j),(1-1j),(-1+1j),(1+1j),(-1+1j),(1+1j),(-1+1j),(-1+1j),(1-1j),(1+1j),(1-1j),(1-1j),(1-1j),(1-1j),(1-1j),(1+1j),(1+1j),(1+1j),(1-1j),(1+1j),(-1+1j),(1+1j),(1-1j),(1+1j),(1-1j),(1-1j),(1-1j),(1-1j),(1-1j),(1+1j),(1-1j),(1+1j),(1-1j),(-1-1j),(1-1j),(-1-1j),(-1+1j),(1-1j),(1-1j),(1+1j),(1-1j),(1-1j),(1-1j),(-1-1j),(1-1j),(1-1j),(1-1j),(1+1j),(-1+1j),(1-1j),(-1+1j),(1-1j),(1-1j),(1+1j),(1+1j),(1-1j),(1-1j),(-1-1j),(-1+1j),(1+1j),(-1-1j),(-1-1j),(1-1j),(1-1j),(1-1j),(1-1j),(1-1j),(-1-1j),(-1-1j),(1+1j),(-1+1j),(1+1j),(1+1j),(1+1j),(1-1j),(1+1j),(1-1j),(-1-1j),(-1-1j),(1-1j),(-1+1j),(-1-1j),(-1-1j),(-1+1j),(-1-1j),(-1-1j),(1-1j),(1+1j),(1+1j),(1-1j),(1-1j),(-1-1j),(-1-1j),(-1+1j),(1-1j),(-1-1j),(1+1j),(-1-1j),(1-1j),(1+1j),(-1-1j),(-1-1j),(1+1j),(-1-1j),(-1-1j),(1+1j),(-1-1j),(-1-1j),(-1-1j),(-1-1j),(-1-1j),(1+1j),(-1-1j),(-1-1j),(1+1j),(-1-1j),(-1-1j),(1+1j),(-1-1j),(1-1j),(1+1j),(-1-1j),(-1-1j),(1+1j),(-1+1j),(-1-1j),(-1-1j),(-1+1j),(-1-1j),(-1-1j),(1+1j),(-1+1j),(-1-1j),(1+1j),(-1-1j),(-1-1j),(-1+1j),(1+1j),(-1-1j),(1+1j),(-1+1j),(-1+1j),(1+1j),(-1-1j),(-1+1j),(1+1j),(-1-1j),(-1+1j),(1+1j),(-1-1j),(-1-1j),(-1+1j),(-1-1j),(-1-1j),(-1+1j),(-1-1j),(-1+1j),(1+1j),(-1-1j),(-1+1j),(1+1j),(-1-1j),(-1-1j),(1+1j),(-1+1j),(-1-1j),(1+1j),(-1+1j),(-1+1j),(1-1j),(1-1j),(-1-1j),(1-1j),(-1+1j),(-1+1j),(1+1j),(-1-1j),(-1+1j),(1+1j),(-1-1j),(-1+1j),(1+1j),(-1-1j),(-1-1j),(-1-1j),(-1-1j),(-1-1j),(-1+1j),(-1-1j),(-1+1j),(-1+1j),(1-1j),(-1+1j),(1+1j),(-1-1j),(-1-1j),(1-1j),(-1+1j),(-1-1j),(1+1j),(-1+1j),(-1-1j),(1+1j),(-1+1j),(-1-1j),(1+1j),(-1+1j),(-1+1j),(1+1j),(-1-1j),(-1+1j),(1+1j),(-1-1j),(-1+1j),(1+1j),(-1-1j),(-1-1j),(1+1j),(-1+1j),(-1-1j),(-1+1j),(-1+1j),(-1+1j),(-1+1j),(1+1j),(-1-1j),(-1-1j),(1-1j),(1-1j),(-1+1j),(1-1j),(-1-1j),(-1-1j),(1-1j),(-1-1j),(-1+1j),(-1+1j),(1-1j),(-1+1j),(1+1j),(-1-1j),(-1-1j),(1-1j),(1-1j),(-1+1j),(-1-1j),(1+1j),(-1-1j),(-1-1j),(-1-1j),(-1-1j),(-1+1j),(1+1j),(1-1j),(-1+1j),(1-1j),(1+1j),(-1+1j),(-1+1j),(1-1j),(-1-1j),(-1+1j),(-1-1j),(1+1j),(-1-1j),(-1-1j),(1-1j),(-1+1j),(-1+1j),(-1+1j),(-1-1j),(-1+1j),(1+1j),(1+1j),(-1-1j),(1-1j),(-1+1j),(1-1j),(1-1j),(-1+1j),(-1+1j),(1-1j),(-1+1j),(1+1j),(-1-1j),(-1+1j),(-1-1j),(1-1j),(-1+1j),(-1+1j),(-1+1j),(1+1j),(1-1j),(1+1j),(-1+1j),(1-1j),(1-1j),(-1+1j),(-1-1j),(-1-1j),(-1-1j),(1+1j),(-1+1j),(1+1j),(-1-1j),(-1-1j),(-1+1j),(-1-1j),(-1-1j),(-1+1j),(-1+1j),(-1-1j),(-1+1j),(1-1j),(-1-1j),(1+1j),(1-1j),(1-1j),(-1-1j),(-1-1j),(-1-1j),(-1+1j),(-1+1j),(-1-1j),(-1-1j),(1+1j),(1+1j),(-1-1j),(-1-1j),(-1-1j),(-1-1j),(1+1j),(-1-1j),(1+1j),(-1-1j),(-1-1j),(1-1j),(1+1j),(1-1j),(-1-1j),(1-1j),(1+1j),(1+1j),(-1+1j),(1-1j),(1-1j),(1-1j),(1+1j),(1-1j),(-1-1j),(1-1j),(1-1j),(-1+1j),(1-1j),(1-1j),(-1+1j),(1+1j),(1-1j),(1-1j),(-1+1j),(1-1j),(1-1j),(-1-1j),(1-1j),(1-1j),(-1+1j),(1+1j),(1-1j),(1+1j),(1+1j),(1-1j),(1+1j),(1-1j),(-1-1j),(1-1j),(-1-1j),(1-1j),(1-1j),(-1+1j),(1+1j),(1+1j),(1+1j),(1+1j),(1-1j),(-1+1j),(1+1j),(1-1j),(1+1j),(1+1j),(1-1j),(1+1j),(1-1j),(1+1j),(1+1j),(1+1j),(-1+1j),(1-1j),(1+1j),(1+1j),(1-1j),(1+1j),(-1+1j),(1-1j),(1-1j),(1-1j),(1-1j),(1-1j),(1+1j),(1-1j),(1-1j),(1-1j),(1+1j),(1-1j),(-1+1j),(1+1j),(-1+1j),(1-1j),(1-1j),(-1-1j),(-1-1j),(1+1j),(-1+1j),(1+1j),(1-1j),(-1-1j),(1-1j),(-1+1j),(1-1j),(1-1j),(-1-1j),(-1-1j),(1+1j),(-1+1j),(-1-1j),(-1-1j),(1-1j),(1-1j),(-1-1j),(1-1j),(-1+1j),(-1-1j),(1+1j),(1-1j),(1-1j),(1+1j),(1-1j),(-1-1j),(1-1j),(1-1j),(-1-1j),(-1-1j),(-1-1j),(-1-1j),(-1-1j),(1-1j),(-1+1j),(1+1j),(1-1j),(-1+1j),(1+1j),(1-1j),(-1+1j),(-1-1j),(-1+1j),(-1+1j),(-1+1j),(-1+1j),(-1+1j),(-1+1j),(-1+1j),(1+1j),(1+1j),(1-1j),(-1-1j),(-1-1j),(-1+1j),(1+1j),(1-1j),(-1+1j),(-1+1j),(-1+1j),(-1+1j),(-1-1j),(-1-1j),(-1+1j),(-1+1j),(1-1j),(-1+1j),(-1+1j),(1-1j),(-1+1j),(1-1j),(-1-1j),(-1+1j),(1+1j),(-1-1j),(-1-1j),(-1-1j),(1+1j),(1+1j),(-1+1j),(1+1j),(-1+1j),(1-1j),(1-1j),(-1+1j),(-1+1j),(-1+1j),(1-1j),(-1-1j),(-1-1j),(1+1j),(-1+1j),(1-1j),(-1-1j),(-1-1j),(1-1j),(-1-1j),(-1-1j),(1+1j),(-1-1j),(1-1j),(1+1j),(-1+1j),(-1-1j),(-1+1j),(-1+1j),(-1-1j),(-1-1j),(1+1j),(-1-1j),(1-1j),(-1-1j),(1+1j),(-1+1j),(-1-1j),(-1-1j),(-1-1j),(-1+1j),(-1+1j),(-1+1j),(1+1j),(-1-1j),(-1+1j),(-1+1j),(1-1j),(1-1j),(-1+1j),(1+1j),(-1+1j),(-1+1j),(1-1j),(1-1j),(-1+1j),(-1-1j),(1+1j),(-1+1j),(-1+1j),(1+1j),(-1+1j),(1-1j),(1+1j),(1-1j),(-1-1j),(-1+1j),(-1+1j),(1+1j),(1-1j),(-1+1j),(-1-1j),(-1+1j),(-1+1j),(-1+1j),(-1+1j),(-1+1j),(-1-1j),(1+1j),(1-1j),(-1-1j),(-1+1j),(1+1j),(-1-1j),(1-1j),(1+1j),(-1-1j),(1+1j),(-1+1j),(-1+1j),(-1-1j),(-1-1j),(-1-1j),(1+1j),(-1+1j),(-1+1j),(-1-1j),(-1+1j),(-1+1j),(-1-1j),(-1-1j),(-1-1j),(1+1j),(1+1j),(1-1j),(1-1j),(-1+1j),(1+1j),(1+1j),(1-1j),(1+1j),(1+1j),(-1+1j),(1+1j),(1+1j),(-1-1j),(-1-1j),(-1+1j),(-1-1j),(1+1j),(-1-1j),(-1+1j),(-1-1j),(-1-1j),(-1-1j),(1-1j),(-1-1j),(1+1j),(1+1j),(-1-1j),(-1+1j),(1+1j),(1+1j),(-1-1j),(1+1j),(-1-1j),(-1+1j),(1-1j),(1+1j),(1-1j),(1+1j),(-1-1j),(1-1j),(1-1j),(1+1j),(1+1j),(-1-1j),(1-1j),(-1+1j),(1-1j),(1-1j),(1+1j),(-1-1j),(1-1j),(1+1j),(1-1j),(1+1j),(1+1j),(1-1j),(-1-1j),(1-1j),(1+1j),(1+1j),(1+1j),(1+1j),(1-1j),(1+1j),(1-1j),(-1-1j),(1-1j),(-1+1j),(-1-1j),(-1+1j),(1+1j),(1-1j),(1-1j),(-1+1j),(-1-1j),(1-1j),(1-1j),(-1-1j),(-1+1j),(1+1j),(1+1j),(1+1j),(1-1j),(-1-1j),(-1+1j),(1-1j),(1-1j),(-1-1j),(1+1j),(1+1j),(1+1j),(1-1j),(1+1j),(1+1j),(1-1j),(-1-1j),(1-1j),(1+1j),(1-1j),(-1-1j),(-1-1j),(1-1j),(1-1j),(1+1j),(-1+1j),(1+1j),(1-1j),(-1+1j),(-1-1j),(1-1j),(1-1j),(1-1j),(1-1j),(1-1j),(-1-1j),(1-1j),(1+1j),(1-1j),(-1-1j),(-1+1j),(1+1j),(-1-1j),(-1-1j),(1+1j),(1-1j),(1-1j),(1-1j),(-1+1j),(1-1j),(1-1j),(-1+1j),(1+1j),(-1-1j),(1+1j),(1-1j),(-1-1j),(-1+1j),(-1-1j),(1+1j),(-1-1j),(-1-1j),(-1+1j),(1-1j),(-1-1j),(-1-1j),(1+1j),(-1+1j),(1+1j),(-1+1j),(-1-1j),(1+1j),(-1-1j),(-1-1j),(-1+1j),(1-1j),(1+1j),(-1-1j),(-1-1j),(-1-1j),(1-1j),(-1-1j),(-1-1j),(1+1j),(1-1j),(-1-1j),(1-1j),(-1-1j),(-1-1j),(1-1j),(-1-1j),(-1-1j),(-1+1j),(-1+1j),(1+1j),(-1+1j),(-1+1j),(1+1j),(-1+1j),(-1-1j),(1+1j),(-1-1j),(-1+1j),(1-1j),(-1-1j),(1-1j),(1+1j),(1+1j),(-1-1j),(1+1j),(1+1j),(-1-1j),(-1+1j),(1-1j),(-1+1j),(-1-1j),(1-1j),(-1+1j),(-1-1j),(1-1j),(-1-1j),(-1-1j),(1+1j),(-1+1j),(1+1j),(1-1j),(-1-1j),(-1+1j),(1+1j),(-1+1j),(1-1j),(1+1j),(1-1j),(-1-1j),(1+1j),(-1-1j),(-1-1j),(-1+1j),(-1+1j),(-1+1j),(-1-1j),(1+1j),(1+1j),(1-1j),(-1+1j),(1-1j),(1+1j),(-1-1j),(-1-1j),(-1+1j),(-1+1j),(1+1j),(1-1j),(-1+1j),(1-1j),(1-1j),(-1+1j),(1+1j),(-1+1j),(-1+1j),(1-1j),(1+1j),(-1+1j),(-1+1j),(1+1j),(-1+1j),(-1-1j),(-1-1j),(-1+1j),(1-1j),(-1+1j),(-1+1j),(-1-1j),(1-1j),(-1+1j),(-1+1j),(1-1j),(1-1j),(-1-1j),(-1-1j),(-1-1j),(-1-1j),(1+1j),(-1-1j),(1+1j),(-1-1j),(-1-1j),(-1-1j),(1-1j),(-1-1j),(1+1j),(-1+1j),(-1+1j),(1+1j),(1+1j),(1+1j),(1+1j),(-1+1j),(1-1j),(-1+1j),(1+1j),(1+1j),(-1-1j),(-1+1j),(-1+1j),(-1+1j),(-1-1j),(1+1j),(1+1j),(-1+1j),(-1+1j),(1+1j),(1-1j),(-1-1j),(1-1j),(-1+1j),(-1-1j),(1-1j),(1-1j),(-1-1j),(1+1j),(-1+1j),(-1+1j),(1+1j),(-1-1j),(-1-1j),(-1-1j),(1+1j),(-1+1j),(-1+1j),(1+1j),(-1-1j),(1-1j),(1+1j),(-1+1j),(-1+1j),(1-1j),(-1-1j),(-1+1j),(1+1j),(-1-1j),(-1-1j),(1-1j),(1+1j),(1+1j),(1+1j),(-1-1j),(1-1j),(-1+1j),(1+1j),(1-1j),(-1-1j),(-1+1j),(1+1j),(1-1j),(-1-1j),(1-1j),(1-1j),(1-1j),(-1-1j),(-1-1j),(1-1j),(1+1j),(-1+1j),(-1+1j),(1+1j),(-1-1j),(1-1j),(1+1j),(-1+1j),(1-1j),(-1+1j),(-1+1j),(1+1j),(1-1j),(-1-1j),(-1+1j),(1+1j),(1-1j),(-1-1j),(1+1j),(1+1j),(1-1j),(1-1j),(1-1j),(1-1j),(1+1j),(1-1j),(1-1j),(1-1j),(1-1j),(1+1j),(1-1j),(-1+1j),(1-1j),(1-1j),(-1+1j),(1-1j),(-1-1j),(1+1j),(1-1j),(1+1j),(1-1j),(-1-1j),(-1+1j),(1+1j),(-1+1j),(1-1j),(1-1j),(1-1j),(1+1j),(-1+1j),(-1-1j),(1-1j),(-1-1j),(1-1j),(1-1j),(1-1j),(1+1j),(-1+1j),(1-1j),(1-1j),(1-1j),(-1-1j),(1-1j),(1+1j),(-1-1j),(1+1j),(1-1j),(-1-1j),(1+1j),(1-1j),(1-1j),(-1+1j),(-1+1j),(1+1j),(-1+1j),(1+1j),(1-1j),(1-1j),(-1-1j),(-1-1j),(1-1j),(-1-1j),(-1+1j),(-1-1j),(-1+1j),(-1+1j),(-1-1j),(-1+1j),(1+1j),(-1+1j),(1+1j),(1-1j),(-1+1j),(-1+1j),(1-1j),(-1+1j),(1-1j),(-1-1j),(1-1j),(-1-1j),(-1+1j),(1-1j),(-1-1j),(-1-1j),(-1-1j),(1+1j),(-1-1j),(-1+1j),(1+1j),(-1-1j),(1+1j),(1-1j),(-1-1j),(-1-1j),(1-1j),(-1-1j),(-1-1j),(1+1j),(1-1j),(1+1j),(-1-1j),(-1-1j),(1-1j),(-1-1j),(-1-1j),(1-1j),(-1-1j),(1-1j),(1-1j),(-1+1j),(-1-1j),(-1-1j),(-1+1j),(1-1j),(-1-1j),(1+1j),(-1-1j),(1-1j),(-1-1j),(-1-1j),(-1-1j),(1+1j),(-1+1j),(-1-1j),(1+1j),(-1-1j),(-1-1j),(-1+1j),(-1-1j),(-1+1j),(1+1j),(-1+1j),(1+1j),(-1+1j),(-1+1j),(-1-1j),(-1+1j),(1-1j),(1+1j),(-1-1j),(-1+1j),(-1+1j),(-1-1j),(-1-1j),(-1-1j),(1+1j),(1+1j),(-1+1j),(-1-1j),(1+1j),(-1+1j),(-1-1j),(1-1j),(1+1j),(1-1j),(-1-1j),(1+1j),(1-1j),(-1-1j),(1+1j),(1-1j),(-1-1j),(-1+1j),(1+1j),(1+1j),(-1-1j),(-1-1j),(1-1j),(-1+1j),(-1+1j),(-1+1j),(1-1j),(-1+1j),(-1+1j),(-1+1j),(1+1j),(-1+1j),(-1+1j),(1+1j),(-1+1j),(-1+1j),(1+1j),(1+1j),(-1-1j),(-1-1j),(-1+1j),(1+1j),(-1-1j),(-1+1j),(-1+1j),(1+1j),(-1-1j),(1+1j),(-1-1j),(-1+1j),(-1+1j),(1-1j),(-1-1j),(-1-1j),(-1-1j),(-1+1j),(-1+1j),(1+1j),(1+1j),(1-1j),(1+1j),(1-1j),(-1-1j),(-1+1j),(-1+1j),(-1-1j),(1+1j),(1+1j),(-1-1j),(-1+1j),(1+1j),(1-1j),(-1-1j),(-1-1j),(-1-1j),(1-1j),(1+1j),(1-1j),(-1-1j),(-1+1j),(-1+1j),(-1+1j),(1-1j),(-1+1j),(1-1j),(1-1j),(1-1j),(1-1j),(1-1j),(1-1j),(1+1j),(1-1j),(1-1j),(1-1j),(1+1j),(-1-1j),(-1-1j),(1-1j),(1+1j),(1-1j),(1+1j),(1-1j),(1+1j),(-1-1j),(-1+1j),(1+1j),(-1+1j),(1-1j),(-1-1j),(-1-1j),(1+1j),(1-1j),(1-1j),(1+1j),(-1-1j),(1+1j),(1-1j),(1+1j),(1-1j),(1-1j),(1+1j),(1-1j),(1-1j),(1-1j),(-1+1j),(1-1j),(1+1j),(1+1j),(-1-1j),(1-1j),(1+1j),(1-1j),(-1+1j),(1-1j),(-1+1j),(-1-1j),(1-1j),(1-1j),(-1-1j),(-1-1j),(1-1j),(1-1j),(1-1j),(1-1j),(-1+1j),(1-1j),(1-1j),(-1-1j),(-1+1j),(1+1j),(-1-1j),(1-1j),(-1+1j),(-1-1j),(-1-1j),(-1+1j),(-1-1j),(1-1j),(-1+1j),(1+1j),(-1+1j),(1+1j),(1-1j),(-1-1j),(-1-1j),(1-1j),(-1-1j),(-1-1j),(-1+1j),(-1+1j),(-1-1j),(-1-1j),(-1+1j),(-1+1j),(1-1j),(1-1j),(-1-1j),(-1+1j),(1-1j),(-1+1j),(-1+1j),(1+1j),(-1+1j),(-1+1j),(1-1j),(1-1j),(-1+1j),(1-1j),(-1+1j),(-1-1j),(-1-1j),(-1+1j),(-1+1j),(1-1j),(1+1j),(1-1j),(-1-1j),(-1+1j),(1-1j),(1+1j),(1-1j),(-1-1j),(-1-1j),(-1+1j),(-1+1j),(-1+1j),(1+1j),(1-1j),(1+1j),(1+1j),(-1-1j),(-1-1j),(-1-1j),(1-1j),(1+1j),(1+1j),(-1-1j),(-1-1j),(-1+1j),(-1-1j),(1+1j),(-1+1j),(-1-1j),(1-1j),(-1+1j),(-1+1j),(-1-1j),(1+1j),(-1+1j),(-1-1j),(1-1j),(-1+1j),(1+1j),(-1+1j),(-1+1j),(1-1j),(1+1j),(-1+1j),(1+1j),(1+1j),(-1+1j),(-1+1j),(-1+1j),(-1-1j),(-1-1j),(1+1j),(1-1j),(-1-1j),(1+1j),(-1+1j),(-1-1j),(-1-1j),(-1-1j),(1-1j),(-1+1j),(-1+1j),(-1-1j),(1+1j),(-1-1j),(-1-1j),(-1+1j),(-1+1j),(1-1j),(1+1j),(-1+1j),(1+1j),(-1+1j),(-1+1j),(1+1j),(1+1j),(-1+1j),(-1+1j),(-1+1j),(-1+1j),(-1-1j),(1-1j),(-1+1j),(-1-1j),(1-1j),(-1+1j),(1-1j),(1+1j),(-1+1j),(1+1j),(-1-1j),(-1+1j),(-1+1j),(-1-1j),(-1+1j),(-1+1j),(1-1j),(1-1j),(-1+1j),(1+1j),(1-1j),(-1-1j),(1+1j),(-1+1j),(1-1j),(1+1j),(-1+1j),(1+1j),(-1+1j),(-1+1j),(-1-1j),(-1+1j),(-1+1j),(1+1j),(1-1j),(-1-1j),(-1-1j),(-1+1j),(-1-1j),(-1+1j),(1+1j),(-1-1j),(-1-1j),(1+1j),(-1-1j),(1+1j),(1-1j),(-1+1j),(-1+1j),(1+1j),(1-1j),(-1-1j),(-1-1j),(-1+1j),(-1+1j),(-1+1j),(1+1j),(-1-1j),(1+1j),(1-1j),(1-1j),(1+1j),(1-1j),(-1-1j),(1+1j),(1-1j),(-1+1j),(-1+1j),(-1-1j),(1+1j),(-1-1j),(-1+1j),(1+1j),(1-1j),(-1+1j),(-1-1j),(1+1j),(-1-1j),(-1+1j),(-1+1j),(-1-1j),(1+1j),(1-1j),(-1+1j),(-1-1j),(1+1j),(-1+1j),(-1+1j),(-1+1j),(-1+1j),(-1-1j),(1+1j),(1-1j),(-1-1j),(1-1j),(-1-1j),(-1+1j),(1-1j),(-1+1j),(1+1j),(1-1j),(-1-1j),(1+1j),(-1-1j),(-1-1j),(-1-1j),(1-1j),(-1+1j),(-1-1j),(-1-1j),(1+1j),(-1-1j),(-1-1j),(1+1j),(-1-1j),(-1-1j),(-1+1j),(1+1j),(1+1j),(-1-1j),(1+1j),(-1-1j),(1+1j),(-1+1j),(1+1j),(1-1j),(-1-1j),(-1-1j),(-1-1j),(1-1j),(-1-1j),(-1-1j),(1-1j),(1+1j),(-1+1j),(1-1j),(1+1j),(-1-1j),(1+1j),(1-1j),(1-1j),(-1-1j),(-1+1j),(-1+1j),(-1-1j),(1+1j),(-1+1j),(-1-1j),(-1-1j),(-1-1j),(-1-1j),(-1+1j),(1+1j),(1+1j),(1-1j),(-1+1j),(-1-1j),(1+1j),(-1+1j),(1-1j),(-1+1j),(-1-1j),(1-1j),(-1+1j),(-1+1j),(1-1j),(-1+1j),(-1+1j),(1+1j),(-1+1j),(1-1j),(-1+1j),(-1+1j),(-1+1j),(1+1j),(-1+1j),(1-1j),(-1+1j),(1-1j),(-1-1j),(1-1j),(-1+1j),(1-1j),(-1+1j),(1+1j),(-1-1j),(-1-1j),(1-1j),(-1-1j),(1+1j),(-1-1j),(1+1j),(-1-1j),(-1+1j),(1+1j),(1+1j),(-1-1j),(-1-1j),(1+1j),(1+1j),(-1+1j),(1+1j),(1-1j),(-1-1j),(-1-1j),(-1-1j),(-1+1j),(1-1j),(-1+1j),(-1-1j),(1+1j),(-1-1j),(1-1j),(-1+1j),(-1+1j),(1+1j),(1+1j),(-1+1j),(-1+1j),(1+1j),(1-1j),(1+1j),(-1+1j),(-1-1j),(1+1j),(-1+1j),(-1+1j),(1-1j),(-1+1j),(-1-1j),(-1-1j),(-1+1j),(1+1j),(-1+1j),(-1-1j),(1+1j),(1-1j),(1+1j),(-1-1j),(-1+1j),(1-1j),(-1+1j),(1+1j),(-1+1j),(1+1j),(-1-1j),(-1+1j),(1+1j),(-1-1j),(-1+1j),(-1-1j),(-1+1j),(1+1j),(1-1j),(1+1j),(1-1j),(1+1j),(-1-1j),(-1+1j),(1+1j),(1+1j),(-1+1j),(1-1j),(-1+1j),(-1-1j),(1+1j),(-1-1j),(-1-1j),(1-1j),(1-1j),(1+1j),(-1-1j),(1-1j),(-1-1j),(-1+1j),(1-1j),(1-1j),(-1+1j),(1-1j),(-1-1j),(1-1j),(1+1j),(1+1j),(-1+1j),(1-1j),(-1+1j),(1+1j),(1-1j),(-1+1j),(-1+1j),(1-1j),(1-1j),(-1+1j),(-1+1j),(1-1j),(1-1j),(-1-1j),(1+1j),(-1-1j),(1-1j),(1-1j),(1+1j),(1-1j),(1+1j),(1-1j),(1+1j),(-1+1j),(-1+1j),(1-1j),(1-1j),(-1+1j),(1-1j),(-1+1j),(1-1j),(1-1j),(1-1j),(-1-1j),(1+1j),(-1-1j),(1-1j),(1-1j),(1+1j),(-1+1j),(1-1j),(1+1j),(1-1j),(1+1j),(1+1j),(-1+1j),(1+1j),(1-1j),(1-1j),(-1-1j),(-1-1j),(-1+1j),(1-1j),(1-1j),(1+1j),(1-1j),(1+1j),(1+1j),(1-1j),(1+1j),(1-1j),(1-1j),(1+1j),(-1+1j),(1+1j),(1-1j),(1+1j),(-1+1j),(-1+1j),(-1+1j),(1+1j),(1+1j),(-1+1j),(1-1j),(1+1j),(-1-1j),(1+1j),(1+1j),(-1-1j),(1+1j),(-1-1j),(1+1j),(1-1j),(-1-1j),(-1-1j),(1+1j),(-1-1j),(-1-1j),(-1+1j),(-1-1j),(1+1j),(-1-1j),(-1-1j),(1+1j),(1-1j),(1+1j),(1+1j),(1-1j),(-1-1j),(-1-1j),(-1+1j),(-1-1j),(-1-1j),(1+1j),(-1-1j),(-1+1j),(-1-1j),(-1-1j),(-1-1j),(-1+1j),(-1-1j),(-1-1j),(1+1j),(-1-1j),(1+1j),(-1+1j),(1-1j),(-1-1j),(1+1j),(1-1j),(-1+1j),(1+1j),(-1-1j),(1+1j),(-1-1j),(-1-1j),(1+1j),(1-1j),(-1-1j),(-1-1j),(-1+1j),(1+1j),(-1-1j),(1+1j),(1-1j),(1+1j),(1-1j),(-1-1j),(1-1j),(1-1j),(-1+1j),(-1+1j),(1+1j),(-1-1j),(1-1j),(1+1j),(-1+1j),(1+1j),(1-1j),(-1-1j),(-1+1j),(1+1j),(-1-1j),(1+1j),(-1-1j),(-1+1j),(-1+1j),(1-1j),(1-1j),(1+1j),(-1-1j),(-1+1j),(1+1j),(-1+1j),(-1-1j),(1+1j),(-1+1j),(1+1j),(-1+1j),(1+1j),(-1-1j),(-1-1j),(-1-1j),(1-1j),(1-1j),(1-1j),(-1+1j),(-1-1j),(-1+1j),(1-1j),(-1+1j),(-1+1j),(-1-1j),(-1+1j),(-1+1j),(1+1j),(-1+1j),(-1+1j),(1-1j),(-1+1j),(-1+1j),(1+1j),(1-1j),(1-1j),(-1-1j),(1-1j),(1-1j),(-1+1j),(-1+1j),(-1+1j),(1-1j),(-1-1j),(-1+1j),(1+1j),(-1-1j),(1-1j),(1-1j),(-1-1j),(1+1j),(-1+1j),(-1+1j),(-1+1j),(1-1j),(-1-1j),(-1+1j),(1-1j),(-1-1j),(1-1j),(-1-1j),(1-1j),(1-1j),(-1+1j),(-1+1j),(1+1j),(1-1j),(1+1j),(-1+1j),(1-1j),(-1-1j),(-1+1j),(-1+1j),(-1+1j),(1+1j),(-1-1j),(1-1j),(1+1j),(1+1j),(1-1j),(-1-1j),(-1+1j),(1+1j),(1-1j),(-1+1j),(1-1j),(-1-1j),(-1-1j),(1-1j),(1+1j),(1-1j),(1+1j),(1+1j),(-1+1j),(1+1j),(-1+1j),(1+1j),(1-1j),(-1-1j),(-1+1j),(1+1j),(1+1j),(1-1j),(-1+1j),(1-1j),(-1+1j),(1-1j),(1-1j),(-1+1j),(1-1j),(-1+1j),(1-1j),(-1-1j),(1-1j),(-1-1j),(-1+1j),(1+1j),(-1-1j),(-1-1j),(-1-1j),(1-1j),(-1+1j),(1+1j),(1+1j),(1-1j),(-1+1j),(1-1j),(-1-1j),(-1-1j),(-1-1j),(-1-1j),(-1+1j),(-1+1j),(-1-1j),(-1+1j),(1+1j),(1-1j),(-1+1j),(-1+1j),(1+1j),(1+1j),(-1+1j),(1+1j),(1+1j),(-1+1j),(-1+1j),(-1+1j),(1-1j),(-1+1j),(-1+1j),(1-1j),(-1-1j),(1+1j),(1+1j),(-1-1j),(-1-1j),(-1-1j),(1-1j),(1-1j),(-1+1j),(1+1j),(-1-1j),(-1+1j),(-1+1j),(-1+1j),(1+1j),(1+1j),(-1+1j),(-1-1j),(-1+1j),(1+1j),(-1-1j),(-1+1j),(1+1j),(-1+1j),(-1+1j),(1+1j),(-1-1j),(1+1j),(-1+1j),(-1+1j),(1+1j),(1+1j),(-1+1j),(-1+1j),(-1-1j),(-1+1j),(-1+1j),(1-1j),(1+1j),(-1+1j),(-1+1j),(1-1j),(-1+1j),(-1+1j),(1+1j),(1-1j),(-1-1j),(1+1j),(-1-1j),(1-1j),(1-1j),(1-1j),(1-1j),(1+1j),(1-1j),(-1-1j),(1-1j),(1-1j),(1-1j),(1-1j),(-1+1j),(1+1j),(-1-1j),(1-1j),(-1-1j),(1-1j),(1-1j),(-1-1j),(1+1j),(1+1j),(1-1j),(1+1j),(-1+1j),(1-1j),(1-1j),(1+1j),(1-1j),(-1-1j),(1-1j),(-1+1j),(1-1j),(-1-1j),(1-1j),(-1-1j),(1-1j),(-1-1j),(1-1j),(1-1j),(1-1j),(-1-1j),(1+1j),(1+1j),(-1-1j),(1+1j),(-1+1j),(1-1j),(1-1j),(-1+1j),(1+1j),(1+1j),(1+1j),(1+1j),(-1+1j),(1-1j),(1-1j),(-1-1j),(1-1j),(-1-1j),(1-1j),(1-1j),(1+1j),(-1-1j),(1-1j),(-1+1j),(1+1j),(-1+1j),(1-1j),(1-1j),(1+1j),(1-1j),(-1-1j),(1-1j),(1-1j),(1-1j),(-1-1j),(1-1j),(-1-1j),(1-1j),(1-1j),(-1-1j),(-1-1j),(1+1j),(1-1j),(1+1j),(-1+1j),(1-1j),(1-1j),(1+1j),(1-1j),(-1-1j),(1-1j),(-1+1j),(1+1j),(-1-1j),(1+1j),(-1-1j),(-1+1j),(1-1j),(1-1j),(-1-1j),(1+1j),(-1-1j),(1+1j),(-1+1j),(-1-1j),(1-1j),(1+1j),(1-1j),(-1-1j),(1+1j),(-1-1j),(1+1j),(-1+1j),(1-1j),(1-1j),(1+1j),(1-1j),(-1-1j),(1-1j),(1-1j),(1-1j),(-1-1j),(1-1j),(-1-1j),(1-1j),(1-1j),(-1-1j),(-1-1j),(-1-1j),(1-1j),(1+1j),(-1+1j),(1-1j),(1-1j),(-1-1j),(1-1j),(-1-1j),(1-1j),(1-1j),(-1-1j),(1+1j),(1+1j),(-1+1j),(1+1j),(-1+1j),(1-1j),(1-1j),(1+1j),(1-1j),(-1-1j),(1-1j),(1-1j),(1-1j),(-1-1j),(1-1j),(-1-1j),(1+1j),(1-1j),(-1-1j),(-1-1j),(1+1j),(1-1j),(1+1j),(1-1j),(1-1j),(1-1j),(1+1j),(1-1j),(-1-1j),(1-1j),(1-1j),(1-1j),(-1-1j),(1-1j),(-1-1j),(1-1j),(1-1j),(-1-1j),(-1-1j),(-1+1j),(1-1j),(1+1j),(1-1j),(1-1j),(1-1j),(1+1j),(1-1j),(-1-1j),(1-1j),(1-1j),(1-1j),(-1-1j),(1-1j),(-1-1j),(1+1j),(1-1j),(-1-1j),(1+1j),(1-1j),(1+1j),(-1+1j),(-1+1j),(1-1j),(-1-1j),(1-1j),(-1-1j),(1+1j),(1-1j),(-1-1j),(1-1j),(1+1j),(1-1j),(1+1j),(1-1j),(1+1j),(1-1j),(-1-1j),(1-1j),(-1-1j),(1+1j),(1-1j),(1+1j),(1-1j),(1+1j),(1-1j),(1+1j),(1-1j),(-1-1j),(1-1j),(-1-1j),(1+1j),(1-1j),(1+1j),(1-1j),(-1+1j),(1-1j),(1-1j),(1-1j),(1-1j),(-1-1j),(1-1j),(1-1j),(1-1j),(-1-1j),(1-1j),(-1-1j),(1-1j),(-1-1j),(-1-1j),(1+1j),(1-1j),(-1-1j),(-1-1j),(1+1j),(1+1j),(1-1j),(1+1j),(-1+1j),(1+1j),(1+1j),(1+1j),(1+1j),(1+1j),(1+1j),(-1+1j),(1+1j),(1+1j),(1+1j),(1-1j),(1+1j),(1+1j),(1+1j),(1+1j),(1+1j),(1+1j),(-1-1j),(-1-1j),(1-1j),(-1-1j),(-1+1j),(1+1j),(1-1j),(1+1j),(-1+1j),(1-1j),(-1-1j),(-1-1j),(1-1j),(-1+1j),(1+1j),(-1+1j),(1-1j),(1-1j),(1-1j),(-1-1j),(-1+1j),(-1+1j),(-1-1j),(1+1j),(-1-1j),(1-1j),(-1-1j),(1-1j),(1-1j),(1+1j),(-1+1j),(1+1j),(-1+1j),(1-1j),(-1+1j),(-1-1j),(-1-1j),(-1+1j),(1+1j),(1+1j),(1+1j),(-1-1j),(1+1j),(-1-1j),(-1-1j),(1-1j),(1-1j),(-1+1j),(1-1j),(1-1j),(1-1j),(1+1j),(-1+1j),(-1+1j),(-1-1j),(1+1j),(-1-1j),(1-1j),(-1-1j),(1-1j),(-1+1j),(1+1j),(1+1j),(-1-1j),(1+1j),(-1+1j),(-1+1j),(1+1j),(1-1j),(1+1j),(-1-1j),(-1+1j),(1+1j),(-1+1j),(1-1j),(-1+1j),(-1-1j),(-1-1j),(-1+1j),(1+1j),(1+1j),(1+1j),(-1-1j),(1+1j),(1+1j),(-1+1j),(-1+1j),(1+1j),(1+1j),(-1-1j),(1+1j),(-1+1j),(-1+1j),(1-1j),(-1-1j),(-1-1j),(-1-1j),(-1+1j),(1+1j),(-1+1j),(-1+1j),(-1-1j),(-1-1j),(1-1j),(1+1j),(1-1j),(1+1j),(-1-1j),(-1-1j),(1-1j),(1-1j),(1+1j),(1-1j),(1-1j),(1-1j),(-1-1j),(-1+1j),(-1+1j),(-1-1j),(1+1j),(-1-1j),(1-1j),(-1-1j),(1-1j),(1+1j),(1+1j),(1-1j),(-1-1j),(1-1j),(-1+1j),(1-1j),(-1+1j),(1-1j),(-1-1j),(1+1j),(-1+1j),(1+1j),(-1+1j),(1-1j),(-1+1j),(-1-1j),(-1-1j),(-1+1j),(1+1j),(1+1j),(1+1j),(-1-1j),(1+1j),(1+1j),(-1+1j),(-1+1j),(1-1j),(-1-1j),(1+1j),(-1+1j),(1+1j),(1-1j),(-1-1j),(-1-1j),(-1-1j),(-1-1j),(1+1j),(-1+1j),(-1+1j),(-1+1j),(1-1j),(-1+1j),(-1+1j),(-1+1j),(1-1j),(-1-1j),(-1-1j),(-1+1j),(1+1j),(-1-1j),(-1-1j),(1-1j),(1-1j),(-1+1j),(1-1j),(1-1j),(1-1j),(-1-1j),(-1+1j),(-1+1j),(-1-1j),(1+1j),(-1-1j),(1-1j),(-1-1j),(1-1j),(-1+1j),(-1+1j),(-1+1j),(1+1j),(-1-1j),(-1-1j),(1-1j),(-1-1j),(-1-1j),(-1+1j),(1+1j),(-1+1j),(1-1j),(-1+1j),(-1-1j),(-1-1j),(-1+1j),(1+1j),(1+1j),(1+1j),(-1-1j),(1+1j),(1-1j),(1-1j),(-1-1j),(1+1j),(1-1j),(1-1j),(-1+1j),(1-1j),(1-1j),(1-1j),(-1-1j),(-1+1j),(-1+1j),(-1-1j),(1+1j),(-1-1j),(1-1j),(-1-1j),(-1+1j),(1-1j),(1+1j),(-1+1j),(1-1j),(-1-1j),(-1-1j),(-1-1j),(-1+1j),(1+1j),(-1-1j),(1+1j),(-1+1j),(1+1j),(-1+1j),(1-1j),(-1+1j),(-1-1j),(-1-1j),(-1+1j),(1+1j),(1+1j),(1+1j),(1+1j),(-1-1j),(1-1j),(1+1j),(1+1j),(-1+1j),(1-1j),(1-1j),(-1+1j),(1-1j),(1-1j),(1-1j),(-1-1j),(-1+1j),(-1+1j),(-1-1j),(1+1j),(-1-1j),(1-1j),(-1-1j),(1-1j),(-1+1j),(1+1j),(-1+1j),(1-1j),(1+1j),(-1-1j),(1-1j),(-1-1j),(1-1j),(-1+1j),(1+1j),(-1+1j),(-1-1j),(1+1j),(-1-1j),(1-1j),(-1-1j),(1+1j),(-1+1j),(1+1j),(-1+1j),(1-1j),(-1+1j),(-1-1j),(-1-1j),(-1+1j),(1+1j),(1+1j),(1+1j),(1+1j),(1+1j),(-1+1j),(1+1j),(-1+1j),(-1+1j),(-1-1j),(1-1j),(-1+1j),(1-1j),(1-1j),(-1+1j),(1+1j),(1-1j),(-1+1j),(1+1j),(-1+1j),(-1+1j),(-1+1j),(-1+1j),(-1-1j),(1-1j),(-1+1j),(-1-1j),(-1+1j),(-1+1j),(-1-1j),(1-1j),(1+1j),(1+1j),(-1+1j),(-1-1j),(-1-1j),(-1+1j),(1-1j),(-1-1j),(-1+1j),(-1+1j),(1-1j),(1-1j),(1-1j),(-1+1j),(1-1j),(1-1j),(1-1j),(-1-1j),(-1+1j),(-1+1j),(-1-1j),(1+1j),(-1-1j),(1-1j),(-1-1j),(-1+1j),(1-1j),(-1+1j),(-1+1j),(-1+1j),(1-1j),(-1-1j),(-1-1j),(-1+1j),(1+1j),(-1+1j),(1-1j),(-1+1j),(-1-1j),(-1-1j),(-1+1j),(1+1j),(1+1j),(1+1j),(-1+1j),(-1+1j),(1-1j),(-1+1j),(1-1j),(1-1j),(1-1j),(-1-1j),(-1+1j),(-1+1j),(-1-1j),(1+1j),(-1-1j),(1-1j),(-1-1j),(-1+1j),(-1+1j),(-1+1j),(-1-1j),(1+1j),(-1-1j),(1+1j),(1+1j),(1+1j),(1+1j),(1+1j),(-1-1j),(1-1j),(1+1j),(-1+1j),(1-1j),(-1+1j),(-1-1j),(-1-1j),(-1+1j),(1+1j),(1+1j),(1+1j),(-1-1j),(1+1j),(1+1j),(-1-1j),(-1-1j),(-1+1j),(1-1j),(1-1j),(1-1j),(-1-1j),(-1+1j),(-1+1j),(-1-1j),(1+1j),(1-1j),(-1-1j),(-1+1j),(1+1j),(-1+1j),(1-1j),(-1-1j),(1-1j),(1-1j),(1-1j),(-1-1j),(-1+1j),(-1+1j),(-1-1j),(1+1j),(-1-1j),(-1+1j),(-1+1j),(1-1j),(1-1j),(-1+1j),(1-1j),(1-1j),(1-1j),(-1-1j),(-1+1j),(-1+1j),(-1-1j),(1+1j),(-1-1j),(1-1j),(-1-1j),(-1+1j),(-1-1j),(1+1j),(-1+1j),(1+1j),(-1+1j),(1-1j),(-1+1j),(-1-1j),(-1-1j),(-1+1j),(1+1j),(1+1j),(1+1j),(-1-1j),(-1+1j),(-1+1j),(1-1j),(1-1j),(1-1j),(-1-1j),(-1+1j),(-1+1j),(-1-1j),(1+1j),(-1-1j),(1-1j),(-1-1j),(1-1j),(1-1j),(1-1j),(1-1j),(1-1j),(1+1j),(1+1j),(-1-1j),(-1-1j),(-1+1j),(1-1j),(1-1j),(1-1j),(-1-1j),(-1+1j),(-1+1j),(-1-1j),(1+1j),(-1-1j),(1-1j),(-1-1j),(-1+1j),(1-1j),(1-1j),(-1+1j),(-1-1j),(-1-1j),(-1-1j),(-1+1j),(1+1j),(-1+1j),(1-1j),(-1+1j),(-1-1j),(-1-1j),(-1+1j),(1+1j),(1+1j),(1+1j),(-1-1j),(-1+1j),(-1-1j),(-1+1j),(1-1j),(-1+1j),(-1-1j),(1-1j),(1-1j),(1-1j),(-1+1j),(-1+1j),(-1-1j),(-1-1j),(1-1j),(1+1j),(-1-1j),(1-1j),(-1-1j),(1-1j),(1-1j),(1+1j),(-1-1j),(1-1j),(1+1j),(1+1j),(1-1j),(-1-1j),(1+1j),(1-1j),(1-1j),(1-1j),(1+1j),(1+1j),(1+1j),(1+1j),(-1-1j),(1+1j),(1+1j),(1-1j),(-1+1j),(1+1j),(1+1j),(1+1j),(1+1j),(-1+1j),(1+1j),(1-1j),(-1+1j),(1+1j),(1+1j),(1+1j),(-1-1j),(1+1j),(1+1j),(-1+1j),(1+1j),(1+1j),(1-1j),(1-1j),(-1-1j),(1+1j),(1+1j),(1+1j),(1+1j),(-1+1j),(1-1j),(1+1j),(1+1j),(-1-1j),(1+1j),(1-1j),(1-1j),(-1+1j),(1+1j),(1+1j),(1-1j),(-1+1j),(1-1j),(1+1j),(-1-1j),(1+1j),(1+1j),(1-1j),(-1+1j),(1+1j),(1+1j),(1+1j),(1+1j),(1-1j),(-1+1j),(1+1j),(1+1j),(-1-1j),(1+1j),(1+1j),(-1+1j),(1+1j),(-1+1j),(1+1j),(1+1j),(1-1j),(1-1j),(-1-1j),(1+1j),(1-1j),(-1+1j),(1+1j),(1+1j),(-1+1j),(1+1j),(1+1j),(1+1j),(-1-1j),(1+1j),(-1-1j),(1+1j),(-1-1j),(-1-1j),(1+1j),(1+1j),(1-1j),(1+1j),(1+1j),(1-1j),(-1+1j),(1-1j),(1-1j),(1+1j),(-1+1j),(-1+1j),(-1-1j),(1-1j),(1+1j),(-1+1j),(1-1j),(1+1j),(1+1j),(1-1j),(1-1j),(1-1j),(1-1j),(-1-1j),(-1+1j),(1+1j),(-1+1j),(1+1j),(1+1j),(1-1j),(1+1j),(1-1j),(-1+1j),(1+1j),(-1+1j),(-1+1j),(1-1j),(1+1j),(-1-1j),(1+1j),(1-1j),(1-1j),(1-1j),(-1-1j),(1+1j),(1+1j),(1-1j),(1+1j),(-1+1j),(1+1j),(1+1j),(1+1j),(1-1j),(-1-1j),(1-1j),(-1-1j),(-1+1j),(1-1j),(1-1j),(-1+1j),(1-1j),(1-1j),(-1+1j),(1+1j),(1+1j),(1+1j),(-1-1j),(-1+1j),(1+1j),(-1+1j),(1-1j),(1+1j),(-1-1j),(-1+1j),(1+1j),(1+1j),(-1-1j),(1-1j),(1-1j),(-1-1j),(1-1j),(1-1j),(-1+1j),(-1-1j),(1-1j),(1-1j),(-1-1j),(1+1j),(1+1j),(1+1j),(1+1j),(-1+1j),(1-1j),(-1+1j),(1-1j),(1+1j),(1+1j),(1+1j),(1+1j),(1-1j),(-1+1j),(-1+1j),(1-1j),(1+1j),(-1-1j),(1+1j),(1-1j),(1-1j),(1+1j),(1+1j),(-1+1j),(-1+1j),(1-1j),(-1+1j),(1-1j),(-1-1j),(1-1j),(1-1j),(-1-1j),(1+1j),(-1-1j),(-1+1j),(1+1j),(-1+1j),(-1+1j),(1+1j),(1-1j),(1-1j),(1-1j),(-1-1j),(1-1j),(-1-1j),(-1-1j),(-1+1j),(1+1j),(1-1j),(1-1j),(-1-1j),(-1-1j),(1+1j),(1-1j),(-1-1j),(-1+1j),(-1-1j),(1-1j),(1-1j),(1+1j),(-1-1j),(-1-1j),(1+1j),(-1+1j),(1+1j),(1+1j),(1-1j),(-1+1j),(-1+1j),(-1-1j),(-1+1j),(-1+1j),(-1+1j),(1-1j),(1-1j),(1+1j),(-1-1j),(1+1j),(-1+1j),(-1-1j),(-1+1j),(-1-1j),(-1-1j),(1+1j),(-1+1j),(1+1j),(-1-1j),(1-1j),(-1+1j),(-1+1j),(1+1j),(1-1j),(-1-1j),(1+1j),(1-1j),(1-1j),(1+1j),(-1-1j),(1+1j),(1-1j),(-1+1j),(1+1j),(-1-1j),(1+1j),(1+1j),(-1+1j),(1+1j),(1-1j),(-1-1j),(-1+1j),(-1-1j),(1+1j),(1+1j),(1-1j),(1-1j),(1+1j),(1+1j),(-1-1j),(-1+1j),(1-1j),(-1+1j),(-1+1j),(1-1j),(1+1j),(1-1j),(1+1j),(1-1j),(-1+1j),(-1+1j),(1+1j),(-1+1j),(-1-1j),(-1+1j),(1+1j),(1-1j),(-1-1j),(1-1j),(1-1j),(1-1j),(1+1j),(1-1j),(1-1j),(-1+1j),(-1+1j),(1-1j),(1+1j),(1-1j),(1+1j),(1+1j),(1+1j),(-1+1j),(1-1j),(-1+1j),(-1-1j),(1-1j),(-1-1j),(-1-1j),(-1-1j),(1+1j),(-1-1j),(1-1j),(1-1j),(-1-1j),(1-1j),(1-1j),(-1-1j),(-1-1j),(1+1j),(1+1j),(-1-1j),(1+1j),(-1+1j),(-1-1j),(-1-1j),(-1+1j),(1-1j),(1+1j),(-1-1j),(-1-1j),(1+1j),(1+1j),(-1+1j),(-1-1j),(-1-1j),(-1-1j),(1-1j),(-1+1j),(-1+1j),(1+1j),(-1-1j),(1+1j),(-1+1j),(1-1j),(1-1j),(1+1j),(-1+1j),(-1+1j),(-1+1j),(-1+1j),(1-1j),(1-1j),(1+1j),(1-1j),(1+1j),(1-1j),(1+1j),(1-1j),(1-1j),(1-1j),(-1-1j),(1+1j),(1+1j),(-1-1j),(-1-1j),(-1-1j),(-1-1j),(1-1j),(1+1j),(-1+1j),(-1-1j),(1+1j),(-1+1j),(-1+1j),(-1-1j),(1+1j),(1-1j),(1-1j),(1-1j),(1+1j),(-1+1j),(1+1j),(1+1j),(-1+1j),(-1+1j),(1+1j),(1+1j),(-1+1j),(1+1j),(1+1j),(1-1j),(-1+1j),(-1-1j),(1+1j),(1+1j),(1-1j),(-1+1j),(1+1j),(1-1j),(1+1j),(1-1j),(-1+1j),(1+1j),(1+1j),(1-1j),(1+1j),(1-1j),(1+1j),(1-1j),(-1+1j),(1-1j),(1-1j),(-1+1j),(1-1j),(-1-1j),(1-1j),(1-1j),(-1+1j),(-1+1j),(1-1j),(1-1j),(1-1j),(1+1j),(-1+1j),(1-1j),(1-1j),(1-1j),(1-1j),(1-1j),(-1-1j),(-1+1j),(-1+1j),(-1+1j),(1-1j),(1+1j),(-1+1j),(-1-1j),(1+1j),(1+1j),(1-1j),(1+1j),(-1-1j),(1+1j),(1-1j),(1+1j),(-1-1j),(-1-1j),(1+1j),(1+1j),(-1+1j),(1+1j),(1-1j),(1+1j),(-1-1j),(-1+1j),(-1+1j),(1-1j),(1-1j),(-1+1j),(1-1j),(1-1j),(-1+1j),(1+1j),(-1+1j),(-1+1j),(1-1j),(-1+1j),(1+1j),(1+1j),(1-1j),(-1+1j),(1-1j),(1-1j),(-1+1j),(1+1j),(-1+1j),(-1+1j),(1-1j),(-1+1j),(1-1j),(-1+1j),(1-1j),(1-1j),(-1+1j),(-1-1j),(1+1j),(-1+1j),(1-1j),(-1+1j),(1-1j),(1+1j),(-1+1j),(-1-1j),(1-1j),(1-1j),(-1-1j),(1-1j),(-1+1j),(1-1j),(1+1j),(1-1j),(1+1j),(-1-1j),(-1-1j),(-1+1j),(-1-1j),(1-1j),(-1+1j),(1-1j),(1-1j),(-1-1j),(-1-1j),(1-1j),(1-1j),(-1-1j),(-1-1j),(-1+1j),(-1+1j),(1-1j),(-1-1j),(-1+1j),(-1+1j),(1+1j),(1+1j),(1-1j),(-1+1j),(-1+1j),(-1+1j),(1+1j),(1+1j),(1-1j),(1+1j),(-1+1j),(1+1j),(1+1j),(1+1j),(-1+1j),(-1+1j),(1-1j),(1+1j),(-1-1j),(-1-1j),(1+1j),(1-1j),(-1+1j),(1-1j),(-1+1j),(1-1j),(1-1j),(-1+1j),(1-1j),(-1+1j),(-1+1j),(-1+1j),(1-1j),(-1-1j),(1+1j),(1-1j),(-1-1j),(-1-1j),(-1-1j),(1-1j),(-1+1j),(-1+1j),(1-1j),(-1-1j),(-1-1j),(-1-1j),(-1-1j),(-1-1j),(-1-1j),(1-1j),(-1+1j),(1+1j),(-1-1j),(1+1j),(1-1j),(-1+1j),(-1+1j),(1+1j),(-1-1j),(-1-1j),(1-1j),(-1-1j),(1-1j),(1-1j),(-1-1j),(1-1j),(1-1j),(-1-1j),(-1-1j),(1-1j),(-1-1j),(1+1j),(1+1j),(-1+1j),(1+1j),(-1+1j),(-1+1j),(-1-1j),(-1+1j),(-1+1j),(1+1j),(-1+1j),(-1+1j),(1-1j),(-1+1j),(1-1j),(-1-1j),(-1+1j),(-1-1j),(-1+1j),(1+1j),(-1+1j),(-1-1j),(-1+1j),(-1-1j),(-1+1j),(-1-1j),(-1-1j),(1+1j),(-1+1j),(-1+1j),(-1-1j),(1-1j),(1-1j),(-1+1j),(-1-1j),(-1-1j),(1-1j),(-1+1j),(1+1j),(-1+1j),(1-1j),(1+1j),(-1-1j),(1+1j),(-1+1j),(-1-1j),(-1+1j),(1+1j),(-1-1j),(1+1j),(-1+1j),(-1+1j),(-1-1j),(1-1j),(-1+1j),(1-1j),(1-1j),(-1-1j),(-1+1j),(1-1j),(-1+1j),(-1-1j),(1+1j),(-1+1j),(1+1j),(-1+1j),(1+1j),(-1-1j),(1+1j),(1+1j),(-1-1j),(1+1j),(-1+1j),(1-1j),(-1+1j),(-1+1j),(-1-1j),(-1+1j),(-1+1j),(-1+1j),(-1+1j),(1-1j),(-1-1j),(-1+1j),(-1+1j),(1+1j),(-1+1j),(1+1j),(-1-1j),(1+1j),(1-1j),(-1+1j),(1+1j),(-1+1j),(1+1j),(-1-1j),(1+1j),(-1+1j),(-1+1j),(-1-1j),(1-1j),(-1+1j),(-1+1j),(1+1j),(-1+1j),(-1-1j),(-1+1j),(1-1j),(-1-1j),(1-1j),(-1+1j),(-1-1j),(1+1j),(1+1j),(-1-1j),(1+1j),(-1-1j),(1+1j),(-1-1j),(-1+1j),(1+1j),(-1+1j),(-1+1j),(-1-1j),(-1+1j),(-1+1j),(1+1j),(1-1j),(1-1j),(-1-1j),(-1-1j),(1-1j),(1+1j),(1-1j),(1+1j),(-1+1j),(-1+1j),(1-1j),(-1+1j),(1+1j),(-1+1j),(1+1j),(-1-1j),(1-1j),(-1-1j),(1+1j),(1-1j),(-1-1j),(-1-1j),(-1+1j),(-1-1j),(-1+1j),(-1+1j),(1-1j),(1+1j),(-1-1j),(1+1j),(1-1j),(-1+1j),(-1-1j),(-1-1j),(-1+1j),(-1-1j),(-1+1j),(-1+1j),(1+1j),(1+1j),(-1+1j),(1+1j),(1+1j),(1-1j),(-1+1j),(1-1j),(-1+1j),(1-1j),(1+1j),(-1+1j),(1-1j),(1+1j),(-1-1j),(1+1j),(1-1j),(1-1j),(1-1j),(1+1j),(1+1j),(1-1j),(1-1j),(1-1j),(1+1j),(1-1j),(1+1j),(1+1j),(-1-1j),(1-1j),(-1+1j),(1-1j),(1+1j),(-1-1j),(1+1j),(-1+1j),(1-1j),(-1+1j),(1-1j),(1-1j),(1-1j),(1-1j),(1-1j),(1-1j),(1+1j),(1+1j),(1-1j),(-1+1j),(1-1j),(-1+1j),(-1+1j),(1-1j),(-1+1j),(1-1j),(-1+1j),(-1+1j),(-1+1j),(1-1j),(-1-1j),(1+1j),(1+1j),(1-1j),(1+1j),(1+1j),(1+1j),(1+1j),(1+1j),(-1+1j),(-1-1j),(1+1j),(1+1j),(1+1j),(1-1j),(-1+1j),(1-1j),(1+1j),(-1+1j),(1-1j),(1-1j),(1-1j),(1-1j),(-1+1j),(1-1j),(1+1j),(1-1j),(-1-1j),(1-1j),(1+1j),(1-1j),(1+1j),(1-1j),(1+1j),(-1-1j),(1-1j),(-1-1j),(1+1j),(1-1j),(1+1j),(-1-1j),(-1-1j),(1+1j),(-1-1j),(1-1j),(-1+1j),(-1+1j),(1-1j),(1-1j),(1+1j),(1-1j),(1-1j),(-1+1j),(-1-1j),(1-1j),(-1+1j),(1+1j),(-1+1j),(1+1j),(-1+1j),(1+1j),(1-1j),(-1+1j),(1-1j),(-1-1j),(1+1j),(-1+1j),(1-1j),(-1+1j),(-1-1j),(1+1j),(1+1j),(1-1j),(1-1j),(-1+1j),(-1+1j),(1+1j),(-1+1j),(-1-1j),(-1-1j),(-1-1j),(-1+1j),(-1+1j),(1+1j),(-1-1j),(-1+1j),(1-1j),(1+1j),(1+1j),(1+1j),(1+1j),(1-1j),(-1+1j),(-1-1j),(-1-1j),(-1+1j),(-1+1j),(1-1j),(-1-1j),(-1-1j),(1+1j),(1-1j),(1-1j),(-1+1j),(-1-1j),(1+1j),(1-1j),(1-1j),(1-1j),(1+1j),(-1+1j),(1+1j),(1-1j),(-1+1j),(1+1j),(1-1j),(-1-1j),(1+1j),(-1+1j),(-1+1j),(1-1j),(-1-1j),(1-1j),(1-1j),(-1+1j),(-1-1j),(1-1j),(1+1j),(1-1j),(-1+1j),(-1-1j),(1+1j),(-1+1j),(-1-1j),(-1-1j),(-1-1j),(1-1j),(1-1j),(-1-1j),(-1-1j),(-1+1j),(-1+1j),(1-1j),(-1-1j),(1-1j),(1-1j),(1-1j),(1-1j),(-1+1j),(1+1j),(-1-1j),(-1-1j),(-1+1j),(1-1j),(-1+1j),(-1+1j),(1-1j),(1-1j),(-1+1j),(1-1j),(1+1j),(-1-1j),(-1-1j),(1-1j),(-1-1j),(-1-1j),(1+1j),(1+1j),(1-1j),(1+1j),(1+1j),(1+1j),(1-1j),(1-1j),(-1-1j),(-1-1j),(1-1j),(-1+1j),(1-1j),(1+1j),(-1-1j),(1-1j),(1-1j),(1-1j),(-1-1j),(-1-1j),(1+1j),(-1-1j),(1-1j),(1-1j),(-1+1j),(-1-1j),(-1-1j),(1-1j),(1-1j),(-1-1j),(-1-1j),(-1-1j),(-1-1j),(-1+1j),(-1+1j),(1+1j),(1-1j),(1-1j),(1-1j),(-1+1j),(1+1j),(1+1j),(-1+1j),(-1+1j),(-1-1j),(1-1j),(1-1j),(1-1j),(-1-1j),(1-1j),(1-1j),(1-1j),(1+1j),(-1-1j),(-1-1j),(-1+1j),(-1+1j),(1-1j),(-1-1j),(1+1j),(1+1j),(1-1j),(1-1j),(-1-1j),(-1-1j),(1+1j),(1+1j),(-1-1j),(-1+1j),(1+1j),(1+1j),(1+1j),(1+1j),(1-1j),(1+1j),(1+1j),(-1-1j),(1-1j),(-1+1j),(-1+1j),(-1-1j),(-1-1j),(1-1j),(1-1j),(1-1j),(1+1j),(1+1j),(1+1j),(-1+1j),(1-1j),(1-1j),(1-1j),(-1+1j),(-1+1j),(-1+1j),(-1+1j),(1-1j),(-1+1j),(-1+1j),(-1+1j),(1-1j),(-1+1j),(-1+1j),(1+1j),(1-1j),(-1-1j),(-1-1j),(1-1j),(-1+1j),(1-1j),(1+1j),(-1-1j),(1+1j),(1+1j),(-1+1j),(1+1j),(1+1j),(1+1j),(-1-1j),(-1+1j),(-1+1j),(1-1j),(-1+1j),(-1-1j),(1-1j),(-1-1j),(1-1j),(1-1j),(-1-1j),(1-1j),(-1+1j),(1-1j),(-1+1j),(1-1j),(1-1j),(-1+1j),(-1+1j),(1-1j),(-1-1j),(1+1j),(1-1j),(1+1j),(-1-1j),(1+1j),(1+1j),(1-1j),(-1+1j),(-1+1j),(-1-1j),(1+1j),(-1-1j),(-1+1j),(-1+1j),(1+1j),(-1+1j),(1+1j),(1+1j),(1-1j),(1+1j),(-1-1j),(-1+1j),(-1-1j),(-1+1j),(1+1j),(1+1j),(1-1j),(1-1j),(1-1j),(-1+1j),(1+1j),(-1+1j),(-1+1j),(1+1j),(-1-1j),(1+1j),(-1+1j),(1-1j),(1-1j),(1-1j),(-1-1j),(1+1j),(1+1j),(1-1j),(-1+1j),(1+1j),(-1+1j),(1+1j),(1-1j),(-1-1j),(-1-1j),(1+1j),(1-1j),(-1+1j),(-1+1j),(1+1j),(-1+1j),(1-1j),(-1+1j),(1-1j),(1+1j),(1-1j),(1-1j),(1-1j),(-1-1j),(1+1j),(-1-1j),(-1+1j),(-1+1j),(1+1j),(-1-1j),(1+1j),(1+1j),(1+1j),(1-1j),(1+1j),(1+1j),(1+1j),(1+1j),(1+1j),(-1+1j),(1+1j),(-1-1j),(-1-1j),(1-1j),(1+1j),(1-1j),(-1+1j),(1-1j),(1-1j),(1-1j),(1-1j),(1-1j),(1+1j),(1-1j),(1+1j),(-1+1j),(-1+1j),(-1-1j),(1-1j),(1+1j),(1+1j),(-1+1j),(1+1j),(1+1j),(1+1j),(-1+1j),(1+1j),(1+1j),(1+1j),(-1+1j),(-1-1j),(-1-1j),(-1-1j),(1-1j),(-1+1j),(-1+1j),(1-1j),(-1+1j),(1+1j),(1+1j),(1-1j),(-1+1j),(1+1j),(1+1j),(-1+1j),(-1+1j),(-1+1j),(-1+1j),(-1-1j),(1+1j),(1-1j),(-1+1j),(-1+1j),(1+1j),(-1-1j),(1+1j),(-1+1j),(1-1j),(-1+1j),(1-1j),(1-1j),(-1+1j),(1-1j),(-1+1j),(1-1j),(1-1j),(1-1j),(-1+1j),(-1-1j),(-1-1j),(-1+1j),(1-1j),(1-1j),(-1-1j),(1+1j),(1+1j),(-1+1j),(-1+1j),(1+1j),(-1+1j),(-1+1j),(1+1j),(1-1j),(1+1j),(-1-1j),(-1+1j),(-1-1j),(-1+1j),(-1+1j),(1+1j),(1+1j),(1-1j),(1-1j),(-1+1j),(1+1j),(-1-1j),(-1+1j),(1-1j),(-1-1j),(-1-1j),(-1-1j),(-1+1j),(-1+1j),(-1-1j),(-1+1j),(-1+1j),(-1-1j),(1+1j),(1+1j),(-1+1j),(1-1j),(-1+1j),(1-1j),(-1+1j),(-1+1j),(1-1j),(1-1j),(-1-1j),(-1-1j),(-1+1j),(-1+1j),(-1+1j),(1+1j),(-1+1j),(-1+1j),(-1+1j),(-1+1j),(1+1j),(-1+1j),(1-1j),(-1+1j),(-1+1j),(-1-1j),(-1+1j),(-1+1j),(1-1j),(-1-1j),(1+1j),(-1-1j),(-1+1j),(1+1j),(-1+1j),(-1+1j),(1+1j),(-1-1j),(-1+1j),(1-1j),(-1-1j),(-1+1j),(-1+1j),(-1+1j),(-1-1j),(1+1j),(-1+1j),(-1-1j),(-1+1j),(-1+1j),(1-1j),(1-1j),(-1-1j),(-1-1j),(-1+1j),(1+1j),(-1-1j),(1+1j),(-1-1j),(-1+1j),(1+1j),(1+1j),(-1+1j),(1-1j),(1-1j),(-1+1j),(1+1j),(-1+1j),(-1-1j),(-1+1j),(-1-1j),(-1+1j),(1-1j),(-1+1j),(-1-1j),(-1+1j),(-1+1j),(1+1j),(-1+1j),(1+1j),(-1-1j),(-1+1j),(1-1j),(-1+1j),(-1+1j),(-1+1j),(-1+1j),(-1-1j),(1-1j),(-1+1j),(-1+1j),(-1-1j),(1-1j),(-1-1j),(-1+1j),(1-1j),(1+1j),(-1+1j),(1+1j),(-1-1j),(-1-1j),(1-1j),(-1+1j),(-1+1j),(1+1j),(1+1j),(1+1j),(-1+1j),(1+1j),(-1+1j),(1+1j),(1-1j),(-1-1j),(-1+1j),(1+1j),(1+1j),(-1-1j),(-1+1j),(1-1j),(1+1j),(-1-1j),(-1+1j),(1+1j),(1-1j),(-1+1j),(1-1j),(1-1j),(1-1j),(1-1j),(1+1j),(1+1j),(-1-1j),(-1+1j),(-1-1j),(1-1j),(-1+1j),(1-1j),(-1-1j),(-1+1j),(1-1j),(1+1j),(-1+1j),(1-1j),(1-1j),(-1-1j),(-1+1j),(1-1j),(1-1j),(-1-1j),(-1+1j),(1-1j),(1-1j),(-1-1j),(1-1j),(-1-1j),(-1+1j),(1+1j),(1+1j),(1+1j),(1-1j),(-1-1j),(1+1j),(-1-1j),(1-1j),(-1-1j),(-1+1j),(1+1j),(1-1j),(-1-1j),(-1+1j),(1-1j),(1+1j),(-1-1j),(-1+1j),(1+1j),(1-1j),(-1-1j),(-1+1j),(1+1j),(-1+1j),(1+1j),(-1+1j),(-1+1j),(1+1j),(1-1j),(-1+1j),(1+1j),(1-1j),(-1-1j),(1+1j),(1-1j),(1+1j),(1-1j),(-1-1j),(-1+1j),(-1+1j),(1+1j),(1+1j),(1-1j),(1+1j),(1+1j),(1-1j),(-1+1j),(1+1j),(1+1j),(1+1j),(1-1j),(-1-1j),(-1+1j),(-1+1j),(1+1j),(1-1j),(1-1j),(1+1j),(-1-1j),(-1+1j),(1+1j),(1+1j),(1-1j),(1-1j),(-1-1j),(-1+1j),(1-1j),(1+1j),(1+1j),(1-1j),(1-1j),(1+1j),(1+1j),(-1-1j),(1+1j),(1-1j),(-1-1j),(-1-1j),(-1+1j),(1-1j),(1+1j),(-1-1j),(-1-1j),(-1+1j),(1+1j),(1-1j),(1+1j),(-1+1j),(-1-1j),(-1-1j),(-1+1j),(-1-1j),(1-1j),(1+1j),(-1+1j),(1+1j),(1-1j),(1+1j),(1-1j),(-1-1j),(-1+1j),(1+1j),(-1+1j),(1+1j),(1-1j),(-1-1j),(-1+1j),(1+1j),(-1+1j),(-1-1j),(1-1j),(1-1j),(1+1j),(-1-1j),(-1+1j),(-1+1j),(1+1j),(1+1j),(-1-1j),(1+1j),(1-1j),(-1-1j),(1+1j),(-1+1j),(1+1j),(-1+1j),(-1+1j),(1+1j),(1-1j),(-1+1j),(1-1j),(1-1j),(-1+1j),(1+1j),(-1+1j),(-1-1j),(-1+1j),(1-1j),(1+1j),(-1+1j),(-1-1j),(1+1j),(1-1j),(-1+1j),(-1-1j),(-1+1j),(1-1j),(-1+1j),(1+1j),(-1+1j),(-1-1j),(1-1j),(1-1j),(1-1j),(-1+1j),(1-1j),(-1+1j),(-1-1j),(1+1j),(-1+1j),(1+1j),(-1+1j),(1-1j),(-1+1j),(-1-1j),(1-1j),(-1-1j),(1-1j),(-1+1j),(-1+1j),(1-1j),(-1+1j),(1+1j),(-1+1j),(-1-1j),(1-1j),(-1-1j),(1+1j),(-1+1j),(-1-1j),(1-1j),(-1-1j),(1+1j),(-1+1j),(-1+1j),(1+1j),(1-1j),(1+1j),(-1+1j),(1+1j),(-1+1j),(-1+1j),(1+1j),(-1+1j),(1+1j),(-1+1j),(1-1j),(-1-1j),(-1+1j),(-1-1j),(-1-1j),(-1+1j),(1-1j),(-1+1j),(1-1j),(1+1j),(1+1j),(-1+1j),(-1-1j),(-1+1j),(1+1j),(1+1j),(-1+1j),(1+1j),(1-1j),(-1-1j),(1+1j),(-1+1j),(1-1j),(1-1j),(1-1j),(1-1j),(-1+1j),(1+1j),(1-1j),(1-1j),(1-1j),(-1-1j),(-1+1j),(1+1j),(-1+1j),(-1+1j),(-1-1j),(1-1j),(1-1j),(-1+1j),(1-1j),(-1+1j),(1+1j),(1+1j),(-1-1j),(-1+1j),(1-1j),(-1+1j),(-1-1j),(1+1j),(1+1j),(-1+1j),(-1-1j),(1-1j),(-1+1j),(-1+1j),(-1+1j),(1+1j),(-1+1j),(-1-1j),(1-1j),(-1-1j),(1+1j),(1-1j),(1+1j),(1-1j),(1+1j),(-1+1j),(1-1j),(-1-1j),(-1-1j),(-1+1j),(1-1j),(-1-1j),(-1-1j),(1-1j),(-1-1j),(1+1j),(1-1j),(-1+1j),(1-1j),(-1+1j),(1+1j),(-1-1j),(1-1j),(1-1j),(1-1j),(-1+1j),(1-1j),(-1+1j),(1-1j),(1-1j),(1-1j),(-1-1j),(1+1j),(1+1j),(-1+1j),(1-1j),(1-1j),(1+1j),(-1-1j),(1-1j),(1+1j),(-1+1j),(1-1j),(-1-1j),(1+1j),(1+1j),(1+1j),(-1+1j),(-1+1j),(1-1j),(-1+1j),(1+1j),(-1-1j),(1-1j),(1-1j),(-1+1j),(-1+1j),(-1+1j),(-1+1j),(-1+1j),(1-1j),(1+1j),(1+1j),(1+1j),(-1+1j),(1-1j),(1-1j),(1+1j),(-1-1j),(1-1j),(1-1j),(1-1j),(1-1j),(1+1j),(-1-1j),(-1+1j),(-1+1j),(1-1j),(1+1j),(1-1j),(-1+1j),(1+1j),(-1+1j),(-1+1j),(-1-1j),(1+1j),(-1+1j),(-1+1j),(1+1j),(-1-1j),(-1-1j),(-1-1j),(1-1j),(-1+1j),(-1-1j),(1-1j),(-1-1j),(-1+1j),(-1+1j),(1-1j),(-1-1j),(1+1j),(-1-1j),(-1-1j),(1-1j),(1+1j),(-1-1j),(-1-1j),(-1-1j),(-1+1j),(-1-1j),(-1-1j),(-1-1j),(1+1j),(-1-1j),(-1-1j),(-1-1j),(-1-1j),(-1+1j),(-1-1j),(-1-1j),(-1+1j),(-1+1j),(-1-1j),(1+1j),(-1+1j),(-1+1j),(1-1j),(-1-1j),(-1-1j),(-1+1j),(-1+1j),(-1+1j),(-1+1j),(-1+1j),(1+1j),(1-1j),(-1+1j),(1-1j),(-1+1j),(-1+1j),(-1+1j),(-1-1j),(-1-1j),(-1-1j),(-1-1j),(-1-1j),(-1+1j),(-1+1j),(-1+1j),(-1+1j),(1+1j),(-1+1j),(-1+1j),(-1-1j),(-1+1j),(1+1j),(-1+1j),(1+1j),(-1+1j),(1+1j),(1+1j),(1+1j),(-1-1j),(1-1j),(-1+1j),(-1+1j),(1+1j),(1+1j),(1-1j),(1+1j),(1+1j),(-1-1j),(1+1j),(1+1j),(1-1j),(1+1j),(1-1j),(1+1j),(-1-1j),(-1-1j),(1+1j),(1-1j),(1+1j),(-1-1j),(1+1j),(1+1j),(1-1j),(-1+1j),(-1-1j),(-1-1j),(1+1j),(1-1j),(1+1j),(1-1j),(1-1j),(1+1j),(1-1j),(1-1j),(1-1j),(1+1j),(-1+1j),(1+1j),(1-1j),(1+1j),(-1+1j),(-1+1j),(1+1j),(1+1j),(1-1j),(1+1j),(1-1j),(1+1j),(1-1j),(1-1j),(1-1j),(1-1j),(1-1j),(-1-1j),(1+1j),(-1-1j),(1-1j),(1-1j),(1-1j),(-1-1j),(1-1j),(1-1j),(1+1j),(-1-1j),(-1-1j),(1+1j),(1+1j),(1+1j),(1+1j),(1-1j),(-1-1j),(-1-1j),(1+1j),(1-1j),(1-1j),(-1-1j),(-1+1j),(1-1j),(1+1j),(1-1j),(-1+1j),(1+1j),(-1+1j),(1+1j),(1+1j),(1-1j),(1+1j),(1-1j),(1+1j),(1-1j),(1-1j),(1-1j),(-1-1j),(1-1j),(1-1j),(-1-1j),(-1+1j),(1-1j),(1-1j),(1+1j),(1-1j),(-1+1j),(-1-1j),(-1-1j),(1+1j),(1-1j),(1+1j),(1-1j),(1-1j),(1+1j),(1-1j),(1-1j),(1-1j),(1+1j),(-1+1j),(1-1j),(1+1j),(1-1j),(1+1j),(-1+1j),(-1+1j),(1+1j),(1+1j),(1-1j),(1+1j),(1+1j),(-1+1j),(1-1j),(-1-1j),(1-1j),(-1-1j),(-1-1j),(-1+1j),(1+1j),(1-1j),(-1+1j),(1+1j),(-1-1j),(-1+1j),(1-1j),(-1-1j),(1+1j),(1+1j),(1+1j),(-1-1j),(-1-1j),(1+1j),(-1-1j),(-1+1j),(1-1j),(1-1j),(-1+1j),(1-1j),(-1+1j),(1+1j),(1+1j),(1+1j),(-1-1j),(-1+1j),(1-1j),(1-1j),(1+1j),(1+1j),(-1-1j),(1-1j),(1-1j),(1+1j),(1-1j),(1-1j),(-1-1j),(1+1j),(1+1j),(-1-1j),(1+1j),(1+1j),(1-1j),(1-1j),(1+1j),(1-1j),(1-1j),(1-1j),(1+1j),(1+1j),(-1-1j),(-1-1j),(-1+1j),(-1+1j),(1-1j),(-1-1j),(-1+1j),(1+1j),(1+1j),(1-1j),(-1-1j),(1-1j),(-1+1j),(1-1j),(-1+1j),(1+1j),(1+1j),(-1-1j),(1+1j),(1+1j),(1+1j),(-1-1j),(-1-1j),(1-1j),(1-1j),(1+1j),(-1-1j),(1+1j),(1-1j),(-1-1j),(-1-1j),(-1-1j),(-1+1j),(1-1j),(1+1j),(-1-1j),(-1+1j),(1+1j),(1+1j),(-1+1j),(1-1j),(1-1j),(1-1j),(1+1j),(1-1j),(-1-1j),(1-1j),(1+1j),(1-1j),(1-1j),(-1-1j),(1+1j),(-1-1j),(1+1j),(1+1j),(-1-1j),(1+1j),(1+1j),(1+1j),(1-1j),(1-1j),(1+1j),(1-1j),(1-1j),(1+1j),(-1-1j),(1+1j),(1-1j),(-1-1j),(1+1j),(1-1j),(-1-1j),(1-1j),(-1+1j),(1+1j),(1+1j),(1-1j),(1+1j),(1-1j),(1-1j),(-1-1j),(1+1j),(1+1j),(-1-1j),(-1+1j),(-1+1j),(1+1j),(1-1j),(-1+1j),(1+1j),(1-1j),(1-1j),(-1-1j),(1+1j),(1-1j),(-1-1j),(1+1j),(1-1j),(1-1j),(1-1j),(1-1j),(-1-1j),(-1+1j),(1+1j),(1-1j),(-1+1j),(1-1j),(1+1j),(-1-1j),(1+1j),(1+1j),(1+1j),(1-1j),(-1-1j),(1-1j),(1-1j),(1+1j),(-1-1j),(1+1j),(1+1j),(-1-1j),(1+1j),(-1+1j),(1+1j),(1-1j),(1-1j),(1-1j),(1-1j),(1-1j),(1+1j),(1+1j),(1+1j),(1-1j),(1-1j),(-1-1j),(1+1j),(1-1j),(-1+1j),(1-1j),(-1+1j),(1-1j),(1+1j),(1+1j),(1+1j),(1+1j),(1-1j),(1+1j),(1-1j),(1+1j),(1-1j),(1-1j),(1-1j),(1+1j),(1+1j),(-1-1j),(-1-1j),(1-1j),(1+1j),(1+1j),(1-1j),(1+1j),(1+1j),(1-1j),(-1+1j),(1-1j),(1-1j),(1+1j),(-1+1j),(1-1j),(1-1j),(1+1j),(1-1j),(1+1j),(1-1j),(1-1j),(1-1j),(1-1j),(1-1j),(1-1j),(1+1j),(-1+1j),(1-1j),(-1-1j),(-1+1j),(1-1j),(-1+1j),(1+1j),(1+1j),(-1-1j),(1-1j),(-1+1j),(1-1j),(1-1j),(1-1j),(-1+1j),(1-1j),(-1-1j),(1-1j),(-1-1j),(-1-1j),(1-1j),(1+1j),(-1+1j),(1+1j),(1-1j),(-1+1j),(1+1j),(1+1j),(-1-1j),(1-1j),(1+1j),(1-1j),(1+1j),(1+1j),(1-1j),(1+1j),(1+1j),(-1-1j),(1-1j),(1-1j),(-1-1j),(1+1j),(1-1j),(1+1j),(-1+1j),(1-1j),(-1+1j),(-1+1j),(-1+1j),(-1+1j),(-1+1j),(1+1j),(1-1j),(1-1j),(1-1j),(1-1j),(1-1j),(1-1j),(1-1j),(1+1j),(-1-1j),(1-1j),(1-1j),(-1-1j),(1-1j),(-1+1j),(-1-1j),(-1+1j),(1-1j),(-1-1j),(-1-1j),(1+1j),(1-1j),(1+1j),(-1-1j),(1-1j),(1-1j),(-1+1j),(1+1j),(1+1j),(1-1j),(1-1j),(1-1j),(1-1j),(-1-1j),(1-1j),(1+1j),(-1+1j),(1-1j),(1+1j),(1-1j),(-1+1j),(-1+1j),(1+1j),(-1-1j),(-1+1j),(-1-1j),(-1-1j),(-1+1j),(1+1j),(1+1j),(-1+1j),(1-1j),(1+1j),(1+1j),(1+1j),(1+1j),(-1+1j),(-1-1j),(1+1j),(1+1j),(1+1j),(-1+1j),(-1-1j),(-1-1j),(1+1j),(1-1j),(-1-1j),(-1-1j),(1+1j),(-1-1j),(1-1j),(1+1j),(1-1j),(1+1j),(1-1j),(1+1j),(1-1j),(1+1j),(1+1j),(1-1j),(1+1j),(-1-1j),(1-1j),(1+1j),(1+1j),(1+1j),(1+1j),(1+1j),(1+1j),(1-1j),(1+1j),(-1-1j),(1-1j),(1-1j),(1-1j),(1-1j),(1-1j),(1+1j),(1-1j),(-1-1j),(-1-1j),(1-1j),(-1-1j),(1-1j),(1-1j),(-1-1j),(-1-1j),(-1-1j),(-1-1j),(-1+1j),(-1+1j),(1-1j),(-1-1j),(1-1j),(-1-1j),(1-1j),(1-1j),(1-1j),(1+1j),(1-1j),(1+1j),(1+1j),(1-1j),(-1+1j),(1-1j),(1-1j),(-1-1j),(1-1j),(-1+1j),(-1+1j),(-1+1j),(-1-1j),(-1-1j),(-1-1j),(-1+1j),(-1+1j),(-1+1j),(-1+1j),(1-1j),(-1+1j),(1+1j),(1+1j),(1+1j),(1+1j),(-1-1j),(1-1j),(-1+1j),(1+1j),(-1-1j),(-1-1j),(1+1j),(1+1j),(-1+1j),(-1-1j),(-1-1j),(-1+1j),(-1+1j),(-1+1j),(1-1j),(-1-1j),(1-1j),(-1+1j),(1+1j),(-1+1j),(-1+1j),(-1-1j),(1+1j),(-1+1j),(-1+1j),(1+1j),(1-1j),(-1-1j),(1-1j),(1-1j),(-1+1j),(1-1j),(1+1j),(1-1j),(-1+1j),(1-1j),(-1+1j),(1+1j),(1+1j),(-1-1j),(-1+1j),(1+1j),(1+1j),(1+1j),(1+1j),(-1+1j),(-1-1j),(-1-1j),(-1-1j),(-1+1j),(1+1j),(-1+1j),(1+1j),(1-1j),(-1-1j),(1+1j),(1+1j),(-1+1j),(1+1j),(1+1j),(-1+1j),(1+1j),(-1+1j),(1+1j),(1+1j),(-1-1j),(-1+1j),(1+1j),(1+1j),(-1+1j),(-1+1j),(-1-1j),(1-1j),(1+1j),(1-1j),(1+1j),(-1+1j),(-1-1j),(1+1j),(-1-1j),(-1+1j),(1+1j),(1-1j),(1+1j),(1+1j),(-1-1j),(-1+1j),(-1+1j),(-1+1j),(-1-1j),(-1+1j),(-1-1j),(1+1j),(-1+1j),(1-1j),(1-1j),(-1-1j),(1+1j),(1-1j),(1-1j),(-1+1j),(1+1j),(1+1j),(-1-1j),(-1+1j),(1-1j),(1-1j),(1+1j),(1+1j),(1-1j),(-1+1j),(1-1j),(1+1j),(-1+1j),(1+1j),(1-1j),(1+1j),(1+1j),(-1+1j),(1+1j),(-1+1j),(-1+1j),(1+1j),(-1+1j),(1-1j),(1-1j),(-1+1j),(1+1j),(-1+1j),(-1+1j),(-1-1j),(1+1j),(-1-1j),(1-1j),(1+1j),(1-1j),(-1-1j),(1-1j),(1-1j),(1+1j),(-1+1j),(1+1j),(1+1j),(-1+1j),(1+1j),(1+1j),(1-1j),(1+1j),(1-1j),(-1+1j),(1+1j),(1+1j),(-1+1j),(-1+1j),(1+1j),(-1-1j),(-1+1j),(1+1j),(1-1j),(-1-1j),(1-1j),(1-1j),(1+1j),(1+1j),(-1+1j),(1+1j),(-1+1j),(1+1j),(-1+1j),(1+1j),(1-1j),(-1-1j),(-1+1j),(1+1j),(1-1j),(1+1j),(1+1j),(1+1j),(1-1j),(-1+1j),(1+1j),(1+1j),(1+1j),(1+1j),(-1+1j),(-1+1j),(1+1j),(1-1j),(1+1j),(1-1j),(1+1j),(1-1j),(1-1j),(1-1j),(-1-1j),(1+1j),(1+1j),(-1+1j),(1+1j),(1-1j),(1+1j),(1-1j),(-1-1j),(-1+1j),(1+1j),(1-1j),(1-1j),(1-1j),(1-1j),(-1-1j),(1+1j),(-1+1j),(-1+1j),(1-1j),(1+1j),(1+1j),(1+1j),(-1-1j),(-1+1j),(1+1j),(1-1j),(-1-1j),(1-1j),(1+1j),(1+1j),(-1+1j),(1-1j),(-1+1j),(1+1j),(-1+1j),(1-1j),(1-1j),(1-1j),(-1-1j),(-1+1j),(-1-1j),(1+1j),(1-1j),(-1-1j),(1+1j),(-1+1j),(1+1j),(1+1j),(1-1j),(1+1j),(1+1j),(1-1j),(1+1j),(1+1j),(1-1j),(1+1j),(-1+1j),(1-1j),(1-1j),(1-1j),(1+1j),(1-1j),(-1+1j),(1+1j),(-1+1j),(1+1j),(1+1j),(1-1j),(-1-1j),(1-1j),(1-1j),(-1+1j),(-1+1j),(1+1j),(1-1j),(1-1j),(-1-1j),(1-1j),(-1+1j),(1+1j),(1+1j),(-1+1j),(1-1j),(1+1j),(1+1j),(-1-1j),(1+1j),(-1+1j),(1+1j),(1+1j),(1-1j),(-1-1j),(1-1j),(-1+1j),(1-1j),(-1+1j),(-1+1j),(1+1j),(1-1j),(-1+1j),(-1-1j),(-1+1j),(1+1j),(-1+1j),(1+1j),(-1+1j),(-1-1j),(1+1j),(1-1j),(1-1j),(1-1j),(-1+1j),(1+1j),(-1+1j),(1+1j),(1+1j),(1+1j),(1-1j),(1-1j),(-1-1j),(1-1j),(1+1j),(1-1j),(1-1j),(1-1j),(-1+1j),(1-1j),(1-1j),(-1-1j),(1-1j),(1-1j),(1-1j),(1+1j),(-1+1j),(1+1j),(1-1j),(1-1j),(1+1j),(1-1j),(1+1j),(1-1j),(-1+1j),(1-1j),(-1-1j),(1+1j),(1+1j),(1-1j),(1+1j),(-1+1j),(-1-1j),(-1-1j),(1-1j),(1+1j),(1+1j),(1+1j),(-1-1j),(1-1j),(1-1j),(1-1j),(1+1j),(-1-1j),(1+1j),(-1+1j),(-1+1j),(-1+1j),(-1+1j),(1+1j),(1+1j),(-1+1j),(-1-1j),(1+1j),(-1+1j),(1-1j),(1+1j),(1-1j),(1+1j),(1-1j),(1+1j),(1-1j),(-1-1j),(-1+1j),(1-1j),(1-1j),(1-1j),(-1-1j),(1-1j),(-1-1j),(-1-1j),(1-1j),(1-1j),(-1-1j),(-1+1j),(1-1j),(1+1j),(1+1j),(-1+1j),(1-1j),(1+1j),(1-1j),(1+1j),(-1+1j),(1+1j),(1-1j),(1+1j),(1-1j),(-1-1j),(-1-1j),(1-1j),(-1+1j),(1-1j),(1+1j),(1-1j),(1-1j),(1+1j),(1+1j),(1-1j),(-1-1j),(1-1j),(1+1j),(-1+1j),(1+1j),(1+1j),(-1-1j),(1+1j),(-1-1j),(1-1j),(1+1j),(-1-1j),(1+1j),(1+1j),(1+1j),(1-1j),(-1-1j),(-1+1j),(1+1j),(-1+1j),(1+1j),(1-1j),(1-1j),(1-1j),(-1-1j),(-1-1j),(1+1j),(1-1j),(-1-1j),(1-1j),(1+1j),(1-1j),(1-1j),(1-1j),(-1-1j),(1+1j),(-1-1j),(1-1j),(1+1j),(-1-1j),(1-1j),(-1-1j),(-1-1j),(-1+1j),(1+1j),(-1+1j),(1+1j),(1-1j),(1-1j),(1-1j),(-1+1j),(-1-1j),(-1-1j),(-1+1j),(1-1j),(1+1j),(1+1j),(1+1j),(1+1j),(1+1j),(-1-1j),(1+1j),(1-1j),(-1+1j),(1+1j),(1+1j),(1-1j),(-1-1j),(-1+1j),(1+1j),(-1-1j),(1+1j),(1-1j),(-1+1j),(1+1j),(-1-1j),(-1-1j),(1+1j),(1+1j),(1+1j),(1-1j),(-1-1j),(-1-1j),(1-1j),(-1-1j),(1+1j),(1+1j),(-1+1j),(-1+1j),(1-1j),(-1-1j),(1-1j),(1+1j),(-1-1j),(-1+1j),(1+1j),(1+1j),(-1-1j),(1+1j),(1-1j),(1+1j),(1-1j),(-1+1j),(1-1j),(1-1j),(1-1j),(-1+1j),(1-1j),(-1+1j),(1+1j),(-1+1j),(-1-1j),(-1+1j),(1+1j),(-1+1j),(-1-1j),(-1+1j),(1+1j),(1-1j),(1+1j),(1+1j),(-1-1j),(1-1j),(1-1j),(1+1j),(1-1j),(-1+1j),(1-1j),(1-1j),(-1+1j),(1-1j),(1+1j),(1+1j),(1+1j),(1+1j),(1+1j),(1+1j),(1+1j),(-1-1j),(1-1j),(-1-1j),(-1+1j),(1+1j),(-1+1j),(1+1j),(-1-1j),(-1-1j),(1+1j),(1+1j),(-1-1j),(1-1j),(1-1j),(1-1j),(-1+1j),(1+1j),(1+1j),(-1+1j),(1+1j),(1+1j),(-1+1j),(-1+1j),(-1+1j),(1+1j),(1-1j),(1+1j),(1-1j),(-1-1j),(1-1j),(-1-1j),(1+1j),(1-1j),(1+1j),(-1-1j),(1-1j),(-1+1j),(1+1j),(-1+1j),(-1-1j),(-1+1j),(1-1j),(1+1j),(1-1j),(1+1j),(1+1j),(1+1j),(1+1j),(1+1j),(1-1j),(1-1j),(-1-1j),(-1-1j),(-1-1j),(-1+1j),(1-1j),(1-1j),(-1+1j),(-1-1j),(-1+1j),(1-1j),(-1+1j),(1+1j),(1-1j),(-1+1j),(1+1j),(-1+1j),(-1+1j),(1+1j),(-1-1j),(-1+1j),(1-1j),(-1-1j),(1-1j),(-1-1j),(-1-1j),(-1+1j),(1-1j),(-1-1j),(1-1j),(-1-1j),(-1-1j),(-1-1j),(1+1j),(-1+1j),(1-1j),(1+1j),(1+1j),(-1-1j),(-1+1j),(1-1j),(1-1j),(1-1j),(-1+1j),(1-1j),(-1-1j),(1+1j),(1-1j),(-1+1j),(-1+1j),(1-1j),(-1+1j),(1+1j),(-1+1j),(1+1j),(1-1j),(-1-1j),(1-1j),(1+1j),(-1+1j),(1+1j),(-1+1j),(-1+1j),(1-1j),(1+1j),(1-1j),(1-1j),(1-1j),(1-1j),(-1-1j),(1-1j),(-1+1j),(-1+1j),(1-1j),(-1-1j),(1+1j),(-1-1j),(1-1j),(1+1j),(1-1j),(1+1j),(-1-1j),(1+1j),(1+1j),(1-1j),(-1-1j),(1-1j),(1-1j),(-1-1j),(1-1j),(-1+1j),(1-1j),(1+1j),(-1+1j),(-1-1j),(-1+1j),(1+1j),(-1+1j),(1+1j),(-1+1j),(-1-1j),(-1+1j),(1+1j),(1+1j),(-1-1j),(1-1j),(-1+1j),(-1+1j),(-1+1j),(1-1j),(-1-1j),(1-1j),(-1+1j),(1+1j),(-1-1j),(-1-1j),(1-1j),(-1-1j),(-1+1j),(1+1j),(-1+1j),(-1-1j),(-1+1j),(1-1j),(1+1j),(1+1j),(1+1j),(-1-1j),(-1+1j),(1+1j),(1+1j),(1-1j),(-1-1j),(-1-1j),(1-1j),(1+1j),(1-1j),(1-1j),(-1+1j),(-1+1j),(1-1j),(-1-1j),(-1-1j),(1+1j),(1+1j),(1+1j),(-1+1j),(-1-1j),(1+1j),(-1+1j),(-1-1j),(1-1j),(1+1j),(-1+1j),(-1-1j),(-1-1j),(-1-1j),(-1+1j),(-1-1j),(-1-1j),(-1-1j),(1+1j),(1+1j),(1-1j),(1-1j),(-1-1j),(1-1j),(1-1j),(1-1j),(-1+1j),(1-1j),(1-1j),(1-1j),(1-1j),(-1-1j),(1-1j),(1-1j),(1+1j),(1+1j),(-1-1j),(1-1j),(1+1j),(-1-1j),(1+1j),(-1-1j),(-1-1j),(1-1j),(1-1j),(1+1j),(1-1j),(-1-1j),(1-1j),(1-1j),(1+1j),(1-1j),(-1+1j),(-1+1j),(1-1j),(1+1j),(1-1j),(1-1j),(1+1j),(1-1j),(1+1j),(-1+1j),(1+1j),(-1-1j),(1+1j),(-1-1j),(1-1j),(-1-1j),(-1-1j),(-1+1j),(1-1j),(1-1j),(-1+1j),(1+1j),(1-1j),(1-1j),(1-1j),(1+1j),(1-1j),(1-1j),(-1+1j),(-1+1j),(1-1j),(1-1j),(1-1j),(-1+1j),(-1+1j),(-1+1j),(1-1j),(1-1j),(-1-1j),(1-1j),(1-1j),(-1-1j),(1+1j),(1+1j),(1+1j),(-1+1j),(1+1j),(-1+1j),(1+1j),(1+1j),(-1-1j),(-1+1j),(1+1j),(1+1j),(1+1j),(1-1j),(1-1j),(1+1j),(-1+1j),(1+1j),(-1-1j),(-1+1j),(-1+1j),(1+1j),(-1+1j),(1-1j),(1-1j),(1-1j),(-1-1j),(-1-1j),(-1-1j),(1+1j),(1-1j),(-1-1j),(-1+1j),(1+1j),(-1-1j),(1+1j),(1+1j),(-1-1j),(1+1j),(1+1j),(1-1j),(1-1j),(1-1j),(1-1j),(1+1j),(-1+1j),(1+1j),(1+1j),(-1-1j),(-1-1j),(1+1j),(1-1j),(-1+1j),(1+1j),(-1-1j),(1-1j),(1-1j),(-1+1j),(1+1j),(1-1j),(1-1j),(1-1j),(1-1j),(-1+1j),(-1-1j),(1-1j),(1+1j),(-1-1j),(1+1j),(1+1j),(1+1j),(1+1j),(1+1j),(1+1j),(-1+1j),(1+1j),(-1+1j),(1+1j),(-1-1j),(-1-1j),(1+1j),(1+1j),(1+1j),(1-1j),(1+1j),(-1-1j),(1+1j),(1+1j),(1+1j),(1+1j),(1+1j),(1+1j),(1+1j),(1+1j),(1-1j),(-1+1j),(-1+1j),(-1+1j),(1-1j),(-1-1j),(1-1j),(1+1j),(1-1j),(1-1j),(-1+1j),(1-1j),(1+1j),(1+1j),(1+1j),(1-1j),(-1-1j),(-1-1j),(-1-1j),(-1-1j),(-1+1j),(-1+1j),(-1-1j),(1-1j),(1+1j),(1+1j),(1-1j),(1-1j),(1-1j),(1-1j),(1-1j),(1-1j),(1-1j),(-1+1j),(-1+1j),(-1+1j),(1+1j),(1+1j),(1+1j),(1+1j),(1+1j),(1+1j),(-1+1j),(1-1j),(-1+1j),(1+1j),(1+1j),(1+1j),(1-1j),(-1-1j),(-1+1j),(-1+1j),(1+1j),(1+1j),(1-1j),(1-1j),(-1+1j),(1-1j),(-1-1j),(1-1j),(1+1j),(1-1j),(1+1j),(1-1j),(1-1j),(1-1j),(-1+1j),(-1+1j),(1-1j),(-1-1j),(-1+1j),(-1-1j),(1-1j),(-1+1j),(1-1j),(1-1j),(1-1j),(1-1j),(-1-1j),(1+1j),(1-1j),(-1+1j),(1-1j),(1-1j),(-1+1j),(1-1j),(1-1j),(1-1j),(1-1j),(1+1j),(1-1j),(1-1j),(1-1j),(1-1j),(-1+1j),(1+1j),(1-1j),(-1+1j),(-1+1j),(-1+1j),(1+1j),(-1-1j),(1-1j),(1+1j),(-1+1j),(1+1j),(-1+1j),(-1+1j),(1+1j),(1-1j),(-1-1j),(1-1j),(-1+1j),(1-1j),(1-1j),(-1+1j),(1-1j),(1-1j),(1-1j),(1-1j),(1+1j),(1-1j),(1-1j),(-1+1j),(1-1j),(-1+1j),(-1+1j),(1+1j),(1+1j),(1+1j),(1+1j),(1+1j),(1+1j),(1+1j),(1-1j),(-1+1j),(-1+1j),(-1+1j),(1+1j),(-1-1j),(1-1j),(1+1j),(1-1j),(-1-1j),(-1+1j),(1-1j),(1+1j),(-1-1j),(1-1j),(-1-1j),(1+1j),(-1-1j),(1+1j),(1+1j),(-1+1j),(1+1j),(1+1j),(1-1j),(1-1j),(1-1j),(1-1j),(1+1j),(1-1j),(1-1j),(-1-1j),(-1-1j),(-1+1j),(1+1j),(-1+1j),(1-1j),(1+1j),(1-1j),(-1-1j),(-1-1j),(1+1j),(1-1j),(1-1j),(-1+1j),(-1+1j),(1-1j),(-1-1j),(-1+1j),(1+1j),(1+1j),(1+1j),(1-1j),(-1-1j),(1+1j),(1+1j),(1+1j),(1+1j),(1+1j),(1+1j),(1-1j),(1+1j),(-1-1j),(1+1j),(1+1j),(1+1j),(-1+1j),(1-1j),(1+1j),(1-1j),(1-1j),(1-1j),(1+1j),(1-1j),(1+1j),(1-1j),(1+1j),(1+1j),(1-1j),(1+1j),(-1+1j),(1+1j),(1+1j),(1+1j),(1+1j),(-1+1j),(1+1j),(1-1j),(1+1j),(-1+1j),(1+1j),(-1+1j),(1-1j),(1+1j),(1+1j),(1+1j),(1-1j),(-1-1j),(-1-1j),(1-1j),(-1+1j),(-1+1j),(-1-1j),(1+1j),(1-1j),(1+1j),(1+1j),(1+1j),(1+1j),(1+1j),(1+1j),(1+1j),(1-1j),(1+1j),(1+1j),(1+1j),(1+1j),(1+1j),(1-1j),(1+1j),(1+1j),(-1+1j),(1-1j),(1+1j),(-1+1j),(1-1j),(1+1j),(1+1j),(-1-1j),(1-1j),(-1-1j),(-1-1j),(1+1j),(1+1j),(1+1j),(1+1j),(1-1j),(1+1j),(-1+1j),(1+1j),(1-1j),(1+1j),(1-1j),(-1-1j),(-1-1j),(1+1j),(1+1j),(1-1j),(-1+1j),(-1+1j),(1+1j),(1+1j),(-1-1j),(-1-1j),(1-1j),(-1+1j),(1+1j),(1+1j),(1-1j),(1-1j),(1-1j),(1-1j),(-1+1j),(1-1j),(-1+1j),(1+1j),(1+1j),(-1-1j),(-1-1j),(1-1j),(-1-1j),(1-1j),(1+1j),(-1+1j),(1+1j),(1-1j),(-1-1j),(1-1j),(1-1j),(-1+1j),(-1+1j),(-1-1j),(1+1j),(1+1j),(-1-1j),(1-1j),(-1-1j),(1-1j),(-1+1j),(-1+1j),(1+1j),(1-1j),(1-1j),(1-1j),(-1-1j),(1-1j),(-1-1j),(-1-1j),(-1-1j),(1-1j),(1-1j),(1-1j),(-1+1j),(1-1j),(1+1j),(-1-1j),(1+1j),(1+1j),(1+1j),(1-1j),(1+1j),(1+1j),(-1-1j),(1-1j),(1+1j),(1-1j),(-1+1j),(1-1j),(1+1j),(1+1j),(1-1j),(1-1j),(1-1j),(-1-1j),(-1-1j),(1+1j),(1-1j),(-1-1j),(1-1j),(1+1j),(-1+1j),(1+1j),(1-1j),(-1+1j),(1-1j),(-1-1j),(1+1j),(1-1j),(1-1j),(1-1j),(-1-1j),(1-1j),(1-1j),(-1-1j),(-1-1j),(1-1j),(1-1j),(-1-1j),(-1+1j),(1-1j),(1-1j),(-1-1j),(1-1j),(1+1j),(-1+1j),(1+1j),(1-1j),(-1+1j),(-1-1j),(-1+1j),(1-1j),(1+1j),(-1+1j),(1-1j),(1+1j),(1-1j),(-1+1j),(1-1j),(1+1j),(1-1j),(1-1j),(1+1j),(-1+1j),(1-1j),(1+1j),(1-1j),(1+1j),(1+1j),(1+1j),(1+1j),(1-1j),(1-1j),(1-1j),(-1+1j),(-1+1j),(1+1j),(1-1j),(1+1j),(1+1j),(1+1j),(1+1j),(-1-1j),(1+1j),(1+1j),(1+1j),(1+1j),(1-1j),(-1-1j),(1-1j),(1+1j),(1-1j),(-1-1j),(1-1j),(1+1j),(1-1j),(1+1j),(-1-1j),(1+1j),(1-1j),(-1+1j),(-1+1j),(1+1j),(-1+1j),(1-1j),(-1+1j),(1+1j),(1+1j),(-1+1j),(1+1j),(-1-1j),(1-1j),(1-1j),(-1-1j),(1+1j),(-1-1j),(1+1j),(-1-1j),(1-1j),(1-1j),(-1-1j),(1+1j),(-1-1j),(1+1j),(1-1j),(1+1j),(1+1j),(1+1j),(-1+1j),(1+1j),(-1-1j),(1-1j),(1-1j),(-1-1j),(1-1j),(-1-1j),(-1+1j),(1+1j),(-1+1j),(1+1j),(1+1j),(-1+1j),(1+1j),(1-1j),(1-1j),(-1+1j),(-1+1j),(1+1j),(1+1j),(1-1j),(1+1j),(1-1j),(1+1j),(-1+1j),(1+1j),(1+1j),(1+1j),(-1+1j),(1+1j),(-1-1j),(1-1j),(1+1j),(1-1j),(-1+1j),(1+1j),(1-1j),(1-1j),(-1-1j),(-1+1j),(1+1j),(1-1j),(-1-1j),(1+1j),(1-1j),(1+1j),(1+1j),(1+1j),(-1+1j),(1-1j),(-1+1j),(1+1j),(1+1j),(1+1j),(1+1j),(1-1j),(-1-1j),(1-1j),(1-1j),(1+1j),(1+1j),(-1-1j),(1+1j),(-1-1j),(-1-1j),(1+1j),(1-1j),(1+1j),(-1+1j),(1+1j),(1-1j),(1-1j),(-1+1j),(-1+1j),(1+1j),(1+1j),(-1-1j),(1-1j),(1+1j),(1-1j),(1+1j),(1-1j),(1+1j),(1-1j),(-1-1j),(-1+1j),(1-1j),(1+1j),(-1+1j),(-1+1j),(-1-1j),(-1+1j),(1+1j),(-1+1j),(1+1j),(1-1j),(1-1j),(1+1j),(-1-1j),(1+1j),(1+1j),(1+1j),(1+1j),(1-1j),(1+1j),(1+1j),(1-1j),(1+1j),(-1+1j),(1-1j),(-1+1j),(1+1j),(-1+1j),(1-1j),(1+1j),(1-1j),(-1-1j),(1-1j),(-1+1j),(-1+1j),(-1+1j),(1+1j),(1+1j),(1+1j),(1-1j),(1-1j),(1-1j),(1+1j),(1+1j),(1+1j),(1-1j),(1-1j),(-1+1j),(-1-1j),(1-1j),(1-1j),(1-1j),(1-1j),(1+1j),(-1+1j),(-1+1j),(1-1j),(1-1j),(1-1j),(1-1j),(1-1j),(1+1j),(1-1j),(1-1j),(1+1j),(-1-1j),(1+1j),(1-1j),(1-1j),(1-1j),(1+1j),(1-1j),(1+1j),(-1+1j),(1+1j),(1+1j),(1-1j),(1+1j),(-1-1j),(1-1j),(1+1j),(1+1j),(1+1j),(1-1j),(1-1j),(1+1j),(1-1j),(-1+1j),(1+1j),(1-1j),(1+1j),(-1+1j),(1+1j),(1-1j),(1+1j),(1-1j),(-1-1j),(1+1j),(1+1j),(1-1j),(1+1j),(1-1j),(1+1j),(-1-1j),(1+1j),(-1+1j),(1+1j),(1-1j),(1+1j),(1+1j),(1+1j),(1+1j),(1-1j),(1-1j),(-1+1j),(1-1j),(1+1j),(1+1j),(1+1j),(1+1j),(-1+1j),(1-1j),(1+1j),(1+1j),(1+1j),(1+1j),(-1+1j),(-1-1j),(1+1j),(-1+1j),(1-1j),(1+1j),(1+1j),(1-1j),(1+1j),(1-1j),(1-1j),(1-1j),(1+1j),(-1-1j),(1+1j),(1+1j),(1+1j),(-1+1j),(1+1j),(-1-1j),(1+1j),(-1-1j),(1+1j),(-1-1j),(1+1j),(-1-1j),(1-1j),(1-1j),(1-1j),(1+1j),(1-1j),(-1-1j),(1-1j),(1+1j),(1+1j),(1+1j),(1-1j),(1-1j),(1+1j),(1-1j),(-1-1j),(-1+1j),(-1+1j),(1+1j),(1-1j),(-1-1j),(1-1j),(-1+1j),(1+1j),(-1+1j),(-1+1j),(1-1j),(1+1j),(1+1j),(1+1j),(1+1j),(1+1j),(-1+1j),(1+1j),(-1+1j),(-1+1j),(1+1j),(1-1j),(1-1j),(1-1j),(-1+1j),(1-1j),(1-1j),(1-1j),(1-1j),(1-1j),(1-1j),(-1-1j),(1-1j),(1-1j),(-1+1j),(1-1j),(1-1j),(1-1j),(1-1j),(1-1j),(1+1j),(-1-1j),(-1-1j),(1-1j),(-1-1j),(1-1j),(1+1j),(1-1j),(1+1j),(1-1j),(1+1j),(1-1j),(1+1j),(1-1j),(1+1j),(-1-1j),(1+1j),(1+1j),(-1+1j),(1+1j),(1+1j),(-1-1j),(1-1j),(1-1j),(1-1j),(-1-1j),(-1+1j),(1+1j),(1+1j),(-1-1j),(1-1j),(1-1j),(1+1j),(1-1j),(1+1j),(1-1j),(1-1j),(1-1j),(1-1j),(1-1j),(1-1j),(1+1j),(1+1j),(-1-1j),(-1+1j),(1+1j),(1-1j),(1-1j),(-1-1j),(1-1j),(-1+1j),(1-1j),(-1-1j),(1+1j),(1+1j),(1-1j),(1+1j),(1-1j),(1+1j),(1+1j),(-1+1j),(1-1j),(1+1j),(1-1j),(-1+1j),(-1+1j),(1+1j),(1+1j),(1-1j),(1-1j),(-1-1j),(1+1j),(-1+1j),(1+1j),(1-1j),(1+1j),(-1+1j),(-1-1j),(1+1j),(1+1j),(1+1j),(-1+1j),(1+1j),(1-1j),(-1-1j),(-1+1j),(1+1j),(1-1j),(-1-1j),(1-1j),(-1-1j),(1+1j),(-1-1j),(1-1j),(1+1j),(-1-1j),(-1-1j),(1+1j),(1-1j),(-1-1j),(-1-1j),(1-1j),(-1+1j),(1-1j),(-1+1j),(-1-1j),(1-1j),(1-1j),(1-1j),(1-1j),(1+1j),(1+1j),(1-1j),(1+1j),(1+1j),(1+1j),(1+1j),(1-1j),(1+1j),(1+1j),(-1+1j),(1-1j),(1-1j),(-1+1j),(1+1j),(1-1j),(1-1j),(1-1j),(1-1j),(-1+1j),(-1+1j),(1+1j),(-1+1j),(1-1j),(-1+1j),(1+1j),(1+1j),(1+1j),(-1+1j),(-1-1j),(1-1j),(-1+1j),(1+1j),(-1+1j),(-1+1j),(1-1j),(-1-1j),(1-1j),(1+1j),(-1+1j),(1-1j),(1-1j),(1-1j),(1+1j),(1+1j),(1+1j),(1+1j),(-1-1j),(-1+1j),(1+1j),(-1+1j),(1-1j),(1-1j),(-1-1j),(1-1j),(1+1j),(-1+1j),(1+1j),(-1-1j),(1-1j),(-1+1j),(1+1j),(1+1j),(1-1j),(1-1j),(-1-1j),(-1-1j),(1-1j),(1+1j),(1-1j),(-1+1j),(-1+1j),(-1+1j),(1-1j),(1-1j),(1-1j),(1-1j),(-1-1j),(1-1j),(1+1j),(-1+1j),(1+1j),(1+1j),(-1-1j),(-1+1j),(-1-1j),(1-1j),(1-1j),(1-1j),(1+1j),(1+1j),(-1-1j),(-1+1j),(1+1j),(1+1j),(1-1j),(-1+1j),(-1-1j),(-1+1j),(-1+1j),(1+1j),(-1+1j),(1-1j),(-1+1j),(1+1j),(1-1j),(-1-1j),(1-1j),(1-1j),(-1+1j),(1+1j),(1-1j),(-1-1j),(1-1j),(1-1j),(-1+1j),(-1+1j),(1+1j),(1+1j),(-1+1j),(-1+1j),(1-1j),(-1+1j),(1-1j),(-1-1j),(1-1j),(1+1j),(-1-1j),(1-1j),(-1+1j),(1-1j),(-1-1j),(-1+1j),(1+1j),(-1-1j),(-1-1j),(1+1j),(1+1j),(1-1j),(-1-1j),(-1-1j),(1-1j),(1+1j),(-1+1j),(1+1j),(1+1j),(1+1j),(1+1j),(-1-1j),(1+1j),(1+1j),(1+1j),(-1-1j),(-1+1j),(1+1j),(-1-1j),(-1+1j),(-1-1j),(-1+1j),(1+1j),(1+1j),(1+1j),(-1+1j),(1+1j),(1+1j),(1-1j),(1+1j),(1-1j),(1+1j),(1-1j),(1+1j),(1-1j),(1+1j),(1-1j),(1-1j),(1-1j),(-1-1j),(1+1j),(-1+1j),(1+1j),(-1+1j),(1+1j),(-1+1j),(-1+1j),(1+1j),(-1-1j),(1+1j),(-1-1j),(-1+1j),(-1+1j),(1+1j),(1+1j),(-1+1j),(-1+1j),(1-1j),(-1+1j),(1+1j),(-1+1j),(1+1j),(1+1j),(1+1j),(-1-1j),(-1+1j),(-1+1j),(1+1j),(-1-1j),(1+1j),(1+1j),(1-1j),(1+1j),(-1-1j),(1-1j),(-1+1j),(1+1j),(1+1j),(1+1j),(1-1j),(1-1j),(1-1j),(1+1j),(1-1j),(1-1j),(1-1j),(-1+1j),(-1-1j),(-1+1j),(1+1j),(1+1j),(1+1j),(-1-1j),(-1+1j),(1+1j),(1-1j),(1+1j),(1-1j),(-1-1j),(1-1j),(-1-1j),(-1+1j),(-1-1j),(1-1j),(1-1j),(1-1j),(1+1j),(1-1j),(1-1j),(1-1j),(-1-1j),(-1+1j),(1-1j),(1-1j),(-1+1j),(1-1j),(1+1j),(1+1j),(1-1j),(1+1j),(1-1j),(1-1j),(-1-1j),(1+1j),(1+1j),(1+1j),(1-1j),(-1+1j),(1-1j),(1-1j),(-1+1j),(1-1j),(-1-1j),(1+1j),(1-1j),(1-1j),(1+1j),(1+1j),(-1+1j),(1+1j),(1+1j),(1+1j),(1+1j),(1-1j),(1+1j),(1-1j),(-1-1j),(-1+1j),(1+1j),(-1+1j),(1+1j),(-1-1j),(1+1j),(-1-1j),(1+1j),(1+1j),(1+1j),(1+1j),(1+1j),(1-1j),(1+1j),(-1+1j),(1-1j),(1+1j),(-1+1j),(1-1j),(1-1j),(1+1j),(1+1j),(-1+1j),(-1+1j),(-1+1j),(1-1j),(-1+1j),(-1+1j),(-1-1j),(1+1j),(-1-1j),(-1+1j),(1-1j),(1+1j),(1-1j),(1-1j),(-1+1j),(-1-1j),(1+1j),(-1-1j),(-1-1j),(-1+1j),(1+1j),(-1-1j),(1+1j),(1-1j),(-1+1j),(1+1j),(-1-1j),(-1+1j),(1+1j),(1+1j),(-1+1j),(1-1j),(1-1j),(-1+1j),(1-1j),(1-1j),(1+1j),(-1-1j),(-1-1j),(-1+1j),(-1+1j),(1-1j),(1-1j),(-1+1j),(-1+1j),(1-1j),(-1+1j),(-1+1j),(1-1j),(-1+1j),(1-1j),(-1+1j),(1+1j),(1-1j),(-1+1j),(1-1j),(1+1j),(-1-1j),(-1+1j),(1+1j),(1-1j),(-1+1j),(1-1j),(1-1j),(-1+1j),(-1+1j),(1+1j),(-1-1j),(-1-1j),(1+1j),(1+1j),(1-1j),(1+1j),(1-1j),(1+1j),(1-1j),(-1+1j),(-1+1j),(1-1j),(-1+1j),(1-1j),(-1-1j),(-1-1j),(-1-1j),(-1+1j),(1-1j),(1-1j),(-1-1j),(1-1j),(1-1j),(1-1j),(-1-1j),(-1-1j),(-1+1j),(1+1j),(-1+1j),(1-1j),(-1+1j),(1+1j),(1+1j),(1+1j),(1+1j),(-1-1j),(1+1j),(1+1j),(1-1j),(1-1j),(-1-1j),(-1+1j),(-1+1j),(-1+1j),(1+1j),(1-1j),(1+1j),(-1+1j),(-1+1j),(-1+1j),(1-1j),(1+1j),(1+1j),(-1+1j),(1+1j),(1+1j),(1-1j),(-1-1j),(1-1j),(1-1j),(-1+1j),(1-1j),(-1+1j),(-1-1j),(-1-1j),(-1-1j),(1+1j),(1-1j),(1-1j),(1+1j),(1-1j),(-1-1j),(-1-1j),(-1+1j),(-1+1j),(1-1j),(-1-1j),(1+1j),(-1-1j),(1+1j),(1+1j),(-1-1j),(1+1j),(1-1j),(-1-1j),(1+1j),(1+1j),(1-1j),(-1+1j),(-1-1j),(1-1j),(1-1j),(1-1j),(-1+1j),(1-1j),(-1+1j),(1-1j),(1-1j),(1-1j),(-1+1j),(1-1j),(1-1j),(-1+1j),(1-1j),(-1+1j),(-1+1j),(1+1j),(1+1j),(1-1j),(1+1j),(-1-1j),(1+1j),(-1-1j),(1-1j),(1-1j),(-1-1j),(1-1j),(1-1j),(1+1j),(1+1j),(1+1j),(1+1j),(1+1j),(-1-1j),(1-1j),(-1-1j),(1-1j),(-1-1j),(1-1j),(1-1j),(1+1j),(1+1j),(1-1j),(-1-1j),(-1+1j),(1+1j),(1+1j),(1+1j),(1+1j),(1+1j),(1+1j),(1+1j),(1+1j),(1+1j),(1+1j),(1+1j),(1-1j),(-1+1j),(1-1j),(-1+1j),(1+1j),(1+1j),(1+1j),(-1+1j),(-1+1j),(1-1j),(-1+1j),(-1-1j),(1+1j),(-1-1j),(-1+1j),(1-1j),(1+1j),(-1-1j),(1+1j),(1+1j),(1-1j),(-1-1j),(-1+1j),(1+1j),(1-1j),(-1+1j),(-1-1j),(1+1j),(1-1j),(1+1j),(1+1j),(1-1j),(-1+1j),(1+1j),(1-1j),(-1-1j),(1+1j),(-1-1j),(-1+1j),(1-1j),(1+1j),(-1-1j),(-1+1j),(-1-1j),(1-1j),(-1+1j),(-1-1j),(-1-1j),(-1+1j),(-1-1j),(1-1j),(-1-1j),(-1-1j),(-1+1j),(-1+1j),(1+1j),(-1+1j),(-1-1j),(1+1j),(-1+1j),(-1+1j),(1-1j),(1+1j),(-1-1j),(-1-1j),(1-1j),(1+1j),(1+1j),(-1-1j),(-1+1j),(1-1j),(-1-1j),(-1+1j),(1-1j),(-1+1j),(-1+1j),(-1+1j),(1+1j),(-1+1j),(1+1j),(-1+1j),(1-1j),(-1+1j),(-1+1j),(-1-1j),(-1-1j),(1-1j),(-1-1j),(1-1j),(-1-1j),(-1+1j),(1+1j),(1-1j),(-1+1j),(-1+1j),(-1-1j),(-1-1j),(1-1j),(-1+1j),(1+1j),(-1+1j),(1-1j),(1-1j),(1+1j),(-1-1j),(-1-1j),(-1+1j),(1-1j),(1-1j),(1-1j),(-1-1j),(1-1j),(1-1j),(-1+1j),(1+1j),(-1-1j),(1+1j),(1-1j),(1+1j),(1-1j),(1-1j),(1+1j),(1-1j),(1+1j),(-1-1j),(1-1j),(1+1j),(1-1j),(1-1j),(-1-1j),(1+1j),(1-1j),(-1+1j),(-1+1j),(-1+1j),(1+1j),(1+1j),(1-1j),(-1+1j),(-1+1j),(1+1j),(-1+1j),(1+1j),(1-1j),(-1-1j),(1-1j),(-1-1j),(1-1j),(1-1j),(-1-1j),(1+1j),(1+1j),(-1-1j),(1-1j),(-1-1j),(1+1j),(1+1j),(1-1j),(1-1j),(1+1j),(-1-1j),(-1-1j),(1+1j),(1-1j),(-1-1j),(-1+1j),(1+1j),(1+1j),(1+1j),(1-1j),(1-1j),(1+1j),(-1-1j),(1-1j),(1-1j),(1-1j),(1+1j),(1+1j),(-1-1j),(1-1j),(1-1j),(1+1j),(-1+1j),(1+1j),(-1+1j),(-1+1j),(1-1j),(-1+1j),(1+1j),(1+1j),(1-1j),(-1+1j),(1-1j),(1+1j),(-1-1j),(-1+1j),(1-1j),(-1+1j),(1+1j),(1+1j),(1-1j),(1+1j),(-1+1j),(1+1j),(1-1j),(1+1j),(1-1j),(-1-1j),(-1-1j),(1+1j),(1-1j),(1-1j),(1+1j),(1-1j),(-1-1j),(-1-1j),(1-1j),(-1+1j),(1+1j),(1+1j),(1-1j),(1+1j),(-1-1j),(1-1j),(1+1j),(-1-1j),(-1+1j),(-1+1j),(1-1j),(1+1j),(-1+1j),(-1+1j),(-1+1j),(1+1j),(1+1j),(1+1j),(-1+1j),(1-1j),(1+1j),(-1-1j),(-1-1j),(-1+1j),(1+1j),(1-1j),(-1+1j),(1+1j),(-1-1j),(1+1j),(-1+1j),(-1-1j),(-1-1j),(1-1j),(-1-1j),(-1+1j),(1+1j),(1+1j),(-1-1j),(1-1j),(-1-1j),(1+1j),(-1+1j),(-1+1j),(1-1j),(1-1j),(-1+1j),(1-1j),(1+1j),(-1-1j),(-1-1j),(-1+1j),(1-1j),(1-1j),(-1+1j),(1-1j),(1+1j),(-1-1j),(-1+1j),(-1+1j),(-1+1j),(-1-1j),(-1-1j),(-1+1j),(-1-1j),(-1+1j),(-1-1j),(1+1j),(-1+1j),(1+1j),(-1-1j),(1-1j),(-1-1j),(-1+1j),(-1+1j),(1+1j),(-1+1j),(1-1j),(1+1j),(-1+1j),(1+1j),(-1+1j),(1-1j),(-1+1j),(1-1j),(-1+1j),(-1+1j),(1-1j),(-1+1j),(1+1j),(1+1j),(-1+1j),(-1+1j),(1-1j),(-1+1j),(1-1j),(-1+1j),(-1+1j),(1+1j),(-1+1j),(-1+1j),(1+1j),(-1+1j),(1-1j),(1-1j),(-1+1j),(1-1j),(-1+1j),(-1+1j),(-1+1j),(1+1j),(1-1j),(1-1j),(1-1j),(-1+1j),(1+1j),(1-1j),(-1+1j),(-1+1j),(1-1j),(1-1j),(1+1j),(-1+1j),(-1+1j),(-1+1j),(1+1j),(-1+1j),(-1+1j),(1-1j),(1+1j),(-1-1j),(1+1j),(-1-1j),(-1-1j),(1-1j),(-1-1j),(1+1j),(-1+1j),(1+1j),(1+1j),(1-1j),(-1-1j),(-1-1j),(1+1j),(-1+1j),(1-1j),(-1+1j),(1-1j),(1+1j),(1+1j),(1+1j),(1-1j),(1-1j),(1-1j),(1-1j),(1+1j),(1-1j),(1+1j),(-1+1j),(1-1j),(1+1j),(1-1j),(1+1j),(1+1j),(1+1j),(1+1j),(1-1j),(1-1j),(1-1j),(1-1j),(1+1j),(-1-1j),(-1-1j),(1+1j),(1-1j),(-1+1j),(1+1j),(1+1j),(1+1j),(1-1j),(1-1j),(-1-1j),(1+1j),(1+1j),(1-1j),(1-1j),(1+1j),(-1-1j),(-1+1j),(1+1j),(1-1j),(-1+1j),(-1-1j),(1+1j),(-1-1j),(-1+1j),(1-1j),(1-1j),(1-1j),(1+1j),(1-1j),(1-1j),(1-1j),(-1+1j),(1-1j),(1+1j),(1-1j),(1-1j),(-1+1j),(1+1j),(1-1j),(1-1j),(1-1j),(1-1j),(1+1j),(1+1j),(1+1j),(-1+1j),(1-1j),(1+1j),(1+1j),(1+1j),(1+1j),(1-1j),(1-1j),(1-1j),(1+1j),(1-1j),(1-1j),(1-1j),(-1-1j),(-1-1j),(-1-1j),(-1-1j),(-1+1j),(-1+1j),(-1+1j),(1-1j),(1+1j),(1+1j),(-1+1j),(1+1j),(1-1j),(1-1j),(1-1j),(1-1j),(-1-1j),(1-1j),(-1-1j),(1+1j),(1+1j),(-1-1j),(1+1j),(1+1j),(-1-1j),(-1+1j),(1+1j),(1-1j),(1-1j),(1-1j),(-1-1j),(1-1j),(1+1j),(1-1j),(-1+1j),(-1-1j),(-1+1j),(1-1j),(1+1j),(1-1j),(-1+1j),(-1+1j),(1+1j),(1-1j),(1-1j),(-1-1j),(-1+1j),(-1+1j),(1+1j),(-1+1j),(-1+1j),(-1+1j),(1-1j),(1+1j),(1-1j),(1+1j),(-1+1j),(-1+1j),(-1+1j),(1+1j),(-1+1j),(-1+1j),(1+1j),(-1+1j),(-1+1j),(1-1j),(1-1j),(-1+1j),(1+1j),(-1+1j),(1-1j),(1-1j),(1-1j),(-1-1j),(1-1j),(-1+1j),(-1-1j),(1-1j),(1-1j),(1-1j),(-1-1j),(1-1j),(1+1j),(1+1j),(-1-1j),(-1-1j),(1+1j),(1+1j),(1+1j),(1+1j),(1-1j),(1+1j),(-1-1j),(1+1j),(-1+1j),(1-1j),(1+1j),(1-1j),(-1-1j),(-1-1j),(-1+1j),(-1+1j),(-1+1j),(1+1j),(1-1j),(-1+1j),(1-1j),(-1-1j),(1+1j),(1-1j),(1-1j),(1+1j),(1+1j),(-1-1j),(1-1j),(-1-1j),(1-1j),(1-1j),(1-1j),(1-1j),(1+1j),(-1-1j),(1-1j),(-1-1j),(1-1j),(1-1j),(1-1j),(-1-1j),(1+1j),(1-1j),(-1-1j),(1+1j),(1-1j),(-1+1j),(1+1j),(1+1j),(1-1j),(1+1j),(1-1j),(1+1j),(1+1j),(-1+1j),(-1+1j),(1+1j),(1-1j),(1-1j),(1-1j),(1+1j),(-1-1j),(1+1j),(1-1j),(-1+1j),(1-1j),(1+1j),(1-1j),(1+1j),(1+1j),(1+1j),(-1-1j),(-1-1j),(1+1j),(1-1j),(-1-1j),(-1+1j),(1+1j),(1+1j),(-1+1j),(1+1j),(1-1j),(-1-1j),(-1-1j),(1+1j),(-1+1j),(1-1j),(1-1j),(-1-1j),(-1-1j),(1-1j),(1-1j),(-1-1j),(1+1j),(1+1j),(-1-1j),(-1-1j),(-1+1j),(1+1j),(1+1j),(-1+1j),(1+1j),(1+1j),(-1-1j),(1+1j),(1-1j),(-1-1j),(1+1j),(1-1j),(-1+1j),(1+1j),(1+1j),(-1-1j),(1+1j),(1+1j),(-1-1j),(1+1j),(1-1j),(1+1j),(1+1j),(1+1j),(-1+1j),(1+1j),(1-1j),(-1-1j),(1-1j),(-1+1j),(1+1j),(1+1j),(1+1j),(1+1j),(-1+1j),(1+1j),(1+1j),(-1-1j),(1+1j),(-1+1j),(1+1j),(1-1j),(1-1j),(1+1j),(-1-1j),(1+1j),(1+1j),(-1-1j),(1+1j),(-1+1j),(-1+1j),(-1+1j),(-1-1j),(1+1j),(-1+1j),(1-1j),(1+1j),(-1-1j),(1-1j),(1+1j),(1-1j),(1+1j),(1+1j),(1+1j),(1+1j),(1+1j),(-1-1j),(-1+1j),(1-1j),(-1+1j),(1-1j),(1+1j),(1-1j),(1+1j),(-1+1j),(1+1j),(-1-1j),(1+1j),(-1+1j),(-1-1j),(1+1j),(-1+1j),(-1+1j),(-1+1j),(1+1j),(1-1j),(1-1j),(1-1j),(1+1j),(1-1j),(1+1j),(-1+1j),(1-1j),(-1-1j),(-1-1j),(-1+1j),(-1-1j),(1-1j),(1-1j),(1-1j),(1-1j),(1-1j),(-1+1j),(1+1j),(-1-1j),(1+1j),(1+1j),(-1+1j),(-1+1j),(-1-1j),(-1+1j),(1-1j),(1+1j),(-1-1j),(1-1j),(1+1j),(1-1j),(1-1j),(-1-1j),(1+1j),(-1-1j),(-1-1j),(1+1j),(-1+1j),(1-1j),(1+1j),(-1-1j),(1-1j),(1+1j),(-1-1j),(1+1j),(1+1j),(1+1j),(1-1j),(1+1j),(1+1j),(1-1j),(1-1j),(1+1j),(1-1j),(1-1j),(1-1j),(1-1j),(-1+1j),(1+1j),(-1+1j),(1+1j),(-1-1j),(-1-1j),(-1+1j),(-1-1j),(-1-1j),(1+1j),(1-1j),(1+1j),(1+1j),(-1+1j),(1-1j),(-1-1j),(1+1j),(-1-1j),(1+1j),(1+1j),(-1+1j),(-1+1j),(1+1j),(-1+1j),(-1+1j),(-1-1j),(1+1j),(1-1j),(-1-1j),(-1-1j),(1+1j),(1+1j),(1+1j),(1-1j),(-1+1j),(-1-1j),(1+1j),(1-1j),(1-1j),(1-1j),(-1+1j),(-1+1j),(1+1j),(-1+1j),(1-1j),(1-1j),(1+1j),(-1-1j),(1-1j),(1-1j),(-1-1j),(1+1j),(-1-1j),(-1-1j),(1-1j),(1+1j),(1+1j),(1-1j),(1+1j),(1+1j),(1+1j),(1+1j),(-1+1j),(-1+1j),(1+1j),(-1+1j),(-1+1j),(1+1j),(-1-1j),(1-1j),(-1-1j),(1+1j),(1+1j),(1+1j),(1+1j),(1-1j),(1+1j),(-1+1j),(1-1j),(1-1j),(1-1j),(-1+1j),(-1+1j),(1+1j),(-1-1j),(-1-1j),(1+1j),(1+1j),(1+1j),(-1+1j),(1+1j),(1-1j),(1+1j),(1+1j),(1+1j),(1+1j),(1-1j),(-1-1j),(-1-1j),(-1-1j),(1-1j),(1-1j),(1-1j),(1-1j),(1+1j),(1+1j),(1+1j),(1+1j),(1+1j),(-1-1j),(1+1j),(1+1j),(1+1j),(1+1j),(1+1j),(1+1j),(1+1j),(1-1j),(1+1j),(1-1j),(1-1j),(1-1j),(1-1j),(1+1j),(1+1j),(1-1j),(1-1j),(1+1j),(-1-1j),(-1-1j),(-1+1j),(1-1j),(1+1j),(-1-1j),(-1-1j),(1-1j),(1+1j),(1-1j),(-1+1j),(1+1j),(1+1j),(1-1j),(-1+1j),(-1-1j),(1-1j),(-1+1j),(-1+1j),(-1-1j),(1-1j),(-1+1j),(1-1j),(-1+1j),(-1+1j),(1+1j),(1-1j),(-1+1j),(1+1j),(-1+1j),(1+1j),(1+1j),(-1-1j),(1-1j),(-1+1j),(1+1j),(1-1j),(-1-1j),(-1-1j),(-1+1j),(1+1j),(1-1j),(1-1j),(1-1j),(1-1j),(1-1j),(-1+1j),(1+1j),(-1+1j),(1-1j),(-1+1j),(-1-1j),(-1-1j),(1-1j),(1+1j),(-1+1j),(-1-1j),(1+1j),(-1-1j),(-1-1j),(-1+1j),(1-1j),(-1-1j),(-1+1j),(-1-1j),(1+1j),(-1-1j),(-1+1j),(1+1j),(-1+1j),(1-1j),(-1+1j),(-1-1j),(1+1j),(1+1j),(1-1j),(-1+1j),(-1+1j),(1+1j),(1-1j),(-1-1j),(1+1j),(-1+1j),(-1+1j),(1-1j),(-1+1j),(1+1j),(-1+1j),(-1+1j),(-1+1j),(1-1j),(-1+1j),(1+1j),(-1+1j),(-1-1j),(1-1j),(-1-1j),(1-1j),(1+1j),(-1-1j),(-1+1j),(-1+1j),(1-1j),(1-1j),(-1+1j),(1-1j),(-1+1j),(1-1j),(1+1j),(1-1j),(1+1j),(1+1j),(-1+1j),(1-1j),(-1+1j),(-1+1j),(1+1j),(-1+1j),(1-1j),(-1+1j),(1+1j),(1-1j),(-1+1j),(1+1j),(-1+1j),(1-1j),(1-1j),(1+1j),(-1+1j),(1-1j),(1-1j),(-1+1j),(1+1j),(1-1j),(-1-1j),(1-1j),(1-1j),(1-1j),(-1-1j),(-1-1j),(1+1j),(1-1j),(1-1j),(-1-1j),(-1+1j),(1+1j),(1-1j),(1-1j),(1-1j),(1-1j),(1-1j),(-1-1j),(1-1j),(1-1j),(-1-1j),(1-1j),(-1+1j),(1-1j),(1+1j),(-1+1j),(1+1j),(-1+1j),(1+1j),(1-1j),(1-1j),(1+1j),(-1-1j),(1+1j),(1+1j),(-1+1j),(1+1j),(1+1j),(1+1j),(-1+1j),(-1+1j),(-1-1j),(1+1j),(-1-1j),(1-1j),(1+1j),(1-1j),(1+1j),(1+1j),(1+1j),(1-1j),(1-1j),(-1-1j),(1+1j),(1-1j),(1-1j),(-1-1j),(1-1j),(1-1j),(1-1j),(-1-1j),(1+1j),(1-1j),(-1-1j),(1+1j),(1-1j),(1+1j),(1-1j),(1+1j),(1+1j),(1+1j),(-1+1j),(1+1j),(1+1j),(1+1j),(1-1j),(1-1j),(1+1j),(1+1j),(1+1j),(1-1j),(-1-1j),(1+1j),(1+1j),(1+1j),(1+1j),(1+1j),(-1-1j),(1-1j),(1-1j),(-1-1j),(1-1j),(-1+1j),(1+1j),(1+1j),(-1+1j),(1-1j),(1+1j),(1+1j),(1+1j),(1+1j),(1+1j),(-1-1j),(1-1j),(1-1j),(-1-1j),(1+1j),(1+1j),(1-1j),(1+1j),(1+1j),(-1+1j),(1-1j),(1-1j),(1-1j),(1-1j),(-1-1j),(1+1j),(1+1j),(-1-1j),(1-1j),(1-1j),(-1+1j),(1-1j),(1+1j),(-1+1j),(1+1j),(1+1j),(1+1j),(1-1j),(1-1j),(1-1j),(1-1j),(1+1j),(1-1j),(1-1j),(1-1j),(1-1j),(-1-1j),(-1+1j),(1-1j),(1+1j),(-1+1j),(1+1j),(1-1j),(1-1j),(1-1j),(1-1j),(-1+1j),(-1+1j),(1+1j),(1-1j),(-1+1j),(-1+1j),(1+1j),(1+1j),(1-1j),(-1-1j),(-1+1j),(-1+1j),(-1-1j),(1-1j),(1-1j),(1-1j),(-1-1j),(-1+1j),(1+1j),(1+1j),(1+1j),(1+1j),(1-1j),(1-1j),(1-1j),(-1-1j),(-1+1j),(1+1j),(1-1j),(1-1j),(1-1j),(1-1j),(1+1j),(1+1j),(1+1j),(1-1j),(1-1j),(1-1j),(-1-1j),(1+1j),(-1+1j),(1+1j),(1+1j),(1+1j),(1-1j),(1-1j),(-1+1j),(1+1j),(1+1j),(1+1j),(1-1j),(-1-1j),(-1+1j),(1+1j),(1+1j),(1+1j),(1-1j),(1-1j),(1-1j),(1-1j),(-1-1j),(1+1j),(1-1j),(1-1j),(1+1j),(-1+1j),(-1+1j),(-1-1j),(1+1j),(1+1j),(1+1j),(1-1j),(-1-1j),(1+1j),(1-1j),(1-1j),(1-1j),(-1+1j),(1+1j),(1+1j),(1+1j),(1-1j),(1+1j),(1+1j),(1+1j),(1+1j),(1+1j),(-1-1j),(1-1j),(1-1j),(-1-1j),(1-1j),(-1+1j),(1+1j),(1+1j),(-1+1j),(1-1j),(1+1j),(-1+1j),(1+1j),(1+1j),(1+1j),(-1-1j),(1-1j),(1-1j),(1-1j),(-1+1j),(1+1j),(1-1j),(1+1j),(1+1j),(-1+1j),(1-1j),(1-1j),(1-1j),(1-1j),(1+1j),(-1-1j),(1+1j),(1-1j),(1+1j),(1-1j),(-1+1j),(1-1j),(1+1j),(1+1j),(1-1j),(1-1j),(1-1j),(1-1j),(1-1j),(1-1j),(1+1j),(1-1j),(1-1j),(1-1j),(1-1j),(-1-1j),(-1-1j),(1-1j),(-1-1j),(-1-1j),(1-1j),(1-1j),(1-1j),(1-1j),(1-1j),(-1+1j),(-1-1j),(1-1j),(1+1j),(-1+1j),(-1-1j),(1+1j),(-1-1j),(-1-1j),(1-1j),(-1+1j),(1+1j),(1-1j),(1-1j),(1-1j),(-1-1j),(1+1j),(1+1j),(1+1j),(1+1j),(-1+1j),(1-1j),(1-1j),(1+1j),(1+1j),(1+1j),(1+1j),(1+1j),(-1-1j),(1-1j),(1+1j),(1-1j),(-1-1j),(1+1j),(1-1j),(1+1j),(1+1j),(1+1j),(1+1j),(1-1j),(-1-1j),(1+1j),(1-1j),(1-1j),(1-1j),(-1+1j),(1-1j),(1+1j),(-1-1j),(1-1j),(-1-1j),(1+1j),(-1+1j),(1+1j),(1+1j),(1-1j),(1-1j),(1-1j),(-1+1j),(1-1j),(1-1j),(1+1j),(1+1j),(-1-1j),(1+1j),(1+1j),(1+1j),(-1-1j),(-1+1j),(1-1j),(-1-1j),(-1+1j),(-1+1j),(1-1j),(1+1j),(1-1j),(1+1j),(-1-1j),(1+1j),(1-1j),(1-1j),(1-1j),(1+1j),(1-1j),(1+1j),(1-1j),(1-1j),(-1-1j),(-1-1j),(-1+1j),(1+1j),(-1-1j),(1-1j),(1-1j),(-1-1j),(-1+1j),(1-1j),(1-1j),(1+1j),(1+1j),(-1-1j),(1+1j),(1+1j),(1+1j),(1+1j),(1-1j),(-1+1j),(1-1j),(-1+1j),(1+1j),(1-1j),(-1-1j),(1-1j),(1+1j),(-1-1j),(1+1j),(1+1j),(1+1j),(1-1j),(-1+1j),(-1+1j),(1-1j),(-1-1j),(1+1j),(1+1j),(1-1j),(1-1j),(1-1j),(-1-1j),(1-1j),(1+1j),(-1+1j),(1+1j),(1-1j),(1-1j),(-1+1j),(1+1j),(1-1j),(1-1j),(1-1j),(1-1j),(1-1j),(-1+1j),(1-1j),(1-1j),complex_number
