8_14710864_14719734,(1+1j),(1+1j),(-1-1j),(1-1j),(-1-1j),(1+1j),(-1+1j),(-1-1j),(1-1j),(-1-1j),(-1-1j),(1-1j),(-1-1j),(-1+1j),(-1+1j),(1+1j),(1+1j),(-1+1j),(-1+1j),(1+1j),(-1+1j),(1+1j),(1+1j),(-1-1j),(1+1j),(1-1j),(-1-1j),(-1+1j),(1+1j),(-1-1j),(1-1j),(1-1j),(-1-1j),(-1-1j),(1-1j),(-1-1j),(-1-1j),(1+1j),(-1+1j),(-1-1j),(1+1j),(-1+1j),(-1+1j),(1-1j),(-1-1j),(1+1j),(1+1j),(-1-1j),(1+1j),(1+1j),(-1-1j),(-1-1j),(1+1j),(1-1j),(-1-1j),(-1-1j),(1+1j),(-1+1j),(1-1j),(1-1j),(1+1j),(1+1j),(-1+1j),(-1+1j),(1+1j),(-1-1j),(1-1j),(-1-1j),(-1-1j),(1+1j),(1-1j),(-1-1j),(-1+1j),(1-1j),(-1+1j),(-1-1j),(-1+1j),(-1+1j),(1+1j),(1+1j),(-1-1j),(-1+1j),(1+1j),(1+1j),(-1-1j),(1-1j),(-1-1j),(1-1j),(-1+1j),(1+1j),(1-1j),(-1+1j),(1-1j),(1+1j),(-1-1j),(-1+1j),(1+1j),(1+1j),(1+1j),(-1+1j),(1+1j),(-1+1j),(1-1j),(1+1j),(-1+1j),(-1+1j),(1+1j),(-1-1j),(1-1j),(-1-1j),(1-1j),(1-1j),(-1-1j),(1+1j),(1+1j),(1-1j),(1-1j),(-1+1j),(-1+1j),(1+1j),(-1-1j),(1-1j),(-1+1j),(1+1j),(1+1j),(-1-1j),(-1+1j),(-1+1j),(-1+1j),(-1+1j),(-1-1j),(-1-1j),(1-1j),(1-1j),(1-1j),(1+1j),(1-1j),(-1-1j),(-1+1j),(1+1j),(1-1j),(1+1j),(1+1j),(-1+1j),(-1+1j),(1-1j),(1+1j),(1-1j),(1-1j),(-1+1j),(1-1j),(1+1j),(1-1j),(1+1j),(1-1j),(-1-1j),(-1+1j),(1-1j),(1+1j),(1-1j),(1-1j),(1-1j),(1-1j),(1+1j),(-1+1j),(1-1j),(-1-1j),(-1+1j),(1+1j),(-1+1j),(1-1j),(1-1j),(1+1j),(1+1j),(1-1j),(-1-1j),(1-1j),(1-1j),(1-1j),(-1-1j),(1-1j),(1+1j),(-1-1j),(-1-1j),(-1+1j),(1-1j),(1-1j),(-1-1j),(1-1j),(1+1j),(-1+1j),(1-1j),(-1-1j),(1-1j),(-1-1j),(-1+1j),(1+1j),(-1+1j),(1-1j),(1-1j),(1+1j),(1+1j),(-1-1j),(1-1j),(-1-1j),(1-1j),(1+1j),(-1-1j),(-1-1j),(1+1j),(-1-1j),(1-1j),(1-1j),(-1-1j),(1+1j),(-1+1j),(1-1j),(-1-1j),(-1-1j),(1+1j),(1+1j),(-1+1j),(-1+1j),(1-1j),(1-1j),(1+1j),(-1-1j),(1-1j),(1-1j),(-1-1j),(-1+1j),(1+1j),(1-1j),(-1-1j),(1+1j),(1+1j),(-1+1j),(1-1j),(-1+1j),(1+1j),(-1-1j),(-1-1j),(1+1j),(1-1j),(1-1j),(-1+1j),(-1+1j),(1-1j),(1-1j),(1-1j),(1-1j),(-1-1j),(1+1j),(-1-1j),(1+1j),(1-1j),(-1-1j),(-1-1j),(1+1j),(1-1j),(1+1j),(-1+1j),(1-1j),(1+1j),(-1-1j),(1-1j),(1+1j),(1-1j),(-1-1j),(-1+1j),(1-1j),(1+1j),(-1-1j),(-1-1j),(1-1j),(-1+1j),(-1-1j),(1+1j),(-1-1j),(1-1j),(1+1j),(-1-1j),(-1+1j),(1-1j),(-1-1j),(-1+1j),(1-1j),(1-1j),(1-1j),(1+1j),(-1+1j),(1-1j),(1+1j),(1+1j),(1-1j),(1-1j),(1+1j),(-1-1j),(-1-1j),(-1-1j),(1+1j),(1-1j),(-1+1j),(1-1j),(-1+1j),(-1-1j),(-1-1j),(1-1j),(1+1j),(-1-1j),(1+1j),(1+1j),(-1-1j),(1-1j),(1-1j),(-1-1j),(1+1j),(-1-1j),(1-1j),(-1-1j),(1+1j),(1-1j),(1-1j),(1-1j),(1-1j),(1-1j),(1-1j),(1+1j),(-1-1j),(-1+1j),(1+1j),(-1+1j),(1-1j),(-1+1j),(-1-1j),(-1+1j),(-1-1j),(-1+1j),(-1-1j),(1+1j),(-1-1j),(-1-1j),(1-1j),(-1+1j),(1+1j),(-1-1j),(-1-1j),(1+1j),(1+1j),(1-1j),(1-1j),(-1-1j),(-1+1j),(1-1j),(1-1j),(-1-1j),(1-1j),(1+1j),(1-1j),(-1+1j),(-1+1j),(1+1j),(1-1j),(1-1j),(1-1j),(-1-1j),(1-1j),(1+1j),(1-1j),(1+1j),(1-1j),(-1+1j),(-1-1j),(1-1j),(1+1j),(1+1j),(1-1j),(-1-1j),(1+1j),(1-1j),(-1-1j),(1+1j),(1-1j),(-1-1j),(-1-1j),(-1-1j),(-1-1j),(1+1j),(-1+1j),(-1-1j),(-1-1j),(1-1j),(1-1j),(-1-1j),(1+1j),(1-1j),(-1-1j),(1-1j),(-1-1j),(1-1j),(-1-1j),(1-1j),(-1-1j),(-1-1j),(-1-1j),(-1-1j),(1+1j),(-1+1j),(-1-1j),(-1-1j),(1+1j),(-1-1j),(1-1j),(-1-1j),(-1+1j),(-1+1j),(1-1j),(-1+1j),(-1-1j),(-1+1j),(-1+1j),(1+1j),(-1+1j),(-1-1j),(1-1j),(-1+1j),(-1-1j),(1-1j),(-1-1j),(1-1j),(-1-1j),(1-1j),(1-1j),(1-1j),(1+1j),(1+1j),(-1-1j),(1-1j),(1-1j),(1-1j),(1+1j),(-1+1j),(-1+1j),(1-1j),(1-1j),(-1-1j),(-1+1j),(1+1j),(1+1j),(-1-1j),(-1-1j),(1-1j),(1-1j),(1-1j),(1+1j),(1+1j),(1+1j),(1+1j),(1+1j),(-1+1j),(1-1j),(-1+1j),(1+1j),(1+1j),(1-1j),(1-1j),(-1+1j),(-1-1j),(1+1j),(1+1j),(1-1j),(-1+1j),(-1-1j),(1-1j),(-1+1j),(1-1j),(-1-1j),(-1+1j),(1-1j),(1-1j),(-1+1j),(1-1j),(-1+1j),(-1-1j),(-1+1j),(1+1j),(-1-1j),(-1+1j),(1-1j),(1+1j),(1+1j),(1-1j),(-1-1j),(1+1j),(-1-1j),(1+1j),(-1+1j),(1-1j),(-1-1j),(-1+1j),(1-1j),(1-1j),(-1-1j),(1+1j),(1-1j),(-1+1j),(-1+1j),(1+1j),(1-1j),(-1-1j),(-1+1j),(1-1j),(-1-1j),(-1+1j),(1-1j),(1+1j),(-1+1j),(1+1j),(1-1j),(1-1j),(-1-1j),(1+1j),(-1-1j),(1-1j),(1+1j),(1+1j),(1-1j),(1+1j),(1+1j),(-1-1j),(1-1j),(-1-1j),(-1-1j),(1+1j),(1+1j),(1+1j),(1-1j),(-1-1j),(1+1j),(-1-1j),(1-1j),(-1-1j),(1+1j),(-1+1j),(1-1j),(-1-1j),(-1-1j),(-1+1j),(1+1j),(1+1j),(1+1j),(1+1j),(-1-1j),(1+1j),(1-1j),(-1-1j),(1-1j),(1-1j),(-1-1j),(1+1j),(1-1j),(1-1j),(-1-1j),(1+1j),(1-1j),(1+1j),(1+1j),(1+1j),(1+1j),(1-1j),(-1-1j),(1-1j),(1-1j),(1-1j),(-1-1j),(1+1j),(1-1j),(1+1j),(-1+1j),(-1+1j),(1+1j),(1-1j),(-1-1j),(1-1j),(1+1j),(1-1j),(-1-1j),(1+1j),(-1+1j),(1-1j),(1+1j),(-1-1j),(-1+1j),(1-1j),(1+1j),(-1-1j),(-1-1j),(1-1j),(1+1j),(-1+1j),(1+1j),(-1+1j),(1+1j),(1-1j),(-1+1j),(1-1j),(1+1j),(-1-1j),(1-1j),(1+1j),(1+1j),(1+1j),(1+1j),(-1-1j),(-1-1j),(1+1j),(1-1j),(-1+1j),(1+1j),(1-1j),(1+1j),(-1+1j),(1-1j),(1+1j),(1+1j),(1+1j),(1+1j),(-1+1j),(1-1j),(1-1j),(-1-1j),(1+1j),(1+1j),(1+1j),(1+1j),(-1-1j),(-1+1j),(1-1j),(1+1j),(1+1j),(1+1j),(1+1j),(-1+1j),(1-1j),(1-1j),(-1-1j),(1+1j),(1-1j),(1-1j),(1-1j),(1-1j),(1+1j),(-1-1j),(1+1j),(-1+1j),(1-1j),(-1+1j),(1+1j),(-1-1j),(-1+1j),(1-1j),(1+1j),(-1-1j),(1-1j),(-1-1j),(-1+1j),(1-1j),(1-1j),(1-1j),(1-1j),(-1-1j),(-1-1j),(-1+1j),(1+1j),(1+1j),(1+1j),(-1+1j),(-1+1j),(1+1j),(1+1j),(1+1j),(-1+1j),(-1+1j),(-1+1j),(-1+1j),(1-1j),(-1+1j),(1+1j),(-1-1j),(-1+1j),(-1+1j),(1+1j),(1+1j),(1+1j),(-1+1j),(1+1j),(-1-1j),(-1+1j),(1-1j),(-1-1j),(-1+1j),(1+1j),(1-1j),(-1-1j),(1-1j),(-1+1j),(1-1j),(1+1j),(-1-1j),(1+1j),(-1-1j),(-1-1j),(1-1j),(1+1j),(-1-1j),(1+1j),(-1-1j),(-1-1j),(1+1j),(-1-1j),(1-1j),(1+1j),(-1-1j),(1+1j),(-1+1j),(1-1j),(1-1j),(-1-1j),(1-1j),(-1+1j),(-1-1j),(-1-1j),(-1+1j),(-1-1j),(1-1j),(1-1j),(1-1j),(-1+1j),(-1-1j),(1+1j),(1+1j),(-1+1j),(-1+1j),(-1+1j),(-1-1j),(-1-1j),(-1-1j),(-1-1j),(-1-1j),(-1-1j),(1-1j),(-1+1j),(-1+1j),(-1+1j),(1-1j),(-1-1j),(-1-1j),(1+1j),(-1+1j),(-1+1j),(-1-1j),(1+1j),(-1+1j),(-1-1j),(1+1j),(-1-1j),(1-1j),(1+1j),(1+1j),(1+1j),(1-1j),(1-1j),(-1-1j),(1-1j),(-1+1j),(-1-1j),(-1+1j),(-1+1j),(-1-1j),(-1+1j),(-1-1j),(1-1j),(-1-1j),(-1+1j),(-1+1j),(-1+1j),(-1+1j),(1+1j),(-1-1j),(-1+1j),(-1+1j),(-1+1j),(1+1j),(-1-1j),(1+1j),(1-1j),(-1-1j),(-1-1j),(-1-1j),(1-1j),(-1+1j),(-1-1j),(-1-1j),(-1+1j),(-1-1j),(-1+1j),(-1-1j),(1+1j),(-1-1j),(1+1j),(-1+1j),(-1-1j),(-1-1j),(1+1j),(-1-1j),(-1+1j),(1+1j),(-1+1j),(-1-1j),(1+1j),(1+1j),(-1-1j),(1+1j),(-1-1j),(-1-1j),(-1-1j),(-1-1j),(1+1j),(1+1j),(-1-1j),(1+1j),(1+1j),(-1-1j),(-1+1j),(1-1j),(-1-1j),(-1-1j),(1+1j),(-1-1j),(-1-1j),(-1-1j),(1+1j),(-1-1j),(1+1j),(-1+1j),(1+1j),(-1-1j),(-1-1j),(-1+1j),(-1-1j),(1-1j),(-1-1j),(1+1j),(-1-1j),(1+1j),(-1-1j),(-1-1j),(1-1j),(-1-1j),(1+1j),(1+1j),(1+1j),(-1+1j),(-1+1j),(-1+1j),(-1-1j),(-1+1j),(-1-1j),(-1-1j),(-1+1j),(-1+1j),(1-1j),(1-1j),(-1+1j),(-1-1j),(1-1j),(-1-1j),(1-1j),(1-1j),(1-1j),(-1-1j),(-1+1j),(-1+1j),(-1+1j),(-1+1j),(-1-1j),(-1+1j),(-1-1j),(-1+1j),(-1+1j),(-1+1j),(1+1j),(-1-1j),(-1-1j),(1-1j),(-1+1j),(-1-1j),(-1-1j),(-1-1j),(1-1j),(-1-1j),(-1+1j),(-1-1j),(-1+1j),(1-1j),(1-1j),(-1-1j),(-1+1j),(1+1j),(-1-1j),(1-1j),(1+1j),(-1-1j),(-1-1j),(-1-1j),(-1-1j),(-1-1j),(1-1j),(1-1j),(1+1j),(-1+1j),(1+1j),(1+1j),(-1-1j),(-1+1j),(-1-1j),(1-1j),(-1+1j),(-1+1j),(1+1j),(-1+1j),(-1-1j),(-1+1j),(-1-1j),(-1-1j),(-1-1j),(1+1j),(-1-1j),(-1-1j),(-1-1j),(1+1j),(-1-1j),(-1+1j),(-1-1j),(1+1j),(-1-1j),(-1+1j),(1+1j),(-1-1j),(-1+1j),(-1+1j),(1-1j),(1-1j),(1+1j),(-1+1j),(-1-1j),(-1+1j),(-1-1j),(1+1j),(-1-1j),(-1+1j),(-1-1j),(1-1j),(-1+1j),(-1-1j),(1-1j),(-1+1j),(-1+1j),(-1+1j),(-1-1j),(1-1j),(-1+1j),(-1+1j),(1-1j),(1-1j),(-1+1j),(-1+1j),(-1+1j),(-1+1j),(-1-1j),(-1+1j),(-1-1j),(-1+1j),(-1-1j),(-1-1j),(-1+1j),(-1+1j),(1+1j),(1+1j),(-1+1j),(-1+1j),(1-1j),(1-1j),(-1+1j),(1-1j),(-1+1j),(1-1j),(1+1j),(1+1j),(-1-1j),(1+1j),(-1-1j),(-1-1j),(-1-1j),(-1+1j),(-1+1j),(-1+1j),(1-1j),(1+1j),(-1-1j),(1+1j),(-1+1j),(-1+1j),(1-1j),(1-1j),(-1+1j),(-1+1j),(1-1j),(1-1j),(1-1j),(1-1j),(1+1j),(1-1j),(1+1j),(-1-1j),(-1-1j),(-1+1j),(-1-1j),(1-1j),(1+1j),(1+1j),(-1-1j),(-1-1j),(1+1j),(1+1j),(1+1j),(-1-1j),(-1-1j),(1+1j),(1-1j),(-1+1j),(-1+1j),(1+1j),(-1-1j),(-1-1j),(1-1j),(-1-1j),(1-1j),(1+1j),(-1+1j),(1+1j),(1+1j),(1-1j),(-1-1j),(-1-1j),(-1-1j),(-1-1j),(-1-1j),(-1-1j),(1-1j),(-1-1j),(1-1j),(1+1j),(-1-1j),(1-1j),(1+1j),(-1-1j),(1-1j),(-1-1j),(1-1j),(-1-1j),(-1+1j),(1-1j),(1+1j),(1+1j),(-1+1j),(-1-1j),(1-1j),(-1-1j),(1-1j),(-1+1j),(1-1j),(1+1j),(-1-1j),(-1+1j),(-1-1j),(-1-1j),(1+1j),(-1-1j),(-1-1j),(1+1j),(-1-1j),(1+1j),(-1-1j),(-1+1j),(1-1j),(1+1j),(-1-1j),(1-1j),(-1-1j),(-1+1j),(-1+1j),(-1+1j),(1-1j),(1+1j),(1+1j),(-1-1j),(1-1j),(1+1j),(-1+1j),(1+1j),(1-1j),(-1-1j),(-1+1j),(-1+1j),(1+1j),(1-1j),(-1+1j),(-1-1j),(1-1j),(-1-1j),(-1-1j),(-1+1j),(1+1j),(-1-1j),(-1+1j),(-1+1j),(-1-1j),(-1-1j),(1+1j),(-1-1j),(1+1j),(-1-1j),(-1-1j),(1-1j),(1-1j),(1-1j),(1-1j),(-1-1j),(-1-1j),(-1+1j),(1+1j),(-1+1j),(-1+1j),(-1+1j),(-1-1j),(-1-1j),(1-1j),(1-1j),(-1+1j),(-1-1j),(1-1j),(-1-1j),(1-1j),(-1-1j),(-1-1j),(1-1j),(-1-1j),(1-1j),(-1+1j),(-1-1j),(1-1j),(-1-1j),(-1-1j),(-1+1j),(-1+1j),(-1-1j),(1-1j),(-1+1j),(-1-1j),(-1-1j),(1+1j),(-1-1j),(-1-1j),(1+1j),(-1-1j),(-1+1j),(1+1j),(-1+1j),(-1+1j),(-1-1j),(-1-1j),(1+1j),(-1-1j),(-1+1j),(-1+1j),(1-1j),(-1-1j),(-1-1j),(-1+1j),(-1-1j),(-1-1j),(1+1j),(1+1j),(-1-1j),(-1-1j),(1+1j),(-1+1j),(1+1j),(-1-1j),(-1+1j),(1-1j),(-1-1j),(1-1j),(-1+1j),(-1-1j),(-1-1j),(-1-1j),(-1-1j),(-1+1j),(1-1j),(-1-1j),(1-1j),(-1+1j),(-1-1j),(-1-1j),(-1-1j),(1-1j),(-1+1j),(-1+1j),(1-1j),(1-1j),(-1-1j),(-1+1j),(1-1j),(-1-1j),(1+1j),(-1+1j),(-1-1j),(1-1j),(-1+1j),(-1+1j),(1-1j),(-1+1j),(1-1j),(1-1j),(-1-1j),(-1+1j),(1-1j),(1-1j),(-1+1j),(-1+1j),(-1-1j),(1-1j),(1+1j),(1+1j),(-1-1j),(-1-1j),(-1-1j),(-1-1j),(-1-1j),(-1+1j),(1-1j),(-1-1j),(1+1j),(-1-1j),(1+1j),(-1-1j),(-1+1j),(1-1j),(-1-1j),(-1+1j),(-1+1j),(-1-1j),(1-1j),(-1+1j),(-1-1j),(1-1j),(-1+1j),(1+1j),(1-1j),(-1-1j),(-1-1j),(1+1j),(-1-1j),(-1+1j),(1+1j),(1-1j),(-1-1j),(-1+1j),(-1-1j),(-1-1j),(-1-1j),(-1-1j),(-1+1j),(-1-1j),(-1+1j),(-1+1j),(1+1j),(1-1j),(-1+1j),(1+1j),(1-1j),(1-1j),(1+1j),(-1+1j),(1-1j),(1-1j),(-1-1j),(1-1j),(1-1j),(1-1j),(-1-1j),(-1-1j),(-1+1j),(-1-1j),(-1-1j),(1+1j),(-1-1j),(-1+1j),(-1-1j),(1+1j),(-1-1j),(-1+1j),(-1+1j),(1+1j),(-1-1j),(1+1j),(1-1j),(-1-1j),(-1-1j),(-1-1j),(1+1j),(-1+1j),(-1-1j),(-1+1j),(-1+1j),(-1-1j),(-1-1j),(1-1j),(-1+1j),(1-1j),(1-1j),(-1-1j),(1-1j),(1-1j),(-1+1j),(-1+1j),(-1+1j),(-1+1j),(-1-1j),(1-1j),(1+1j),(-1-1j),(-1+1j),(-1+1j),(1-1j),(-1-1j),(1+1j),(-1-1j),(1-1j),(-1+1j),(1+1j),(-1-1j),(-1+1j),(1-1j),(1-1j),(-1-1j),(-1-1j),(-1-1j),(-1-1j),(1-1j),(1+1j),(-1-1j),(-1-1j),(-1-1j),(1-1j),(1+1j),(1+1j),(1-1j),(-1-1j),(1+1j),(1-1j),(-1-1j),(-1-1j),(-1+1j),(-1-1j),(-1+1j),(-1+1j),(1-1j),(-1+1j),(-1+1j),(1-1j),(-1-1j),(1-1j),(-1-1j),(1+1j),(-1+1j),(-1-1j),(1-1j),(-1-1j),(-1-1j),(1-1j),(-1+1j),(-1-1j),(-1-1j),(1-1j),(-1+1j),(-1+1j),(-1-1j),(1+1j),(-1-1j),(-1+1j),(-1+1j),(-1+1j),(1-1j),(-1-1j),(-1-1j),(-1-1j),(1-1j),(1-1j),(-1-1j),(-1-1j),(-1-1j),(-1+1j),(-1-1j),(1+1j),(-1-1j),(-1-1j),(1-1j),(-1-1j),(-1-1j),(1+1j),(-1-1j),(-1-1j),(-1+1j),(1-1j),(-1+1j),(-1+1j),(1-1j),(-1+1j),(-1+1j),(-1-1j),(1+1j),(-1-1j),(-1-1j),(1-1j),(-1+1j),(-1-1j),(1+1j),(-1-1j),(-1-1j),(1-1j),(-1+1j),(-1-1j),(1+1j),(-1-1j),(1-1j),(-1+1j),(-1+1j),(-1-1j),(1+1j),(-1-1j),(-1+1j),(-1+1j),(-1+1j),(1-1j),(1-1j),(-1-1j),(-1-1j),(-1-1j),(1-1j),(-1+1j),(-1-1j),(1+1j),(-1-1j),(-1+1j),(1+1j),(1+1j),(-1-1j),(-1-1j),(-1+1j),(1+1j),(-1-1j),(1+1j),(-1-1j),(1+1j),(-1+1j),(-1+1j),(-1-1j),(1-1j),(-1+1j),(-1-1j),(-1-1j),(-1+1j),(1-1j),(-1-1j),(1+1j),(-1-1j),(-1-1j),(-1+1j),(-1+1j),(1+1j),(-1-1j),(-1-1j),(-1-1j),(-1+1j),(1-1j),(1+1j),(1+1j),(-1-1j),(1-1j),(-1+1j),(-1+1j),(-1-1j),(1+1j),(-1-1j),(-1+1j),(-1+1j),(-1+1j),(1-1j),(-1-1j),(-1-1j),(-1-1j),(-1-1j),(1-1j),(1-1j),(-1-1j),(-1-1j),(-1-1j),(-1+1j),(-1-1j),(1+1j),(1+1j),(-1-1j),(-1+1j),(-1-1j),(-1-1j),(1+1j),(-1-1j),(1-1j),(1-1j),(-1+1j),(-1-1j),(1-1j),(-1+1j),(-1-1j),(1-1j),(-1+1j),(1-1j),(1-1j),(-1+1j),(-1+1j),(-1-1j),(-1-1j),(-1-1j),(-1-1j),(-1+1j),(1-1j),(-1-1j),(1+1j),(-1-1j),(-1+1j),(-1+1j),(-1+1j),(-1-1j),(1+1j),(-1-1j),(1-1j),(-1+1j),(-1+1j),(-1-1j),(1+1j),(-1-1j),(-1+1j),(-1+1j),(-1+1j),(1-1j),(-1-1j),(-1-1j),(-1-1j),(-1-1j),(1-1j),(1-1j),(-1-1j),(-1-1j),(-1-1j),(1-1j),(-1-1j),(1+1j),(1+1j),(-1-1j),(-1+1j),(-1-1j),(-1-1j),(-1-1j),(-1-1j),(1-1j),(1-1j),(-1+1j),(-1-1j),(1-1j),(-1+1j),(-1-1j),(1-1j),(-1+1j),(1-1j),(1-1j),(-1+1j),(-1+1j),(-1-1j),(-1-1j),(-1-1j),(-1-1j),(-1+1j),(1-1j),(-1-1j),(1+1j),(-1-1j),(-1+1j),(-1+1j),(-1+1j),(-1-1j),(1+1j),(-1-1j),(1-1j),(-1+1j),(-1+1j),(-1-1j),(1+1j),(-1-1j),(-1+1j),(-1+1j),(-1+1j),(1-1j),(1+1j),(-1-1j),(-1-1j),(-1-1j),(1-1j),(-1+1j),(-1-1j),(-1-1j),(-1-1j),(-1+1j),(-1-1j),(1+1j),(1-1j),(-1-1j),(-1+1j),(-1-1j),(-1-1j),(1+1j),(-1-1j),(1-1j),(1-1j),(-1+1j),(-1-1j),(1-1j),(-1+1j),(-1-1j),(1-1j),(-1+1j),(1-1j),(1-1j),(-1+1j),(-1+1j),(-1-1j),(-1-1j),(-1-1j),(-1-1j),(1+1j),(1-1j),(-1-1j),(1+1j),(-1-1j),(-1+1j),(-1+1j),(-1+1j),(-1-1j),(1+1j),(-1-1j),(1-1j),(-1+1j),(-1+1j),(-1-1j),(1+1j),(-1-1j),(-1+1j),(-1+1j),(-1+1j),(1-1j),(-1-1j),(-1-1j),(-1-1j),(-1-1j),(1-1j),(-1+1j),(-1-1j),(-1-1j),(-1-1j),(-1+1j),(-1-1j),(1+1j),(1+1j),(-1-1j),(-1+1j),(-1+1j),(-1-1j),(1+1j),(-1-1j),(1-1j),(1-1j),(-1+1j),(-1-1j),(1-1j),(-1+1j),(-1-1j),(1-1j),(-1+1j),(1-1j),(1-1j),(-1+1j),(-1+1j),(1+1j),(-1-1j),(-1-1j),(-1-1j),(-1+1j),(1-1j),(-1-1j),(1+1j),(-1-1j),(-1+1j),(-1+1j),(-1+1j),(-1-1j),(1+1j),(-1-1j),(1-1j),(-1+1j),(-1+1j),(-1-1j),(1+1j),(-1-1j),(-1+1j),(-1+1j),(-1+1j),(1-1j),(-1-1j),(-1-1j),(-1-1j),(-1-1j),(1-1j),(-1+1j),(-1-1j),(-1-1j),(-1-1j),(-1+1j),(-1-1j),(1+1j),(1+1j),(-1-1j),(-1+1j),(-1-1j),(-1-1j),(1+1j),(-1-1j),(1-1j),(1-1j),(-1+1j),(-1-1j),(1-1j),(-1+1j),(-1-1j),(1-1j),(-1+1j),(1-1j),(1-1j),(-1+1j),(-1+1j),(-1-1j),(-1-1j),(-1-1j),(-1-1j),(-1+1j),(1-1j),(-1-1j),(1+1j),(-1-1j),(-1+1j),(-1+1j),(-1+1j),(-1-1j),(1+1j),(-1-1j),(1-1j),(-1+1j),(-1+1j),(-1-1j),(1+1j),(-1-1j),(-1+1j),(-1+1j),(-1+1j),(1-1j),(-1-1j),(-1-1j),(-1-1j),(-1-1j),(1-1j),(-1+1j),(1+1j),(-1-1j),(-1-1j),(-1+1j),(-1-1j),(1+1j),(1+1j),(-1-1j),(-1+1j),(-1-1j),(-1-1j),(1+1j),(-1-1j),(1-1j),(1-1j),(-1+1j),(-1-1j),(1-1j),(-1+1j),(-1-1j),(1-1j),(-1+1j),(1-1j),(1-1j),(1-1j),(-1+1j),(1+1j),(-1-1j),(-1-1j),(-1-1j),(-1+1j),(1-1j),(-1-1j),(1+1j),(1+1j),(-1+1j),(-1+1j),(-1+1j),(-1-1j),(1+1j),(-1-1j),(1-1j),(-1+1j),(-1+1j),(-1-1j),(1+1j),(-1-1j),(-1+1j),(-1+1j),(-1+1j),(1-1j),(-1-1j),(-1-1j),(-1-1j),(1+1j),(1-1j),(-1+1j),(-1-1j),(-1-1j),(-1-1j),(-1+1j),(-1-1j),(1+1j),(1+1j),(-1-1j),(-1+1j),(-1-1j),(-1-1j),(1+1j),(-1-1j),(1-1j),(1-1j),(1-1j),(-1+1j),(-1+1j),(1-1j),(1+1j),(1-1j),(-1-1j),(-1-1j),(-1+1j),(-1-1j),(-1+1j),(-1+1j),(1-1j),(-1-1j),(1+1j),(-1-1j),(-1-1j),(-1+1j),(-1+1j),(-1-1j),(1-1j),(1+1j),(-1+1j),(1-1j),(1-1j),(-1-1j),(-1-1j),(-1+1j),(1-1j),(-1-1j),(-1+1j),(1-1j),(-1-1j),(1-1j),(-1+1j),(1+1j),(-1-1j),(-1+1j),(-1+1j),(1-1j),(-1+1j),(1+1j),(-1+1j),(1-1j),(-1+1j),(1-1j),(-1-1j),(1-1j),(-1+1j),(-1-1j),(1+1j),(-1-1j),(1-1j),(-1-1j),(-1-1j),(-1+1j),(1+1j),(-1+1j),(1+1j),(-1-1j),(-1+1j),(1+1j),(-1-1j),(1-1j),(-1+1j),(1+1j),(-1-1j),(1+1j),(-1-1j),(-1+1j),(-1-1j),(-1-1j),(-1+1j),(-1-1j),(-1+1j),(1+1j),(-1-1j),(-1-1j),(-1+1j),(-1-1j),(-1-1j),(-1+1j),(-1-1j),(-1+1j),(1-1j),(-1-1j),(1-1j),(-1+1j),(-1+1j),(1-1j),(-1+1j),(1-1j),(1-1j),(-1-1j),(1-1j),(-1+1j),(1+1j),(-1-1j),(-1-1j),(-1+1j),(-1+1j),(-1-1j),(-1-1j),(1-1j),(-1+1j),(1+1j),(-1-1j),(1-1j),(-1-1j),(-1-1j),(1+1j),(-1-1j),(-1+1j),(-1-1j),(1-1j),(-1+1j),(-1-1j),(1+1j),(1+1j),(-1-1j),(1-1j),(-1-1j),(1+1j),(-1+1j),(1-1j),(1+1j),(-1+1j),(-1-1j),(-1-1j),(1-1j),(-1+1j),(1+1j),(-1+1j),(1-1j),(1-1j),(-1+1j),(-1-1j),(-1-1j),(-1+1j),(1-1j),(-1+1j),(1-1j),(-1-1j),(1-1j),(-1+1j),(-1-1j),(1+1j),(-1+1j),(1-1j),(-1-1j),(-1-1j),(1+1j),(-1-1j),(-1-1j),(-1-1j),(-1+1j),(-1-1j),(-1+1j),(-1-1j),(-1+1j),(-1-1j),(1-1j),(-1+1j),(1+1j),(-1-1j),(-1-1j),(1+1j),(1-1j),(1+1j),(1+1j),(1+1j),(-1-1j),(-1-1j),(1-1j),(-1-1j),(1-1j),(-1+1j),(1+1j),(-1-1j),(-1-1j),(-1+1j),(-1+1j),(1+1j),(-1+1j),(-1+1j),(1-1j),(1-1j),(1-1j),(-1-1j),(-1+1j),(1+1j),(1-1j),(1-1j),(1+1j),(1+1j),(1+1j),(1-1j),(-1-1j),(-1+1j),(-1+1j),(-1+1j),(-1+1j),(1-1j),(-1-1j),(-1+1j),(-1-1j),(1+1j),(1-1j),(1-1j),(-1+1j),(-1-1j),(-1-1j),(1-1j),(-1+1j),(-1-1j),(-1-1j),(1-1j),(1-1j),(-1-1j),(-1-1j),(-1+1j),(-1-1j),(1-1j),(-1-1j),(-1-1j),(-1+1j),(-1-1j),(1+1j),(1-1j),(1-1j),(1-1j),(-1-1j),(-1-1j),(-1+1j),(-1+1j),(1+1j),(1+1j),(-1-1j),(-1-1j),(1-1j),(1-1j),(-1-1j),(-1+1j),(1-1j),(1-1j),(-1+1j),(1-1j),(1-1j),(-1-1j),(-1-1j),(1-1j),(-1-1j),(1+1j),(1+1j),(-1-1j),(1+1j),(-1+1j),(1-1j),(-1-1j),(-1-1j),(-1-1j),(-1+1j),(-1+1j),(1-1j),(-1+1j),(-1-1j),(1+1j),(-1-1j),(-1+1j),(-1-1j),(1+1j),(-1-1j),(-1+1j),(-1+1j),(-1-1j),(1+1j),(1+1j),(-1-1j),(-1-1j),(1-1j),(-1-1j),(1-1j),(-1-1j),(1-1j),(-1+1j),(-1+1j),(-1-1j),(1-1j),(1-1j),(-1-1j),(1-1j),(1-1j),(-1-1j),(-1-1j),(1+1j),(-1-1j),(-1-1j),(-1-1j),(-1-1j),(-1-1j),(1-1j),(-1+1j),(1-1j),(1-1j),(-1+1j),(-1-1j),(-1-1j),(-1-1j),(-1+1j),(-1-1j),(1+1j),(-1-1j),(1+1j),(-1+1j),(-1-1j),(1-1j),(1+1j),(1+1j),(1+1j),(1-1j),(-1+1j),(-1+1j),(1-1j),(-1+1j),(-1+1j),(-1-1j),(-1-1j),(-1-1j),(-1-1j),(1-1j),(-1+1j),(-1-1j),(-1-1j),(-1+1j),(1-1j),(-1-1j),(-1+1j),(-1+1j),(-1+1j),(1-1j),(1-1j),(-1-1j),(-1+1j),(-1+1j),(-1+1j),(-1-1j),(1+1j),(-1-1j),(-1-1j),(-1+1j),(1-1j),(-1-1j),(-1-1j),(-1-1j),(-1+1j),(1-1j),(-1+1j),(-1-1j),(-1-1j),(-1-1j),(-1+1j),(-1-1j),(1+1j),(-1-1j),(-1-1j),(-1+1j),(-1-1j),(1-1j),(-1-1j),(1+1j),(1-1j),(-1+1j),(-1-1j),(-1+1j),(-1-1j),(1-1j),(-1+1j),(-1+1j),(-1+1j),(1-1j),(-1+1j),(-1-1j),(1+1j),(1+1j),(1-1j),(-1-1j),(-1-1j),(1+1j),(-1+1j),(-1+1j),(-1-1j),(1+1j),(1-1j),(-1+1j),(-1+1j),(1-1j),(1-1j),(-1-1j),(1+1j),(-1+1j),(1-1j),(1-1j),(1+1j),(1+1j),(1-1j),(-1+1j),(-1-1j),(-1+1j),(1+1j),(-1+1j),(-1+1j),(-1+1j),(1+1j),(1-1j),(-1+1j),(1+1j),(1+1j),(-1-1j),(-1+1j),(-1+1j),(1-1j),(1-1j),(1-1j),(-1-1j),(-1+1j),(1+1j),(-1-1j),(-1+1j),(1-1j),(1-1j),(1-1j),(-1-1j),(1-1j),(-1-1j),(-1+1j),(1-1j),(-1-1j),(1+1j),(1-1j),(-1-1j),(-1-1j),(-1-1j),(-1-1j),(-1-1j),(1-1j),(1-1j),(1+1j),(-1+1j),(-1+1j),(1+1j),(-1-1j),(-1+1j),(1-1j),(-1-1j),(1+1j),(-1-1j),(1+1j),(1-1j),(1-1j),(1-1j),(1+1j),(-1-1j),(-1-1j),(1+1j),(-1-1j),(1-1j),(-1+1j),(1-1j),(1-1j),(-1-1j),(1+1j),(-1-1j),(-1-1j),(-1-1j),(1-1j),(1+1j),(-1+1j),(-1+1j),(-1+1j),(-1+1j),(1-1j),(1+1j),(1+1j),(1-1j),(1-1j),(1+1j),(1-1j),(-1-1j),(-1-1j),(1-1j),(-1+1j),(-1+1j),(-1+1j),(-1+1j),(-1-1j),(1+1j),(-1+1j),(1+1j),(-1-1j),(1-1j),(1+1j),(-1-1j),(-1+1j),(-1+1j),(-1+1j),(-1+1j),(-1-1j),(1+1j),(-1-1j),(-1+1j),(-1+1j),(1-1j),(-1+1j),(-1-1j),(1+1j),(1+1j),(-1-1j),(-1-1j),(-1-1j),(1+1j),(-1-1j),(1-1j),(-1-1j),(1-1j),(1-1j),(1+1j),(1+1j),(1-1j),(1+1j),(-1+1j),(1-1j),(-1+1j),(1+1j),(-1+1j),(1-1j),(1-1j),(-1-1j),(-1-1j),(1+1j),(-1-1j),(-1-1j),(-1+1j),(1-1j),(1-1j),(1-1j),(1-1j),(-1-1j),(1-1j),(-1+1j),(-1-1j),(-1+1j),(1+1j),(-1+1j),(1-1j),(1-1j),(1-1j),(1-1j),(1-1j),(1-1j),(-1-1j),(-1+1j),(1+1j),(1+1j),(-1-1j),(-1-1j),(-1-1j),(-1-1j),(1+1j),(-1+1j),(-1+1j),(1+1j),(-1-1j),(-1+1j),(-1+1j),(1-1j),(1-1j),(1-1j),(-1+1j),(1-1j),(-1+1j),(1+1j),(-1-1j),(1-1j),(1-1j),(-1-1j),(-1+1j),(1+1j),(1-1j),(1-1j),(1-1j),(1-1j),(-1-1j),(1-1j),(-1-1j),(-1+1j),(-1+1j),(-1-1j),(-1-1j),(1-1j),(-1-1j),(-1-1j),(-1-1j),(1-1j),(-1-1j),(-1+1j),(-1-1j),(-1+1j),(-1-1j),(-1+1j),(-1-1j),(1+1j),(-1-1j),(-1+1j),(-1-1j),(-1+1j),(1+1j),(-1+1j),(-1+1j),(-1+1j),(-1-1j),(-1+1j),(-1+1j),(-1-1j),(-1-1j),(-1-1j),(1-1j),(-1-1j),(1-1j),(1+1j),(-1-1j),(-1+1j),(-1+1j),(-1+1j),(-1+1j),(-1+1j),(-1-1j),(1+1j),(-1-1j),(-1-1j),(-1+1j),(-1+1j),(1-1j),(-1+1j),(-1-1j),(-1-1j),(1+1j),(-1-1j),(-1-1j),(1+1j),(-1-1j),(1-1j),(-1-1j),(-1-1j),(1-1j),(1-1j),(1-1j),(-1-1j),(1+1j),(-1+1j),(1-1j),(-1+1j),(-1+1j),(1-1j),(1-1j),(-1+1j),(-1-1j),(1+1j),(-1-1j),(-1-1j),(1-1j),(-1+1j),(1-1j),(1-1j),(1+1j),(1+1j),(1-1j),(-1-1j),(-1+1j),(1+1j),(1-1j),(1-1j),(1-1j),(-1+1j),(-1-1j),(1-1j),(1+1j),(1+1j),(1-1j),(-1-1j),(-1+1j),(1-1j),(1-1j),(-1+1j),(-1-1j),(-1-1j),(-1+1j),(1-1j),(-1-1j),(-1-1j),(1-1j),(-1+1j),(1-1j),(-1-1j),(-1-1j),(1-1j),(1-1j),(-1-1j),(1-1j),(1-1j),(-1+1j),(-1+1j),(-1+1j),(1-1j),(-1+1j),(1+1j),(1-1j),(-1-1j),(-1+1j),(-1-1j),(1+1j),(-1-1j),(-1+1j),(1-1j),(-1-1j),(-1-1j),(-1+1j),(-1+1j),(-1-1j),(1-1j),(1+1j),(-1-1j),(-1+1j),(-1+1j),(-1+1j),(-1-1j),(-1-1j),(-1-1j),(1-1j),(-1-1j),(-1+1j),(1+1j),(-1+1j),(-1-1j),(-1-1j),(1-1j),(-1+1j),(1+1j),(-1-1j),(-1-1j),(1-1j),(-1+1j),(-1+1j),(-1+1j),(1+1j),(1+1j),(-1-1j),(1-1j),(1-1j),(-1+1j),(1-1j),(-1+1j),(-1-1j),(-1-1j),(-1-1j),(-1+1j),(1-1j),(-1-1j),(-1-1j),(1-1j),(1+1j),(1-1j),(-1-1j),(1-1j),(1-1j),(-1-1j),(1+1j),(-1+1j),(-1-1j),(-1+1j),(1-1j),(-1-1j),(1-1j),(-1+1j),(1+1j),(1+1j),(1-1j),(-1-1j),(-1-1j),(1-1j),(1-1j),(1-1j),(-1-1j),(-1-1j),(-1+1j),(-1+1j),(-1-1j),(-1-1j),(1+1j),(-1-1j),(1-1j),(-1+1j),(-1-1j),(-1-1j),(-1-1j),(1-1j),(1-1j),(1-1j),(-1-1j),(-1+1j),(-1-1j),(1+1j),(-1-1j),(1+1j),(-1-1j),(-1+1j),(1+1j),(-1-1j),(-1+1j),(-1+1j),(-1+1j),(-1+1j),(-1+1j),(-1-1j),(1+1j),(-1-1j),(-1+1j),(-1+1j),(1-1j),(-1+1j),(-1+1j),(-1-1j),(-1+1j),(1+1j),(-1+1j),(1+1j),(-1-1j),(-1-1j),(-1-1j),(-1+1j),(-1-1j),(1+1j),(1+1j),(1+1j),(-1-1j),(-1-1j),(1+1j),(-1+1j),(-1-1j),(-1-1j),(1-1j),(-1+1j),(1+1j),(1+1j),(-1-1j),(-1-1j),(1+1j),(-1+1j),(1+1j),(1+1j),(1+1j),(-1+1j),(1-1j),(-1+1j),(-1-1j),(1+1j),(-1+1j),(1-1j),(1-1j),(1-1j),(1-1j),(1-1j),(1-1j),(1+1j),(-1+1j),(1+1j),(1-1j),(1+1j),(-1+1j),(-1-1j),(-1+1j),(-1+1j),(-1+1j),(-1+1j),(1-1j),(1+1j),(-1+1j),(-1-1j),(1-1j),(-1+1j),(-1-1j),(-1+1j),(-1+1j),(1-1j),(1-1j),(1-1j),(-1+1j),(-1+1j),(-1-1j),(-1+1j),(1+1j),(1+1j),(-1-1j),(-1-1j),(1+1j),(-1-1j),(-1-1j),(1+1j),(-1-1j),(-1-1j),(-1-1j),(-1-1j),(-1-1j),(-1-1j),(1+1j),(1+1j),(1+1j),(1+1j),(-1-1j),(-1+1j),(-1-1j),(-1+1j),(-1+1j),(1+1j),(1-1j),(-1-1j),(1-1j),(1-1j),(-1-1j),(-1+1j),(-1+1j),(-1+1j),(1-1j),(1-1j),(-1-1j),(-1-1j),(1+1j),(-1-1j),(-1-1j),(-1-1j),(-1+1j),(1+1j),(-1+1j),(-1+1j),(-1-1j),(1+1j),(1+1j),(-1+1j),(1+1j),(1-1j),(-1-1j),(-1-1j),(1-1j),(-1-1j),(1-1j),(-1+1j),(1-1j),(-1+1j),(-1+1j),(1+1j),(-1-1j),(1-1j),(-1-1j),(1+1j),(-1-1j),(-1+1j),(1-1j),(-1-1j),(-1+1j),(1-1j),(-1-1j),(1+1j),(-1+1j),(-1-1j),(-1-1j),(-1-1j),(1-1j),(1+1j),(1+1j),(1-1j),(-1+1j),(-1+1j),(-1-1j),(1+1j),(-1-1j),(1-1j),(-1-1j),(-1-1j),(1+1j),(-1+1j),(-1-1j),(1-1j),(-1+1j),(-1+1j),(-1-1j),(1-1j),(-1-1j),(-1+1j),(-1+1j),(-1+1j),(-1+1j),(1+1j),(1-1j),(1-1j),(1-1j),(-1-1j),(1-1j),(1-1j),(1+1j),(-1-1j),(-1-1j),(-1-1j),(-1-1j),(1-1j),(-1+1j),(-1-1j),(-1-1j),(-1+1j),(1-1j),(1+1j),(-1-1j),(1+1j),(-1-1j),(-1-1j),(-1+1j),(-1+1j),(1-1j),(-1-1j),(-1-1j),(1+1j),(-1-1j),(-1-1j),(-1+1j),(-1-1j),(-1+1j),(-1-1j),(-1+1j),(1-1j),(-1+1j),(-1+1j),(1+1j),(1+1j),(-1+1j),(1+1j),(-1-1j),(1-1j),(1+1j),(-1+1j),(-1+1j),(1-1j),(-1-1j),(-1+1j),(-1-1j),(-1-1j),(1+1j),(1-1j),(-1-1j),(1+1j),(1-1j),(-1+1j),(1-1j),(-1-1j),(-1+1j),(-1+1j),(-1-1j),(-1-1j),(1+1j),(-1+1j),(-1+1j),(-1+1j),(-1-1j),(-1-1j),(1-1j),(-1+1j),(-1+1j),(-1+1j),(-1+1j),(1-1j),(1-1j),(1-1j),(1-1j),(-1-1j),(1+1j),(-1+1j),(-1-1j),(-1-1j),(-1-1j),(-1-1j),(1-1j),(-1+1j),(-1+1j),(-1-1j),(1+1j),(-1-1j),(-1-1j),(-1-1j),(-1+1j),(1-1j),(-1+1j),(-1-1j),(1+1j),(1-1j),(-1-1j),(-1+1j),(-1+1j),(1-1j),(-1+1j),(-1+1j),(-1+1j),(1-1j),(-1+1j),(1-1j),(-1-1j),(1+1j),(1-1j),(-1-1j),(-1-1j),(-1-1j),(1+1j),(1-1j),(1-1j),(-1+1j),(1-1j),(-1-1j),(1-1j),(1-1j),(1+1j),(-1+1j),(1+1j),(1+1j),(-1-1j),(1+1j),(1-1j),(-1+1j),(-1-1j),(1-1j),(1-1j),(-1+1j),(-1+1j),(-1+1j),(-1-1j),(-1+1j),(1-1j),(-1-1j),(-1-1j),(1-1j),(-1+1j),(1-1j),(-1+1j),(-1-1j),(-1-1j),(1+1j),(1+1j),(1+1j),(1-1j),(-1-1j),(1-1j),(-1+1j),(-1+1j),(1-1j),(1+1j),(-1-1j),(-1-1j),(-1-1j),(1-1j),(1+1j),(-1+1j),(-1+1j),(1-1j),(-1+1j),(-1-1j),(-1-1j),(-1-1j),(1+1j),(-1-1j),(-1+1j),(-1-1j),(1-1j),(1+1j),(1-1j),(-1+1j),(-1+1j),(-1+1j),(-1-1j),(1+1j),(-1-1j),(-1+1j),(-1+1j),(1-1j),(1-1j),(-1-1j),(-1-1j),(1-1j),(1-1j),(1+1j),(1-1j),(-1-1j),(1-1j),(1+1j),(1-1j),(-1+1j),(-1-1j),(1+1j),(1+1j),(-1+1j),(-1-1j),(1-1j),(1+1j),(-1+1j),(-1+1j),(-1+1j),(1+1j),(-1-1j),(-1-1j),(-1-1j),(1-1j),(-1+1j),(1+1j),(1-1j),(-1+1j),(-1+1j),(-1+1j),(1-1j),(-1+1j),(1+1j),(-1+1j),(1-1j),(-1+1j),(1-1j),(-1-1j),(1-1j),(-1-1j),(1-1j),(-1+1j),(1-1j),(-1-1j),(1+1j),(-1-1j),(-1-1j),(-1+1j),(-1-1j),(-1-1j),(-1+1j),(1-1j),(-1-1j),(1-1j),(-1-1j),(1+1j),(1+1j),(-1+1j),(-1+1j),(-1+1j),(1-1j),(1-1j),(-1+1j),(-1-1j),(1-1j),(-1-1j),(-1-1j),(-1-1j),(-1+1j),(-1+1j),(1+1j),(-1-1j),(-1+1j),(-1+1j),(1-1j),(1+1j),(-1+1j),(-1-1j),(1+1j),(1+1j),(-1+1j),(-1+1j),(-1+1j),(-1+1j),(1-1j),(-1-1j),(1+1j),(1-1j),(-1+1j),(1+1j),(-1-1j),(1-1j),(1+1j),(-1-1j),(1-1j),(-1-1j),(-1-1j),(-1-1j),(-1+1j),(-1-1j),(-1+1j),(-1-1j),(-1-1j),(1+1j),(-1-1j),(-1+1j),(-1+1j),(-1+1j),(1+1j),(1+1j),(-1-1j),(1-1j),(-1-1j),(-1-1j),(-1+1j),(-1+1j),(1-1j),(-1-1j),(1+1j),(-1-1j),(-1-1j),(-1+1j),(-1-1j),(-1-1j),(-1+1j),(-1+1j),(-1-1j),(1-1j),(1-1j),(-1-1j),(1+1j),(1+1j),(-1+1j),(-1+1j),(-1+1j),(1-1j),(1-1j),(-1+1j),(-1+1j),(-1-1j),(1+1j),(-1-1j),(-1-1j),(-1-1j),(-1-1j),(-1+1j),(-1+1j),(-1-1j),(-1-1j),(-1+1j),(-1+1j),(-1+1j),(1-1j),(-1+1j),(-1-1j),(1+1j),(1+1j),(-1+1j),(-1+1j),(1-1j),(-1+1j),(1-1j),(-1-1j),(1+1j),(-1+1j),(-1+1j),(1+1j),(-1-1j),(1-1j),(1+1j),(-1-1j),(1-1j),(-1-1j),(-1-1j),(-1-1j),(-1+1j),(-1-1j),(-1+1j),(-1-1j),(-1-1j),(1+1j),(-1-1j),(-1+1j),(-1+1j),(-1+1j),(-1-1j),(1+1j),(-1-1j),(-1+1j),(-1-1j),(-1+1j),(1-1j),(-1+1j),(1-1j),(-1-1j),(1+1j),(-1-1j),(-1-1j),(-1+1j),(-1-1j),(-1-1j),(-1+1j),(1-1j),(-1-1j),(1-1j),(1-1j),(-1-1j),(1+1j),(1+1j),(-1+1j),(-1+1j),(-1+1j),(-1+1j),(1-1j),(1-1j),(-1+1j),(-1-1j),(1+1j),(-1-1j),(-1-1j),(-1-1j),(-1-1j),(-1+1j),(-1+1j),(1+1j),(-1-1j),(-1+1j),(-1+1j),(1-1j),(1-1j),(-1+1j),(-1-1j),(1+1j),(1+1j),(-1+1j),(-1+1j),(1-1j),(-1+1j),(1-1j),(-1-1j),(1+1j),(1-1j),(-1+1j),(1+1j),(-1-1j),(1-1j),(1+1j),(-1-1j),(-1-1j),(-1-1j),(-1-1j),(-1-1j),(-1-1j),(-1+1j),(1-1j),(-1+1j),(-1-1j),(-1-1j),(-1-1j),(-1-1j),(-1+1j),(-1+1j),(-1+1j),(-1-1j),(1-1j),(1-1j),(1-1j),(-1+1j),(-1+1j),(1-1j),(1-1j),(-1+1j),(-1-1j),(-1+1j),(-1-1j),(-1-1j),(1+1j),(-1-1j),(1+1j),(1+1j),(-1-1j),(-1-1j),(1+1j),(1-1j),(-1+1j),(-1+1j),(-1+1j),(1-1j),(1-1j),(1-1j),(-1+1j),(-1-1j),(-1-1j),(-1-1j),(-1-1j),(1-1j),(1+1j),(1-1j),(-1+1j),(-1+1j),(-1+1j),(-1+1j),(-1+1j),(1-1j),(1-1j),(1-1j),(-1+1j),(-1+1j),(-1+1j),(-1-1j),(-1-1j),(1-1j),(-1+1j),(-1+1j),(-1+1j),(1-1j),(-1-1j),(1-1j),(1-1j),(-1-1j),(1-1j),(1+1j),(1+1j),(-1-1j),(1+1j),(-1-1j),(1+1j),(-1-1j),(1+1j),(-1-1j),(1+1j),(1+1j),(1+1j),(-1-1j),(1+1j),(-1-1j),(-1-1j),(1+1j),(1+1j),(1+1j),(1+1j),(-1-1j),(-1-1j),(-1-1j),(1+1j),(1+1j),(1+1j),(-1-1j),(1+1j),(1+1j),(1-1j),(1+1j),(1-1j),(-1-1j),(1+1j),(1+1j),(1+1j),(1-1j),(-1+1j),(-1-1j),(1+1j),(-1-1j),(1+1j),(1-1j),(-1-1j),(1+1j),(-1+1j),(-1-1j),(1-1j),(-1-1j),(-1-1j),(-1+1j),(-1-1j),(-1+1j),(1+1j),(-1+1j),(-1+1j),(1-1j),(1-1j),(1-1j),(1-1j),(1-1j),(1-1j),(-1-1j),(1+1j),(-1+1j),(-1-1j),(-1+1j),(-1-1j),(-1-1j),(1-1j),(-1+1j),(1+1j),(1-1j),(1-1j),(1+1j),(1-1j),(-1-1j),(-1-1j),(-1+1j),(-1-1j),(1+1j),(1+1j),(-1-1j),(-1-1j),(1-1j),(-1-1j),(1+1j),(1+1j),(-1-1j),(-1+1j),(-1-1j),(1-1j),(-1+1j),(-1-1j),(-1+1j),(1-1j),(-1+1j),(-1-1j),(-1+1j),(1-1j),(-1+1j),(-1+1j),(1-1j),(-1+1j),(-1+1j),(1-1j),(-1-1j),(-1+1j),(-1+1j),(1+1j),(1+1j),(1+1j),(-1-1j),(-1-1j),(1-1j),(-1-1j),(-1+1j),(-1+1j),(-1-1j),(-1+1j),(-1+1j),(1-1j),(-1-1j),(1-1j),(-1+1j),(-1+1j),(-1+1j),(-1-1j),(-1+1j),(-1+1j),(-1-1j),(-1+1j),(-1-1j),(-1-1j),(1+1j),(-1-1j),(1-1j),(1-1j),(1+1j),(1+1j),(1-1j),(-1-1j),(-1+1j),(-1-1j),(1+1j),(-1+1j),(1+1j),(-1-1j),(-1-1j),(-1-1j),(-1+1j),(-1-1j),(1+1j),(-1-1j),(1-1j),(-1-1j),(-1-1j),(1-1j),(1-1j),(-1+1j),(1+1j),(-1+1j),(-1-1j),(-1-1j),(-1-1j),(-1-1j),(-1+1j),(1+1j),(-1-1j),(-1+1j),(-1+1j),(-1-1j),(1-1j),(1-1j),(-1-1j),(-1+1j),(-1-1j),(-1+1j),(-1-1j),(1-1j),(-1-1j),(-1+1j),(-1-1j),(-1+1j),(-1-1j),(1+1j),(-1-1j),(-1+1j),(-1+1j),(-1-1j),(1-1j),(1-1j),(-1+1j),(-1-1j),(1+1j),(-1-1j),(-1-1j),(1+1j),(1+1j),(-1+1j),(-1-1j),(-1-1j),(1+1j),(1+1j),(-1+1j),(1+1j),(-1+1j),(-1-1j),(-1-1j),(-1-1j),(-1+1j),(1+1j),(-1+1j),(-1-1j),(1-1j),(-1+1j),(-1-1j),(1-1j),(-1+1j),(1-1j),(1-1j),(-1+1j),(1+1j),(-1+1j),(-1-1j),(-1+1j),(1-1j),(-1-1j),(1-1j),(-1-1j),(-1-1j),(-1-1j),(1+1j),(-1-1j),(1+1j),(-1-1j),(-1-1j),(-1-1j),(1-1j),(1-1j),(-1+1j),(1-1j),(-1+1j),(1-1j),(-1+1j),(-1-1j),(-1+1j),(1-1j),(-1-1j),(1-1j),(-1+1j),(-1+1j),(-1+1j),(1+1j),(1-1j),(-1-1j),(1+1j),(-1-1j),(-1-1j),(-1-1j),(-1-1j),(1+1j),(-1+1j),(-1-1j),(1-1j),(-1-1j),(1+1j),(-1-1j),(-1+1j),(1-1j),(1-1j),(-1-1j),(-1-1j),(-1+1j),(1-1j),(-1-1j),(1+1j),(-1+1j),(-1-1j),(1+1j),(-1+1j),(-1-1j),(1-1j),(-1-1j),(1+1j),(-1+1j),(-1+1j),(-1-1j),(-1+1j),(1-1j),(-1-1j),(-1+1j),(1-1j),(1-1j),(-1+1j),(1-1j),(-1-1j),(-1+1j),(1-1j),(1-1j),(-1-1j),(-1+1j),(-1+1j),(1-1j),(-1-1j),(-1+1j),(-1+1j),(1+1j),(-1+1j),(-1+1j),(-1-1j),(-1+1j),(-1+1j),(1+1j),(1-1j),(1-1j),(1+1j),(-1+1j),(1-1j),(-1-1j),(-1+1j),(-1+1j),(-1-1j),(-1-1j),(-1+1j),(-1+1j),(-1+1j),(1+1j),(1-1j),(1-1j),(1-1j),(-1+1j),(1-1j),(-1-1j),(-1-1j),(-1+1j),(-1+1j),(-1-1j),(-1+1j),(1-1j),(1-1j),(1-1j),(-1-1j),(1+1j),(-1+1j),(-1+1j),(-1-1j),(1-1j),(-1+1j),(-1-1j),(-1+1j),(-1-1j),(-1+1j),(-1+1j),(1-1j),(1-1j),(-1+1j),(1-1j),(-1+1j),(-1+1j),(-1+1j),(1+1j),(-1+1j),(-1-1j),(-1-1j),(-1+1j),(1-1j),(-1-1j),(1+1j),(-1+1j),(1-1j),(-1-1j),(-1-1j),(-1+1j),(-1+1j),(-1+1j),(-1-1j),(1-1j),(-1-1j),(1+1j),(-1+1j),(-1+1j),(-1-1j),(1+1j),(1-1j),(-1-1j),(-1+1j),(-1-1j),(-1+1j),(-1+1j),(1-1j),(-1-1j),(-1-1j),(-1+1j),(1-1j),(-1-1j),(-1-1j),(-1+1j),(1+1j),(-1+1j),(1-1j),(-1-1j),(1-1j),(1-1j),(-1-1j),(-1-1j),(-1-1j),(1-1j),(-1+1j),(1+1j),(1-1j),(1+1j),(-1+1j),(-1-1j),(-1+1j),(1+1j),(-1-1j),(-1-1j),(-1-1j),(1-1j),(1-1j),(-1-1j),(-1+1j),(-1+1j),(1-1j),(-1+1j),(-1-1j),(1+1j),(-1-1j),(1-1j),(-1+1j),(-1-1j),(-1+1j),(-1-1j),(-1-1j),(1-1j),(1+1j),(-1+1j),(-1+1j),(-1-1j),(-1-1j),(1-1j),(1-1j),(-1+1j),(-1+1j),(-1-1j),(-1+1j),(1+1j),(-1-1j),(1-1j),(-1+1j),(-1-1j),(1+1j),(-1-1j),(-1-1j),(1+1j),(-1-1j),(-1-1j),(-1+1j),(-1-1j),(-1+1j),(-1-1j),(-1-1j),(1-1j),(1+1j),(-1-1j),(1-1j),(-1-1j),(-1-1j),(-1+1j),(-1-1j),(-1+1j),(-1-1j),(1+1j),(-1-1j),(1-1j),(-1-1j),(-1-1j),(-1+1j),(-1-1j),(-1-1j),(1-1j),(-1-1j),(-1+1j),(1+1j),(-1-1j),(1-1j),(1-1j),(-1-1j),(-1+1j),(1-1j),(-1+1j),(-1-1j),(-1+1j),(1+1j),(1-1j),(-1-1j),(1-1j),(1+1j),(-1-1j),(-1+1j),(1+1j),(1+1j),(-1+1j),(-1+1j),(-1-1j),(-1-1j),(-1+1j),(-1-1j),(-1+1j),(-1-1j),(-1+1j),(-1+1j),(-1-1j),(-1-1j),(1-1j),(1-1j),(-1-1j),(-1+1j),(1+1j),(1-1j),(-1-1j),(1+1j),(-1+1j),(-1-1j),(1-1j),(-1-1j),(1-1j),(-1-1j),(-1-1j),(-1-1j),(-1+1j),(-1+1j),(1-1j),(-1-1j),(-1-1j),(-1-1j),(-1+1j),(-1+1j),(1-1j),(-1+1j),(-1+1j),(1+1j),(1-1j),(-1-1j),(-1+1j),(1-1j),(-1-1j),(-1-1j),(-1-1j),(-1+1j),(-1-1j),(-1+1j),(-1-1j),(1-1j),(1-1j),(-1-1j),(-1-1j),(1+1j),(-1-1j),(1-1j),(-1+1j),(-1-1j),(-1-1j),(1+1j),(-1-1j),(-1-1j),(-1-1j),(-1-1j),(1-1j),(-1-1j),(-1+1j),(-1-1j),(-1+1j),(-1+1j),(-1+1j),(1+1j),(-1+1j),(1-1j),(1-1j),(-1-1j),(-1-1j),(-1+1j),(1+1j),(-1+1j),(-1-1j),(-1-1j),(1-1j),(1-1j),(-1-1j),(-1+1j),(1+1j),(1-1j),(-1-1j),(-1+1j),(-1+1j),(-1-1j),(1+1j),(-1+1j),(1-1j),(-1-1j),(-1+1j),(1+1j),(1-1j),(-1-1j),(-1-1j),(-1+1j),(1-1j),(-1-1j),(1-1j),(-1+1j),(1-1j),(-1-1j),(-1+1j),(-1+1j),(-1+1j),(1-1j),(1-1j),(1-1j),(-1+1j),(1+1j),(-1+1j),(-1+1j),(-1+1j),(-1-1j),(-1+1j),(1-1j),(-1-1j),(-1-1j),(1-1j),(1-1j),(1-1j),(-1-1j),(-1-1j),(-1-1j),(-1+1j),(-1-1j),(1+1j),(1+1j),(1+1j),(-1-1j),(1-1j),(-1-1j),(-1-1j),(1+1j),(-1-1j),(-1-1j),(1+1j),(-1-1j),(1-1j),(-1-1j),(-1+1j),(1-1j),(1-1j),(-1-1j),(1-1j),(1+1j),(1+1j),(-1+1j),(-1+1j),(-1-1j),(-1+1j),(1-1j),(-1-1j),(-1-1j),(-1-1j),(-1+1j),(1+1j),(-1-1j),(1-1j),(1-1j),(-1-1j),(-1+1j),(1+1j),(1-1j),(-1-1j),(-1+1j),(1+1j),(-1+1j),(-1+1j),(-1-1j),(-1+1j),(1+1j),(1-1j),(-1-1j),(-1+1j),(-1-1j),(-1-1j),(-1+1j),(-1-1j),(-1-1j),(1-1j),(1-1j),(1-1j),(-1-1j),(-1-1j),(-1+1j),(1-1j),(1-1j),(-1+1j),(1-1j),(1-1j),(-1+1j),(1-1j),(-1-1j),(-1+1j),(-1+1j),(-1+1j),(1-1j),(-1-1j),(-1-1j),(-1-1j),(-1+1j),(-1+1j),(1+1j),(-1-1j),(-1+1j),(1-1j),(1-1j),(-1-1j),(-1+1j),(1+1j),(1-1j),(-1-1j),(1+1j),(-1+1j),(-1-1j),(-1+1j),(1+1j),(1-1j),(-1-1j),(-1-1j),(-1-1j),(1+1j),(-1+1j),(-1+1j),(-1+1j),(1+1j),(1+1j),(-1+1j),(-1+1j),(-1+1j),(-1+1j),(-1+1j),(-1-1j),(1-1j),(-1-1j),(1-1j),(-1+1j),(1+1j),(1-1j),(1+1j),(-1-1j),(-1-1j),(-1-1j),(-1-1j),(-1-1j),(1+1j),(-1-1j),(-1-1j),(1+1j),(-1+1j),(-1+1j),(1-1j),(1-1j),(-1-1j),(-1-1j),(1+1j),(-1-1j),(-1+1j),(-1-1j),(1-1j),(-1-1j),(1-1j),(1-1j),(-1-1j),(-1-1j),(1+1j),(-1-1j),(1+1j),(1+1j),(-1-1j),(1+1j),(1-1j),(1-1j),(-1+1j),(1+1j),(-1-1j),(-1+1j),(1-1j),(-1+1j),(-1-1j),(1-1j),(-1-1j),(1+1j),(1-1j),(-1-1j),(-1-1j),(-1+1j),(1-1j),(-1-1j),(1+1j),(-1-1j),(-1-1j),(1+1j),(-1+1j),(-1-1j),(-1+1j),(1+1j),(-1-1j),(-1-1j),(1-1j),(-1-1j),(-1-1j),(-1-1j),(-1-1j),(1+1j),(-1-1j),(1+1j),(-1-1j),(1-1j),(-1+1j),(-1-1j),(-1+1j),(-1+1j),(1-1j),(1-1j),(1-1j),(1+1j),(1+1j),(1+1j),(1+1j),(1+1j),(-1-1j),(-1-1j),(1+1j),(-1-1j),(-1-1j),(-1-1j),(1-1j),(-1-1j),(1+1j),(1-1j),(-1+1j),(-1+1j),(-1+1j),(-1+1j),(1-1j),(1-1j),(-1-1j),(1+1j),(1+1j),(1+1j),(-1-1j),(-1-1j),(-1+1j),(-1-1j),(1-1j),(-1+1j),(-1+1j),(1+1j),(1-1j),(-1-1j),(1-1j),(-1+1j),(1-1j),(1-1j),(1-1j),(-1-1j),(-1+1j),(-1-1j),(-1+1j),(1-1j),(-1+1j),(-1+1j),(-1+1j),(1-1j),(1-1j),(1+1j),(-1-1j),(-1-1j),(-1+1j),(1-1j),(-1-1j),(1-1j),(-1+1j),(1-1j),(-1+1j),(-1+1j),(1+1j),(-1-1j),(-1+1j),(1+1j),(1+1j),(-1+1j),(-1-1j),(1-1j),(1+1j),(-1+1j),(-1+1j),(-1+1j),(1-1j),(1+1j),(1+1j),(1+1j),(1-1j),(1-1j),(1-1j),(-1+1j),(1+1j),(1-1j),(-1+1j),(-1+1j),(-1+1j),(-1+1j),(1-1j),(1+1j),(1+1j),(1+1j),(-1-1j),(-1-1j),(1+1j),(1+1j),(1-1j),(1+1j),(1-1j),(1-1j),(-1+1j),(1-1j),(1-1j),(1-1j),(-1-1j),(1-1j),(-1+1j),(-1+1j),(1-1j),(1-1j),(1-1j),(1+1j),(-1+1j),(1+1j),(-1-1j),(-1+1j),(1+1j),(-1+1j),(1+1j),(-1+1j),(1-1j),(-1+1j),(1-1j),(1+1j),(1+1j),(1+1j),(1+1j),(-1-1j),(1+1j),(1-1j),(1-1j),(-1+1j),(-1+1j),(1+1j),(1-1j),(-1+1j),(-1+1j),(1-1j),(-1+1j),(1-1j),(1+1j),(1-1j),(1+1j),(1-1j),(-1+1j),(1-1j),(1-1j),(-1+1j),(-1-1j),(1-1j),(-1+1j),(1+1j),(1-1j),(-1+1j),(1-1j),(-1+1j),(-1+1j),(1+1j),(1+1j),(-1+1j),(1+1j),(1+1j),(-1+1j),(-1-1j),(1-1j),(-1+1j),(-1+1j),(1-1j),(-1+1j),(1-1j),(1+1j),(1+1j),(1+1j),(1-1j),(1-1j),(1-1j),(-1+1j),(1+1j),(1-1j),(-1+1j),(-1+1j),(1-1j),(-1+1j),(1-1j),(1+1j),(1-1j),(1+1j),(1-1j),(-1+1j),(1-1j),(-1+1j),(1+1j),(1-1j),(-1+1j),(-1-1j),(1-1j),(1-1j),(-1+1j),(-1-1j),(1-1j),(1+1j),(1-1j),(1-1j),(1-1j),(1-1j),(-1+1j),(1+1j),(-1+1j),(-1+1j),(-1-1j),(1+1j),(-1+1j),(-1+1j),(1+1j),(-1+1j),(1-1j),(-1-1j),(1-1j),(1-1j),(1+1j),(1-1j),(-1+1j),(1+1j),(-1-1j),(1+1j),(1+1j),(1+1j),(1+1j),(1-1j),(1-1j),(1-1j),(1-1j),(1+1j),(1+1j),(1+1j),(1-1j),(-1+1j),(1-1j),(1+1j),(1-1j),(1+1j),(1-1j),(1-1j),(1-1j),(1+1j),(1-1j),(-1+1j),(-1+1j),(1+1j),(-1+1j),(1+1j),(-1+1j),(1+1j),(1-1j),(1-1j),(1-1j),(1-1j),(1-1j),(1+1j),(1+1j),(-1+1j),(1-1j),(1+1j),(1+1j),(1-1j),(1-1j),(1-1j),(1+1j),(1+1j),(1+1j),(1-1j),(1+1j),(1-1j),(1-1j),(1+1j),(-1+1j),(1+1j),(1+1j),(1+1j),(1-1j),(1-1j),(-1-1j),(1-1j),(1-1j),(1-1j),(1-1j),(1-1j),(-1-1j),(1-1j),(1+1j),(1-1j),(1-1j),(1-1j),(1+1j),(1-1j),(1+1j),(1-1j),(1-1j),(1+1j),(1+1j),(1+1j),(1+1j),(1+1j),(1-1j),(1+1j),(1-1j),(-1-1j),(-1+1j),(1-1j),(1-1j),(1-1j),(1+1j),(-1-1j),(1+1j),(1+1j),(-1+1j),(1-1j),(1+1j),(1-1j),(1+1j),(1+1j),(-1+1j),(1-1j),(1-1j),(1-1j),(1-1j),(1-1j),(1-1j),(1+1j),(-1+1j),(-1+1j),(1+1j),(1-1j),(-1-1j),(-1+1j),(-1-1j),(-1+1j),(1+1j),(1+1j),(1+1j),(1-1j),(1+1j),(-1+1j),(1-1j),(1-1j),(1-1j),(1-1j),(1-1j),(1+1j),(1-1j),(-1+1j),(1-1j),(1+1j),(1+1j),(1+1j),(1-1j),(1+1j),(1+1j),(1+1j),(1-1j),(-1+1j),(1-1j),(-1+1j),(1-1j),(1+1j),(1+1j),(1+1j),(1-1j),(-1+1j),(-1+1j),(-1+1j),(1+1j),(-1+1j),(1+1j),(-1-1j),(1+1j),(-1+1j),(-1+1j),(1-1j),(-1+1j),(1+1j),(1-1j),(-1+1j),(-1+1j),(1-1j),(-1+1j),(1-1j),(1-1j),(-1+1j),(-1+1j),(-1+1j),(1+1j),(-1-1j),(-1-1j),(-1+1j),(-1-1j),(1-1j),(1-1j),(1-1j),(-1+1j),(-1+1j),(-1+1j),(1+1j),(-1+1j),(1-1j),(-1+1j),(-1+1j),(1-1j),(-1-1j),(1+1j),(-1-1j),(-1+1j),(1+1j),(-1-1j),(1+1j),(-1+1j),(-1-1j),(-1+1j),(1-1j),(-1-1j),(-1+1j),(1-1j),(1+1j),(-1-1j),(-1+1j),(1+1j),(-1+1j),(-1-1j),(-1-1j),(-1+1j),(-1-1j),(1-1j),(1-1j),(-1+1j),(1+1j),(1-1j),(-1+1j),(1-1j),(1-1j),(1-1j),(-1-1j),(1+1j),(1-1j),(1-1j),(1-1j),(-1-1j),(1+1j),(-1-1j),(-1+1j),(1-1j),(-1+1j),(1+1j),(-1+1j),(1-1j),(-1-1j),(1-1j),(1-1j),(-1-1j),(-1+1j),(-1-1j),(-1+1j),(1+1j),(-1-1j),(-1+1j),(1+1j),(1+1j),(1-1j),(1-1j),(-1-1j),(1-1j),(-1-1j),(-1-1j),(-1-1j),(-1+1j),(-1+1j),(-1-1j),(1-1j),(-1+1j),(-1-1j),(1-1j),(1-1j),(-1+1j),(-1-1j),(1-1j),(-1-1j),(1-1j),(-1-1j),(-1-1j),(1+1j),(-1+1j),(1+1j),(-1-1j),(1+1j),(-1-1j),(1+1j),(-1-1j),(-1+1j),(-1-1j),(-1-1j),(1-1j),(-1-1j),(-1-1j),(-1-1j),(1+1j),(1+1j),(-1+1j),(-1-1j),(1+1j),(-1-1j),(1+1j),(1+1j),(1-1j),(-1-1j),(-1-1j),(1-1j),(-1-1j),(-1-1j),(-1+1j),(-1+1j),(-1-1j),(1+1j),(-1-1j),(-1-1j),(1-1j),(-1+1j),(-1+1j),(1-1j),(1+1j),(-1+1j),(1+1j),(-1+1j),(-1-1j),(-1+1j),(-1+1j),(-1-1j),(-1+1j),(1-1j),(-1-1j),(-1+1j),(-1-1j),(-1-1j),(-1+1j),(-1-1j),(-1+1j),(1-1j),(-1+1j),(-1-1j),(1+1j),(-1-1j),(-1+1j),(1+1j),(-1+1j),(-1-1j),(-1-1j),(-1+1j),(1-1j),(-1+1j),(-1+1j),(-1-1j),(1+1j),(-1+1j),(-1-1j),(1+1j),(1-1j),(-1-1j),(1+1j),(-1-1j),(1+1j),(1-1j),(-1+1j),(-1+1j),(1+1j),(1-1j),(-1-1j),(-1-1j),(-1+1j),(-1-1j),(1-1j),(-1-1j),(-1-1j),(-1+1j),(-1+1j),(-1-1j),(1+1j),(-1-1j),(-1-1j),(-1+1j),(-1+1j),(-1+1j),(1-1j),(-1+1j),(-1+1j),(-1-1j),(1-1j),(-1-1j),(-1+1j),(-1+1j),(-1-1j),(-1+1j),(-1+1j),(1+1j),(-1+1j),(1+1j),(-1+1j),(-1+1j),(-1+1j),(-1+1j),(-1+1j),(1+1j),(1+1j),(1-1j),(-1+1j),(-1+1j),(1-1j),(-1+1j),(1-1j),(-1-1j),(-1+1j),(1+1j),(1-1j),(-1+1j),(-1+1j),(1+1j),(-1+1j),(1-1j),(1-1j),(1-1j),(1-1j),(-1+1j),(-1-1j),(-1+1j),(1-1j),(-1-1j),(-1+1j),(-1+1j),(-1-1j),(1-1j),(1-1j),(1-1j),(-1+1j),(-1+1j),(-1+1j),(-1-1j),(1-1j),(-1+1j),(-1+1j),(-1+1j),(1-1j),(-1-1j),(-1+1j),(-1-1j),(1+1j),(-1+1j),(-1+1j),(1-1j),(1-1j),(-1-1j),(-1-1j),(-1+1j),(-1+1j),(1+1j),(-1-1j),(-1+1j),(1-1j),(1-1j),(-1+1j),(-1+1j),(1+1j),(1-1j),(-1-1j),(-1-1j),(1-1j),(-1+1j),(-1+1j),(-1+1j),(1-1j),(-1+1j),(-1+1j),(1-1j),(-1-1j),(-1+1j),(1-1j),(1-1j),(-1-1j),(-1+1j),(1-1j),(-1+1j),(-1-1j),(1+1j),(-1-1j),(1+1j),(-1-1j),(-1+1j),(1-1j),(1-1j),(-1+1j),(1+1j),(-1-1j),(-1+1j),(-1+1j),(-1+1j),(-1+1j),(-1-1j),(-1-1j),(-1+1j),(1+1j),(-1+1j),(-1+1j),(1+1j),(1-1j),(-1-1j),(-1-1j),(1+1j),(1-1j),(-1-1j),(1+1j),(-1-1j),(1+1j),(-1-1j),(-1+1j),(1-1j),(1-1j),(1-1j),(-1-1j),(-1+1j),(1+1j),(1+1j),(-1-1j),(-1+1j),(1+1j),(-1+1j),(-1+1j),(1+1j),(-1-1j),(-1+1j),(1+1j),(-1-1j),(-1-1j),(1+1j),(1+1j),(-1-1j),(-1+1j),(1-1j),(1-1j),(-1+1j),(1+1j),(-1-1j),(-1+1j),(-1+1j),(-1+1j),(-1+1j),(1+1j),(-1-1j),(-1+1j),(-1-1j),(-1+1j),(-1-1j),(-1+1j),(-1-1j),(-1-1j),(1+1j),(-1-1j),(1-1j),(1+1j),(-1-1j),(1+1j),(1+1j),(1+1j),(1+1j),(1+1j),(-1-1j),(-1-1j),(1-1j),(-1+1j),(-1-1j),(1-1j),(1-1j),(1-1j),(1+1j),(-1-1j),(-1+1j),(-1-1j),(1+1j),(1+1j),(1-1j),(-1-1j),(-1+1j),(-1+1j),(-1+1j),(-1-1j),(1+1j),(-1-1j),(1+1j),(1-1j),(-1+1j),(1-1j),(-1-1j),(-1+1j),(1-1j),(1+1j),(-1-1j),(-1+1j),(1-1j),(1-1j),(1-1j),(1+1j),(-1-1j),(-1+1j),(-1-1j),(1-1j),(-1-1j),(1-1j),(1+1j),(-1+1j),(-1-1j),(-1-1j),(-1-1j),(-1-1j),(1+1j),(-1+1j),(-1-1j),(1-1j),(-1-1j),(-1+1j),(1-1j),(-1+1j),(1-1j),(1+1j),(1+1j),(1+1j),(1-1j),(1-1j),(1-1j),(1+1j),(-1+1j),(-1+1j),(-1-1j),(1+1j),(1+1j),(-1+1j),(-1-1j),(1-1j),(1-1j),(1-1j),(1-1j),(1+1j),(-1-1j),(-1+1j),(-1-1j),(1-1j),(-1-1j),(-1+1j),(1+1j),(1-1j),(1-1j),(-1-1j),(-1+1j),(1-1j),(-1-1j),(-1-1j),(1+1j),(-1+1j),(-1+1j),(-1+1j),(1+1j),(1-1j),(1+1j),(-1-1j),(1+1j),(-1-1j),(-1-1j),(1+1j),(-1-1j),(-1-1j),(1-1j),(1+1j),(-1-1j),(1-1j),(1-1j),(-1-1j),(1-1j),(1-1j),(-1+1j),(-1-1j),(-1+1j),(1-1j),(1+1j),(1+1j),(1+1j),(1-1j),(1-1j),(1-1j),(1+1j),(1+1j),(-1+1j),(-1-1j),(1-1j),(1+1j),(-1+1j),(1+1j),(-1-1j),(1+1j),(1+1j),(-1+1j),(-1+1j),(1+1j),(1-1j),(1-1j),(1-1j),(1+1j),(-1+1j),(-1+1j),(-1-1j),(-1-1j),(1-1j),(-1+1j),(-1-1j),(1-1j),(1-1j),(-1-1j),(1-1j),(1-1j),(-1-1j),(-1-1j),(1+1j),(-1+1j),(1+1j),(-1+1j),(1+1j),(-1-1j),(-1+1j),(-1+1j),(1-1j),(1-1j),(1+1j),(1-1j),(-1-1j),(-1+1j),(1+1j),(1-1j),(-1+1j),(-1-1j),(-1+1j),(-1-1j),(1-1j),(-1+1j),(1-1j),(1-1j),(1-1j),(-1+1j),(-1+1j),(1+1j),(-1+1j),(-1+1j),(1-1j),(1-1j),(-1+1j),(-1+1j),(-1-1j),(1+1j),(-1-1j),(-1+1j),(-1+1j),(-1+1j),(-1+1j),(-1+1j),(-1-1j),(-1-1j),(1+1j),(1-1j),(-1-1j),(-1-1j),(-1-1j),(-1-1j),(1+1j),(1+1j),(-1+1j),(1+1j),(-1+1j),(-1+1j),(-1+1j),(1+1j),(-1+1j),(1+1j),(1+1j),(1-1j),(-1+1j),(-1+1j),(1-1j),(1-1j),(-1+1j),(-1+1j),(1+1j),(-1+1j),(-1+1j),(1-1j),(1-1j),(-1-1j),(1-1j),(-1+1j),(-1-1j),(1-1j),(1-1j),(-1-1j),(-1-1j),(1+1j),(-1-1j),(-1-1j),(1+1j),(1+1j),(-1+1j),(-1-1j),(-1+1j),(1+1j),(1+1j),(-1+1j),(1-1j),(1-1j),(-1+1j),(-1-1j),(1-1j),(-1-1j),(-1-1j),(1+1j),(1+1j),(-1-1j),(1-1j),(1-1j),(-1-1j),(-1-1j),(1-1j),(1+1j),(-1+1j),(-1+1j),(1-1j),(1-1j),(1-1j),(-1+1j),(1+1j),(-1-1j),(-1+1j),(-1+1j),(1+1j),(1-1j),(-1+1j),(-1-1j),(1-1j),(1-1j),(-1+1j),(-1-1j),(-1-1j),(-1+1j),(1-1j),(1-1j),(-1+1j),(1+1j),(1+1j),(-1-1j),(-1-1j),(1+1j),(1-1j),(1-1j),(1-1j),(1-1j),(-1+1j),(1+1j),(1-1j),(-1+1j),(1-1j),(-1-1j),(-1-1j),(-1+1j),(1+1j),(-1-1j),(-1+1j),(-1+1j),(-1+1j),(-1-1j),(-1-1j),(-1+1j),(1-1j),(-1-1j),(-1+1j),(1+1j),(-1+1j),(-1+1j),(-1+1j),(-1+1j),(-1+1j),(1-1j),(-1+1j),(-1-1j),(-1+1j),(-1+1j),(-1-1j),(-1-1j),(1-1j),(-1-1j),(-1-1j),(1-1j),(-1+1j),(1+1j),(-1+1j),(1-1j),(-1+1j),(1+1j),(1+1j),(-1-1j),(1+1j),(-1+1j),(-1-1j),(-1-1j),(1-1j),(-1-1j),(1+1j),(-1+1j),(-1+1j),(1+1j),(-1+1j),(-1+1j),(1+1j),(-1-1j),(-1+1j),(-1+1j),(-1+1j),(-1+1j),(1-1j),(-1-1j),(-1-1j),(-1-1j),(1-1j),(-1-1j),(-1-1j),(-1-1j),(-1-1j),(1+1j),(-1-1j),(1+1j),(1+1j),(-1-1j),(-1+1j),(1+1j),(1+1j),(-1-1j),(-1+1j),(-1+1j),(-1-1j),(-1-1j),(-1-1j),(-1+1j),(1-1j),(-1-1j),(-1+1j),(-1-1j),(-1-1j),(-1+1j),(-1+1j),(1-1j),(-1+1j),(-1+1j),(-1-1j),(-1+1j),(-1+1j),(-1+1j),(-1+1j),(1-1j),(-1+1j),(-1+1j),(-1+1j),(1-1j),(-1+1j),(1+1j),(-1-1j),(-1+1j),(-1+1j),(1-1j),(-1+1j),(1+1j),(1+1j),(-1-1j),(-1-1j),(1+1j),(1-1j),(-1-1j),(1-1j),(1-1j),(-1+1j),(1+1j),(1-1j),(-1+1j),(1+1j),(1-1j),(-1+1j),(-1+1j),(1-1j),(1-1j),(-1-1j),(-1+1j),(1-1j),(-1-1j),(-1-1j),(-1-1j),(-1-1j),(-1+1j),(-1-1j),(-1-1j),(1+1j),(-1-1j),(1+1j),(-1-1j),(-1+1j),(-1-1j),(1+1j),(-1-1j),(-1-1j),(1-1j),(-1-1j),(1+1j),(-1-1j),(-1+1j),(-1+1j),(-1-1j),(-1-1j),(-1-1j),(-1-1j),(-1+1j),(1-1j),(-1+1j),(1-1j),(1+1j),(-1+1j),(-1+1j),(1-1j),(-1+1j),(-1+1j),(-1+1j),(-1-1j),(-1+1j),(1+1j),(-1+1j),(-1-1j),(-1-1j),(-1-1j),(1-1j),(-1+1j),(-1-1j),(-1-1j),(-1+1j),(1-1j),(-1-1j),(-1-1j),(-1+1j),(-1+1j),(1+1j),(-1+1j),(-1+1j),(-1+1j),(-1+1j),(-1+1j),(1-1j),(-1+1j),(1-1j),(1-1j),(-1+1j),(-1+1j),(1+1j),(-1-1j),(-1+1j),(1-1j),(1-1j),(-1+1j),(1-1j),(-1-1j),(-1-1j),(1-1j),(-1-1j),(-1-1j),(1-1j),(-1-1j),(-1-1j),(1+1j),(1+1j),(1+1j),(-1+1j),(-1+1j),(1+1j),(1-1j),(-1+1j),(-1+1j),(1-1j),(-1+1j),(-1+1j),(1+1j),(-1-1j),(-1+1j),(1-1j),(-1+1j),(1-1j),(-1-1j),(-1+1j),(-1-1j),(-1-1j),(1+1j),(-1-1j),(-1-1j),(1+1j),(-1-1j),(-1-1j),(-1+1j),(-1-1j),(1-1j),(-1+1j),(-1+1j),(1-1j),(-1+1j),(-1+1j),(1+1j),(-1-1j),(-1+1j),(-1+1j),(1+1j),(1-1j),(-1-1j),(-1+1j),(-1+1j),(-1-1j),(-1-1j),(-1-1j),(-1-1j),(1+1j),(1+1j),(-1-1j),(-1-1j),(-1+1j),(-1-1j),(1+1j),(1+1j),(-1+1j),(1-1j),(-1-1j),(1-1j),(1-1j),(-1-1j),(-1+1j),(1-1j),(-1-1j),(-1+1j),(-1+1j),(-1+1j),(1+1j),(-1-1j),(-1+1j),(1-1j),(1+1j),(-1-1j),(-1-1j),(1+1j),(1-1j),(-1-1j),(-1+1j),(1+1j),(1+1j),(-1+1j),(1+1j),(1-1j),(1-1j),(-1+1j),(-1+1j),(-1-1j),(1-1j),(-1+1j),(-1+1j),(1-1j),(-1+1j),(-1+1j),(1-1j),(-1+1j),(-1+1j),(1-1j),(-1+1j),(-1-1j),(-1+1j),(1-1j),(1-1j),(1-1j),(-1+1j),(-1-1j),(1-1j),(-1-1j),(-1-1j),(1-1j),(-1-1j),(1+1j),(-1-1j),(-1-1j),(1+1j),(-1+1j),(-1-1j),(-1-1j),(-1-1j),(1+1j),(-1-1j),(-1+1j),(-1-1j),(1+1j),(-1-1j),(-1-1j),(1+1j),(-1+1j),(-1+1j),(1-1j),(1+1j),(-1+1j),(-1+1j),(-1-1j),(-1-1j),(1-1j),(-1-1j),(-1+1j),(-1-1j),(-1+1j),(1-1j),(1-1j),(1-1j),(-1-1j),(-1-1j),(1+1j),(-1-1j),(-1+1j),(-1-1j),(1+1j),(-1+1j),(-1+1j),(-1+1j),(-1-1j),(-1+1j),(-1-1j),(1-1j),(1-1j),(-1+1j),(-1-1j),(-1+1j),(-1+1j),(-1-1j),(-1-1j),(-1+1j),(-1-1j),(-1+1j),(-1-1j),(1+1j),(-1+1j),(-1-1j),(1-1j),(1-1j),(-1-1j),(-1-1j),(1-1j),(-1-1j),(-1-1j),(1+1j),(-1-1j),(1+1j),(-1-1j),(-1-1j),(-1+1j),(-1-1j),(-1-1j),(1+1j),(-1+1j),(-1-1j),(-1+1j),(-1+1j),(-1-1j),(-1+1j),(-1+1j),(-1-1j),(1-1j),(-1+1j),(-1-1j),(-1-1j),(1-1j),(-1-1j),(-1+1j),(1-1j),(-1-1j),(1+1j),(-1+1j),(-1-1j),(1-1j),(-1-1j),(-1-1j),(1-1j),(-1-1j),(-1-1j),(-1+1j),(1+1j),(-1-1j),(-1+1j),(-1+1j),(-1-1j),(-1-1j),(-1-1j),(-1-1j),(-1-1j),(1+1j),(1+1j),(-1-1j),(-1+1j),(1-1j),(1-1j),(-1+1j),(-1+1j),(-1+1j),(-1+1j),(1+1j),(-1+1j),(-1+1j),(-1-1j),(1-1j),(-1+1j),(-1-1j),(1+1j),(-1-1j),(-1-1j),(-1+1j),(-1+1j),(-1-1j),(1-1j),(-1+1j),(1+1j),(-1-1j),(-1+1j),(-1-1j),(-1+1j),(-1+1j),(1+1j),(-1+1j),(-1+1j),(1-1j),(1+1j),(-1+1j),(-1-1j),(-1-1j),(1+1j),(-1+1j),(-1+1j),(-1-1j),(-1-1j),(-1+1j),(-1+1j),(1-1j),(-1+1j),(-1+1j),(-1-1j),(-1-1j),(1-1j),(1-1j),(-1+1j),(1-1j),(1-1j),(1-1j),(-1-1j),(-1-1j),(-1+1j),(1-1j),(1-1j),(1-1j),(1+1j),(1+1j),(1-1j),(-1-1j),(1-1j),(-1+1j),(1-1j),(-1-1j),(-1-1j),(1-1j),(1-1j),(-1+1j),(-1-1j),(-1+1j),(-1-1j),(1-1j),(-1+1j),(-1+1j),(-1+1j),(1-1j),(1-1j),(-1-1j),(1+1j),(-1-1j),(-1+1j),(-1-1j),(-1-1j),(-1-1j),(-1-1j),(1+1j),(-1+1j),(-1-1j),(-1+1j),(-1-1j),(1+1j),(1+1j),(-1+1j),(-1-1j),(1+1j),(-1-1j),(1+1j),(1-1j),(-1+1j),(-1+1j),(1-1j),(1-1j),(-1+1j),(-1+1j),(-1-1j),(-1-1j),(1-1j),(-1-1j),(-1-1j),(-1+1j),(-1+1j),(-1-1j),(-1+1j),(-1-1j),(1-1j),(-1+1j),(-1+1j),(-1-1j),(1-1j),(1-1j),(-1+1j),(1-1j),(-1-1j),(-1-1j),(-1-1j),(1+1j),(-1+1j),(-1+1j),(1+1j),(1-1j),(1+1j),(-1-1j),(-1+1j),(1-1j),(-1-1j),(-1+1j),(1-1j),(-1-1j),(-1+1j),(1-1j),(-1-1j),(-1+1j),(1+1j),(-1-1j),(1+1j),(-1-1j),(-1-1j),(1-1j),(-1+1j),(-1-1j),(-1+1j),(1-1j),(-1-1j),(-1-1j),(1-1j),(-1-1j),(1+1j),(-1-1j),(1-1j),(-1+1j),(-1-1j),(-1+1j),(-1+1j),(-1+1j),(-1-1j),(-1-1j),(1+1j),(-1-1j),(-1+1j),(1-1j),(1-1j),(-1-1j),(1-1j),(-1+1j),(-1-1j),(-1+1j),(-1+1j),(-1+1j),(-1+1j),(-1-1j),(-1+1j),(1+1j),(-1-1j),(-1-1j),(-1+1j),(1-1j),(-1+1j),(-1+1j),(-1+1j),(-1+1j),(-1-1j),(-1-1j),(1-1j),(-1-1j),(1-1j),(-1-1j),(-1-1j),(1+1j),(-1-1j),(-1-1j),(1-1j),(1-1j),(-1-1j),(1-1j),(1-1j),(-1+1j),(1+1j),(1-1j),(1+1j),(-1+1j),(-1+1j),(-1+1j),(-1-1j),(-1+1j),(-1-1j),(-1-1j),(-1-1j),(-1-1j),(1+1j),(-1+1j),(-1-1j),(-1-1j),(1+1j),(1+1j),(-1+1j),(-1+1j),(-1-1j),(-1-1j),(1+1j),(-1-1j),(1-1j),(1-1j),(-1+1j),(-1+1j),(-1-1j),(1-1j),(1-1j),(1-1j),(-1-1j),(1-1j),(-1-1j),(1+1j),(1-1j),(-1-1j),(-1-1j),(-1+1j),(1+1j),(-1+1j),(-1+1j),(1-1j),(1-1j),(-1-1j),(1+1j),(1+1j),(1-1j),(-1-1j),(1-1j),(-1+1j),(-1-1j),(-1-1j),(1-1j),(-1-1j),(1-1j),(-1+1j),(1-1j),(1-1j),(-1-1j),(1-1j),(1-1j),(-1+1j),(1+1j),(1-1j),(1-1j),(-1-1j),(1-1j),(-1-1j),(-1-1j),(-1+1j),(1-1j),(-1-1j),(1-1j),(-1+1j),(-1-1j),(-1-1j),(-1-1j),(-1-1j),(-1+1j),(-1+1j),(1-1j),(-1-1j),(1+1j),(1+1j),(-1+1j),(1+1j),(1-1j),(-1-1j),(1-1j),(1+1j),(1-1j),(-1-1j),(1-1j),(1+1j),(1-1j),(1-1j),(1-1j),(1-1j),(-1+1j),(-1-1j),(-1-1j),(-1+1j),(1+1j),(-1+1j),(-1-1j),(-1-1j),(1+1j),(-1-1j),(-1+1j),(-1+1j),(-1-1j),(1-1j),(-1-1j),(1-1j),(1-1j),(1-1j),(1-1j),(1-1j),(1-1j),(-1+1j),(1-1j),(1-1j),(-1+1j),(1+1j),(1-1j),(1-1j),(1-1j),(-1+1j),(-1-1j),(1+1j),(-1-1j),(-1+1j),(1+1j),(-1+1j),(1-1j),(1+1j),(1+1j),(-1-1j),(1+1j),(-1+1j),(1-1j),(-1+1j),(-1-1j),(-1+1j),(-1+1j),(1-1j),(-1-1j),(-1+1j),(-1+1j),(-1-1j),(1+1j),(-1+1j),(1-1j),(1+1j),(1-1j),(-1+1j),(1-1j),(-1-1j),(1+1j),(1+1j),(-1+1j),(-1+1j),(-1-1j),(-1+1j),(1-1j),(1-1j),(-1+1j),(1+1j),(-1+1j),(-1+1j),(1+1j),(1+1j),(-1-1j),(-1+1j),(-1-1j),(1-1j),(-1-1j),(1+1j),(-1-1j),(1-1j),(-1+1j),(-1-1j),(-1+1j),(-1+1j),(1-1j),(-1+1j),(-1-1j),(1-1j),(-1-1j),(-1+1j),(1+1j),(1+1j),(1+1j),(-1-1j),(-1-1j),(1-1j),(-1-1j),(1+1j),(-1+1j),(-1-1j),(1+1j),(1-1j),(1-1j),(-1-1j),(1+1j),(-1-1j),(-1-1j),(1-1j),(1+1j),(1-1j),(-1+1j),(-1+1j),(-1-1j),(1-1j),(1+1j),(1-1j),(-1+1j),(-1+1j),(-1+1j),(-1-1j),(-1-1j),(1+1j),(-1-1j),(-1-1j),(-1+1j),(-1-1j),(1-1j),(1+1j),(-1-1j),(-1-1j),(1+1j),(-1-1j),(1-1j),(-1+1j),(-1+1j),(-1+1j),(1-1j),(-1+1j),(-1-1j),(-1-1j),(-1+1j),(1-1j),(-1+1j),(-1-1j),(-1-1j),(1-1j),(-1+1j),(-1-1j),(-1-1j),(-1+1j),(-1+1j),(1-1j),(1-1j),(-1-1j),(-1+1j),(1-1j),(-1-1j),(1-1j),(-1+1j),(-1+1j),(-1-1j),(1+1j),(-1-1j),(-1-1j),(-1+1j),(1-1j),(1-1j),(-1+1j),(1-1j),(-1+1j),(1-1j),(1-1j),(-1-1j),(-1+1j),(1-1j),(1-1j),(1+1j),(-1-1j),(1-1j),(1-1j),(1+1j),(1+1j),(1+1j),(-1-1j),(-1-1j),(1+1j),(1+1j),(1+1j),(-1+1j),(-1+1j),(-1+1j),(1-1j),(-1+1j),(-1-1j),(-1-1j),(-1+1j),(-1+1j),(-1-1j),(-1+1j),(1-1j),(-1+1j),(1-1j),(1-1j),(1-1j),(-1-1j),(1+1j),(1-1j),(-1-1j),(1+1j),(-1-1j),(-1+1j),(-1+1j),(-1-1j),(1+1j),(1+1j),(-1-1j),(-1+1j),(-1+1j),(-1-1j),(-1-1j),(1+1j),(-1-1j),(-1-1j),(1-1j),(1+1j),(-1-1j),(-1+1j),(-1-1j),(-1-1j),(1-1j),(-1-1j),(1-1j),(-1+1j),(1+1j),(-1-1j),(-1+1j),(1-1j),(-1+1j),(-1-1j),(-1-1j),(1+1j),(-1+1j),(1+1j),(-1-1j),(1+1j),(-1-1j),(-1-1j),(-1+1j),(1+1j),(-1-1j),(1+1j),(-1-1j),(1-1j),(1-1j),(-1-1j),(-1-1j),(-1+1j),(1-1j),(1-1j),(-1+1j),(-1-1j),(1+1j),(1+1j),(1+1j),(1+1j),(-1-1j),(1+1j),(1+1j),(-1-1j),(1+1j),(1-1j),(1-1j),(1-1j),(-1-1j),(-1-1j),(1-1j),(-1+1j),(1+1j),(-1-1j),(-1+1j),(-1+1j),(-1-1j),(-1-1j),(1+1j),(-1-1j),(-1+1j),(-1+1j),(1-1j),(-1-1j),(-1-1j),(-1+1j),(-1+1j),(-1-1j),(-1-1j),(-1-1j),(1-1j),(-1+1j),(-1-1j),(1-1j),(-1+1j),(-1+1j),(1+1j),(-1+1j),(1-1j),(1+1j),(-1-1j),(-1+1j),(-1-1j),(-1-1j),(-1-1j),(1+1j),(-1+1j),(-1+1j),(-1-1j),(1+1j),(-1+1j),(-1-1j),(-1+1j),(-1+1j),(-1-1j),(-1-1j),(1+1j),(-1-1j),(1-1j),(1-1j),(-1-1j),(1+1j),(-1-1j),(1-1j),(1-1j),(-1-1j),(-1+1j),(-1+1j),(-1-1j),(1+1j),(-1-1j),(-1-1j),(-1+1j),(-1+1j),(1+1j),(-1+1j),(1+1j),(1+1j),(-1-1j),(-1+1j),(-1+1j),(-1-1j),(-1-1j),(-1-1j),(-1+1j),(-1+1j),(-1-1j),(1+1j),(1-1j),(-1-1j),(1-1j),(-1+1j),(-1+1j),(1-1j),(-1+1j),(-1-1j),(1+1j),(-1-1j),(-1-1j),(-1-1j),(1+1j),(-1+1j),(1+1j),(-1-1j),(-1+1j),(1-1j),(1+1j),(-1-1j),(-1+1j),(1-1j),(-1-1j),(1+1j),(-1-1j),(-1-1j),(-1+1j),(1-1j),(1-1j),(-1+1j),(-1-1j),(-1-1j),(-1-1j),(-1-1j),(1-1j),(-1-1j),(1+1j),(-1+1j),(1-1j),(-1-1j),(-1-1j),(-1+1j),(-1+1j),(1-1j),(-1-1j),(1+1j),(-1-1j),(-1+1j),(-1+1j),(-1-1j),(1-1j),(-1+1j),(1-1j),(-1-1j),(-1+1j),(1-1j),(-1+1j),(-1-1j),(1+1j),(-1-1j),(1-1j),(-1+1j),(-1-1j),(-1-1j),(1+1j),(1-1j),(1-1j),(-1+1j),(-1+1j),(1-1j),(-1-1j),(-1-1j),(1+1j),(-1-1j),(1+1j),(1+1j),(-1-1j),(-1-1j),(-1+1j),(-1+1j),(-1+1j),(1-1j),(-1-1j),(-1-1j),(-1+1j),(1+1j),(-1-1j),(-1+1j),(-1-1j),(1+1j),(1-1j),(-1-1j),(-1-1j),(-1+1j),(-1+1j),(-1+1j),(-1-1j),(-1-1j),(-1-1j),(-1+1j),(-1-1j),(1-1j),(-1-1j),(-1-1j),(1-1j),(-1-1j),(-1+1j),(1-1j),(-1-1j),(1+1j),(1-1j),(-1-1j),(1-1j),(-1+1j),(-1-1j),(1-1j),(-1+1j),(-1+1j),(1-1j),(1-1j),(1-1j),(-1-1j),(-1-1j),(1+1j),(-1-1j),(1-1j),(-1-1j),(-1-1j),(1+1j),(-1-1j),(1+1j),(1-1j),(-1+1j),(-1+1j),(1-1j),(-1+1j),(-1+1j),(-1-1j),(1+1j),(-1+1j),(-1+1j),(-1-1j),(-1+1j),(-1-1j),(1-1j),(-1+1j),(-1-1j),(-1+1j),(-1+1j),(-1-1j),(1-1j),(-1+1j),(-1+1j),(-1-1j),(1+1j),(-1-1j),(-1-1j),(-1+1j),(1-1j),(1+1j),(-1-1j),(-1-1j),(1-1j),(-1+1j),(-1-1j),(-1-1j),(1+1j),(-1+1j),(-1+1j),(1-1j),(-1+1j),(-1-1j),(-1+1j),(-1+1j),(-1-1j),(1+1j),(1+1j),(-1-1j),(-1-1j),(1-1j),(-1-1j),(1-1j),(1+1j),(-1-1j),(1-1j),(1-1j),(-1-1j),(1+1j),(-1+1j),(-1-1j),(-1+1j),(1-1j),(-1-1j),(1+1j),(-1-1j),(-1-1j),(-1-1j),(1-1j),(-1-1j),(-1+1j),(1-1j),(-1-1j),(-1+1j),(1-1j),(-1-1j),(-1+1j),(1-1j),(1-1j),(-1+1j),(-1+1j),(1-1j),(1-1j),(-1+1j),(1+1j),(1+1j),(-1+1j),(1-1j),(1+1j),(1-1j),(-1+1j),(1+1j),(1+1j),(-1-1j),(1+1j),(1-1j),(-1+1j),(-1+1j),(-1-1j),(1+1j),(-1-1j),(-1+1j),(-1+1j),(1-1j),(-1-1j),(-1+1j),(1+1j),(-1-1j),(-1-1j),(1+1j),(1-1j),(-1+1j),(-1-1j),(-1-1j),(1+1j),(1-1j),(1-1j),(1+1j),(1-1j),(-1+1j),(1-1j),(1-1j),(-1-1j),(1-1j),(1+1j),(-1-1j),(1-1j),(-1-1j),(1-1j),(-1-1j),(1-1j),(-1-1j),(1-1j),(1+1j),(1-1j),(-1-1j),(1-1j),(1-1j),(1-1j),(1-1j),(-1+1j),(1-1j),(-1-1j),(-1+1j),(-1-1j),(-1-1j),(-1+1j),(-1+1j),(-1-1j),(-1+1j),(1-1j),(-1-1j),(1+1j),(-1-1j),(-1-1j),(-1+1j),(-1+1j),(-1+1j),(1+1j),(1+1j),(1+1j),(-1+1j),(1+1j),(-1+1j),(1+1j),(-1+1j),(-1+1j),(1+1j),(1-1j),(-1+1j),(-1-1j),(1-1j),(-1+1j),(-1-1j),(1-1j),(-1-1j),(1-1j),(1-1j),(-1-1j),(1-1j),(1+1j),(1+1j),(1+1j),(-1-1j),(-1+1j),(1-1j),(-1-1j),(-1+1j),(-1-1j),(1-1j),(1-1j),(-1+1j),(-1+1j),(1-1j),(1-1j),(1-1j),(1-1j),(-1+1j),(-1+1j),(1-1j),(-1+1j),(1-1j),(-1+1j),(-1-1j),(1-1j),(1-1j),(1-1j),(-1+1j),(-1-1j),(1+1j),(-1-1j),(1-1j),(1+1j),(1-1j),(-1+1j),(1-1j),(-1-1j),(-1-1j),(1+1j),(-1+1j),(1-1j),(1-1j),(1+1j),(1-1j),(1-1j),(1-1j),(-1-1j),(1-1j),(-1+1j),(-1-1j),(-1-1j),(1-1j),(1+1j),(1+1j),(-1+1j),(1+1j),(-1-1j),(1+1j),(1+1j),(1-1j),(1-1j),(-1-1j),(1-1j),(1-1j),(1-1j),(-1-1j),(1-1j),(-1+1j),(-1+1j),(-1-1j),(1+1j),(-1-1j),(-1+1j),(-1-1j),(1+1j),(-1-1j),(1+1j),(-1-1j),(1-1j),(1-1j),(1+1j),(-1+1j),(1-1j),(1-1j),(1-1j),(1-1j),(-1+1j),(1+1j),(-1+1j),(-1-1j),(-1-1j),(1+1j),(1+1j),(-1-1j),(-1-1j),(1-1j),(-1-1j),(1+1j),(1-1j),(-1-1j),(1+1j),(-1-1j),(1-1j),(-1-1j),(1+1j),(-1-1j),(-1-1j),(1-1j),(1+1j),(1-1j),(-1+1j),(1-1j),(-1-1j),(1-1j),(1+1j),(1-1j),(-1+1j),(-1+1j),(-1+1j),(-1-1j),(-1-1j),(1+1j),(-1-1j),(-1-1j),(-1+1j),(-1-1j),(1-1j),(1+1j),(-1-1j),(-1-1j),(1+1j),(1+1j),(1-1j),(-1+1j),(-1+1j),(-1+1j),(1-1j),(-1+1j),(-1-1j),(-1-1j),(-1+1j),(1-1j),(-1+1j),(1+1j),(-1-1j),(1-1j),(-1+1j),(-1-1j),(-1-1j),(-1+1j),(-1+1j),(1-1j),(1-1j),(-1-1j),(-1+1j),(-1+1j),(-1-1j),(-1+1j),(1-1j),(1-1j),(1+1j),(-1+1j),(1-1j),(-1+1j),(-1-1j),(-1+1j),(1+1j),(-1+1j),(1-1j),(-1+1j),(1-1j),(1-1j),(1+1j),(-1+1j),(1-1j),(-1+1j),(-1-1j),(1-1j),(-1+1j),(-1+1j),(1+1j),(1-1j),(1+1j),(-1-1j),(-1-1j),(-1-1j),(1-1j),(1-1j),(-1+1j),(1-1j),(-1-1j),(1-1j),(-1+1j),(1+1j),(-1+1j),(-1+1j),(-1-1j),(1+1j),(-1+1j),(-1-1j),(-1+1j),(1+1j),(-1-1j),(1-1j),(-1+1j),(-1-1j),(1+1j),(-1-1j),(1+1j),(1+1j),(-1-1j),(-1-1j),(-1+1j),(-1+1j),(-1+1j),(1+1j),(1+1j),(1+1j),(1+1j),(1+1j),(1+1j),(1-1j),(-1+1j),(-1-1j),(1-1j),(1-1j),(1-1j),(-1+1j),(-1-1j),(-1-1j),(-1+1j),(1+1j),(-1-1j),(1+1j),(-1-1j),(-1-1j),(1+1j),(-1-1j),(-1+1j),(1-1j),(1-1j),(1-1j),(-1+1j),(-1-1j),(1+1j),(-1-1j),(-1+1j),(-1-1j),(1-1j),(-1-1j),(1+1j),(1+1j),(-1-1j),(1+1j),(-1+1j),(1-1j),(1-1j),(-1-1j),(1-1j),(1-1j),(-1+1j),(-1-1j),(-1-1j),(1-1j),(-1+1j),(-1+1j),(-1-1j),(-1+1j),(-1-1j),(-1-1j),(1+1j),(1+1j),(1-1j),(-1+1j),(1+1j),(-1+1j),(-1+1j),(1-1j),(1+1j),(1-1j),(-1+1j),(-1+1j),(1+1j),(1+1j),(-1-1j),(-1+1j),(-1-1j),(-1+1j),(1+1j),(1+1j),(-1-1j),(1-1j),(1-1j),(1+1j),(-1+1j),(1-1j),(1-1j),(1+1j),(1-1j),(-1+1j),(-1-1j),(-1+1j),(1+1j),(-1-1j),(1+1j),(1+1j),(-1-1j),(-1-1j),(1-1j),(-1-1j),(1+1j),(1-1j),(-1-1j),(1+1j),(-1-1j),(1-1j),(-1-1j),(1+1j),(-1-1j),(-1-1j),(1-1j),(1+1j),(1-1j),(-1+1j),(-1+1j),(-1-1j),(1-1j),(1+1j),(1-1j),(-1+1j),(-1+1j),(-1+1j),(-1-1j),(-1-1j),(1+1j),(-1-1j),(-1-1j),(-1+1j),(-1-1j),(1-1j),(1+1j),(-1-1j),(-1-1j),(1+1j),(-1-1j),(1-1j),(-1+1j),(-1+1j),(-1+1j),(1-1j),(-1+1j),(-1-1j),(-1-1j),(-1+1j),(1-1j),(-1+1j),(-1-1j),(-1-1j),(1-1j),(1-1j),(1+1j),(-1-1j),(-1+1j),(-1+1j),(1-1j),(1-1j),(-1-1j),(-1-1j),(-1+1j),(1-1j),(-1-1j),(-1+1j),(1-1j),(1-1j),(1+1j),(-1+1j),(1+1j),(1-1j),(-1-1j),(1-1j),(1+1j),(-1+1j),(1-1j),(1-1j),(-1+1j),(-1-1j),(1-1j),(-1+1j),(-1-1j),(1-1j),(1-1j),(1-1j),(1-1j),(-1+1j),(1+1j),(-1-1j),(-1-1j),(1+1j),(1-1j),(-1+1j),(-1+1j),(1+1j),(-1+1j),(1-1j),(1-1j),(1-1j),(-1+1j),(1+1j),(1+1j),(1+1j),(-1-1j),(1-1j),(1+1j),(-1-1j),(1-1j),(-1+1j),(-1-1j),(1+1j),(1+1j),(1+1j),(1+1j),(-1-1j),(-1+1j),(1+1j),(-1+1j),(-1-1j),(1+1j),(1+1j),(1+1j),(-1-1j),(1+1j),(-1+1j),(1+1j),(1-1j),(1-1j),(-1+1j),(1-1j),(-1-1j),(-1-1j),(-1+1j),(1+1j),(-1-1j),(1+1j),(1+1j),(1+1j),(1+1j),(-1-1j),(1+1j),(1-1j),(-1+1j),(1-1j),(1-1j),(1-1j),(1-1j),(1-1j),(-1+1j),(-1+1j),(-1-1j),(1+1j),(-1-1j),(-1-1j),(1+1j),(1+1j),(1+1j),(1+1j),(1-1j),(1-1j),(1-1j),(-1+1j),(-1-1j),(1+1j),(-1+1j),(-1-1j),(-1+1j),(1+1j),(-1-1j),(1+1j),(-1-1j),(-1-1j),(-1-1j),(-1-1j),(-1-1j),(1-1j),(1-1j),(-1+1j),(-1+1j),(-1+1j),(-1+1j),(-1+1j),(-1+1j),(1-1j),(1-1j),(1-1j),(1-1j),(1+1j),(-1-1j),(-1+1j),(-1+1j),(-1+1j),(-1+1j),(-1+1j),(-1-1j),(1+1j),(-1-1j),(-1-1j),(-1-1j),(1+1j),(-1-1j),(-1-1j),(-1-1j),(1-1j),(-1+1j),(-1-1j),(-1-1j),(-1-1j),(-1+1j),(1-1j),(1-1j),(1-1j),(-1-1j),(-1+1j),(-1+1j),(-1-1j),(1+1j),(-1-1j),(-1-1j),(-1+1j),(1+1j),(1+1j),(-1-1j),(-1-1j),(-1+1j),(1-1j),(-1-1j),(1+1j),(-1+1j),(-1+1j),(-1+1j),(1-1j),(1-1j),(-1+1j),(-1+1j),(1-1j),(1-1j),(-1-1j),(1+1j),(1-1j),(-1-1j),(1+1j),(-1+1j),(1-1j),(1+1j),(-1-1j),(1+1j),(-1+1j),(1-1j),(1-1j),(1-1j),(-1-1j),(1-1j),(-1-1j),(1-1j),(-1-1j),(1-1j),(-1-1j),(1+1j),(1+1j),(-1+1j),(-1-1j),(1+1j),(-1-1j),(-1-1j),(1-1j),(-1-1j),(1-1j),(1+1j),(1-1j),(-1-1j),(1+1j),(1+1j),(-1+1j),(1+1j),(1+1j),(-1+1j),(1-1j),(1-1j),(-1-1j),(1+1j),(1+1j),(1+1j),(-1-1j),(-1+1j),(1+1j),(1-1j),(-1+1j),(1-1j),(1-1j),(1+1j),(1+1j),(-1-1j),(-1-1j),(-1-1j),(1-1j),(1+1j),(-1-1j),(1+1j),(1+1j),(-1-1j),(-1+1j),(-1-1j),(1+1j),(-1+1j),(-1-1j),(1-1j),(1+1j),(-1-1j),(-1+1j),(1-1j),(1+1j),(1-1j),(-1+1j),(-1-1j),(-1-1j),(1+1j),(1-1j),(-1-1j),(1-1j),(1-1j),(-1+1j),(-1+1j),(1+1j),(1+1j),(-1-1j),(-1+1j),(-1-1j),(1-1j),(1-1j),(-1-1j),(-1+1j),(1-1j),(-1-1j),(1-1j),(1+1j),(-1-1j),(1+1j),(-1+1j),(-1+1j),(1-1j),(1-1j),(-1-1j),(-1+1j),(-1+1j),(1-1j),(1-1j),(-1-1j),(1+1j),(-1+1j),(1-1j),(-1-1j),(1-1j),(1-1j),(-1-1j),(-1-1j),(-1+1j),(-1+1j),(1+1j),(-1-1j),(-1+1j),(1-1j),(1-1j),(-1-1j),(1-1j),(1+1j),(-1+1j),(-1-1j),(1-1j),(1-1j),(-1+1j),(-1+1j),(-1-1j),(-1-1j),(-1-1j),(-1+1j),(1-1j),(1-1j),(-1+1j),(1+1j),(-1-1j),(1+1j),(1+1j),(-1+1j),(-1+1j),(1-1j),(1-1j),(-1-1j),(-1-1j),(-1+1j),(-1-1j),(1+1j),(-1+1j),(-1-1j),(1+1j),(-1+1j),(-1-1j),(1+1j),(1+1j),(-1+1j),(-1-1j),(-1-1j),(-1+1j),(-1+1j),(-1+1j),(1-1j),(1-1j),(-1+1j),(-1+1j),(-1+1j),(1+1j),(-1-1j),(-1-1j),(-1-1j),(1+1j),(-1-1j),(-1-1j),(-1+1j),(-1-1j),(1-1j),(-1-1j),(1+1j),(-1-1j),(-1+1j),(1-1j),(1-1j),(-1-1j),(1-1j),(-1-1j),(-1+1j),(-1+1j),(-1-1j),(-1+1j),(-1+1j),(-1+1j),(1-1j),(-1+1j),(-1-1j),(-1-1j),(-1-1j),(-1+1j),(-1-1j),(1-1j),(-1+1j),(1-1j),(1-1j),(-1-1j),(1-1j),(-1+1j),(-1-1j),(-1+1j),(1+1j),(-1-1j),(-1+1j),(-1+1j),(-1-1j),(1+1j),(1+1j),(-1-1j),(-1+1j),(1+1j),(-1+1j),(-1+1j),(1+1j),(-1-1j),(-1-1j),(1-1j),(-1+1j),(-1-1j),(-1+1j),(-1+1j),(-1+1j),(1+1j),(-1+1j),(-1+1j),(1-1j),(-1-1j),(-1-1j),(1+1j),(-1-1j),(-1-1j),(1-1j),(-1+1j),(1-1j),(-1+1j),(-1-1j),(-1-1j),(-1-1j),(1+1j),(-1+1j),(-1+1j),(-1-1j),(1+1j),(1+1j),(-1+1j),(-1+1j),(-1+1j),(-1+1j),(1-1j),(-1+1j),(-1-1j),(-1-1j),(-1-1j),(-1+1j),(-1-1j),(1-1j),(-1-1j),(-1-1j),(1-1j),(1+1j),(-1-1j),(-1+1j),(-1-1j),(1-1j),(-1+1j),(-1-1j),(-1+1j),(1+1j),(-1-1j),(-1-1j),(-1-1j),(1+1j),(-1+1j),(1-1j),(-1-1j),(-1+1j),(1-1j),(-1-1j),(-1-1j),(1-1j),(1+1j),(-1-1j),(1-1j),(-1-1j),(-1+1j),(-1-1j),(-1+1j),(-1+1j),(-1-1j),(1+1j),(-1-1j),(1-1j),(-1-1j),(1-1j),(1+1j),(-1-1j),(1-1j),(1+1j),(1+1j),(-1-1j),(-1-1j),(-1+1j),(-1+1j),(1+1j),(1-1j),(-1-1j),(1-1j),(-1+1j),(-1+1j),(-1+1j),(-1-1j),(1+1j),(-1-1j),(-1+1j),(-1+1j),(1-1j),(-1+1j),(1-1j),(1-1j),(-1+1j),(-1+1j),(1+1j),(-1-1j),(-1+1j),(1-1j),(-1-1j),(-1-1j),(1-1j),(-1+1j),(-1+1j),(1+1j),(-1-1j),(1-1j),(1-1j),(1+1j),(-1-1j),(1-1j),(-1+1j),(1-1j),(1-1j),(-1+1j),(1-1j),(-1+1j),(-1-1j),(1+1j),(1-1j),(1-1j),(1+1j),(-1-1j),(-1+1j),(1-1j),(-1+1j),(1+1j),(1+1j),(1-1j),(1-1j),(-1-1j),(-1+1j),(1-1j),(1-1j),(1-1j),(-1-1j),(-1-1j),(1-1j),(-1+1j),(-1-1j),(-1-1j),(1-1j),(-1-1j),(1-1j),(1+1j),(-1-1j),(-1-1j),(-1+1j),(-1+1j),(-1+1j),(1-1j),(-1+1j),(1+1j),(1-1j),(-1+1j),(-1+1j),(1-1j),(-1+1j),(-1-1j),(-1-1j),(-1-1j),(-1-1j),(1+1j),(1+1j),(-1+1j),(-1+1j),(-1-1j),(1-1j),(1+1j),(1-1j),(1-1j),(-1+1j),(1-1j),(1+1j),(1+1j),(-1-1j),(1-1j),(-1+1j),(1-1j),(-1-1j),(1-1j),(-1-1j),(-1-1j),(-1-1j),(-1+1j),(1+1j),(1+1j),(-1-1j),(1+1j),(1-1j),(-1-1j),(-1-1j),(-1+1j),(-1+1j),(1-1j),(-1+1j),(-1-1j),(-1-1j),(-1+1j),(-1+1j),(-1+1j),(-1+1j),(1+1j),(1-1j),(1+1j),(-1-1j),(1+1j),(-1+1j),(1-1j),(1+1j),(-1-1j),(1+1j),(1+1j),(1+1j),(-1-1j),(1+1j),(1+1j),(-1+1j),(-1-1j),(-1-1j),(1-1j),(-1-1j),(1-1j),(-1-1j),(1+1j),(1+1j),(-1-1j),(-1+1j),(-1+1j),(-1+1j),(-1-1j),(1-1j),(-1-1j),(-1-1j),(-1+1j),(1-1j),(-1+1j),(-1-1j),(-1-1j),(-1+1j),(1-1j),(-1+1j),(-1-1j),(-1-1j),(-1+1j),(-1-1j),(1-1j),(1-1j),(-1-1j),(1-1j),(-1+1j),(-1+1j),(1-1j),(-1+1j),(1+1j),(-1-1j),(1+1j),(-1+1j),(1-1j),(-1+1j),(-1+1j),(1+1j),(-1-1j),(1+1j),(-1+1j),(-1+1j),(1+1j),(-1+1j),(1+1j),(-1-1j),(1+1j),(-1-1j),(-1-1j),(-1-1j),(-1-1j),(1+1j),(-1-1j),(-1+1j),(1-1j),(-1+1j),(-1+1j),(1-1j),(1-1j),(-1+1j),(1+1j),(1-1j),(-1+1j),(-1+1j),(1+1j),(1-1j),(-1+1j),(-1-1j),(-1+1j),(1-1j),(1-1j),(-1-1j),(-1+1j),(-1+1j),(-1-1j),(1+1j),(1+1j),(-1+1j),(1-1j),(1-1j),(-1-1j),(1-1j),(1-1j),(-1-1j),(1+1j),(-1-1j),(-1-1j),(1-1j),(-1+1j),(-1-1j),(1-1j),(1-1j),(-1-1j),(1-1j),(1+1j),(-1-1j),(1+1j),(1-1j),(-1+1j),(-1+1j),(-1-1j),(1-1j),(-1-1j),(-1-1j),(-1+1j),(1-1j),(1-1j),(-1-1j),(1+1j),(-1-1j),(-1+1j),(-1+1j),(-1+1j),(1-1j),(1-1j),(-1-1j),(-1+1j),(1+1j),(-1-1j),(-1-1j),(1+1j),(1-1j),(-1+1j),(1+1j),(1-1j),(-1-1j),(-1+1j),(-1+1j),(-1-1j),(1-1j),(1-1j),(-1-1j),(-1-1j),(-1+1j),(1+1j),(-1+1j),(-1-1j),(-1+1j),(1-1j),(-1+1j),(1-1j),(1+1j),(-1+1j),(1-1j),(1-1j),(-1-1j),(-1+1j),(-1+1j),(-1+1j),(1+1j),(1-1j),(1-1j),(-1+1j),(1+1j),(1-1j),(-1+1j),(1+1j),(1-1j),(-1-1j),(-1-1j),(-1-1j),(-1-1j),(1-1j),(-1-1j),(1+1j),(-1-1j),(-1+1j),(-1+1j),(1+1j),(-1+1j),(-1-1j),(-1-1j),(-1+1j),(-1-1j),(-1-1j),(-1+1j),(-1+1j),(-1+1j),(1+1j),(-1-1j),(1-1j),(-1+1j),(-1+1j),(1+1j),(-1+1j),(-1+1j),(-1+1j),(-1-1j),(-1-1j),(1+1j),(1-1j),(-1-1j),(1-1j),(-1-1j),(-1-1j),(1-1j),(-1-1j),(1+1j),(1-1j),(-1+1j),(-1+1j),(1-1j),(-1+1j),(-1-1j),(-1+1j),(1+1j),(-1-1j),(1+1j),(1+1j),(-1-1j),(1-1j),(-1+1j),(1-1j),(1+1j),(-1-1j),(-1-1j),(1+1j),(1+1j),(-1+1j),(1-1j),(1-1j),(1-1j),(-1+1j),(1-1j),(-1-1j),(-1+1j),(-1+1j),(1+1j),(-1-1j),(1-1j),(-1-1j),(1+1j),(1+1j),(-1+1j),(1-1j),(-1-1j),(-1-1j),(-1-1j),(1-1j),(-1-1j),(-1+1j),(-1+1j),(-1-1j),(1-1j),(1-1j),(-1-1j),(1-1j),(-1+1j),(-1-1j),(-1-1j),(1-1j),(-1-1j),(1+1j),(1-1j),(-1-1j),(1+1j),(1-1j),(-1-1j),(-1-1j),(1+1j),(-1-1j),(1-1j),(1-1j),(-1+1j),(-1-1j),(-1-1j),(-1-1j),(1+1j),(-1+1j),(-1+1j),(-1+1j),(-1+1j),(1+1j),(1+1j),(1+1j),(-1-1j),(-1+1j),(-1-1j),(1+1j),(1-1j),(-1-1j),(-1-1j),(1+1j),(1-1j),(-1-1j),(1+1j),(1-1j),(-1-1j),(1-1j),(1-1j),(-1-1j),(-1-1j),(1-1j),(-1-1j),(1+1j),(1+1j),(-1-1j),(1+1j),(1+1j),(-1+1j),(-1-1j),(-1+1j),(-1+1j),(1+1j),(-1+1j),(-1+1j),(-1-1j),(-1+1j),(-1+1j),(1-1j),(-1-1j),(1-1j),(1-1j),(-1+1j),(-1-1j),(-1-1j),(1+1j),(-1+1j),(-1+1j),(1-1j),(-1-1j),(1+1j),(1-1j),(-1-1j),(-1+1j),(1-1j),(-1-1j),(1-1j),(1-1j),(1-1j),(1+1j),(-1-1j),(-1-1j),(-1-1j),(-1-1j),(1-1j),(-1+1j),(-1-1j),(-1-1j),(1+1j),(-1+1j),(-1+1j),(1-1j),(-1+1j),(-1-1j),(1+1j),(1-1j),(-1+1j),(-1+1j),(1+1j),(-1+1j),(1-1j),(1-1j),(-1-1j),(-1-1j),(1+1j),(-1-1j),(1+1j),(1+1j),(1-1j),(1-1j),(1-1j),(-1-1j),(1-1j),(-1+1j),(-1-1j),(1+1j),(1-1j),(-1-1j),(-1-1j),(-1+1j),(-1-1j),(1+1j),(-1+1j),(-1+1j),(1+1j),(1+1j),(-1+1j),(1+1j),(-1-1j),(-1-1j),(1-1j),(-1-1j),(-1+1j),(-1-1j),(1-1j),(-1-1j),(1-1j),(1+1j),(-1-1j),(-1+1j),(-1+1j),(-1+1j),(-1+1j),(-1+1j),(-1-1j),(-1-1j),(-1-1j),(1-1j),(-1-1j),(-1+1j),(-1+1j),(1-1j),(1-1j),(-1+1j),(1-1j),(-1-1j),(-1+1j),(1+1j),(1+1j),(-1-1j),(-1-1j),(-1-1j),(-1-1j),(1-1j),(-1+1j),(-1-1j),(1+1j),(-1+1j),(1-1j),(1+1j),(-1-1j),(-1-1j),(1-1j),(-1+1j),(-1+1j),(1+1j),(-1-1j),(1+1j),(-1+1j),(-1+1j),(-1+1j),(-1+1j),(1+1j),(-1+1j),(1+1j),(-1+1j),(1+1j),(-1-1j),(-1+1j),(1+1j),(1+1j),(1+1j),(-1+1j),(-1-1j),(1+1j),(-1+1j),(-1+1j),(1+1j),(-1-1j),(-1-1j),(1-1j),(-1-1j),(1+1j),(1-1j),(-1-1j),(-1-1j),(-1-1j),(1-1j),(1+1j),(1-1j),(-1-1j),(-1-1j),(1-1j),(-1+1j),(1-1j),(-1-1j),(-1+1j),(1+1j),(-1-1j),(-1-1j),(-1-1j),(-1+1j),(-1+1j),(1-1j),(-1-1j),(1+1j),(-1-1j),(-1+1j),(-1-1j),(-1-1j),(-1-1j),(-1+1j),(1+1j),(-1-1j),(-1-1j),(1-1j),(-1-1j),(-1-1j),(-1-1j),(1-1j),(-1-1j),(1-1j),(-1-1j),(-1-1j),(-1+1j),(-1-1j),(-1-1j),(1+1j),(1+1j),(-1+1j),(-1+1j),(-1-1j),(-1+1j),(-1+1j),(-1+1j),(-1-1j),(1+1j),(1+1j),(1-1j),(1-1j),(1+1j),(1-1j),(1-1j),(-1+1j),(-1+1j),(1+1j),(-1-1j),(-1+1j),(1-1j),(1-1j),(1+1j),(1+1j),(-1-1j),(1-1j),(-1-1j),(-1+1j),(-1+1j),(-1+1j),(1+1j),(1+1j),(-1-1j),(1-1j),(-1+1j),(-1-1j),(-1+1j),(1+1j),(-1+1j),(-1+1j),(-1+1j),(1-1j),(1-1j),(1+1j),(1+1j),(-1-1j),(-1-1j),(-1-1j),(-1+1j),(1+1j),(-1-1j),(-1+1j),(1+1j),(1+1j),(-1+1j),(1+1j),(-1+1j),(1+1j),(-1+1j),(1-1j),(1-1j),(1+1j),(1+1j),(1+1j),(-1+1j),(1+1j),(-1-1j),(-1-1j),(1+1j),(1+1j),(1-1j),(1+1j),(1+1j),(-1+1j),(-1+1j),(-1+1j),(-1-1j),(1-1j),(-1+1j),(1+1j),(-1-1j),(1-1j),(-1+1j),(-1+1j),(-1+1j),(1-1j),(-1+1j),(-1-1j),(-1-1j),(1+1j),(1-1j),(-1+1j),(1-1j),(1+1j),(-1-1j),(1-1j),(-1+1j),(-1+1j),(-1-1j),(1+1j),(1-1j),(1+1j),(1+1j),(1+1j),(-1-1j),(-1+1j),(-1+1j),(1+1j),(-1+1j),(1-1j),(1-1j),(1+1j),(1-1j),(-1+1j),(-1+1j),(1+1j),(-1-1j),(-1-1j),(1+1j),(1-1j),(-1+1j),(-1-1j),(1+1j),(1+1j),(1-1j),(1+1j),(-1+1j),(-1+1j),(1+1j),(-1+1j),(1-1j),(1+1j),(-1-1j),(-1+1j),(1-1j),(-1+1j),(1+1j),(-1+1j),(1-1j),(-1+1j),(-1-1j),(1+1j),(1+1j),(-1-1j),(-1-1j),(1-1j),(-1-1j),(1+1j),(-1-1j),(-1-1j),(-1+1j),(1+1j),(1-1j),(1+1j),(-1-1j),(1+1j),(-1-1j),(1+1j),(1+1j),(1+1j),(1-1j),(1+1j),(-1+1j),(1+1j),(1+1j),(1-1j),(1+1j),(1+1j),(1+1j),(1+1j),(-1+1j),(1+1j),(1-1j),(1+1j),(1+1j),(1-1j),(1+1j),(-1+1j),(-1+1j),(1+1j),(-1+1j),(1+1j),(1+1j),(1+1j),(1-1j),(1-1j),(1-1j),(1+1j),(1+1j),(1-1j),(1+1j),(1+1j),(-1-1j),(1-1j),(1+1j),(1-1j),(-1+1j),(1+1j),(1-1j),(1-1j),(1+1j),(-1-1j),(1-1j),(-1-1j),(1+1j),(1-1j),(1-1j),(1+1j),(-1+1j),(1+1j),(1-1j),(1-1j),(1+1j),(1-1j),(-1+1j),(-1-1j),(-1-1j),(1+1j),(-1-1j),(1-1j),(1-1j),(1-1j),(-1+1j),(1+1j),(-1-1j),(1+1j),(1+1j),(1+1j),(1-1j),(1+1j),(1+1j),(1-1j),(1+1j),(1+1j),(1-1j),(-1+1j),(1+1j),(1-1j),(1+1j),(1+1j),(1+1j),(1-1j),(1-1j),(1-1j),(1-1j),(1+1j),(1+1j),(1-1j),(-1-1j),(-1+1j),(1+1j),(-1-1j),(-1+1j),(-1-1j),(-1-1j),(1+1j),(1+1j),(1+1j),(1-1j),(1+1j),(1+1j),(-1+1j),(1-1j),(1+1j),(1+1j),(-1+1j),(-1-1j),(-1-1j),(1+1j),(-1-1j),(1+1j),(1+1j),(1+1j),(1+1j),(-1+1j),(-1+1j),(-1-1j),(1+1j),(-1-1j),(1-1j),(1+1j),(1+1j),(-1+1j),(1+1j),(1-1j),(-1-1j),(-1-1j),(-1+1j),(-1-1j),(1+1j),(1+1j),(-1-1j),(-1+1j),(-1+1j),(1-1j),(-1-1j),(-1-1j),(-1+1j),(-1+1j),(1+1j),(1-1j),(-1-1j),(-1+1j),(1-1j),(1+1j),(-1+1j),(1-1j),(-1+1j),(-1+1j),(1-1j),(-1+1j),(-1+1j),(1-1j),(-1-1j),(-1-1j),(1-1j),(-1+1j),(-1+1j),(1-1j),(-1+1j),(1-1j),(-1+1j),(-1+1j),(1-1j),(-1-1j),(-1+1j),(-1-1j),(-1-1j),(1+1j),(1+1j),(-1-1j),(-1+1j),(1+1j),(1+1j),(1-1j),(1+1j),(1+1j),(-1+1j),(-1+1j),(-1+1j),(1+1j),(-1+1j),(1-1j),(-1+1j),(-1-1j),(1+1j),(-1+1j),(-1+1j),(1+1j),(1-1j),(-1+1j),(1+1j),(1+1j),(1-1j),(-1+1j),(-1+1j),(-1+1j),(-1-1j),(-1-1j),(1-1j),(-1-1j),(-1-1j),(-1+1j),(1+1j),(-1-1j),(-1-1j),(-1-1j),(1+1j),(1-1j),(-1-1j),(1+1j),(1+1j),(-1-1j),(-1-1j),(-1+1j),(-1+1j),(1+1j),(1+1j),(-1-1j),(1-1j),(-1+1j),(1+1j),(-1+1j),(1+1j),(-1+1j),(-1+1j),(1+1j),(1-1j),(-1+1j),(1+1j),(1+1j),(-1+1j),(-1+1j),(1+1j),(1+1j),(1+1j),(1-1j),(-1+1j),(1+1j),(1+1j),(-1-1j),(-1-1j),(1+1j),(-1-1j),(-1-1j),(1-1j),(1+1j),(-1+1j),(-1+1j),(1-1j),(-1-1j),(-1+1j),(1+1j),(1+1j),(1+1j),(1+1j),(1+1j),(1-1j),(1-1j),(1+1j),(1-1j),(-1-1j),(-1+1j),(-1+1j),(1+1j),(-1+1j),(1+1j),(1+1j),(-1-1j),(-1+1j),(1+1j),(1+1j),(-1-1j),(-1-1j),(-1+1j),(1-1j),(-1-1j),(1+1j),(-1-1j),(1-1j),(1+1j),(1-1j),(1+1j),(-1+1j),(1-1j),(1+1j),(1+1j),(1-1j),(1+1j),(-1+1j),(1-1j),(-1+1j),(1+1j),(-1-1j),(-1+1j),(1-1j),(1+1j),(-1-1j),(1+1j),(-1+1j),(1-1j),(1-1j),(1+1j),(-1+1j),(-1+1j),(-1+1j),(-1-1j),(-1-1j),(1-1j),(-1-1j),(1-1j),(-1-1j),(1+1j),(-1-1j),(-1-1j),(1+1j),(-1-1j),(1-1j),(-1+1j),(1-1j),(1+1j),(-1+1j),(1-1j),(-1+1j),(-1+1j),(1-1j),(-1+1j),(1-1j),(1+1j),(-1+1j),(-1+1j),(1-1j),(-1+1j),(1-1j),(1+1j),(-1-1j),(1+1j),(-1+1j),(1+1j),(1-1j),(-1-1j),(-1+1j),(1+1j),(-1-1j),(-1+1j),(1-1j),(-1-1j),(1-1j),(1-1j),(1-1j),(-1-1j),(-1-1j),(-1+1j),(1-1j),(-1-1j),(1+1j),(-1-1j),(-1-1j),(-1-1j),(-1-1j),(1-1j),(1-1j),(1-1j),(-1-1j),(-1-1j),(1-1j),(1-1j),(1-1j),(-1-1j),(-1+1j),(-1+1j),(1+1j),(1+1j),(1+1j),(1+1j),(-1-1j),(-1+1j),(1+1j),(-1+1j),(1-1j),(1+1j),(-1-1j),(-1+1j),(1-1j),(-1-1j),(1+1j),(-1-1j),(1-1j),(-1+1j),(1-1j),(1+1j),(1+1j),(1+1j),(1+1j),(1+1j),(-1+1j),(1+1j),(1+1j),(-1-1j),(1-1j),(1-1j),(1-1j),(1-1j),(1+1j),(-1-1j),(-1+1j),(1-1j),(1-1j),(1-1j),(1-1j),(-1+1j),(1+1j),(1+1j),(-1-1j),(1-1j),(1-1j),(-1+1j),(1-1j),(1+1j),(-1-1j),(1+1j),(1+1j),(1-1j),(1+1j),(1+1j),(1-1j),(1+1j),(1+1j),(1-1j),(1-1j),(1-1j),(1+1j),(-1-1j),(1+1j),(-1+1j),(1-1j),(1+1j),(-1-1j),(1+1j),(1-1j),(-1-1j),(1+1j),(-1-1j),(1+1j),(1+1j),(-1+1j),(-1+1j),(1-1j),(1+1j),(1-1j),(-1+1j),(1-1j),(1+1j),(1-1j),(1-1j),(-1+1j),(1+1j),(1-1j),(1+1j),(-1+1j),(1+1j),(1-1j),(-1-1j),(1+1j),(1-1j),(1+1j),(1-1j),(-1+1j),(1+1j),(1+1j),(1+1j),(-1+1j),(1+1j),(1-1j),(1-1j),(1+1j),(1-1j),(1+1j),(1-1j),(-1+1j),(1+1j),(1+1j),(1-1j),(-1+1j),(1+1j),(1+1j),(-1+1j),(1+1j),(1-1j),(-1+1j),(1-1j),(1-1j),(1-1j),(1-1j),(-1-1j),(-1+1j),(-1+1j),(1+1j),(-1-1j),(1-1j),(1+1j),(1-1j),(-1+1j),(1-1j),(-1+1j),(1+1j),(1-1j),(1-1j),(1-1j),(-1+1j),(-1+1j),complex_number
