8_167545754_167553038,(-1+1j),(1-1j),(-1+1j),(-1-1j),(-1+1j),(1+1j),(-1+1j),(-1+1j),(-1+1j),(-1-1j),(1+1j),(-1-1j),(-1+1j),(-1+1j),(-1-1j),(-1-1j),(-1+1j),(1-1j),(1+1j),(-1+1j),(-1-1j),(1+1j),(1-1j),(1-1j),(-1+1j),(-1+1j),(1+1j),(1-1j),(1-1j),(1-1j),(-1-1j),(-1-1j),(-1-1j),(1-1j),(1+1j),(-1-1j),(1-1j),(-1-1j),(-1-1j),(1-1j),(-1-1j),(-1-1j),(1+1j),(-1+1j),(-1+1j),(-1-1j),(-1+1j),(1-1j),(1-1j),(1+1j),(1+1j),(-1+1j),(-1+1j),(1+1j),(1+1j),(-1-1j),(1-1j),(-1+1j),(-1-1j),(-1-1j),(-1+1j),(-1+1j),(-1+1j),(1+1j),(-1+1j),(1-1j),(1-1j),(-1+1j),(1+1j),(1-1j),(1+1j),(-1+1j),(-1+1j),(1-1j),(-1-1j),(1-1j),(-1+1j),(1+1j),(1+1j),(-1-1j),(1+1j),(-1+1j),(1-1j),(1+1j),(-1-1j),(-1+1j),(1-1j),(1+1j),(-1+1j),(1+1j),(1+1j),(-1+1j),(1+1j),(-1-1j),(1-1j),(-1-1j),(-1+1j),(1+1j),(-1-1j),(1-1j),(1+1j),(1-1j),(1-1j),(-1-1j),(-1-1j),(-1+1j),(-1-1j),(-1-1j),(1+1j),(-1-1j),(1-1j),(1-1j),(-1-1j),(1-1j),(1+1j),(-1+1j),(1+1j),(1-1j),(-1-1j),(1-1j),(-1+1j),(-1+1j),(-1+1j),(-1-1j),(-1-1j),(-1-1j),(1-1j),(-1+1j),(-1-1j),(1-1j),(1-1j),(1-1j),(-1-1j),(1-1j),(-1+1j),(1-1j),(-1+1j),(-1+1j),(1+1j),(1-1j),(-1-1j),(-1-1j),(1-1j),(-1-1j),(1-1j),(1+1j),(-1+1j),(-1+1j),(1+1j),(1+1j),(1+1j),(-1-1j),(1+1j),(1+1j),(-1-1j),(1+1j),(1-1j),(1+1j),(-1-1j),(1-1j),(-1-1j),(1-1j),(-1+1j),(1+1j),(1+1j),(1+1j),(-1+1j),(1+1j),(-1-1j),(1+1j),(-1-1j),(-1-1j),(1+1j),(1+1j),(-1+1j),(1+1j),(-1+1j),(1+1j),(-1-1j),(1-1j),(1-1j),(-1+1j),(1+1j),(-1+1j),(-1+1j),(1-1j),(-1+1j),(1-1j),(-1+1j),(1+1j),(1-1j),(1-1j),(1-1j),(-1+1j),(1-1j),(-1-1j),(-1-1j),(-1+1j),(1+1j),(-1-1j),(1-1j),(1+1j),(-1-1j),(1-1j),(1-1j),(-1-1j),(-1+1j),(1+1j),(1-1j),(-1-1j),(1+1j),(1+1j),(-1-1j),(-1+1j),(-1+1j),(1-1j),(1-1j),(-1-1j),(-1-1j),(-1-1j),(1-1j),(1+1j),(-1+1j),(1+1j),(-1+1j),(1+1j),(1-1j),(-1+1j),(1-1j),(-1-1j),(1+1j),(1+1j),(1-1j),(1-1j),(1-1j),(-1+1j),(1+1j),(-1-1j),(1-1j),(1-1j),(-1+1j),(1+1j),(-1-1j),(1+1j),(1-1j),(1-1j),(1+1j),(1-1j),(-1+1j),(1+1j),(1-1j),(-1+1j),(-1+1j),(-1-1j),(-1+1j),(1+1j),(-1-1j),(1+1j),(-1+1j),(1+1j),(-1-1j),(1+1j),(-1+1j),(-1-1j),(-1-1j),(1-1j),(-1+1j),(1+1j),(-1-1j),(1+1j),(-1+1j),(-1-1j),(-1-1j),(1+1j),(1+1j),(1+1j),(-1-1j),(1+1j),(1+1j),(-1+1j),(-1+1j),(1+1j),(1+1j),(1-1j),(-1+1j),(1+1j),(1+1j),(1+1j),(1-1j),(-1+1j),(-1+1j),(1-1j),(-1+1j),(-1-1j),(1+1j),(1+1j),(-1-1j),(1+1j),(1-1j),(1+1j),(1-1j),(-1-1j),(1-1j),(1-1j),(-1-1j),(1+1j),(-1-1j),(1+1j),(-1-1j),(-1+1j),(-1+1j),(1-1j),(-1-1j),(1-1j),(-1-1j),(1-1j),(-1-1j),(-1+1j),(1-1j),(-1-1j),(-1+1j),(1+1j),(1+1j),(-1-1j),(1+1j),(1-1j),(-1+1j),(1+1j),(-1-1j),(1-1j),(-1+1j),(-1+1j),(-1-1j),(-1-1j),(1+1j),(1-1j),(-1-1j),(-1-1j),(-1-1j),(1+1j),(-1+1j),(1+1j),(1+1j),(1+1j),(1+1j),(-1-1j),(1+1j),(1-1j),(1-1j),(1+1j),(-1-1j),(-1+1j),(1-1j),(1-1j),(1+1j),(1-1j),(-1-1j),(-1+1j),(-1-1j),(-1-1j),(1+1j),(1+1j),(1-1j),(1-1j),(-1+1j),(1-1j),(-1+1j),(-1+1j),(1-1j),(1+1j),(1-1j),(1+1j),(1+1j),(-1+1j),(1+1j),(1+1j),(-1+1j),(1+1j),(-1-1j),(1-1j),(1-1j),(1+1j),(-1+1j),(-1+1j),(1+1j),(-1-1j),(-1-1j),(-1+1j),(-1+1j),(1+1j),(-1-1j),(-1+1j),(1-1j),(1-1j),(-1-1j),(1+1j),(1+1j),(-1-1j),(1+1j),(1-1j),(-1-1j),(1-1j),(-1+1j),(1+1j),(-1+1j),(-1+1j),(1+1j),(1-1j),(1-1j),(1-1j),(-1+1j),(1+1j),(1-1j),(-1-1j),(-1+1j),(-1-1j),(-1+1j),(1-1j),(1+1j),(1-1j),(1+1j),(1-1j),(-1-1j),(-1-1j),(1+1j),(1+1j),(-1-1j),(-1-1j),(1+1j),(-1-1j),(1-1j),(1-1j),(-1-1j),(1-1j),(1+1j),(-1-1j),(1+1j),(1+1j),(-1+1j),(1-1j),(-1+1j),(-1+1j),(-1-1j),(1-1j),(1-1j),(-1-1j),(-1+1j),(1+1j),(1+1j),(1-1j),(-1-1j),(-1-1j),(-1-1j),(1+1j),(1-1j),(-1+1j),(1+1j),(-1-1j),(-1+1j),(-1+1j),(1-1j),(-1-1j),(-1-1j),(1+1j),(-1-1j),(1+1j),(1+1j),(1+1j),(1+1j),(-1-1j),(-1+1j),(1+1j),(1+1j),(-1-1j),(1-1j),(-1-1j),(1-1j),(1-1j),(1-1j),(-1-1j),(-1-1j),(1-1j),(-1+1j),(-1+1j),(1+1j),(-1-1j),(1+1j),(-1+1j),(1+1j),(1-1j),(1-1j),(1-1j),(1-1j),(1+1j),(-1+1j),(1+1j),(-1+1j),(-1-1j),(1+1j),(1+1j),(-1-1j),(-1+1j),(1-1j),(-1-1j),(1+1j),(1+1j),(-1-1j),(1+1j),(-1-1j),(1+1j),(1+1j),(-1+1j),(1+1j),(1-1j),(-1+1j),(1+1j),(1+1j),(-1-1j),(1+1j),(1-1j),(-1-1j),(-1-1j),(1-1j),(1-1j),(-1+1j),(-1-1j),(-1-1j),(-1-1j),(1+1j),(-1-1j),(1+1j),(1+1j),(-1+1j),(1+1j),(1-1j),(-1-1j),(1+1j),(1+1j),(-1-1j),(1+1j),(1-1j),(1+1j),(-1-1j),(-1+1j),(-1-1j),(-1+1j),(1+1j),(1+1j),(1-1j),(-1+1j),(1+1j),(1+1j),(-1-1j),(-1-1j),(-1+1j),(1+1j),(-1-1j),(1-1j),(-1-1j),(1+1j),(1+1j),(-1-1j),(1-1j),(1-1j),(1+1j),(1-1j),(-1-1j),(-1+1j),(1+1j),(-1-1j),(1+1j),(-1+1j),(1+1j),(-1+1j),(1+1j),(1+1j),(-1-1j),(1+1j),(1+1j),(-1-1j),(-1-1j),(1+1j),(-1-1j),(1+1j),(-1-1j),(1+1j),(-1-1j),(1-1j),(1-1j),(-1-1j),(1+1j),(-1-1j),(1-1j),(1-1j),(1-1j),(1-1j),(-1-1j),(1+1j),(1+1j),(-1-1j),(1-1j),(-1+1j),(-1-1j),(-1-1j),(1+1j),(-1-1j),(1+1j),(1-1j),(1-1j),(1-1j),(1-1j),(-1-1j),(1-1j),(-1+1j),(1-1j),(1+1j),(-1+1j),(-1+1j),(1-1j),(1+1j),(1+1j),(1+1j),(-1-1j),(-1-1j),(1-1j),(1+1j),(1-1j),(-1+1j),(-1-1j),(-1+1j),(-1+1j),(1-1j),(1+1j),(1-1j),(-1+1j),(1+1j),(-1-1j),(1+1j),(-1-1j),(1+1j),(1+1j),(-1-1j),(1-1j),(-1+1j),(1+1j),(-1-1j),(1+1j),(1+1j),(-1-1j),(1+1j),(1-1j),(1-1j),(-1+1j),(1+1j),(-1-1j),(1+1j),(-1-1j),(1-1j),(-1+1j),(1+1j),(1+1j),(1+1j),(-1-1j),(-1-1j),(-1+1j),(1+1j),(1+1j),(-1-1j),(-1+1j),(1-1j),(1+1j),(-1-1j),(-1+1j),(1+1j),(-1+1j),(-1+1j),(-1+1j),(-1+1j),(-1-1j),(1+1j),(1-1j),(1+1j),(1-1j),(-1-1j),(1-1j),(1-1j),(-1-1j),(-1-1j),(1-1j),(-1+1j),(1-1j),(-1-1j),(1-1j),(1+1j),(1-1j),(-1+1j),(1+1j),(-1-1j),(1+1j),(1-1j),(1-1j),(-1+1j),(1-1j),(-1+1j),(-1-1j),(-1+1j),(1+1j),(1+1j),(1+1j),(-1-1j),(-1+1j),(-1-1j),(1-1j),(-1-1j),(-1-1j),(1+1j),(-1-1j),(1+1j),(1+1j),(-1-1j),(1-1j),(-1-1j),(-1-1j),(-1+1j),(-1+1j),(1-1j),(1+1j),(1-1j),(-1+1j),(1+1j),(-1-1j),(-1+1j),(1-1j),(1-1j),(1+1j),(-1-1j),(1-1j),(-1+1j),(1-1j),(-1-1j),(-1+1j),(1-1j),(1+1j),(-1-1j),(1+1j),(1+1j),(-1-1j),(-1-1j),(1-1j),(1-1j),(1-1j),(-1-1j),(1-1j),(-1+1j),(1+1j),(-1-1j),(-1+1j),(-1-1j),(-1-1j),(1-1j),(-1-1j),(-1+1j),(1+1j),(1-1j),(-1-1j),(1+1j),(1-1j),(-1-1j),(1-1j),(-1+1j),(1-1j),(1-1j),(1-1j),(-1+1j),(1+1j),(1-1j),(-1-1j),(1-1j),(-1-1j),(1-1j),(-1+1j),(1-1j),(-1+1j),(1+1j),(-1-1j),(1-1j),(1-1j),(-1-1j),(1+1j),(1+1j),(-1-1j),(1+1j),(1+1j),(-1-1j),(1-1j),(-1-1j),(-1+1j),(-1+1j),(1-1j),(-1-1j),(-1+1j),(1-1j),(1-1j),(-1-1j),(1-1j),(-1-1j),(-1+1j),(-1+1j),(1+1j),(-1-1j),(1+1j),(1+1j),(-1-1j),(1+1j),(1+1j),(-1+1j),(1+1j),(-1-1j),(1-1j),(1-1j),(-1-1j),(-1+1j),(-1+1j),(1+1j),(-1-1j),(1-1j),(-1-1j),(-1-1j),(1+1j),(1+1j),(-1-1j),(-1-1j),(1-1j),(-1+1j),(1-1j),(1+1j),(-1-1j),(1+1j),(1+1j),(-1-1j),(1-1j),(-1+1j),(-1+1j),(1+1j),(1+1j),(-1-1j),(1+1j),(1+1j),(-1-1j),(1+1j),(-1+1j),(1-1j),(1-1j),(-1-1j),(1+1j),(-1+1j),(-1+1j),(1-1j),(1+1j),(-1+1j),(1+1j),(1-1j),(1+1j),(-1-1j),(1+1j),(-1-1j),(1+1j),(1+1j),(-1-1j),(1-1j),(-1+1j),(1+1j),(-1-1j),(1-1j),(-1-1j),(-1+1j),(1+1j),(-1-1j),(1+1j),(1-1j),(1-1j),(-1+1j),(1-1j),(1-1j),(-1-1j),(1+1j),(-1-1j),(1+1j),(1-1j),(1-1j),(-1-1j),(-1+1j),(1+1j),(-1-1j),(1+1j),(-1+1j),(1+1j),(-1-1j),(-1-1j),(-1-1j),(1-1j),(-1+1j),(1+1j),(-1+1j),(-1+1j),(-1+1j),(-1-1j),(-1-1j),(1+1j),(-1-1j),(-1-1j),(1+1j),(1+1j),(1+1j),(1+1j),(-1+1j),(1-1j),(1+1j),(-1+1j),(-1+1j),(1+1j),(-1-1j),(1+1j),(1+1j),(1+1j),(-1-1j),(1-1j),(-1-1j),(1-1j),(1+1j),(1+1j),(1+1j),(-1-1j),(1-1j),(-1+1j),(1+1j),(-1-1j),(1+1j),(1-1j),(-1-1j),(-1-1j),(-1-1j),(-1-1j),(1-1j),(-1+1j),(1+1j),(-1+1j),(-1+1j),(1+1j),(-1+1j),(1-1j),(-1+1j),(1-1j),(-1-1j),(1+1j),(-1-1j),(-1-1j),(1+1j),(1+1j),(-1-1j),(1+1j),(1+1j),(-1-1j),(-1+1j),(1+1j),(1+1j),(-1+1j),(-1+1j),(1-1j),(-1-1j),(-1-1j),(-1-1j),(1+1j),(-1-1j),(-1+1j),(-1-1j),(1-1j),(-1-1j),(1+1j),(1+1j),(-1-1j),(1+1j),(1-1j),(-1-1j),(1+1j),(1-1j),(-1+1j),(1-1j),(-1-1j),(1+1j),(1-1j),(-1-1j),(-1-1j),(-1+1j),(-1+1j),(1+1j),(1+1j),(-1-1j),(1-1j),(1+1j),(1-1j),(-1+1j),(-1+1j),(1-1j),(-1+1j),(1+1j),(1+1j),(-1+1j),(1-1j),(-1+1j),(1-1j),(1-1j),(1-1j),(-1-1j),(-1+1j),(1-1j),(-1-1j),(-1-1j),(-1+1j),(-1+1j),(1+1j),(1+1j),(-1+1j),(-1+1j),(1-1j),(1-1j),(-1-1j),(1+1j),(1+1j),(1-1j),(-1+1j),(1-1j),(-1+1j),(-1-1j),(1+1j),(-1-1j),(-1-1j),(-1-1j),(-1+1j),(-1-1j),(1+1j),(-1-1j),(1+1j),(1-1j),(1-1j),(-1+1j),(1-1j),(1-1j),(1-1j),(1-1j),(1+1j),(1+1j),(-1-1j),(-1-1j),(-1-1j),(-1-1j),(-1-1j),(1+1j),(1-1j),(1+1j),(-1-1j),(-1-1j),(1-1j),(1-1j),(1-1j),(-1-1j),(1-1j),(1+1j),(1+1j),(-1+1j),(-1-1j),(-1+1j),(-1+1j),(-1+1j),(1-1j),(-1-1j),(1+1j),(1+1j),(1-1j),(1+1j),(1-1j),(-1-1j),(-1-1j),(-1-1j),(-1-1j),(-1-1j),(1-1j),(1+1j),(-1-1j),(1+1j),(1+1j),(1-1j),(1-1j),(1-1j),(1-1j),(1-1j),(1-1j),(-1+1j),(1-1j),(1-1j),(-1+1j),(1-1j),(1-1j),(1-1j),(1+1j),(1+1j),(1-1j),(1+1j),(-1+1j),(1-1j),(-1+1j),(1+1j),(-1+1j),(-1+1j),(1+1j),(1+1j),(1+1j),(1-1j),(1-1j),(-1+1j),(1+1j),(-1-1j),(-1-1j),(-1+1j),(-1-1j),(1-1j),(1-1j),(1+1j),(-1+1j),(1+1j),(-1+1j),(1-1j),(-1+1j),(1-1j),(1-1j),(1-1j),(1-1j),(-1+1j),(1-1j),(-1+1j),(1-1j),(1-1j),(-1+1j),(1+1j),(-1+1j),(-1-1j),(1-1j),(1-1j),(1-1j),(-1+1j),(-1-1j),(-1+1j),(1-1j),(-1+1j),(-1+1j),(1-1j),(1-1j),(-1+1j),(1-1j),(1-1j),(-1+1j),(-1+1j),(-1+1j),(1+1j),(1+1j),(1-1j),(1-1j),(1-1j),(1-1j),(1+1j),(1+1j),(1+1j),(-1-1j),(-1+1j),(1+1j),(-1-1j),(1-1j),(1+1j),(1-1j),(1+1j),(1+1j),(-1+1j),(-1-1j),(1+1j),(-1+1j),(1-1j),(-1-1j),(-1-1j),(-1+1j),(-1-1j),(1-1j),(-1+1j),(-1+1j),(-1-1j),(1-1j),(1+1j),(1-1j),(-1+1j),(-1-1j),(1-1j),(-1-1j),(1-1j),(-1-1j),(1-1j),(1+1j),(1+1j),(1+1j),(-1+1j),(1+1j),(1+1j),(1+1j),(1+1j),(1+1j),(-1+1j),(-1+1j),(1-1j),(1+1j),(1+1j),(-1-1j),(1-1j),(1-1j),(-1-1j),(1+1j),(-1+1j),(1+1j),(1-1j),(-1-1j),(-1-1j),(-1-1j),(1-1j),(-1-1j),(1-1j),(1-1j),(-1-1j),(-1+1j),(1+1j),(1-1j),(-1+1j),(1+1j),(1-1j),(-1-1j),(-1+1j),(1-1j),(-1-1j),(1+1j),(1+1j),(-1-1j),(-1+1j),(1+1j),(1-1j),(1+1j),(1-1j),(1-1j),(1-1j),(-1+1j),(1-1j),(1-1j),(1-1j),(1-1j),(1+1j),(1-1j),(-1+1j),(1-1j),(-1-1j),(1+1j),(1-1j),(-1-1j),(1-1j),(-1+1j),(-1-1j),(1-1j),(-1-1j),(1-1j),(1-1j),(1-1j),(1+1j),(1+1j),(1-1j),(-1+1j),(-1-1j),(-1+1j),(-1-1j),(1-1j),(-1-1j),(1-1j),(1-1j),(-1+1j),(-1-1j),(1-1j),(-1+1j),(1-1j),(1+1j),(-1-1j),(1-1j),(-1+1j),(1-1j),(1-1j),(-1-1j),(1-1j),(1-1j),(1-1j),(-1+1j),(-1-1j),(-1-1j),(1+1j),(1-1j),(1-1j),(1-1j),(-1+1j),(-1-1j),(1+1j),(1-1j),(1-1j),(-1+1j),(-1-1j),(-1+1j),(-1-1j),(1+1j),(1-1j),(1-1j),(-1-1j),(-1-1j),(1+1j),(-1-1j),(1-1j),(-1+1j),(-1+1j),(-1-1j),(1+1j),(1-1j),(1+1j),(1-1j),(-1-1j),(1-1j),(-1-1j),(-1-1j),(1-1j),(-1+1j),(-1-1j),(1-1j),(-1-1j),(1-1j),(-1-1j),(1-1j),(-1-1j),(1-1j),(1-1j),(-1-1j),(1-1j),(-1-1j),(-1-1j),(-1-1j),(-1+1j),(1-1j),(1-1j),(-1+1j),(1-1j),(-1-1j),(1-1j),(-1+1j),(-1+1j),(-1+1j),(1+1j),(-1-1j),(-1+1j),(-1+1j),(-1+1j),(-1-1j),(-1+1j),(-1-1j),(1+1j),(-1+1j),(-1+1j),(-1+1j),(1+1j),(-1-1j),(-1+1j),(-1+1j),(1-1j),(1+1j),(-1-1j),(-1+1j),(-1+1j),(-1+1j),(-1-1j),(1+1j),(-1+1j),(-1+1j),(-1+1j),(-1-1j),(1+1j),(-1+1j),(-1+1j),(1-1j),(1+1j),(-1-1j),(-1+1j),(-1+1j),(-1+1j),(1+1j),(-1-1j),(-1+1j),(-1+1j),(-1+1j),(-1-1j),(-1-1j),(1-1j),(-1+1j),(1-1j),(-1-1j),(-1-1j),(-1+1j),(-1+1j),(-1+1j),(-1-1j),(-1-1j),(1-1j),(-1-1j),(1-1j),(-1-1j),(-1+1j),(-1+1j),(-1+1j),(-1+1j),(1-1j),(1+1j),(-1-1j),(-1+1j),(-1-1j),(-1+1j),(-1+1j),(-1+1j),(-1+1j),(1-1j),(-1+1j),(1-1j),(-1+1j),(1-1j),(-1+1j),(1-1j),(-1+1j),(1-1j),(-1+1j),(1-1j),(1-1j),(1-1j),(-1+1j),(-1+1j),(-1+1j),(1-1j),(-1+1j),(1+1j),(1-1j),(1-1j),(-1+1j),(1+1j),(1+1j),(1-1j),(1-1j),(1-1j),(1-1j),(-1+1j),(-1+1j),(1-1j),(-1-1j),(1-1j),(-1-1j),(-1+1j),(1+1j),(-1+1j),(1+1j),(1+1j),(-1+1j),(1-1j),(-1+1j),(-1+1j),(-1+1j),(1-1j),(-1+1j),(1-1j),(-1+1j),(1-1j),(1-1j),(-1+1j),(-1+1j),(1+1j),(-1+1j),(-1+1j),(1-1j),(-1+1j),(1-1j),(-1+1j),(1-1j),(-1+1j),(1-1j),(-1+1j),(1-1j),(-1+1j),(1-1j),(-1+1j),(1-1j),(-1+1j),(1-1j),(1-1j),(-1+1j),(-1+1j),(1-1j),(-1+1j),(-1+1j),(1-1j),(1-1j),(-1-1j),(1-1j),(-1-1j),(-1+1j),(-1+1j),(-1+1j),(1-1j),(1+1j),(-1-1j),(-1-1j),(1-1j),(-1-1j),(1+1j),(1-1j),(1-1j),(1-1j),(-1-1j),(-1-1j),(1-1j),(-1-1j),(1+1j),(-1+1j),(1+1j),(-1-1j),(1-1j),(1-1j),(1+1j),(1-1j),(-1+1j),(1+1j),(-1+1j),(-1+1j),(1+1j),(-1-1j),(1+1j),(1-1j),(1-1j),(1-1j),(-1-1j),(-1-1j),(1+1j),(1-1j),(-1+1j),(-1+1j),(-1+1j),(-1+1j),(-1-1j),(1+1j),(-1-1j),(-1-1j),(1-1j),(-1-1j),(1+1j),(-1-1j),(-1+1j),(-1+1j),(-1+1j),(1-1j),(-1+1j),(-1+1j),(-1+1j),(1-1j),(-1+1j),(1-1j),(-1+1j),(1-1j),(-1+1j),(1-1j),(-1+1j),(-1+1j),(-1+1j),(1-1j),(-1+1j),(1-1j),(-1+1j),(-1+1j),(-1+1j),(1-1j),(-1+1j),(-1+1j),(-1+1j),(-1+1j),(-1+1j),(1-1j),(-1+1j),(-1+1j),(-1+1j),(1-1j),(1+1j),(-1-1j),(-1-1j),(-1-1j),(-1+1j),(1-1j),(-1-1j),(-1-1j),(-1-1j),(-1+1j),(1+1j),(1-1j),(1-1j),(-1+1j),(-1-1j),(-1-1j),(1-1j),(-1+1j),(1-1j),(1+1j),(1-1j),(1-1j),(1+1j),(-1-1j),(-1-1j),(-1-1j),(1-1j),(1+1j),(1+1j),(1-1j),(1-1j),(-1+1j),(-1-1j),(-1-1j),(1-1j),(1-1j),(-1+1j),(-1-1j),(-1-1j),(1-1j),(-1+1j),(1-1j),(1+1j),(1-1j),(1-1j),(-1+1j),(-1-1j),(-1-1j),(-1-1j),(1-1j),(1-1j),(1-1j),(-1-1j),(1-1j),(-1-1j),(1+1j),(1+1j),(1+1j),(1-1j),(1-1j),(1-1j),(-1+1j),(-1-1j),(-1-1j),(-1-1j),(1-1j),(1-1j),(-1+1j),(1-1j),(-1-1j),(1+1j),(1+1j),(1+1j),(1+1j),(1+1j),(1-1j),(-1-1j),(1+1j),(-1-1j),(1+1j),(1+1j),(-1+1j),(-1+1j),(1+1j),(1+1j),(1+1j),(1+1j),(1-1j),(1-1j),(1-1j),(1-1j),(1-1j),(1+1j),(1+1j),(1+1j),(1+1j),(1+1j),(1-1j),(1+1j),(1-1j),(1-1j),(1-1j),(1-1j),(1+1j),(-1-1j),(-1-1j),(1+1j),(1+1j),(-1+1j),(-1+1j),(-1-1j),(1+1j),(1+1j),(-1+1j),(-1+1j),(-1+1j),(-1-1j),(1+1j),(1+1j),(1-1j),(1+1j),(-1-1j),(1+1j),(-1+1j),(1-1j),(-1+1j),(1+1j),(-1+1j),(1+1j),(1+1j),(1-1j),(1-1j),(1-1j),(-1+1j),(-1-1j),(-1-1j),(1-1j),(1-1j),(-1+1j),(-1-1j),(-1-1j),(1-1j),(-1+1j),(1-1j),(1+1j),(1-1j),(1-1j),(-1+1j),(-1-1j),(-1-1j),(1-1j),(-1+1j),(-1+1j),(1+1j),(-1+1j),(-1+1j),(-1-1j),(1+1j),(1+1j),(1-1j),(1+1j),(-1-1j),(1+1j),(-1+1j),(-1+1j),(-1+1j),(-1-1j),(1+1j),(1+1j),(1-1j),(1-1j),(-1-1j),(1-1j),(1+1j),(-1-1j),(1+1j),(-1-1j),(1+1j),(-1-1j),(1+1j),(-1+1j),(1-1j),(1+1j),(-1-1j),(1-1j),(1+1j),(1-1j),(1+1j),(1-1j),(1-1j),(1-1j),(1-1j),(1-1j),(-1-1j),(1-1j),(1-1j),(1+1j),(1+1j),(1+1j),(1+1j),(1-1j),(1+1j),(1-1j),(1+1j),(1-1j),(1+1j),(-1+1j),(1+1j),(1+1j),(1-1j),(-1-1j),(1+1j),(1+1j),(1-1j),(1+1j),(1+1j),(1-1j),(1-1j),(1+1j),(1+1j),(1-1j),(1-1j),(-1-1j),(1+1j),(1+1j),(1+1j),(-1-1j),(1-1j),(1+1j),(-1+1j),(1-1j),(1+1j),(1-1j),(1-1j),(1+1j),(-1+1j),(1-1j),(1+1j),(-1+1j),(1+1j),(1+1j),(-1+1j),(1+1j),(1+1j),(-1-1j),(1-1j),(-1-1j),(1+1j),(-1+1j),(1-1j),(1+1j),(1-1j),(1+1j),(1+1j),(1+1j),(1+1j),(1+1j),(-1+1j),(1-1j),(1+1j),(-1-1j),(-1+1j),(1+1j),(1-1j),(1+1j),(-1+1j),(1+1j),(1+1j),(1+1j),(1-1j),(1+1j),(1-1j),(1+1j),(1-1j),(1+1j),(1-1j),(1+1j),(1-1j),(1+1j),(1-1j),(1+1j),(1-1j),(1+1j),(-1+1j),(1-1j),(1+1j),(1-1j),(1-1j),(-1-1j),(1-1j),(1-1j),(1+1j),(1+1j),(-1-1j),(1+1j),(1-1j),(-1-1j),(1+1j),(1-1j),(1+1j),(1-1j),(-1+1j),(1+1j),(1-1j),(1-1j),(1+1j),(1-1j),(1-1j),(1-1j),(-1+1j),(1-1j),(1+1j),(-1-1j),(-1+1j),(1-1j),(1+1j),(1+1j),(1-1j),(1+1j),(1+1j),(-1-1j),(1-1j),(1-1j),(-1+1j),(1+1j),(1-1j),(1+1j),(1+1j),(1+1j),(1-1j),(-1+1j),(1+1j),(1-1j),(1+1j),(1-1j),(1+1j),(1+1j),(1-1j),(1+1j),(1+1j),(1-1j),(1+1j),(-1+1j),(1-1j),(1+1j),(1-1j),(-1+1j),(1+1j),(-1+1j),(1+1j),(1-1j),(1+1j),(1-1j),(1-1j),(1+1j),(1+1j),(-1-1j),(1+1j),(-1-1j),(-1+1j),(1-1j),(1-1j),(1-1j),(1-1j),(1-1j),(1-1j),(1+1j),(1-1j),(1+1j),(1-1j),(1-1j),(1-1j),(-1+1j),(-1-1j),(-1-1j),(-1-1j),(1-1j),(1-1j),(-1-1j),(-1-1j),(1-1j),(1-1j),(1-1j),(1-1j),(1+1j),(1+1j),(1+1j),(-1-1j),(-1-1j),(1-1j),(1-1j),(1+1j),(-1-1j),(-1-1j),(1+1j),(1+1j),(-1+1j),(-1+1j),(-1-1j),(1+1j),(1+1j),(-1+1j),(-1+1j),(-1+1j),(-1-1j),(1+1j),(1+1j),(-1+1j),(-1+1j),(-1+1j),(1+1j),(1-1j),(1+1j),(-1+1j),(-1+1j),(-1+1j),(-1+1j),(-1-1j),(1+1j),(1+1j),(1+1j),(1-1j),(1+1j),(1-1j),(1+1j),(-1-1j),(-1+1j),(1+1j),(-1+1j),(1+1j),(1-1j),(1+1j),(1-1j),(1+1j),(-1-1j),(-1-1j),(1+1j),(1+1j),(-1+1j),(-1+1j),(-1-1j),(1+1j),(1+1j),(-1+1j),(-1+1j),(-1+1j),(1+1j),(1+1j),(1+1j),(-1+1j),(-1+1j),(-1+1j),(-1-1j),(1+1j),(1+1j),(1-1j),(1+1j),(-1-1j),(1+1j),(-1+1j),(-1+1j),(-1-1j),(1+1j),(1+1j),(1+1j),(1+1j),(1-1j),(1-1j),(1-1j),(-1-1j),(-1-1j),(1-1j),(-1+1j),(1-1j),(1+1j),(1-1j),(1-1j),(-1+1j),(-1-1j),(-1-1j),(-1-1j),(1-1j),(1-1j),(-1+1j),(-1-1j),(-1-1j),(1-1j),(1-1j),(1-1j),(-1-1j),(-1-1j),(-1-1j),(1-1j),(1-1j),(1-1j),(-1-1j),(-1-1j),(1+1j),(1-1j),(1-1j),(-1+1j),(-1-1j),(-1-1j),(1-1j),(1-1j),(1-1j),(1-1j),(1+1j),(1+1j),(1+1j),(1+1j),(1-1j),(-1-1j),(-1+1j),(-1+1j),(-1+1j),(1+1j),(-1+1j),(-1+1j),(-1+1j),(-1-1j),(1-1j),(1+1j),(-1+1j),(-1+1j),(-1+1j),(-1+1j),(1-1j),(-1+1j),(-1+1j),(-1+1j),(-1+1j),(1-1j),(1-1j),(1-1j),(-1+1j),(1-1j),(1-1j),(-1+1j),(1-1j),(-1+1j),(-1+1j),(-1+1j),(-1+1j),(-1+1j),(-1-1j),(-1+1j),(1+1j),(-1+1j),(-1-1j),(-1-1j),(-1+1j),(-1-1j),(-1+1j),(1+1j),(-1+1j),(-1+1j),(-1+1j),(-1+1j),(1-1j),(-1-1j),(-1+1j),(-1-1j),(-1+1j),(-1-1j),(-1-1j),(-1+1j),(-1-1j),(-1+1j),(-1+1j),(-1+1j),(1-1j),(-1-1j),(1-1j),(-1+1j),(1-1j),(-1+1j),(-1-1j),(-1+1j),(-1+1j),(-1+1j),(-1+1j),(-1-1j),(-1-1j),(-1+1j),(-1-1j),(1-1j),(-1-1j),(-1-1j),(-1+1j),(-1+1j),(1+1j),(-1+1j),(-1-1j),(-1+1j),(1-1j),(1-1j),(-1-1j),(-1-1j),(-1+1j),(-1+1j),(-1+1j),(-1+1j),(-1+1j),(-1+1j),(-1-1j),(-1-1j),(-1+1j),(-1-1j),(1+1j),(-1+1j),(-1-1j),(-1+1j),(-1+1j),(-1-1j),(1-1j),(-1-1j),(1-1j),(-1+1j),(-1+1j),(-1+1j),(-1-1j),(-1+1j),(-1+1j),(-1+1j),(-1+1j),(-1+1j),(1+1j),(-1-1j),(-1+1j),(1-1j),(-1+1j),(-1-1j),(-1-1j),(1+1j),(-1+1j),(-1+1j),(-1+1j),(-1-1j),(-1+1j),(-1+1j),(1-1j),(1+1j),(-1+1j),(-1+1j),(-1+1j),(-1+1j),(1+1j),(-1+1j),(-1+1j),(-1+1j),(-1+1j),(-1+1j),(-1+1j),(-1+1j),(-1+1j),(-1+1j),(-1+1j),(-1+1j),(-1+1j),(-1+1j),(-1+1j),(-1+1j),(-1+1j),(-1-1j),(-1+1j),(-1-1j),(-1+1j),(-1-1j),(-1-1j),(-1+1j),(-1-1j),(-1+1j),(-1+1j),(-1+1j),(1-1j),(-1+1j),(-1-1j),(-1+1j),(-1+1j),(-1+1j),(-1+1j),(-1+1j),(1-1j),(-1-1j),(-1+1j),(-1+1j),(-1+1j),(-1+1j),(-1-1j),(-1-1j),(-1+1j),(-1-1j),(-1+1j),(-1-1j),(-1-1j),(-1+1j),(-1+1j),(-1+1j),(-1+1j),(1-1j),(-1-1j),(-1+1j),(-1+1j),(1-1j),(-1-1j),(-1+1j),(-1+1j),(-1+1j),(-1+1j),(1-1j),(-1+1j),(-1-1j),(-1+1j),(-1-1j),(1-1j),(-1-1j),(-1-1j),(-1+1j),(-1-1j),(-1+1j),(-1+1j),(-1+1j),(-1+1j),(-1+1j),(-1-1j),(-1+1j),(-1+1j),(-1+1j),(-1+1j),(-1-1j),(-1-1j),(-1+1j),(-1-1j),(1-1j),(-1-1j),(1+1j),(-1+1j),(-1+1j),(-1+1j),(-1+1j),(-1-1j),(1-1j),(-1+1j),(1-1j),(-1-1j),(-1-1j),(-1+1j),(-1+1j),(-1+1j),(-1+1j),(-1+1j),(1-1j),(-1-1j),(-1+1j),(-1-1j),(-1+1j),(-1-1j),(-1-1j),(-1+1j),(-1-1j),(-1+1j),(-1+1j),(-1+1j),(-1+1j),(-1-1j),(1-1j),(-1+1j),(-1+1j),(-1+1j),(1+1j),(-1+1j),(-1+1j),(-1+1j),(-1-1j),(-1-1j),(-1+1j),(-1-1j),(1-1j),(-1-1j),(1+1j),(-1+1j),(-1+1j),(-1+1j),(-1+1j),(1-1j),(-1-1j),(-1+1j),(-1+1j),(-1+1j),(-1-1j),(-1+1j),(-1+1j),(-1+1j),(-1+1j),(-1-1j),(-1-1j),(-1+1j),(-1-1j),(-1+1j),(-1-1j),(-1-1j),(-1+1j),(-1+1j),(-1+1j),(1-1j),(-1-1j),(1-1j),(-1+1j),(-1+1j),(-1+1j),(-1-1j),(-1+1j),(-1+1j),(-1+1j),(-1+1j),(1-1j),(-1-1j),(-1+1j),(-1-1j),(-1+1j),(-1-1j),(-1-1j),(-1+1j),(-1-1j),(-1+1j),(-1+1j),(1-1j),(-1+1j),(1-1j),(-1-1j),(-1+1j),(-1+1j),(-1+1j),(1-1j),(-1-1j),(-1+1j),(-1+1j),(-1+1j),(-1+1j),(-1-1j),(-1-1j),(-1+1j),(-1-1j),(1-1j),(-1-1j),(-1-1j),(-1+1j),(-1+1j),(1-1j),(-1+1j),(-1-1j),(1-1j),(-1-1j),(-1+1j),(-1-1j),(-1+1j),(-1+1j),(-1+1j),(-1+1j),(-1+1j),(-1-1j),(-1-1j),(-1+1j),(1+1j),(-1+1j),(-1-1j),(-1+1j),(-1-1j),(-1+1j),(1+1j),(-1-1j),(-1+1j),(1+1j),(-1+1j),(-1-1j),(1-1j),(-1+1j),(-1+1j),(-1+1j),(-1+1j),(1+1j),(-1+1j),(-1-1j),(-1+1j),(-1-1j),(-1+1j),(-1-1j),(-1+1j),(-1-1j),(-1-1j),(1-1j),(-1-1j),(1+1j),(1-1j),(1-1j),(1+1j),(-1-1j),(1-1j),(1-1j),(1-1j),(1-1j),(1-1j),(-1-1j),(-1-1j),(1-1j),(1-1j),(1-1j),(1-1j),(1+1j),(-1-1j),(-1+1j),(1-1j),(1+1j),(1+1j),(1-1j),(1-1j),(1-1j),(1-1j),(1+1j),(1+1j),(1+1j),(1-1j),(1-1j),(1-1j),(1-1j),(-1-1j),(1-1j),(1-1j),(1-1j),(1+1j),(1+1j),(1-1j),(1-1j),(1+1j),(1+1j),(-1+1j),(1+1j),(1-1j),(-1-1j),(1-1j),(1-1j),(-1-1j),(-1+1j),(-1-1j),(1-1j),(-1+1j),(-1-1j),(-1+1j),(-1-1j),(-1+1j),(-1-1j),(-1-1j),(-1+1j),(1+1j),(1+1j),(1+1j),(-1+1j),(1-1j),(1+1j),(-1-1j),(1-1j),(1-1j),(1-1j),(1+1j),(1+1j),(1-1j),(1-1j),(1-1j),(-1+1j),(1+1j),(-1-1j),(1-1j),(1-1j),(1-1j),(1+1j),(1+1j),(1-1j),(1-1j),(1+1j),(-1-1j),(1-1j),(1-1j),(1-1j),(1-1j),(-1-1j),(1+1j),(1+1j),(1-1j),(1-1j),(1-1j),(1+1j),(-1-1j),(1-1j),(1-1j),(1-1j),(-1-1j),(1+1j),(1-1j),(1-1j),(1+1j),(1+1j),(-1+1j),(-1-1j),(1-1j),(-1-1j),(1+1j),(1-1j),(-1-1j),(-1+1j),(-1-1j),(1-1j),(-1+1j),(-1-1j),(-1+1j),(-1-1j),(-1+1j),(-1-1j),(-1+1j),(1-1j),(1-1j),(-1+1j),(-1-1j),(1-1j),(-1+1j),(-1-1j),(-1+1j),(-1-1j),(-1+1j),(-1-1j),(-1-1j),(-1+1j),(1+1j),(1+1j),(1+1j),(-1+1j),(1-1j),(1+1j),(-1-1j),(1-1j),(1-1j),(1-1j),(1+1j),(1+1j),(1-1j),(1-1j),(1-1j),(-1+1j),(1+1j),(-1-1j),(1-1j),(1-1j),(1-1j),(1+1j),(1+1j),(1-1j),(1-1j),(1+1j),(-1-1j),(1-1j),(1-1j),(1-1j),(1-1j),(-1-1j),(1+1j),(1+1j),(1-1j),(1-1j),(1-1j),(1+1j),(-1-1j),(1-1j),(1-1j),(1-1j),(-1-1j),(1+1j),(1-1j),(1-1j),(1+1j),(1+1j),(-1+1j),(-1-1j),(1-1j),(-1-1j),(-1+1j),(1-1j),(1+1j),(-1+1j),(-1-1j),(1-1j),(-1+1j),(-1-1j),(-1+1j),(-1-1j),(-1+1j),(-1-1j),(-1+1j),(1-1j),(1-1j),(-1+1j),(-1-1j),(1-1j),(-1+1j),(-1-1j),(-1+1j),(-1-1j),(-1+1j),(-1-1j),(-1-1j),(-1+1j),(-1-1j),(1+1j),(1+1j),(1-1j),(1-1j),(1+1j),(-1-1j),(1-1j),(-1+1j),(1-1j),(1+1j),(1+1j),(1-1j),(1-1j),(1-1j),(-1+1j),(1+1j),(1-1j),(1+1j),(1-1j),(1-1j),(1-1j),(1-1j),(1+1j),(1-1j),(1-1j),(1+1j),(-1-1j),(1-1j),(-1-1j),(1-1j),(-1-1j),(-1+1j),(1+1j),(-1-1j),(-1+1j),(-1-1j),(1-1j),(-1+1j),(-1-1j),(-1+1j),(-1-1j),(-1+1j),(-1-1j),(-1+1j),(1-1j),(1-1j),(-1+1j),(-1-1j),(1-1j),(-1+1j),(1+1j),(-1+1j),(-1-1j),(1-1j),(-1-1j),(-1-1j),(-1+1j),(-1-1j),(1+1j),(1-1j),(1-1j),(-1+1j),(1+1j),(1-1j),(-1+1j),(1-1j),(1-1j),(1+1j),(1+1j),(1+1j),(1-1j),(1-1j),(1+1j),(1-1j),(1-1j),(1-1j),(1+1j),(1+1j),(1-1j),(-1-1j),(1+1j),(-1-1j),(1-1j),(1+1j),(-1-1j),(-1+1j),(1+1j),(1-1j),(-1+1j),(-1-1j),(-1+1j),(-1-1j),(-1+1j),(-1-1j),(1-1j),(-1+1j),(1-1j),(-1-1j),(-1-1j),(1-1j),(-1+1j),(-1-1j),(-1+1j),(-1-1j),(-1+1j),(-1-1j),(1+1j),(-1+1j),(-1-1j),(1-1j),(1-1j),(1-1j),(-1+1j),(1+1j),(1-1j),(1-1j),(1-1j),(1-1j),(1+1j),(1+1j),(1+1j),(1-1j),(1-1j),(-1+1j),(1-1j),(-1-1j),(1-1j),(1-1j),(1-1j),(1+1j),(-1-1j),(-1-1j),(1-1j),(-1-1j),(-1-1j),(-1+1j),(-1-1j),(1-1j),(1+1j),(-1+1j),(1+1j),(-1+1j),(1-1j),(-1-1j),(1-1j),(-1+1j),(-1-1j),(1-1j),(-1-1j),(1-1j),(-1-1j),(-1+1j),(1-1j),(1-1j),(-1+1j),(-1-1j),(1-1j),(-1+1j),(-1-1j),(-1+1j),(-1-1j),(-1+1j),(-1-1j),(1+1j),(-1+1j),(-1-1j),(-1+1j),(1-1j),(1-1j),(-1-1j),(-1-1j),(-1+1j),(1+1j),(1-1j),(1-1j),(1+1j),(1-1j),(1-1j),(1-1j),(1-1j),(1-1j),(-1+1j),(1+1j),(1-1j),(1+1j),(1+1j),(1-1j),(1-1j),(1+1j),(1+1j),(1-1j),(1-1j),(-1+1j),(1+1j),(1+1j),(-1-1j),(1-1j),(-1-1j),(1-1j),(-1+1j),(1-1j),(-1+1j),(-1-1j),(1-1j),(1-1j),(-1-1j),(-1+1j),(-1-1j),(-1+1j),(-1-1j),(-1+1j),(1-1j),(1-1j),(1+1j),(-1-1j),(1-1j),(-1+1j),(-1-1j),(-1+1j),(-1-1j),(-1+1j),(-1-1j),(1+1j),(-1+1j),(-1-1j),(1+1j),(1-1j),(1-1j),(1-1j),(-1-1j),(1-1j),(1-1j),(-1+1j),(1-1j),(1+1j),(1-1j),(1-1j),(-1+1j),(1-1j),(-1+1j),(1-1j),(-1-1j),(1-1j),(1-1j),(1-1j),(1+1j),(-1-1j),(-1-1j),(1-1j),(1-1j),(-1+1j),(-1-1j),(1-1j),(1+1j),(1-1j),(-1-1j),(1-1j),(-1-1j),(-1+1j),(-1+1j),(-1-1j),(1-1j),(-1+1j),(-1-1j),(1-1j),(-1-1j),(-1+1j),(-1-1j),(1-1j),(1-1j),(1-1j),(-1+1j),(-1-1j),(-1+1j),(-1+1j),(-1-1j),(-1+1j),(1+1j),(-1+1j),(-1-1j),(1+1j),(-1+1j),(-1-1j),(1+1j),(-1+1j),(1-1j),(-1+1j),(1-1j),(1-1j),(1-1j),(1-1j),(1+1j),(1+1j),(1+1j),(1-1j),(1-1j),(1-1j),(1+1j),(1-1j),(-1+1j),(1-1j),(1-1j),(-1+1j),(1+1j),(1+1j),(1-1j),(1-1j),(-1-1j),(1-1j),(1-1j),(-1-1j),(1+1j),(1-1j),(1+1j),(1+1j),(1-1j),(1+1j),(1+1j),(1-1j),(1-1j),(1+1j),(1+1j),(1+1j),(-1+1j),(1+1j),(1-1j),(1+1j),(1-1j),(1+1j),(-1-1j),(-1+1j),(1+1j),(-1+1j),(1+1j),(1+1j),(-1+1j),(1-1j),(-1+1j),(1-1j),(-1-1j),(1-1j),(1-1j),(-1+1j),(1-1j),(1+1j),(1-1j),(-1-1j),(1-1j),(1+1j),(1-1j),(-1-1j),(-1-1j),(1-1j),(-1-1j),(1-1j),(1+1j),(1+1j),(-1+1j),(1-1j),(-1-1j),(1-1j),(-1+1j),(1+1j),(1+1j),(1+1j),(-1+1j),(1-1j),(1+1j),(1+1j),(1-1j),(1+1j),(-1+1j),(1-1j),(1+1j),(1+1j),(1-1j),(-1+1j),(1-1j),(-1-1j),(1-1j),(1-1j),(1-1j),(1+1j),(-1-1j),(1+1j),(1-1j),(-1-1j),(1+1j),(-1-1j),(1-1j),(1+1j),(-1+1j),(1-1j),(1-1j),(1-1j),(-1-1j),(1+1j),(1-1j),(1-1j),(1-1j),(1+1j),(1-1j),(1+1j),(1+1j),(1-1j),(-1+1j),(-1-1j),(-1+1j),(-1-1j),(1-1j),(1+1j),(1+1j),(1-1j),(-1-1j),(1-1j),(-1-1j),(1+1j),(1-1j),(-1+1j),(-1-1j),(-1+1j),(1-1j),(-1+1j),(-1+1j),(1-1j),(-1+1j),(-1-1j),(1+1j),(-1+1j),(-1+1j),(1-1j),(1-1j),(1+1j),(-1-1j),(-1+1j),(-1+1j),(1-1j),(-1+1j),(-1-1j),(1+1j),(-1+1j),(-1+1j),(-1-1j),(1-1j),(1-1j),(1+1j),(-1+1j),(1+1j),(-1+1j),(1-1j),(-1+1j),(1-1j),(-1+1j),(1-1j),(1-1j),(1-1j),(-1+1j),(1-1j),(-1+1j),(-1-1j),(-1+1j),(1-1j),(1-1j),(1+1j),(-1-1j),(1-1j),(-1+1j),(-1-1j),(1-1j),(1+1j),(-1-1j),(-1-1j),(1-1j),(-1-1j),(1-1j),(-1-1j),(1+1j),(-1-1j),(-1+1j),(-1+1j),(-1+1j),(1-1j),(-1-1j),(-1+1j),(1+1j),(-1+1j),(-1+1j),(-1-1j),(1+1j),(-1-1j),(-1+1j),(-1-1j),(1-1j),(-1+1j),(1-1j),(-1-1j),(1-1j),(1-1j),(1-1j),(1+1j),(1-1j),(1-1j),(1-1j),(1+1j),(1-1j),(-1-1j),(1+1j),(1-1j),(1+1j),(1-1j),(1-1j),(1-1j),(1-1j),(1+1j),(1-1j),(1-1j),(-1-1j),(-1+1j),(1+1j),(1-1j),(-1-1j),(-1-1j),(1-1j),(1+1j),(1-1j),(1+1j),(-1+1j),(1-1j),(-1-1j),(1-1j),(1-1j),(-1+1j),(1-1j),(1-1j),(1-1j),(1-1j),(-1-1j),(1-1j),(1+1j),(1-1j),(1-1j),(1+1j),(1+1j),(1+1j),(1-1j),(1-1j),(1-1j),(-1-1j),(1-1j),(-1-1j),(-1-1j),(1+1j),(1+1j),(1-1j),(-1-1j),(1-1j),(1+1j),(1-1j),(-1-1j),(1-1j),(1-1j),(1-1j),(-1-1j),(1+1j),(1+1j),(-1+1j),(1-1j),(-1+1j),(-1-1j),(1-1j),(1+1j),(1-1j),(1+1j),(1-1j),(1+1j),(1+1j),(-1+1j),(1+1j),(-1-1j),(1-1j),(-1+1j),(1+1j),(-1-1j),(1-1j),(1-1j),(1+1j),(-1-1j),(1-1j),(-1-1j),(-1-1j),(1+1j),(-1-1j),(1-1j),(-1+1j),(-1+1j),(-1-1j),(1+1j),(1+1j),(-1-1j),(-1-1j),(1+1j),(-1-1j),(1-1j),(1-1j),(-1-1j),(-1+1j),(1+1j),(1+1j),(-1-1j),(1-1j),(-1-1j),(1+1j),(1+1j),(-1-1j),(1+1j),(-1+1j),(-1+1j),(-1+1j),(1-1j),(-1-1j),(1+1j),(-1-1j),(-1+1j),(1+1j),(-1-1j),(-1+1j),(1+1j),(-1-1j),(-1+1j),(1-1j),(-1-1j),(-1-1j),(1-1j),(1-1j),(-1-1j),(-1-1j),(1-1j),(-1-1j),(1+1j),(1+1j),(-1-1j),(1-1j),(-1+1j),(1+1j),(1+1j),(-1-1j),(1-1j),(-1-1j),(1-1j),(-1+1j),(-1+1j),(-1+1j),(1-1j),(1-1j),(-1-1j),(1+1j),(-1+1j),(-1+1j),(-1+1j),(1+1j),(1-1j),(-1+1j),(1-1j),(1+1j),(1-1j),(-1-1j),(1-1j),(-1+1j),(-1+1j),(1-1j),(1+1j),(-1+1j),(1-1j),(-1+1j),(1+1j),(1-1j),(1-1j),(-1+1j),(1-1j),(-1+1j),(1+1j),(1-1j),(1+1j),(1+1j),(1-1j),(1-1j),(-1+1j),(1+1j),(-1+1j),(1-1j),(-1+1j),(-1+1j),(-1+1j),(-1+1j),(-1-1j),(-1+1j),(1+1j),(1-1j),(1-1j),(1-1j),(1+1j),(-1+1j),(1+1j),(1-1j),(1+1j),(-1-1j),(1-1j),(1-1j),(1-1j),(1+1j),(1-1j),(1+1j),(-1+1j),(-1+1j),(1-1j),(1+1j),(1+1j),(-1-1j),(1+1j),(1+1j),(1-1j),(-1-1j),(1+1j),(-1+1j),(1-1j),(1+1j),(-1-1j),(-1+1j),(1-1j),(1-1j),(1-1j),(1-1j),(-1-1j),(1-1j),(1-1j),(1-1j),(1+1j),(1-1j),(-1+1j),(1-1j),(1-1j),(-1-1j),(1-1j),(-1+1j),(1-1j),(1-1j),(1-1j),(-1-1j),(1-1j),(1-1j),(1-1j),(1+1j),(-1+1j),(-1+1j),(1-1j),(1+1j),(1-1j),(1-1j),(1-1j),(1-1j),(-1-1j),(-1-1j),(1-1j),(1-1j),(-1-1j),(-1-1j),(-1-1j),(1-1j),(1-1j),(1+1j),(1-1j),(1-1j),(1-1j),(1-1j),(-1-1j),(-1-1j),(1-1j),(1-1j),(1-1j),(1+1j),(-1-1j),(-1+1j),(-1+1j),(1+1j),(1-1j),(1+1j),(-1+1j),(-1-1j),(-1+1j),(1-1j),(1+1j),(-1-1j),(1-1j),(-1-1j),(-1+1j),(1-1j),(1-1j),(-1+1j),(1+1j),(-1+1j),(1+1j),(1-1j),(1-1j),(1+1j),(1+1j),(1-1j),(-1+1j),(1+1j),(1+1j),(1-1j),(-1-1j),(1+1j),(1+1j),(-1+1j),(1+1j),(1-1j),(-1-1j),(1+1j),(1-1j),(-1-1j),(1+1j),(-1-1j),(1+1j),(1-1j),(1-1j),(1+1j),(1-1j),(1-1j),(1-1j),(1+1j),(1-1j),(-1-1j),(1+1j),(1-1j),(1+1j),(-1+1j),(-1-1j),(1-1j),(1-1j),(-1-1j),(1-1j),(1-1j),(1-1j),(1-1j),(-1+1j),(-1+1j),(-1+1j),(1-1j),(1-1j),(1-1j),(1-1j),(-1-1j),(1+1j),(1-1j),(1-1j),(1+1j),(1-1j),(-1-1j),(1+1j),(1-1j),(-1-1j),(1+1j),(1-1j),(-1-1j),(1+1j),(1-1j),(1+1j),(-1+1j),(1-1j),(-1-1j),(1-1j),(-1-1j),(1+1j),(-1+1j),(1+1j),(1-1j),(1-1j),(1-1j),(1+1j),(1+1j),(-1-1j),(-1-1j),(-1-1j),(-1-1j),(1+1j),(-1+1j),(1-1j),(-1+1j),(-1-1j),(1+1j),(-1-1j),(-1+1j),(1-1j),(-1-1j),(1-1j),(1-1j),(1-1j),(-1+1j),(1-1j),(-1+1j),(-1-1j),(1+1j),(-1-1j),(1-1j),(-1-1j),(-1+1j),(-1+1j),(1-1j),(-1+1j),(1-1j),(-1+1j),(-1+1j),(-1-1j),(1-1j),(1+1j),(1+1j),(-1-1j),(-1-1j),(1+1j),(-1+1j),(1-1j),(-1-1j),(-1-1j),(1-1j),(1-1j),(-1+1j),(-1-1j),(1-1j),(1-1j),(-1-1j),(-1-1j),(1+1j),(1-1j),(-1-1j),(1+1j),(-1+1j),(-1+1j),(-1-1j),(-1+1j),(-1+1j),(-1+1j),(-1-1j),(-1-1j),(-1-1j),(1+1j),(1+1j),(1+1j),(1+1j),(-1+1j),(1+1j),(-1-1j),(1-1j),(-1-1j),(-1+1j),(1+1j),(1+1j),(-1+1j),(-1+1j),(1+1j),(1-1j),(-1-1j),(1+1j),(-1-1j),(-1-1j),(-1-1j),(1-1j),(-1-1j),(-1-1j),(1+1j),(1+1j),(1-1j),(-1-1j),(-1-1j),(-1-1j),(1+1j),(-1+1j),(1+1j),(-1+1j),(-1+1j),(-1+1j),(1-1j),(1-1j),(1+1j),(-1-1j),(-1+1j),(1-1j),(-1-1j),(1+1j),(1+1j),(1-1j),(1+1j),(1+1j),(1-1j),(1-1j),(1+1j),(-1-1j),(1+1j),(-1-1j),(-1-1j),(1+1j),(1+1j),(-1+1j),(1-1j),(-1-1j),(1+1j),(-1-1j),(-1-1j),(1-1j),(-1-1j),(1-1j),(1+1j),(-1-1j),(1-1j),(1-1j),(-1+1j),(-1-1j),(-1+1j),(1-1j),(1-1j),(-1+1j),(-1-1j),(-1+1j),(-1+1j),(-1-1j),(1-1j),(-1+1j),(-1-1j),(1-1j),(-1-1j),(-1+1j),(-1-1j),(1-1j),(1-1j),(1+1j),(1+1j),(1-1j),(-1-1j),(-1-1j),(-1-1j),(1+1j),(-1+1j),(1-1j),(1-1j),(-1-1j),(-1-1j),(1-1j),(-1-1j),(1-1j),(1+1j),(1-1j),(-1-1j),(-1+1j),(-1-1j),(-1-1j),(-1+1j),(1-1j),(-1+1j),(-1-1j),(-1+1j),(1-1j),(-1+1j),(1-1j),(-1-1j),(-1+1j),(-1+1j),(1+1j),(1+1j),(-1-1j),(-1-1j),(1-1j),(1-1j),(-1-1j),(-1-1j),(1-1j),(1-1j),(1-1j),(-1-1j),(-1+1j),(-1+1j),(-1+1j),(-1+1j),(1-1j),(1-1j),(-1-1j),(-1-1j),(-1-1j),(-1-1j),(1+1j),(-1-1j),(-1-1j),(1+1j),(-1-1j),(1-1j),(-1-1j),(-1+1j),(1+1j),(-1-1j),(1-1j),(1+1j),(-1+1j),(1+1j),(1-1j),(1-1j),(1-1j),(1+1j),(-1-1j),(-1-1j),(1+1j),(1+1j),(1+1j),(-1+1j),(-1+1j),(1-1j),(1+1j),(1+1j),(-1+1j),(1+1j),(-1-1j),(-1+1j),(-1-1j),(1+1j),(1-1j),(1-1j),(1+1j),(-1+1j),(1+1j),(-1-1j),(-1+1j),(-1+1j),(1-1j),(-1+1j),(1+1j),(-1-1j),(-1-1j),(-1-1j),(1+1j),(1+1j),(1-1j),(-1+1j),(1-1j),(1-1j),(1-1j),(-1-1j),(1-1j),(1+1j),(1+1j),(1+1j),(-1-1j),(-1-1j),(-1+1j),(1-1j),(1+1j),(1-1j),(-1-1j),(1-1j),(1+1j),(-1-1j),(1-1j),(-1-1j),(1+1j),(1+1j),(1+1j),(-1+1j),(-1+1j),(-1+1j),(1-1j),(-1-1j),(-1+1j),(-1+1j),(1-1j),(1+1j),(1-1j),(1-1j),(-1+1j),(1+1j),(-1+1j),(-1+1j),(1-1j),(1-1j),(-1-1j),(-1-1j),(1-1j),(1+1j),(-1-1j),(1-1j),(-1-1j),(1-1j),(1-1j),(1-1j),(1+1j),(1+1j),(-1-1j),(-1-1j),(-1-1j),(1-1j),(1-1j),(1-1j),(-1-1j),(1+1j),(1-1j),(-1+1j),(-1-1j),(-1-1j),(-1+1j),(1-1j),(-1+1j),(-1-1j),(1+1j),(-1-1j),(-1-1j),(-1+1j),(1+1j),(1+1j),(-1-1j),(1+1j),(-1-1j),(-1-1j),(-1-1j),(1+1j),(1+1j),(1-1j),(-1+1j),(1+1j),(-1+1j),(-1-1j),(-1-1j),(-1+1j),(1-1j),(1-1j),(-1-1j),(1-1j),(-1-1j),(-1-1j),(-1-1j),(1-1j),(1+1j),(1+1j),(1+1j),(-1-1j),(1-1j),(-1-1j),(-1+1j),(-1-1j),(-1+1j),(1+1j),(1+1j),(-1+1j),(-1+1j),(1+1j),(-1+1j),(1-1j),(-1-1j),(1-1j),(1+1j),(-1-1j),(1+1j),(-1-1j),(1-1j),(-1-1j),(1-1j),(1-1j),(1+1j),(1-1j),(-1-1j),(1+1j),(1+1j),(1+1j),(-1+1j),(1-1j),(-1-1j),(1+1j),(1-1j),(1+1j),(1-1j),(1+1j),(1-1j),(-1+1j),(1+1j),(-1-1j),(-1+1j),(-1+1j),(-1-1j),(1-1j),(-1-1j),(-1+1j),(1-1j),(-1+1j),(-1-1j),(-1+1j),(-1-1j),(-1-1j),(1-1j),(1-1j),(1+1j),(1-1j),(-1-1j),(1+1j),(-1-1j),(1-1j),(-1-1j),(-1-1j),(-1+1j),(-1+1j),(1+1j),(1+1j),(-1-1j),(-1-1j),(-1-1j),(1+1j),(-1-1j),(-1+1j),(1-1j),(-1+1j),(-1+1j),(1+1j),(1-1j),(1-1j),(-1-1j),(1+1j),(1-1j),(1-1j),(1+1j),(-1-1j),(1+1j),(-1-1j),(1+1j),(1-1j),(1+1j),(-1+1j),(1-1j),(1-1j),(1-1j),(-1-1j),(1+1j),(1-1j),(-1+1j),(1+1j),(1+1j),(1+1j),(-1-1j),(1-1j),(1-1j),(-1-1j),(1-1j),(1-1j),(1-1j),(-1-1j),(-1-1j),(1-1j),(1-1j),(1-1j),(1+1j),(1-1j),(1+1j),(-1-1j),(-1-1j),(1-1j),(-1-1j),(-1-1j),(1-1j),(-1-1j),(1+1j),(-1+1j),(-1-1j),(1+1j),(-1-1j),(-1-1j),(1+1j),(1-1j),(-1-1j),(1+1j),(1-1j),(-1-1j),(-1-1j),(1-1j),(1-1j),(1+1j),(1-1j),(-1-1j),(1+1j),(1-1j),(1-1j),(1+1j),(1-1j),(-1-1j),(-1+1j),(1-1j),(1-1j),(1+1j),(1-1j),(-1-1j),(-1-1j),(1-1j),(1+1j),(1+1j),(1-1j),(-1-1j),(-1-1j),(1-1j),(1+1j),(1+1j),(-1-1j),(1-1j),(-1-1j),(-1-1j),(-1-1j),(1+1j),(1-1j),(1-1j),(-1+1j),(1-1j),(1-1j),(1-1j),(-1+1j),(-1+1j),(-1-1j),(1-1j),(1-1j),(1-1j),(-1-1j),(-1-1j),(1+1j),(1+1j),(1+1j),(-1-1j),(-1-1j),(-1-1j),(1-1j),(1+1j),(-1+1j),(1-1j),(1-1j),(1-1j),(-1-1j),(-1-1j),(-1-1j),(1-1j),(1-1j),(1+1j),(1+1j),(-1+1j),(1+1j),(1+1j),(-1+1j),(1-1j),(1-1j),(-1-1j),(-1-1j),(-1-1j),(1-1j),(1-1j),(1+1j),(1+1j),(1-1j),(-1-1j),(-1+1j),(1-1j),(1+1j),(1+1j),(1+1j),(1+1j),(-1+1j),(-1+1j),(1-1j),(-1-1j),(-1-1j),(-1+1j),(1-1j),(1-1j),(1-1j),(-1+1j),(1-1j),(1+1j),(-1+1j),(1-1j),(1+1j),(-1-1j),(1-1j),(1+1j),(1+1j),(1-1j),(1+1j),(1+1j),(1-1j),(1+1j),(1+1j),(-1+1j),(-1+1j),(1-1j),(-1-1j),(1+1j),(-1+1j),(-1+1j),(1+1j),(1+1j),(-1+1j),(1-1j),(1+1j),(1+1j),(1+1j),(1+1j),(-1-1j),(-1+1j),(1+1j),(1+1j),(-1+1j),(1-1j),(-1-1j),(-1+1j),(1-1j),(1-1j),(-1-1j),(1+1j),(-1+1j),(1-1j),(1-1j),(1+1j),(1+1j),(-1+1j),(-1+1j),(-1+1j),(-1+1j),(1+1j),(-1+1j),(1+1j),(1-1j),(1+1j),(1+1j),(1+1j),(-1-1j),(-1+1j),(1-1j),(1+1j),(-1+1j),(1-1j),(-1+1j),(1-1j),(1+1j),(-1+1j),(1-1j),(1+1j),(-1+1j),(1+1j),(-1-1j),(-1+1j),(-1+1j),(1+1j),(1+1j),(1+1j),(-1+1j),(-1-1j),(-1-1j),(-1-1j),(1+1j),(-1+1j),(1+1j),(1+1j),(1-1j),(1-1j),(-1-1j),(-1+1j),(1-1j),(1+1j),(1+1j),(-1-1j),(1-1j),(1+1j),(1-1j),(-1-1j),(1-1j),(1-1j),(-1-1j),(1+1j),(1-1j),(-1-1j),(1-1j),(-1-1j),(1-1j),(1+1j),(-1-1j),(1-1j),(-1+1j),(1+1j),(-1+1j),(-1+1j),(1-1j),(1-1j),(-1-1j),(1+1j),(1-1j),(1-1j),(1-1j),(1+1j),(-1+1j),(1+1j),(-1+1j),(1+1j),(-1+1j),(-1+1j),(1+1j),(1+1j),(-1+1j),(-1+1j),(-1+1j),(-1+1j),(-1+1j),(-1+1j),(-1+1j),(-1+1j),(-1+1j),(-1+1j),(-1+1j),(1+1j),(-1-1j),(-1-1j),(1-1j),(1-1j),(-1-1j),(1-1j),(-1+1j),(1-1j),(-1-1j),(-1+1j),(-1-1j),(1-1j),(1-1j),(-1-1j),(-1+1j),(1+1j),(1+1j),(-1+1j),(-1+1j),(1+1j),(-1+1j),(1-1j),(-1-1j),(-1+1j),(1-1j),(-1+1j),(1+1j),(-1-1j),(-1-1j),(1+1j),(-1-1j),(1+1j),(1+1j),(-1-1j),(1+1j),(1-1j),(-1-1j),(1+1j),(1-1j),(-1-1j),(1-1j),(-1+1j),(1+1j),(1-1j),(-1-1j),(1+1j),(1+1j),(-1-1j),(-1-1j),(1+1j),(-1-1j),(-1-1j),(1+1j),(-1+1j),(1-1j),(1-1j),(-1+1j),(-1+1j),(1+1j),(-1-1j),(-1-1j),(1+1j),(-1-1j),(1-1j),(1-1j),(-1+1j),(-1+1j),(1+1j),(-1+1j),(1+1j),(1+1j),(-1-1j),(1-1j),(1+1j),(-1+1j),(-1-1j),(1+1j),(1-1j),(-1-1j),(1+1j),(-1-1j),(1-1j),(1-1j),(-1+1j),(1-1j),(1+1j),(-1-1j),(-1-1j),(-1+1j),(-1-1j),(1-1j),(-1-1j),(-1-1j),(-1-1j),(1-1j),(1-1j),(1+1j),(-1-1j),(-1+1j),(-1-1j),(-1-1j),(-1+1j),(1+1j),(1+1j),(1+1j),(-1+1j),(-1+1j),(-1+1j),(-1+1j),(-1+1j),(1+1j),(-1-1j),(1-1j),(-1+1j),(-1-1j),(1+1j),(-1+1j),(1-1j),(-1-1j),(-1+1j),(-1+1j),(1-1j),(-1-1j),(1-1j),(-1-1j),(1+1j),(1+1j),(-1-1j),(-1-1j),(-1+1j),(-1+1j),(1+1j),(1-1j),(-1-1j),(1-1j),(-1-1j),(1-1j),(1+1j),(1-1j),(-1+1j),(1-1j),(1+1j),(-1+1j),(-1-1j),(1-1j),(1-1j),(1-1j),(-1+1j),(1-1j),(1-1j),(1-1j),(1-1j),(-1+1j),(-1+1j),(-1-1j),(-1+1j),(1+1j),(-1+1j),(1-1j),(1-1j),(1-1j),(-1-1j),(1+1j),(1-1j),(1+1j),(1+1j),(1+1j),(1-1j),(-1-1j),(1+1j),(1-1j),(1+1j),(1+1j),(1-1j),(-1-1j),(1+1j),(-1+1j),(1-1j),(1+1j),(1-1j),(-1-1j),(1-1j),(-1-1j),(-1-1j),(1+1j),(1-1j),(-1-1j),(1-1j),(-1+1j),(1-1j),(-1+1j),(-1-1j),(-1-1j),(1+1j),(-1+1j),(1+1j),(1-1j),(-1+1j),(1+1j),(1-1j),(-1-1j),(1+1j),(1-1j),(-1-1j),(1-1j),(1+1j),(1+1j),(1-1j),(-1+1j),(-1-1j),(1+1j),(-1+1j),(1-1j),(1+1j),(1-1j),(1-1j),(1+1j),(-1+1j),(-1+1j),(1-1j),(1-1j),(-1+1j),(1-1j),(1-1j),(1-1j),(1-1j),(1+1j),(1-1j),(-1-1j),(-1+1j),(1-1j),(1+1j),(1-1j),(1-1j),(1+1j),(1-1j),(1-1j),(1-1j),(-1-1j),(1+1j),(-1-1j),(-1+1j),(1+1j),(-1+1j),(1-1j),(-1-1j),(1-1j),(-1-1j),(1-1j),(-1-1j),(1+1j),(1-1j),(-1-1j),(1+1j),(1-1j),(-1-1j),(1-1j),(-1+1j),(-1+1j),(1+1j),(-1-1j),(1-1j),(1-1j),(1+1j),(1-1j),(-1-1j),(1-1j),(1+1j),(1+1j),(-1+1j),(1-1j),(-1-1j),(1-1j),(1-1j),(-1-1j),(1-1j),(-1-1j),(1-1j),(1+1j),(-1+1j),(-1-1j),(1-1j),(-1-1j),(1+1j),(1+1j),(1-1j),(1-1j),(-1-1j),(-1+1j),(1-1j),(-1-1j),(1+1j),(1-1j),(-1+1j),(-1+1j),(1-1j),(1+1j),(-1-1j),(-1+1j),(1+1j),(-1+1j),(-1-1j),(1-1j),(1+1j),(-1+1j),(1+1j),(1-1j),(-1-1j),(-1-1j),(1-1j),(1-1j),(1-1j),(-1-1j),(-1+1j),(1+1j),(1-1j),(1-1j),(-1+1j),(-1-1j),(-1-1j),(1-1j),(1-1j),(1-1j),(-1-1j),(-1+1j),(-1+1j),(1-1j),(1-1j),(-1+1j),(1-1j),(1+1j),(1+1j),(1+1j),(1+1j),(-1+1j),(-1+1j),(-1-1j),(-1-1j),(-1-1j),(1-1j),(-1-1j),(1-1j),(-1-1j),(1+1j),(-1+1j),(1+1j),(1+1j),(-1+1j),(-1-1j),(-1+1j),(-1+1j),(-1+1j),(-1+1j),(-1+1j),(1-1j),(-1-1j),(-1+1j),(1-1j),(-1+1j),(-1+1j),(1+1j),(-1-1j),(-1+1j),(1+1j),(-1-1j),(-1+1j),(1+1j),(1+1j),(-1-1j),(-1+1j),(1+1j),(-1-1j),(-1+1j),(1-1j),(-1+1j),(-1+1j),(-1+1j),(1-1j),(1-1j),(-1+1j),(-1+1j),(-1+1j),(1-1j),(1-1j),(-1-1j),(-1+1j),(-1+1j),(-1-1j),(1-1j),(-1-1j),(-1-1j),(1+1j),(1-1j),(-1-1j),(1-1j),(-1+1j),(1+1j),(1+1j),(-1+1j),(-1+1j),(-1-1j),(-1+1j),(-1+1j),(-1+1j),(-1+1j),(-1-1j),(-1+1j),(1-1j),(1-1j),(-1+1j),(-1+1j),(1+1j),(-1-1j),(-1-1j),(-1+1j),(1+1j),(-1-1j),(1-1j),(-1+1j),(-1+1j),(-1-1j),(-1+1j),(-1-1j),(-1+1j),(-1-1j),(-1-1j),(-1-1j),(-1+1j),(1+1j),(-1+1j),(-1-1j),(-1+1j),(1-1j),(-1+1j),(1+1j),(1-1j),(-1-1j),(-1-1j),(1-1j),(1-1j),(-1-1j),(-1-1j),(-1+1j),(1-1j),(-1+1j),(1+1j),(-1+1j),(-1+1j),(-1+1j),(1-1j),(1-1j),(1+1j),(-1+1j),(1+1j),(-1-1j),(-1-1j),(-1+1j),(1+1j),(1-1j),(-1+1j),(-1-1j),(-1+1j),(-1-1j),(-1+1j),(-1-1j),(1-1j),(-1-1j),(-1-1j),(-1+1j),(-1+1j),(1+1j),(-1+1j),(-1-1j),(-1-1j),(-1+1j),(1-1j),(-1+1j),(-1+1j),(1-1j),(-1-1j),(-1-1j),(-1+1j),(-1-1j),(1+1j),(-1-1j),(-1+1j),(-1+1j),(1+1j),(-1+1j),(-1+1j),(-1+1j),(1-1j),(1-1j),(-1+1j),(-1+1j),(-1+1j),(-1+1j),(1+1j),(1-1j),(-1-1j),(-1+1j),(1-1j),(-1+1j),(-1-1j),(1+1j),(-1+1j),(-1+1j),(-1-1j),(1+1j),(-1+1j),(1+1j),(-1+1j),(-1+1j),(-1-1j),(1-1j),(-1+1j),(1-1j),(-1+1j),(-1+1j),(-1+1j),(1+1j),(1-1j),(-1-1j),(-1+1j),(-1+1j),(-1-1j),(-1-1j),(-1+1j),(-1-1j),(1+1j),(-1-1j),(1-1j),(1+1j),(1+1j),(-1+1j),(-1+1j),(-1+1j),(-1+1j),(-1-1j),(-1+1j),(-1+1j),(-1-1j),(1+1j),(-1+1j),(1+1j),(-1+1j),(-1+1j),(-1-1j),(1-1j),(-1+1j),(-1-1j),(1+1j),(-1-1j),(-1+1j),(1-1j),(1+1j),(-1+1j),(-1-1j),(1-1j),(-1+1j),(-1-1j),(1+1j),(-1-1j),(1+1j),(1-1j),(-1+1j),(-1+1j),(1+1j),(1-1j),(-1-1j),(-1-1j),(1-1j),(-1+1j),(-1-1j),(1-1j),(-1-1j),(1+1j),(-1+1j),(1+1j),(1-1j),(-1+1j),(-1+1j),(1-1j),(-1-1j),(-1+1j),(-1-1j),(-1+1j),(-1+1j),(-1-1j),(-1+1j),(-1+1j),(1-1j),(1+1j),(1+1j),(-1-1j),(-1-1j),(1-1j),(1+1j),(1+1j),(-1-1j),(-1-1j),(-1+1j),(-1+1j),(1+1j),(1-1j),(-1-1j),(-1+1j),(-1+1j),(-1+1j),(1-1j),(-1-1j),(-1+1j),(1-1j),(1-1j),(1-1j),(1-1j),(-1+1j),(-1-1j),(1-1j),(1-1j),(1-1j),(1-1j),(-1+1j),(1-1j),(-1+1j),(1+1j),(1-1j),(1-1j),(1-1j),(-1+1j),(1+1j),(-1-1j),(-1+1j),(-1+1j),(1+1j),(1-1j),(-1-1j),(-1-1j),(1-1j),(-1-1j),(-1-1j),(1-1j),(1-1j),(1+1j),(-1+1j),(1-1j),(-1+1j),(1-1j),(1+1j),(1-1j),(-1-1j),(-1+1j),(1+1j),(-1-1j),(-1+1j),(-1-1j),(-1+1j),(-1-1j),(-1-1j),(-1+1j),(-1+1j),(1+1j),(-1-1j),(-1+1j),(-1+1j),(1+1j),(1-1j),(-1-1j),(-1+1j),(-1+1j),(1-1j),(-1-1j),(1+1j),(1-1j),(1+1j),(-1+1j),(1-1j),(1-1j),(-1-1j),(-1+1j),(-1-1j),(-1-1j),(-1+1j),(-1-1j),(-1+1j),(-1-1j),(1-1j),(-1+1j),(-1-1j),(-1+1j),(-1-1j),(-1-1j),(-1+1j),(1-1j),(-1+1j),(-1+1j),(1+1j),(-1+1j),(1-1j),(-1+1j),(-1+1j),(1+1j),(1-1j),(-1-1j),(1-1j),(-1+1j),(1+1j),(1-1j),(1-1j),(-1+1j),(-1-1j),(-1+1j),(1-1j),(-1-1j),(-1-1j),(-1+1j),(-1+1j),(-1-1j),(1+1j),(1+1j),(-1+1j),(1-1j),(-1-1j),(1-1j),(-1+1j),(1+1j),(1-1j),(-1-1j),(-1-1j),(-1+1j),(-1+1j),(-1-1j),(-1+1j),(1+1j),(1-1j),(-1+1j),(-1-1j),(1-1j),(1-1j),(-1+1j),(1-1j),(-1-1j),(1-1j),(-1-1j),(1-1j),(-1+1j),(1-1j),(-1+1j),(-1+1j),(-1-1j),(-1+1j),(1-1j),(-1-1j),(-1-1j),(1-1j),(-1+1j),(-1-1j),(1-1j),(-1-1j),(-1+1j),(-1-1j),(-1+1j),(1+1j),(-1-1j),(-1+1j),(-1+1j),(-1-1j),(-1+1j),(1+1j),(1+1j),(-1+1j),(-1-1j),(1-1j),(-1+1j),(1+1j),(1-1j),(-1+1j),(1+1j),(1-1j),(1-1j),(-1-1j),(-1-1j),(-1+1j),(-1+1j),(1+1j),(-1+1j),(-1+1j),(-1+1j),(-1-1j),(-1+1j),(-1+1j),(-1+1j),(1+1j),(-1+1j),(-1-1j),(1-1j),(1-1j),(-1-1j),(1-1j),(-1-1j),(-1+1j),(-1-1j),(-1+1j),(-1+1j),(-1-1j),(1-1j),(1-1j),(-1-1j),(-1+1j),(-1+1j),(-1+1j),(-1-1j),(-1+1j),(-1-1j),(1-1j),(-1+1j),(-1+1j),(-1+1j),(-1+1j),(1+1j),(-1-1j),(-1+1j),(1-1j),(-1-1j),(-1+1j),(-1-1j),(-1-1j),(-1+1j),(1+1j),(-1-1j),(1-1j),(-1+1j),(-1-1j),(-1+1j),(1-1j),(1-1j),(-1-1j),(-1+1j),(1-1j),(-1+1j),(-1+1j),(1+1j),(1+1j),(1-1j),(-1+1j),(1+1j),(1+1j),(1-1j),(-1+1j),(1+1j),(1+1j),(1+1j),(-1-1j),(-1+1j),(-1+1j),(-1+1j),(-1+1j),(-1+1j),(1+1j),(-1-1j),(1-1j),(-1+1j),(-1+1j),(-1+1j),(1-1j),(-1-1j),(-1+1j),(1-1j),(-1+1j),(1-1j),(1+1j),(-1-1j),(-1+1j),(-1+1j),(1+1j),(-1-1j),(-1+1j),(-1+1j),(-1+1j),(1-1j),(-1+1j),(-1+1j),(-1+1j),(-1+1j),(-1+1j),(-1+1j),(1-1j),(-1+1j),(-1-1j),(1-1j),(-1-1j),(-1+1j),(-1-1j),(1-1j),(1-1j),(-1+1j),(-1+1j),(1+1j),(1-1j),(-1-1j),(-1+1j),(1-1j),(1-1j),(-1-1j),(1-1j),(-1-1j),(-1+1j),(-1-1j),(-1-1j),(-1+1j),(1-1j),(1+1j),(-1+1j),(-1-1j),(-1+1j),(-1+1j),(1+1j),(1-1j),(-1-1j),(-1-1j),(-1+1j),(1-1j),(-1-1j),(1+1j),(1+1j),(-1-1j),(-1-1j),(-1+1j),(-1+1j),(-1+1j),(-1+1j),(-1+1j),(1+1j),(-1+1j),(-1-1j),(-1+1j),(1-1j),(1-1j),(1-1j),(-1-1j),(-1-1j),(1-1j),(-1-1j),(1+1j),(-1-1j),(-1+1j),(-1+1j),(1+1j),(1-1j),(-1+1j),(-1+1j),(-1-1j),(1-1j),(-1-1j),(1-1j),(-1-1j),(-1-1j),(1-1j),(1-1j),(1+1j),(-1-1j),(-1-1j),(1-1j),(-1-1j),(-1-1j),(1+1j),(1+1j),(-1-1j),(1+1j),(1+1j),(1+1j),(-1-1j),(1+1j),(1+1j),(1+1j),(-1+1j),(-1+1j),(-1-1j),(1-1j),(-1+1j),(1+1j),(-1-1j),(-1+1j),(-1-1j),(-1-1j),(-1-1j),(-1+1j),(-1+1j),(-1+1j),(-1+1j),(1+1j),(-1+1j),(-1+1j),(1-1j),(-1-1j),(-1+1j),(1+1j),(1-1j),(-1-1j),(-1+1j),(1+1j),(1-1j),(1-1j),(1-1j),(-1-1j),(1+1j),(-1+1j),(-1-1j),(1+1j),(1+1j),(1+1j),(1-1j),(1-1j),(-1+1j),(-1+1j),(-1+1j),(1+1j),(1-1j),(1+1j),(1+1j),(-1+1j),(-1-1j),(1-1j),(-1-1j),(-1+1j),(1-1j),(1-1j),(1+1j),(-1-1j),(-1-1j),(1+1j),(1+1j),(1-1j),(-1-1j),(1-1j),(-1-1j),(-1-1j),(-1+1j),(1-1j),(-1-1j),(-1-1j),(-1-1j),(1-1j),(-1+1j),(-1+1j),(-1+1j),(1+1j),(-1+1j),(1+1j),(-1+1j),(-1-1j),(-1+1j),(1+1j),(1-1j),(-1-1j),(-1+1j),(1-1j),(-1+1j),(1+1j),(1-1j),(-1-1j),(-1+1j),(1+1j),(-1-1j),(-1-1j),(-1-1j),(-1+1j),(1+1j),(1+1j),(1+1j),(1+1j),(-1-1j),(-1+1j),(-1+1j),(1+1j),(1-1j),(-1-1j),(-1+1j),(1+1j),(1-1j),(1+1j),(-1+1j),(-1-1j),(-1-1j),(1-1j),(1+1j),(1-1j),(-1-1j),(1+1j),(1-1j),(1-1j),(1-1j),(-1+1j),(-1+1j),(-1+1j),(1-1j),(-1-1j),(-1+1j),(1+1j),(1-1j),(-1-1j),(-1+1j),(-1-1j),(-1-1j),(-1+1j),(1-1j),(1+1j),(1+1j),(-1+1j),(1+1j),(1+1j),(1+1j),(1-1j),(-1-1j),(-1-1j),(1+1j),(1+1j),(1+1j),(1+1j),(-1+1j),(1-1j),(1+1j),(-1+1j),(1+1j),(-1+1j),(1+1j),(1-1j),(1+1j),(-1-1j),(1+1j),(1-1j),(-1+1j),(1-1j),(1-1j),(-1+1j),(1-1j),(1+1j),(-1+1j),(-1-1j),(-1+1j),(-1+1j),(1-1j),(1+1j),(-1+1j),(1+1j),(-1+1j),(1+1j),(-1+1j),(-1+1j),(-1+1j),(1-1j),(-1-1j),(1+1j),(-1-1j),(1+1j),(1-1j),(-1+1j),(-1+1j),(-1+1j),(-1+1j),(1-1j),(1+1j),(1-1j),(-1-1j),(1-1j),(-1-1j),(-1-1j),(1-1j),(1-1j),(-1+1j),(1-1j),(1-1j),(1-1j),(1+1j),(-1+1j),(-1+1j),(-1-1j),(1+1j),(-1+1j),(-1+1j),(1+1j),(1+1j),(1-1j),(-1-1j),(1-1j),(-1-1j),(1+1j),(1-1j),(-1+1j),(1+1j),(-1+1j),(-1-1j),(-1+1j),(-1+1j),(1+1j),(-1+1j),(1+1j),(1-1j),(-1+1j),(-1-1j),(-1-1j),(-1+1j),(1-1j),(1+1j),(1-1j),(1+1j),(1+1j),(1-1j),(1-1j),(-1+1j),(-1-1j),(-1+1j),(-1-1j),(1+1j),(1+1j),(1+1j),(-1-1j),(1+1j),(1-1j),(1-1j),(1+1j),(1-1j),(1-1j),(1-1j),(1+1j),(1-1j),(1-1j),(-1+1j),(1+1j),(1+1j),(1-1j),(1+1j),(1-1j),(1+1j),(1-1j),(1-1j),(1-1j),(-1+1j),(1+1j),(-1+1j),(1+1j),(1-1j),(-1+1j),(-1-1j),(1-1j),(1+1j),(1+1j),(1+1j),(1-1j),(-1+1j),(-1+1j),(-1-1j),(-1+1j),(1-1j),(1-1j),(-1+1j),(-1-1j),(1+1j),(-1+1j),(-1+1j),(-1+1j),(-1-1j),(1-1j),(1-1j),(-1+1j),(-1+1j),(1+1j),(1+1j),(1-1j),(1-1j),(-1-1j),(-1+1j),(1+1j),(1-1j),(1-1j),(1+1j),(-1-1j),(-1-1j),(1-1j),(1-1j),(-1+1j),(1+1j),(1-1j),(1+1j),(1+1j),(1+1j),(1+1j),(1+1j),(1-1j),(1+1j),(1-1j),(-1+1j),(1+1j),(1-1j),(-1+1j),(1-1j),(1+1j),(1-1j),(1+1j),(1-1j),(1+1j),(1-1j),(1-1j),(1+1j),(-1-1j),(1-1j),(1+1j),(-1-1j),(-1+1j),(1+1j),(1-1j),(1-1j),(1+1j),(1-1j),(1-1j),(1-1j),(1-1j),(-1-1j),(1-1j),(-1+1j),(1+1j),(-1+1j),(-1-1j),(1+1j),(-1+1j),(1+1j),(-1+1j),(1+1j),(1+1j),(-1-1j),(1-1j),(1-1j),(1-1j),(1-1j),(1+1j),(1+1j),(1-1j),(1-1j),(1+1j),(1+1j),(1-1j),(1-1j),(1+1j),(-1-1j),(1-1j),(1-1j),(1+1j),(1+1j),(1-1j),(1-1j),(1+1j),(1-1j),(1-1j),(1-1j),(-1-1j),(1-1j),(1-1j),(1+1j),(1-1j),(-1+1j),(-1+1j),(1+1j),(1+1j),(1-1j),(1+1j),(1-1j),(1-1j),(1-1j),(1+1j),(1-1j),(1-1j),(1+1j),(-1-1j),(1+1j),(1+1j),(1-1j),(1+1j),(1+1j),(1-1j),(1+1j),(1+1j),(1-1j),(1-1j),(1-1j),(1+1j),(1+1j),(1+1j),(1-1j),(1+1j),(1+1j),(1+1j),(1+1j),(-1+1j),(1-1j),(1+1j),(1+1j),(1-1j),(1-1j),(1-1j),(1+1j),(1-1j),(1+1j),(-1-1j),(1-1j),(1-1j),(1-1j),(1-1j),(1+1j),(1-1j),(1-1j),(1-1j),(-1-1j),(-1+1j),(1+1j),(-1+1j),(1-1j),(1-1j),(1-1j),(1-1j),(1+1j),(1-1j),(1+1j),(1+1j),(1+1j),(1-1j),(1+1j),(-1+1j),(1+1j),(1+1j),(-1-1j),(1-1j),(1-1j),(1+1j),(1+1j),(1-1j),(-1-1j),(1-1j),(-1-1j),(1+1j),(1-1j),(1-1j),(1+1j),(-1-1j),(1-1j),(-1-1j),(-1+1j),(-1+1j),(1-1j),(1+1j),(1-1j),(1-1j),(-1+1j),(1+1j),(1+1j),(1+1j),(1-1j),(-1-1j),(1-1j),(1-1j),(1-1j),(1-1j),(1+1j),(1+1j),(1-1j),(1-1j),(1+1j),(1+1j),(1-1j),(1+1j),(1+1j),(-1-1j),(1-1j),(1-1j),(1-1j),(1-1j),(-1+1j),(1+1j),(-1-1j),(1-1j),(1+1j),(1-1j),(1+1j),(1+1j),(1+1j),(-1+1j),(1+1j),(-1+1j),(-1-1j),(1+1j),(1-1j),(1-1j),(-1+1j),(-1+1j),(1-1j),(-1-1j),(1-1j),(1-1j),(1+1j),(-1-1j),(-1+1j),(-1-1j),(1+1j),(-1+1j),(1-1j),(-1+1j),(1-1j),(-1+1j),(-1-1j),(1-1j),(-1-1j),(1+1j),(-1-1j),(1-1j),(-1+1j),(1-1j),(-1+1j),(-1-1j),(-1+1j),(-1-1j),(-1+1j),(-1-1j),(1-1j),(-1+1j),(1+1j),(1-1j),(1-1j),(-1+1j),(-1-1j),(-1+1j),(-1-1j),(1-1j),(-1-1j),(-1-1j),(-1-1j),(1-1j),(-1+1j),(-1-1j),(-1-1j),(-1-1j),(-1+1j),(-1-1j),(1-1j),(1-1j),(-1-1j),(1-1j),(1-1j),(-1+1j),(-1-1j),(-1+1j),(-1-1j),(-1+1j),(-1-1j),(-1+1j),(-1-1j),(-1+1j),(-1+1j),(-1-1j),(1-1j),(1-1j),(-1+1j),(-1-1j),(-1+1j),(1+1j),(-1+1j),(-1-1j),(1-1j),(-1-1j),(1-1j),(-1-1j),(-1-1j),(-1+1j),(1-1j),(-1+1j),(1-1j),(-1+1j),(-1+1j),(1-1j),(-1+1j),(-1-1j),(1-1j),(-1+1j),(-1-1j),(-1-1j),(-1+1j),(-1-1j),(1-1j),(-1-1j),(-1+1j),(1-1j),(-1-1j),(1-1j),(1-1j),(-1+1j),(-1-1j),(1-1j),(-1-1j),(-1+1j),(-1-1j),(1-1j),(-1+1j),(1-1j),(-1-1j),(-1-1j),(1-1j),(1-1j),(-1+1j),(-1-1j),(1-1j),(-1-1j),(-1+1j),(-1-1j),(1-1j),(-1+1j),(-1-1j),(1-1j),(1-1j),(-1+1j),(-1-1j),(-1+1j),(1-1j),(-1+1j),(-1-1j),(1-1j),(1+1j),(1-1j),(-1+1j),(-1-1j),(-1+1j),(-1-1j),(1-1j),(-1-1j),(1-1j),(1-1j),(-1-1j),(1-1j),(-1+1j),(-1+1j),(-1-1j),(-1+1j),(1+1j),(-1+1j),(1+1j),(-1+1j),(-1-1j),(1+1j),(1-1j),(1+1j),(1-1j),(1-1j),(1+1j),(1+1j),(1+1j),(-1+1j),(-1+1j),(1+1j),(1-1j),(1-1j),(-1+1j),(1+1j),(-1+1j),(1-1j),(1-1j),(1+1j),(1-1j),(1+1j),(1+1j),(1-1j),(-1+1j),(1+1j),(-1+1j),(1-1j),(-1+1j),(1+1j),(1-1j),(-1-1j),(1-1j),(-1+1j),(1+1j),(-1-1j),(1-1j),(1-1j),(1+1j),(1+1j),(1-1j),(1-1j),(1+1j),(-1-1j),(1-1j),(1-1j),(1+1j),(1-1j),(1-1j),(1-1j),(1+1j),(1-1j),(1-1j),(1-1j),(1+1j),(1+1j),(1-1j),(-1+1j),(1+1j),(1-1j),(-1+1j),(-1+1j),(1+1j),(-1+1j),(-1-1j),(1+1j),(1-1j),(1-1j),(1+1j),(1+1j),(1+1j),(1+1j),(1-1j),(1+1j),(-1-1j),(1-1j),(-1-1j),(1+1j),(-1-1j),(1-1j),(1-1j),(1+1j),(-1-1j),(1-1j),(-1+1j),(1+1j),(1+1j),(1+1j),(1+1j),(-1+1j),(-1+1j),(1+1j),(1+1j),(-1-1j),(1-1j),(1+1j),(-1-1j),(1-1j),(1-1j),(1-1j),(1-1j),(1+1j),(1+1j),(1-1j),(1-1j),(1-1j),(1+1j),(1-1j),(1+1j),(1-1j),(1-1j),(1-1j),(-1+1j),(1+1j),(1-1j),(1-1j),(-1+1j),(1+1j),(1-1j),(1+1j),(1+1j),(1+1j),(1-1j),(1+1j),(-1-1j),(1-1j),(-1-1j),(1+1j),(1-1j),(1-1j),(1+1j),(1+1j),(1-1j),(1+1j),(1-1j),(1+1j),(-1-1j),(1-1j),(1-1j),(1+1j),(1-1j),(-1-1j),(1-1j),(1-1j),(-1-1j),(1+1j),(1+1j),(1-1j),(1-1j),(1+1j),(1+1j),(1+1j),(1-1j),(1+1j),(1-1j),(1-1j),(-1+1j),(1-1j),(1+1j),(1+1j),(1-1j),(1-1j),(1+1j),(1+1j),(1-1j),(1+1j),(-1+1j),(1-1j),(1-1j),(-1-1j),(-1+1j),(1-1j),(1-1j),(1+1j),(-1-1j),(1-1j),(-1-1j),(1-1j),(1+1j),(1+1j),(1+1j),(-1+1j),(1+1j),(-1+1j),(-1-1j),(-1+1j),(1-1j),(1+1j),(1+1j),(-1+1j),(-1+1j),(-1+1j),(-1+1j),(1-1j),(-1+1j),(-1-1j),(1+1j),(-1+1j),(-1+1j),(-1-1j),(1-1j),(1+1j),(-1-1j),(-1+1j),(1-1j),(1-1j),(-1+1j),(-1-1j),(1+1j),(-1+1j),(1-1j),(1+1j),(1-1j),(-1+1j),(-1-1j),(-1+1j),(-1-1j),(-1-1j),(1-1j),(1-1j),(-1+1j),(1-1j),(1-1j),(1-1j),(1-1j),(1-1j),(-1+1j),(1-1j),(-1+1j),(1+1j),(-1+1j),(-1-1j),(1-1j),(1+1j),(1+1j),(-1+1j),(-1+1j),(-1-1j),(1-1j),(1+1j),(-1-1j),(1+1j),(1+1j),(-1-1j),(-1+1j),(-1-1j),(-1+1j),(1-1j),(-1+1j),(1-1j),(-1+1j),(1-1j),(1+1j),(1-1j),(1-1j),(1-1j),(1-1j),(1+1j),(1-1j),(-1-1j),(1-1j),(1-1j),(-1+1j),(1-1j),(-1+1j),(-1-1j),(1-1j),(1-1j),(1-1j),(1-1j),(1-1j),(1+1j),(1-1j),(1+1j),(1+1j),(1-1j),(1+1j),(1-1j),(1-1j),(1-1j),(1-1j),(1+1j),(1-1j),(-1+1j),(1-1j),(1-1j),(1-1j),(1-1j),(1+1j),(1-1j),(-1-1j),(-1-1j),(1+1j),(-1-1j),(1-1j),(1+1j),(1+1j),(1-1j),(-1-1j),(1-1j),(1-1j),(-1+1j),(1-1j),(1-1j),(1+1j),(1-1j),(-1-1j),(-1+1j),(1+1j),(1+1j),(-1-1j),(1-1j),(1+1j),(1-1j),(1+1j),(1-1j),(-1-1j),(1-1j),(1-1j),(1-1j),(-1-1j),(-1+1j),(1-1j),(1-1j),(-1-1j),(1-1j),(-1-1j),(-1+1j),(-1+1j),(1+1j),(-1-1j),(1-1j),(1-1j),(-1+1j),(-1-1j),(1-1j),(1+1j),(1-1j),(1-1j),(-1+1j),(-1-1j),(-1+1j),(1-1j),(-1-1j),(1-1j),(-1-1j),(1-1j),(-1-1j),(1-1j),(-1+1j),(-1-1j),(-1+1j),(1+1j),(1+1j),(1+1j),(1-1j),(1+1j),(-1-1j),(1+1j),(1+1j),(-1+1j),(-1-1j),(1-1j),(-1-1j),(1+1j),(1+1j),(1+1j),(1-1j),(-1-1j),(1-1j),(1-1j),(-1+1j),(1-1j),(-1+1j),(-1-1j),(-1-1j),(-1-1j),(-1+1j),(1-1j),(1-1j),(-1+1j),(-1-1j),(1+1j),(-1-1j),(-1-1j),(1+1j),(1+1j),(1-1j),(-1+1j),(-1-1j),(1+1j),(-1+1j),(-1-1j),(1+1j),(1-1j),(-1+1j),(1+1j),(1+1j),(-1-1j),(-1+1j),(1-1j),(1-1j),(-1+1j),(-1-1j),(-1-1j),(-1+1j),(-1-1j),(1+1j),(-1+1j),(-1+1j),(1+1j),(1+1j),(1+1j),(1-1j),(-1-1j),(1+1j),(1-1j),(-1+1j),(-1+1j),(1+1j),(-1-1j),(1-1j),(1-1j),(-1+1j),(1-1j),(1-1j),(1-1j),(-1-1j),(1+1j),(-1-1j),(1-1j),(1-1j),(-1+1j),(1-1j),(1+1j),(-1+1j),(-1-1j),(1+1j),(-1-1j),(1+1j),(1-1j),(1-1j),(-1-1j),(1+1j),(1+1j),(-1-1j),(1+1j),(1-1j),(-1+1j),(-1+1j),(1-1j),(-1-1j),(1+1j),(-1-1j),(-1+1j),(1+1j),(1-1j),(-1+1j),(1-1j),(-1-1j),(1-1j),(1-1j),(1-1j),(-1-1j),(-1-1j),(1-1j),(-1-1j),(1+1j),(1+1j),(-1-1j),(-1-1j),(-1+1j),(1+1j),(1+1j),(1+1j),(1-1j),(-1-1j),(1-1j),(-1+1j),(-1+1j),(1-1j),(-1+1j),(1-1j),(-1-1j),(1+1j),(-1+1j),(-1+1j),(1-1j),(1+1j),(1-1j),(1-1j),(1+1j),(1-1j),(-1-1j),(1-1j),(-1+1j),(-1+1j),(-1+1j),(1+1j),(1-1j),(1-1j),(1-1j),(1+1j),(-1+1j),(1-1j),(1-1j),(1-1j),(1+1j),(1-1j),(1+1j),(1+1j),(1-1j),(1-1j),(-1+1j),(1+1j),(1-1j),(-1+1j),(1+1j),(1+1j),(-1+1j),(-1+1j),(-1+1j),(-1-1j),(-1+1j),(1+1j),(1-1j),(1+1j),(-1+1j),(-1+1j),(1+1j),(1-1j),(-1-1j),(1+1j),(1-1j),(-1+1j),(1+1j),(1+1j),(-1+1j),(-1+1j),(1-1j),(1+1j),(1+1j),(-1-1j),(-1-1j),(1+1j),(1-1j),(1-1j),(-1-1j),(1+1j),(-1+1j),(1-1j),(1+1j),(-1-1j),(1-1j),(1+1j),(1-1j),(1-1j),(-1+1j),(1-1j),(-1-1j),(1-1j),(1-1j),(1-1j),(1-1j),(-1+1j),(-1+1j),(1-1j),(1+1j),(1-1j),(1-1j),(-1+1j),(1-1j),(1-1j),(-1-1j),(1-1j),(1-1j),(1-1j),(1+1j),(-1+1j),(-1+1j),(-1+1j),(1-1j),(1-1j),(1-1j),(-1-1j),(-1-1j),(-1-1j),(1+1j),(1+1j),(1-1j),(1-1j),(-1-1j),(1+1j),(1+1j),(1-1j),(1+1j),(1-1j),(1-1j),(1+1j),(1-1j),(-1-1j),(1+1j),(1-1j),(1-1j),(1+1j),(-1-1j),(1-1j),(1-1j),(-1+1j),(1-1j),(1+1j),(1-1j),(-1-1j),(-1+1j),(1-1j),(1+1j),(1+1j),(-1+1j),(-1-1j),(-1+1j),(1-1j),(1-1j),(1-1j),(1+1j),(-1+1j),(1-1j),(1-1j),(1-1j),(1+1j),(1+1j),(1-1j),(1-1j),(1+1j),(1+1j),(1-1j),(-1-1j),(1+1j),(1+1j),(-1+1j),(1+1j),(1-1j),(-1-1j),(1+1j),(1-1j),(-1-1j),(1+1j),(-1-1j),(1+1j),(1-1j),(1+1j),(-1+1j),(1+1j),(1+1j),(1-1j),(-1-1j),(1+1j),(1-1j),(-1-1j),(1+1j),(1-1j),(1+1j),(-1+1j),(1-1j),(1+1j),(1-1j),(-1-1j),(1+1j),(1-1j),(1-1j),(1-1j),(1-1j),(1+1j),(1-1j),(1-1j),(-1+1j),(1-1j),(-1-1j),(-1-1j),(1+1j),(1-1j),(1+1j),(1-1j),(-1-1j),(1+1j),(1-1j),(-1-1j),(1+1j),(1-1j),(1+1j),(1-1j),(1+1j),(-1+1j),(1-1j),(1-1j),(-1-1j),(1-1j),(-1-1j),(-1-1j),(-1+1j),(1+1j),(1-1j),(1-1j),(1-1j),(1-1j),(1+1j),(-1-1j),(-1-1j),(-1-1j),(-1-1j),(1+1j),(1+1j),(1-1j),(-1+1j),(-1-1j),(1+1j),(-1-1j),(-1+1j),(-1-1j),(-1-1j),(1-1j),(1-1j),(1-1j),(-1+1j),(1-1j),(-1+1j),(-1-1j),(1+1j),(-1-1j),(1-1j),(-1-1j),(-1+1j),(-1+1j),(1-1j),(-1+1j),(1-1j),(-1+1j),(-1-1j),(1+1j),(1-1j),(1+1j),(1+1j),(-1-1j),(-1-1j),(1+1j),(-1+1j),(-1+1j),(1-1j),(-1-1j),(1-1j),(1-1j),(-1+1j),(-1-1j),(1-1j),(1-1j),(-1-1j),(-1-1j),(1+1j),(1-1j),(-1-1j),(1+1j),(-1+1j),(-1+1j),(1+1j),(-1+1j),(-1+1j),(-1+1j),(-1-1j),(-1-1j),(-1+1j),(1+1j),(1+1j),(1+1j),(1+1j),(-1+1j),(1+1j),(-1-1j),(1-1j),(-1-1j),(-1+1j),(1+1j),(1+1j),(-1+1j),(-1+1j),(1+1j),(1-1j),(-1-1j),(1+1j),(-1-1j),(-1-1j),(-1-1j),(1-1j),(-1-1j),(-1-1j),(1-1j),(1+1j),(1-1j),(-1-1j),(-1-1j),(-1-1j),(1+1j),(1+1j),(-1-1j),(-1+1j),(-1+1j),(-1+1j),(1-1j),(1-1j),(1+1j),(-1-1j),(-1+1j),(1-1j),(1+1j),(1+1j),(1-1j),(1-1j),(1+1j),(1+1j),(1-1j),(1-1j),(1+1j),(-1-1j),(1+1j),(-1-1j),(-1-1j),(1+1j),(1+1j),(-1+1j),(1-1j),(-1-1j),(1+1j),(-1-1j),(-1-1j),(1-1j),(-1-1j),(1-1j),(1+1j),(-1-1j),(1-1j),(1-1j),(-1+1j),(-1-1j),(-1+1j),(1-1j),(1-1j),(-1+1j),(-1-1j),(-1-1j),(-1+1j),(-1-1j),(1-1j),(-1+1j),(-1-1j),(1-1j),(-1-1j),(-1+1j),(-1+1j),(-1-1j),(1-1j),(-1+1j),(1+1j),(1+1j),(1-1j),(-1-1j),(-1-1j),(-1-1j),(-1-1j),(-1+1j),(1-1j),(-1+1j),(-1-1j),(-1-1j),(1-1j),(-1-1j),(1-1j),(1+1j),(1-1j),(-1-1j),(-1+1j),(-1-1j),(-1-1j),(-1+1j),(1-1j),(-1+1j),(-1-1j),(-1+1j),(1-1j),(-1+1j),(1-1j),(-1-1j),(-1+1j),(-1+1j),(-1-1j),(1+1j),(-1-1j),(-1-1j),(-1-1j),(1-1j),(-1-1j),(-1-1j),(1+1j),(1-1j),(1-1j),(-1-1j),(-1+1j),(-1+1j),(-1+1j),(-1+1j),(1-1j),(1+1j),(-1-1j),(-1-1j),(-1-1j),(-1-1j),(1+1j),(-1-1j),(-1-1j),(1+1j),(-1-1j),(1-1j),(-1-1j),(-1+1j),(1+1j),(1+1j),(1-1j),(1+1j),(-1+1j),(1+1j),(1-1j),(1-1j),(1-1j),(1+1j),(-1-1j),(-1-1j),(1+1j),(1+1j),(1+1j),(-1+1j),(-1+1j),(1-1j),(1+1j),(1+1j),(-1+1j),(1+1j),(-1-1j),(-1-1j),(-1+1j),(-1-1j),(-1-1j),(-1+1j),(1-1j),(1+1j),(-1+1j),(1+1j),(-1-1j),(-1+1j),(-1+1j),(1-1j),(-1+1j),(1+1j),(-1-1j),(-1-1j),(-1-1j),(1+1j),(1+1j),(1-1j),(-1+1j),(1-1j),(1-1j),(1-1j),(-1-1j),(1-1j),(1+1j),(1+1j),(1+1j),(-1-1j),(-1-1j),(-1+1j),(1-1j),(1-1j),(-1+1j),(-1-1j),(1-1j),(1+1j),(-1-1j),(1-1j),(-1-1j),(1+1j),(1+1j),(1-1j),(-1+1j),(-1+1j),(-1+1j),(1-1j),(-1-1j),(1-1j),(-1+1j),(-1+1j),(1+1j),(1-1j),(1-1j),(-1+1j),(1+1j),(-1+1j),(-1+1j),(1-1j),(-1+1j),(-1-1j),(-1-1j),(-1-1j),(1+1j),(-1-1j),(1-1j),(-1-1j),(1+1j),(1+1j),(-1+1j),(1+1j),(1+1j),(-1-1j),(-1-1j),(-1-1j),(1-1j),(-1+1j),(1-1j),(1-1j),(-1-1j),(-1+1j),(1+1j),(1+1j),(-1-1j),(-1+1j),(-1+1j),(-1+1j),(-1-1j),(1+1j),(-1-1j),(-1+1j),(1-1j),(1+1j),(-1-1j),(1+1j),(-1-1j),(1+1j),(-1-1j),(-1-1j),(-1-1j),(1+1j),(1+1j),(1-1j),(-1+1j),(1+1j),(-1+1j),(-1-1j),(1+1j),(-1+1j),(1-1j),(-1+1j),(1+1j),(1-1j),(-1-1j),(-1-1j),(-1-1j),(1-1j),(1+1j),(1+1j),(1+1j),(-1-1j),(1-1j),(-1-1j),(-1+1j),(-1-1j),(-1+1j),(1+1j),(1+1j),(-1+1j),(-1-1j),(1-1j),(-1+1j),(1-1j),(-1-1j),(-1+1j),(1+1j),(-1-1j),(1+1j),(-1-1j),(1-1j),(-1-1j),(1-1j),(1-1j),(1+1j),(1-1j),(-1-1j),(1+1j),(1+1j),(1+1j),(-1+1j),(1-1j),(-1-1j),(1+1j),(1-1j),(1+1j),(1-1j),(1+1j),(1-1j),(-1+1j),(1+1j),(-1-1j),(-1+1j),(-1+1j),(1+1j),(1-1j),(-1-1j),(-1+1j),(1-1j),(-1+1j),(-1-1j),(-1+1j),(-1-1j),(-1-1j),(1-1j),(1-1j),(1+1j),(1-1j),(-1-1j),(1+1j),(-1-1j),(-1+1j),(1+1j),(-1-1j),(-1+1j),(-1+1j),(1+1j),(1+1j),(-1-1j),(-1-1j),(-1-1j),(1+1j),(-1-1j),(-1+1j),(1-1j),(-1+1j),(-1+1j),(1+1j),(1-1j),(1-1j),(-1-1j),(1+1j),(1-1j),(1-1j),(1+1j),(-1-1j),(1+1j),(-1-1j),(1+1j),(-1+1j),(1+1j),(-1+1j),(1+1j),(1-1j),(1-1j),(-1-1j),(1+1j),(1+1j),(1-1j),(-1+1j),(1+1j),(-1-1j),(-1-1j),(-1-1j),(-1+1j),(1-1j),(1+1j),(-1+1j),(1-1j),(1-1j),(1-1j),(-1-1j),(1-1j),(1-1j),(1-1j),(1+1j),(-1+1j),(1+1j),(-1-1j),(1+1j),(1-1j),(-1-1j),(1+1j),(1-1j),(-1-1j),(1+1j),(1-1j),(-1-1j),(1+1j),(-1-1j),(-1-1j),(1+1j),(1-1j),(1+1j),(1+1j),(1-1j),(-1-1j),(1-1j),(1-1j),(-1-1j),(-1-1j),(1-1j),(1-1j),(1-1j),(-1+1j),(1-1j),(1+1j),(1-1j),(1-1j),(-1-1j),(1-1j),(-1-1j),(1+1j),(1-1j),(1-1j),(1+1j),(1-1j),(-1-1j),(1+1j),(1-1j),(1-1j),(1+1j),(1-1j),(-1-1j),(1+1j),(1-1j),(1-1j),(1+1j),(1-1j),(-1-1j),(-1-1j),(1-1j),(1-1j),(1-1j),(-1+1j),(1-1j),(1+1j),(-1-1j),(1-1j),(1+1j),(1-1j),(1-1j),(1+1j),(1-1j),(1-1j),(1-1j),(-1+1j),(-1+1j),(-1-1j),(1-1j),(1-1j),(1-1j),(-1-1j),(-1-1j),(1+1j),(1+1j),(1+1j),(-1-1j),(1+1j),(-1-1j),(1-1j),(1+1j),(-1+1j),(1-1j),(1-1j),(1-1j),(1-1j),(1+1j),(1-1j),(-1-1j),(1-1j),(1-1j),(1+1j),(1+1j),(-1+1j),(1+1j),(1+1j),(-1+1j),(1-1j),(1-1j),(-1-1j),(-1-1j),(-1-1j),(1-1j),(1-1j),(1+1j),(-1+1j),(1-1j),(-1-1j),(1-1j),(1-1j),(1+1j),(1+1j),(1+1j),(1+1j),(-1+1j),(1-1j),(1-1j),(-1-1j),(-1-1j),(-1+1j),(1-1j),(-1+1j),(1-1j),(-1+1j),(1-1j),(1+1j),(-1+1j),(1-1j),(1+1j),(-1-1j),(1-1j),(1+1j),(1+1j),complex_number
