4_233766212_233768638,-1,0,1,2,1,0,1,2,3,4,3,2,3,2,3,2,3,2,3,2,3,4,5,4,5,6,7,8,9,8,9,10,11,12,13,12,13,14,15,14,15,14,13,12,11,12,13,14,15,14,15,16,17,16,15,14,15,16,15,16,15,14,13,12,13,14,15,16,15,16,17,18,17,18,17,16,17,16,15,16,17,18,17,16,15,16,17,16,15,14,13,14,15,14,13,12,11,10,9,10,9,8,9,8,9,8,7,8,7,6,7,8,9,10,9,8,9,8,7,8,7,6,7,6,7,8,7,6,7,8,9,10,11,10,11,12,13,14,13,12,11,10,11,10,11,10,11,12,13,12,11,12,11,10,9,8,9,8,9,8,9,10,9,10,11,12,13,14,15,14,15,14,13,14,15,16,17,18,17,16,17,16,17,16,17,16,17,16,15,14,15,14,15,14,13,12,13,14,15,14,13,14,13,14,13,12,11,12,13,14,13,12,11,12,11,12,11,10,9,10,9,8,9,8,7,6,5,6,7,8,9,10,11,10,11,10,11,10,9,10,11,12,13,14,15,14,13,14,15,16,15,16,15,16,17,16,17,16,15,16,15,14,15,14,15,14,15,16,15,14,15,14,15,14,15,16,17,16,17,18,17,18,19,20,21,20,21,20,19,18,17,18,19,18,19,18,19,20,21,22,23,24,25,26,25,24,25,26,25,26,25,24,25,26,27,26,27,26,25,26,27,26,25,26,27,26,27,26,27,26,27,26,27,26,25,26,25,26,25,26,27,26,27,26,27,28,29,30,29,28,29,30,29,30,29,28,29,28,29,30,29,28,29,30,29,30,29,28,29,28,27,28,29,28,29,28,27,28,27,28,27,28,27,26,25,26,25,26,25,26,25,26,25,24,25,26,27,28,29,30,29,30,29,30,29,28,27,28,27,28,27,26,25,26,27,26,27,28,29,30,31,32,31,32,31,32,33,32,33,32,31,32,31,30,31,32,31,32,31,30,31,30,31,30,31,30,29,28,29,28,29,28,29,28,29,28,27,28,29,30,31,30,31,30,31,30,31,32,31,32,31,30,31,30,29,30,31,30,31,30,29,30,29,30,29,30,29,28,27,28,29,30,31,30,31,30,31,32,31,32,31,30,31,30,29,30,31,30,31,30,29,30,29,30,29,30,31,30,29,30,29,30,29,30,29,30,29,28,29,30,31,32,33,34,33,34,33,34,35,34,35,34,33,34,35,34,35,34,33,34,33,32,33,32,31,32,31,30,29,30,29,28,29,30,31,32,31,32,33,34,35,36,37,36,37,36,37,38,39,38,39,38,39,38,37,38,37,36,35,34,35,36,35,34,35,36,37,38,37,36,35,34,33,32,33,34,35,36,35,34,33,34,33,32,33,32,31,30,29,30,29,28,27,26,27,26,25,24,23,22,21,20,21,22,21,20,19,20,19,18,19,18,19,18,19,18,17,18,17,16,15,14,13,12,13,12,11,10,9,8,7,6,5,4,3,4,5,6,7,8,7,8,9,10,9,10,9,8,7,6,5,6,7,6,5,4,3,2,1,0,1,2,3,2,1,2,1,2,3,4,5,6,7,6,5,6,5,4,3,2,1,2,1,0,1,0,-1,0,1,0,-1,0,-1,-2,-3,-4,-5,-6,-5,-6,-7,-6,-5,-4,-3,-2,-1,0,1,2,1,0,-1,-2,-1,-2,-3,-2,-3,-4,-5,-4,-5,-4,-3,-4,-3,-2,-3,-2,-3,-2,-1,-2,-1,0,1,2,1,2,3,2,3,4,5,4,5,4,5,4,5,4,5,6,7,6,5,6,7,8,7,6,7,8,7,6,5,4,3,4,3,4,3,4,3,4,3,2,3,4,3,2,1,0,1,0,-1,0,-1,-2,-3,-4,-3,-4,-3,-4,-5,-6,-7,-6,-7,-8,-9,-8,-7,-8,-9,-10,-11,-10,-9,-8,-9,-10,-11,-10,-9,-10,-11,-10,-9,-10,-11,-12,-13,-14,-15,-16,-15,-14,-13,-12,-13,-12,-11,-10,-9,-10,-9,-8,-7,-6,-7,-6,-5,-6,-5,-4,-3,-2,-3,-4,-5,-4,-5,-4,-5,-4,-5,-6,-7,-8,-7,-8,-9,-10,-11,-12,-13,-14,-15,-14,-13,-14,-15,-16,-15,-16,-15,-16,-17,-16,-15,-16,-15,-16,-17,-18,-17,-16,-17,-16,-17,-16,-17,-16,-17,-18,-19,-20,-21,-22,-21,-20,-21,-20,-21,-22,-23,-24,-25,-24,-23,-22,-21,-20,-21,-20,-21,-22,-21,-20,-21,-22,-23,-22,-21,-22,-21,-20,-21,-22,-23,-22,-21,-20,-21,-20,-19,-18,-19,-18,-17,-16,-15,-14,-15,-14,-15,-16,-15,-14,-13,-14,-13,-12,-13,-12,-13,-12,-13,-14,-15,-16,-17,-18,-19,-18,-17,-16,-15,-14,-15,-16,-15,-14,-15,-16,-15,-14,-15,-14,-15,-14,-13,-14,-13,-12,-13,-12,-11,-12,-13,-14,-15,-16,-17,-18,-17,-18,-19,-18,-19,-20,-19,-20,-21,-20,-21,-20,-21,-22,-21,-20,-21,-22,-23,-22,-21,-22,-21,-22,-23,-22,-23,-24,-23,-22,-21,-20,-19,-18,-19,-20,-21,-20,-21,-20,-19,-20,-21,-20,-19,-20,-21,-22,-23,-24,-25,-26,-25,-26,-27,-26,-27,-26,-27,-28,-27,-26,-25,-24,-23,-22,-23,-22,-23,-22,-21,-22,-23,-22,-23,-24,-23,-24,-25,-26,-27,-28,-29,-30,-29,-30,-31,-32,-33,-32,-31,-32,-31,-30,-31,-30,-31,-32,-31,-30,-29,-28,-29,-30,-31,-30,-31,-30,-31,-30,-31,-32,-31,-32,-31,-32,-31,-32,-31,-30,-31,-32,-33,-34,-35,-36,-35,-36,-37,-36,-37,-38,-39,-40,-39,-40,-39,-40,-41,-42,-43,-42,-41,-42,-41,-40,-41,-42,-43,-44,-43,-42,-43,-44,-45,-44,-45,-44,-43,-42,-41,-40,-39,-40,-41,-40,-41,-42,-41,-42,-43,-42,-41,-42,-41,-40,-41,-42,-41,-42,-41,-40,-39,-38,-39,-38,-37,-36,-35,-36,-35,-36,-35,-34,-35,-36,-35,-34,-33,-32,-31,-32,-33,-34,-33,-34,-33,-32,-33,-32,-33,-34,-33,-34,-35,-34,-33,-32,-31,-30,-31,-32,-33,-32,-31,-32,-33,-34,-33,-32,-31,-30,-31,-32,-31,-32,-31,-32,-31,-32,-31,-32,-33,-32,-33,-34,-35,-34,-35,-34,-33,-34,-33,-34,-33,-32,-31,-30,-29,-28,-29,-30,-31,-32,-31,-32,-33,-34,-33,-34,-33,-32,-31,-32,-33,-34,-35,-36,-35,-34,-33,-32,-33,-32,-31,-32,-33,-32,-33,-34,-35,-36,-35,-34,-35,-34,-33,-34,-33,-32,-31,-30,-29,-30,-31,-32,-31,-32,-31,-32,-31,-30,-31,-30,-29,-30,-29,-30,-31,-30,-29,-30,-29,-28,-27,-26,-27,-28,-29,-30,-29,-30,-31,-32,-31,-30,-29,-30,-29,-30,-29,-28,-29,-28,-29,-28,-29,-28,-29,-30,-31,-30,-31,-32,-33,-34,-33,-32,-33,-32,-31,-30,-29,-30,-31,-30,-29,-28,-27,-26,-25,-24,-23,-24,-23,-24,-25,-26,-25,-26,-27,-28,-27,-28,-29,-28,-29,-28,-27,-28,-29,-30,-29,-28,-27,-28,-29,-30,-31,-32,-31,-30,-29,-28,-29,-30,-31,-32,-33,-34,-35,-36,-35,-36,-37,-38,-37,-36,-35,-34,-35,-36,-37,-36,-35,-34,-33,-34,-35,-36,-37,-38,-39,-40,-41,-40,-39,-38,-39,-38,-39,-40,-39,-38,-37,-36,-37,-36,-35,-34,-33,-32,-33,-32,-31,-32,-31,-32,-31,-30,-31,-30,-31,-30,-29,-28,-27,-26,-25,-26,-27,-26,-27,-28,-29,-28,-27,-26,-25,-26,-25,-24,-25,-24,-23,-22,-21,-22,-21,-22,-21,-20,-19,-18,-19,-20,-21,-22,-21,-20,-19,-18,-19,-20,-19,-20,-21,-20,-21,-20,-19,-20,-19,-18,-19,-18,-19,-18,-17,-18,-17,-18,-17,-16,-15,-16,-17,-16,-17,-18,-17,-16,-17,-16,-17,-18,-19,-18,-17,-16,-17,-18,-19,-20,-21,-22,-23,-22,-21,-20,-19,-20,-19,-20,-21,-20,-19,-18,-17,-18,-17,-18,-17,-16,-15,-16,-15,-14,-15,-14,-15,-14,-13,-12,-11,-12,-13,-14,-13,-12,-11,-10,-11,-10,-11,-10,-11,-10,-11,-10,-11,-10,-9,-8,-7,-8,-9,-8,-9,-8,-9,-8,-7,-6,-5,-6,-7,-6,-7,-6,-7,-8,-7,-8,-9,-8,-9,-10,-11,-12,-13,-12,-11,-12,-13,-14,-15,-14,-15,-14,-15,-16,-17,-16,-17,-16,-17,-16,-15,-14,-13,-12,-11,-10,-11,-10,-9,-8,-9,-8,-7,-6,-7,-6,-5,-4,-3,-4,-3,-2,-3,-2,-1,0,-1,0,1,0,1,0,1,0,1,2,1,2,3,4,3,2,3,2,1,2,1,2,1,0,1,0,-1,-2,-3,-2,-1,0,-1,0,1,2,3,4,3,2,1,2,3,4,3,4,3,2,1,2,3,4,3,2,1,0,-1,-2,-1,0,1,2,3,2,1,2,1,2,1,0,1,0,1,0,1,2,1,0,-1,0,-1,0,1,0,-1,-2,-3,-4,-3,-2,-1,-2,-3,-2,-3,-2,-1,-2,-3,-4,-5,-4,-5,-6,-5,-4,-3,-2,-1,-2,-3,-4,-3,-4,-3,-2,-3,-2,-3,-2,-1,0,1,0,1,0,-1,0,1,2,3,2,1,2,1,0,-1,0,-1,0,1,2,3,4,5,4,5,4,3,4,5,6,5,4,5,6,5,6,5,6,5,6,7,6,7,6,5,4,5,6,7,6,7,8,9,8,7,8,9,10,9,10,9,8,7,6,5,4,3,2,3,4,3,2,3,2,3,4,5,4,3,4,5,6,5,6,7,8,7,8,9,10,9,10,9,10,11,10,9,8,7,6,5,4,3,2,3,2,3,2,3,2,3,4,5,4,5,4,5,4,5,4,5,4,5,4,5,6,5,4,3,4,3,2,3,2,3,4,5,6,7,8,7,8,9,10,9,10,9,10,11,12,13,12,13,14,13,14,13,12,13,12,13,14,15,16,17,18,19,20,19,20,19,18,19,20,21,22,21,20,19,20,21,20,21,20,21,22,23,24,25,26,25,26,27,28,29,30,29,30,31,32,33,32,31,30,31,30,29,28,27,28,29,28,27,28,27,28,27,26,25,26,27,28,27,28,29,28,27,26,27,28,27,28,27,26,25,26,25,26,25,24,23,22,23,24,25,24,23,22,21,20,19,18,19,20,19,20,19,20,19,18,17,16,17,18,17,16,17,16,17,18,19,20,19,20,21,22,21,20,21,20,19,18,17,16,17,18,17,18,17,18,17,16,15,14,15,14,15,16,17,18,19,20,19,20,21,20,21,20,21,22,21,20,21,20,19,18,19,20,21,22,23,24,25,24,23,22,21,20,21,20,19,18,17,16,17,18,17,16,17,18,17,16,15,14,15,14,15,14,13,14,15,16,15,16,15,14,15,14,15,16,15,14,15,16,17,16,17,18,17,18,19,20,21,22,23,22,21,20,21,20,21,20,21,20,19,18,17,16,15,14,13,12,11,10,11,10,11,10,9,8,7,6,7,8,9,10,11,10,11,12,11,10,11,12,11,12,11,10,11,12,11,12,13,12,13,14,13,14,15,14,13,12,11,10,9,10,9,10,9,8,7,6,7,6,5,6,5,4,5,4,5,6,7,8,9,10,11,12,13,12,13,14,13,12,11,10,11,10,9,10,11,10,11,10,11,12,11,10,9,8,9,8,7,6,7,8,9,8,7,8,9,8,9,10,11,10,11,12,11,12,11,12,13,12,13,14,15,14,13,12,11,10,9,8,7,8,9,8,9,8,7,6,5,4,3,2,1,0,-1,0,-1,-2,-1,-2,-1,0,1,0,1,0,-1,-2,-3,-2,-1,0,1,2,3,2,3,4,5,4,3,4,5,4,5,6,5,4,3,2,3,4,3,4,3,2,1,0,-1,-2,-3,-4,-5,-4,-3,-4,-3,-2,-1,0,-1,-2,-3,-4,-3,-2,-3,-2,-1,-2,-1,0,1,2,3,2,3,4,5,4,3,2,3,2,3,4,3,2,1,-1,-2,-3,-4,-3,-4,-3,-2,-3,-2,-3,-4,-3,-4,-3,-2,-1,0,1,0,1,0,-1,-2,-1,-2,-3,-4,-3,-4,-5,-4,-3,-2,-1,0,-1,-2,-1,-2,-1,0,1,2,1,2,3,2,3,4,5,6,7,6,7,6,7,8,7,8,7,6,5,4,5,6,7,8,7,8,9,10,9,10,9,8,9,8,9,10,11,12,11,10,9,8,9,8,7,8,7,8,9,8,9,8,7,6,5,6,5,4,3,2,1,0,-1,0,-1,0,1,2,1,2,1,2,3,4,3,4,3,2,3,4,5,6,5,4,5,6,5,4,5,4,5,6,7,8,7,6,5,4,3,2,3,2,1,2,3,2,1,0,1,2,1,0,1,0,1,2,3,4,5,6,7,8,9,10,11,10,9,10,9,10,11,12,13,12,11,10,11,10,11,10,9,8,9,8,9,10,11,10,9,8,7,8,9,10,11,10,9,8,7,8,7,8,9,8,9,10,9,8,7,8,7,8,7,8,9,10,9,10,11,10,9,8,7,8,7,8,9,10,11,10,11,10,11,12,11,12,11,12,13,14,15,16,17,18,19,18,19,18,19,18,17,18,17,16,15,14,15,16,15,16,15,16,17,18,19,18,19,18,17,18,19,20,21,20,19,18,17,18,19,18,19,18,19,18,17,18,17,18,17,16,15,14,15,14,15,16,17,18,19,20,19,20,21,22,23,22,21,20,21,20,21,20,21,20,19,20,21,22,21,22,23,24,25,24,25,24,25,26,25,26,27,28,27,28,27,28,29,28,27,26,27,28,27,28,27,26,27,26,27,28,29,30,31,30,31,30,31,30,31,30,31,32,33,32,33,32,31,30,31,30,29,30,29,30,31,32,31,30,31,30,29,30,29,30,29,30,29,30,29,30,31,32,33,34,33,34,33,32,31,30,31,30,29,30,29,30,29,28,27,28,29,30,31,32,33,34,33,34,33,32,31,32,31,32,31,32,31,32,31,30,29,30,29,28,29,28,29,30,31,30,29,30,29,28,29,28,29,28,29,30,31,30,31,32,33,34,35,34,35,34,33,32,33,32,33,32,33,32,31,32,31,30,29,28,27,28,27,28,29,30,31,30,31,30,29,30,31,30,31,30,29,28,29,28,29,28,29,28,29,28,27,26,27,26,27,28,27,28,29,30,29,28,27,26,25,26,25,26,25,26,27,28,27,26,27,28,29,30,29,30,29,28,27,28,27,28,29,30,29,30,29,30,29,30,29,30,29,30,29,28,27,26,25,24,23,24,23,24,23,24,25,26,27,28,27,28,29,30,31,30,31,30,31,30,31,30,31,30,31,30,29,30,31,30,29,28,29,28,27,28,29,30,29,30,29,30,29,28,27,26,27,28,29,28,27,28,27,28,29,28,29,30,29,28,27,28,29,28,27,26,25,24,25,24,23,24,23,22,23,22,21,22,21,22,21,22,23,22,21,22,23,22,23,24,23,22,21,20,19,18,17,18,17,16,15,14,13,14,15,14,13,12,13,12,13,12,11,10,9,8,7,8,9,8,9,10,9,8,9,8,7,6,5,6,5,4,3,4,5,4,3,2,1,0,-1,0,1,0,-1,-2,-1,0,-1,0,-1,-2,-3,-4,-5,-4,-3,-4,-3,-2,-3,-4,-5,-6,-7,-8,-9,-8,-7,-8,-9,-10,-11,-10,-9,-8,-7,-6,-5,-6,-5,-6,-7,-8,-9,-10,-11,-12,-13,-12,-13,-14,-13,-12,-13,-12,-11,-12,-11,-10,-9,-8,-9,-8,-7,-8,-9,-8,-9,-8,-9,-8,-7,-8,-9,-8,-7,-6,-7,-6,-5,-6,-5,-4,-3,-2,-3,-2,-1,0,1,0,-1,-2,-1,-2,-1,-2,-3,-4,-5,-6,-5,-4,-3,-2,-1,0,-1,-2,-3,-4,-5,-6,-7,-8,-9,-10,-11,-12,-11,-12,-13,-12,-13,-12,-11,-10,-11,-12,-13,-14,-15,-16,-17,-16,-17,-18,-19,-20,-21,-20,-19,-18,-19,-18,-19,-18,-19,-20,-19,-18,-17,-16,-17,-16,-15,-14,-15,-16,-17,-18,-17,-18,-19,-20,-19,-20,-19,-20,-19,-18,-17,-18,-17,-16,-15,-16,-15,-14,-13,-12,-13,-14,-15,-14,-13,-12,-13,-12,-13,-14,-15,-16,-15,-14,-15,-16,-17,-16,-17,-16,-15,-14,-13,-14,-15,-16,-15,-14,-13,-12,-13,-12,-11,-10,-9,-8,-9,-10,-11,-10,-11,-10,-9,-8,-9,-10,-9,-10,-11,-12,-11,-12,-13,-12,-13,-12,-13,-12,-11,-10,-11,-10,-9,-8,-7,-6,-5,-4,-5,-6,-5,-6,-5,-4,-5,-4,-3,-4,-3,-2,-1,-2,-3,-2,-1,-2,-3,-2,-1,-2,-1,0,1,2,3,4,5,6,7,6,7,8,9,8,9,10,9,8,7,6,7,6,7,6,5,4,3,2,1,2,3,2,3,4,5,6,5,4,5,6,5,6,5,6,7,8,9,10,9,8,7,6,5,4,3,2,3,2,1,0,-1,-2,-1,-2,-3,-2,-3,-2,-1,0,-1,-2,-3,-4,-3,-2,-1,-2,-3,-4,-5,-6,-5,-6,-5,-6,-5,-6,-7,-6,-5,-6,-5,-4,-5,-6,-7,-6,-5,-6,-7,-8,-7,-8,-9,-10,-11,-12,-11,-12,-11,-10,-9,-8,-9,-10,-11,-10,-9,-8,-7,-6,-5,-4,-5,-6,-7,-6,-7,-8,-9,-8,-9,-8,-7,-8,-9,-8,-9,-10,-11,-12,-13,-14,-15,-16,-17,-16,-17,-18,-17,-16,-17,-16,-17,-18,-19,-18,-17,-18,-17,-18,-19,-18,-17,-16,-15,-14,-15,-16,-15,-16,-15,-16,-15,-14,-13,-12,-11,-12,-13,-12,-13,-12,-11,-12,-11,-10,-11,-12,-11,-12,-11,-12,-13,-14,-15,-16,-15,-14,-15,-14,-13,-12,-13,-12,-13,-14,-13,-12,-11,-10,-9,-8,-7,-6,-5,-4,-3,-2,-1,-2,-1,0,1,2,3,4,3,4,5,4,3,4,3,2,3,4,3,4,5,6,5,6,7,8,9,8,9,8,7,6,7,6,7,8,9,8,9,8,9,8,9,8,7,8,7,8,7,6,7,6,5,6,7,6,7,6,5,4,5,6,5,6,5,6,7,8,9,10,11,12,13,12,13,12,13,12,13,12,11,12,11,10,9,10,11,12,13,12,11,12,13,14,13,14,15,16,17,18,17,18,19,18,17,16,15,16,17,18,19,18,17,16,17,16,17,18,19,20,19,18,19,18,17,16,15,14,15,14,13,12,13,14,15,14,15,16,17,18,19,18,19,18,19,18,17,16,15,16,15,14,13,12,13,12,11,12,13,12,13,14,13,14,15,14,13,12,13,12,13,12,13,14,15,16,17,16,15,16,15,16,15,16,15,14,13,14,15,16,17,16,15,14,13,14,13,14,15,14,13,14,13,14,15,14,13,14,13,14,15,14,15,16,15,14,13,12,11,10,9,8,9,10,9,10,9,8,7,6,5,4,3,2,3,2,3,4,5,6,7,6,7,6,5,6,5,4,3,2,1,0,-1,-2,-3,-2,-1,0,-1,0,-1,-2,-1,-2,-1,-2,-3,-2,-3,-4,-3,-2,-1,0,1,2,1,0,1,0,-1,0,1,2,1,0,1,2,1,2,1,2,3,2,3,2,3,2,1,0,-1,-2,-1,0,-1,-2,-1,-2,-3,-2,-3,-4,-5,-4,-5,-4,-3,-4,-5,-4,-3,-2,-1,-2,-1,0,-1,-2,-1,0,-1,0,-1,-2,-3,-4,-3,-2,-1,0,-1,-2,-1,-2,-3,-2,-3,-2,-1,0,1,2,3,4,3,2,3,4,5,4,5,4,5,6,7,8,7,6,7,8,7,6,7,8,7,8,7,8,7,6,7,6,5,4,5,4,5,6,7,6,5,4,3,2,3,4,5,4,3,4,5,4,5,4,5,6,5,6,5,4,3,4,3,2,3,2,3,2,1,2,1,0,-1,-2,-3,-4,-3,-2,-1,0,1,2,3,4,3,2,3,4,5,6,7,8,9,10,11,12,13,14,13,12,11,10,9,8,7,6,7,6,5,4,5,6,5,4,3,2,1,0,1,2,3,4,5,6,5,4,3,4,5,6,7,6,5,6,7,8,7,8,7,8,7,8,7,8,9,8,7,6,7,8,9,10,11,12,13,12,13,14,15,14,15,16,15,14,15,16,17,16,15,16,17,18,17,16,15,16,17,18,17,16,15,16,17,18,17,16,17,18,17,18,17,16,15,16,17,16,15,14,13,12,11,12,11,12,11,10,9,8,9,8,7,6,7,8,9,8,7,6,5,4,5,4,5,6,7,6,7,6,7,6,7,8,7,6,5,4,5,4,5,4,5,6,7,8,7,8,7,6,5,4,3,2,3,4,3,2,1,0,-1,0,1,0,-1,-2,-1,-2,-3,-2,-1,0,-1,0,1,0,-1,-2,-1,-2,-3,-4,-3,-2,-3,-4,-5,-6,-7,-8,-9,-8,-9,-8,-7,-6,-5,-4,-3,-2,-3,-4,-5,-6,-5,-4,-3,-4,-3,-2,-3,-2,-3,-4,-3,-2,-3,-4,-3,-4,-5,-6,-7,-6,-5,-6,-7,-8,-7,-6,-7,-6,-7,-6,-7,-6,-7,-8,-9,-10,-11,-12,-13,-14,-13,-12,-13,-14,-15,-14,-13,-14,-13,-14,-13,-12,-11,-10,-9,-8,-7,-6,-7,-6,-5,-6,-7,-6,-7,-6,-5,-6,-5,-6,-7,-8,-9,-8,-9,-10,-11,-12,-11,-12,-13,-14,-13,-14,-13,-12,-11,-10,-9,-10,-9,-10,-9,-10,-9,-10,-9,-10,-11,-12,-11,-10,-11,-10,-9,-10,-11,-12,-11,-10,-9,-8,-9,-8,-7,-6,-7,-6,-7,-8,-7,-6,-5,-6,-7,-8,-9,-8,-9,-10,-9,-10,-9,-10,-11,-10,-9,-8,-9,-8,-9,-8,-9,-10,-9,-8,-9,-8,-9,-10,-11,-10,-9,-10,-9,-10,-9,-10,-9,-8,-9,-10,-11,-10,-9,-10,-9,-8,-7,-8,-7,-6,-7,-6,-7,-8,-7,-8,-7,-8,-9,-8,-7,-8,-7,-6,-7,-6,-5,-4,-3,-2,-3,-2,-3,-4,-5,-6,-7,-6,-5,-4,-5,-6,-7,-6,-5,-4,-5,-4,-5,-4,-5,-6,-7,-6,-7,-8,-9,-10,-9,-10,-11,-10,-11,-12,-13,-14,-15,-16,-17,-18,-17,-18,-19,-20,-21,-22,-23,-24,-25,-24,-23,-24,-25,-26,-27,-26,-27,-26,-27,-26,-27,-26,-25,-26,-27,-26,-25,-24,-25,-24,-25,-26,-27,-28,-27,-28,-27,-26,-25,-24,-23,-22,-21,-22,-21,-22,-23,-24,-23,-22,-23,-24,-23,-22,-23,-24,-23,-22,-23,-24,-23,-24,-23,-24,-23,-24,-25,-26,-25,-26,-27,-28,-29,-30,-29,-28,-29,-30,-29,-28,-29,-30,-29,-30,-29,-28,-27,-28,-29,-30,-29,-28,-29,-28,-29,-30,-31,-32,-31,-30,-29,-30,-31,-30,-29,-28,-27,-26,-27,-26,-25,-24,-23,-22,-23,-24,-23,-24,-23,-24,-25,-26,-25,-24,-23,-24,-25,-26,-27,-28,-29,-30,-29,-30,-29,-30,-31,-32,-31,-32,-33,-34,-35,-36,-35,-36,-37,-38,-37,-36,-37,-38,-39,-40,-39,-38,-37,-38,-37,-38,-37,-36,-35,-36,-37,-38,-39,-38,-37,-38,-39,-38,-37,-38,-39,-40,-41,-40,-41,-42,-41,-42,-43,-42,-41,-40,-41,-42,-43,-44,-43,-44,-43,-44,-45,-44,-43,-44,-43,-44,-45,-44,-45,-46,-45,-46,-47,-46,-47,-48,-49,-50,-49,-48,-47,-46,-45,-46,-45,-44,-43,-42,-43,-44,-45,-44,-45,-44,-45,-46,-45,-46,-45,-44,-43,-44,-45,-44,-45,-44,-45,-44,-43,-44,-43,-44,-45,-46,-47,-46,-45,-46,-47,-46,-47,-48,-49,-50,-49,-50,-51,-52,-53,-54,-53,-54,-55,-56,-57,-56,-57,-56,-55,-56,-55,-54,-55,-54,-53,-52,-53,-54,-53,-52,-51,-50,-51,-52,-51,-52,-53,-54,-53,-54,-53,-52,-51,-52,-51,-52,-53,-52,-53,-54,-55,-54,-53,-52,-51,-52,-53,-54,-55,-54,-55,-56,-57,-58,-57,-58,-57,-58,-59,-58,-57,-58,-57,-58,-57,-56,-55,-54,-53,-52,-51,-50,-49,-48,-49,-50,-51,-50,-49,-50,-51,-52,-51,-52,-51,-50,-49,-48,-49,1,0,-1,-2,-3,-2,-1,0,-1,0,1,2,3,4,5,4,5,4,5,6,7,6,5,6,7,6,5,4,5,6,5,6,7,8,9,8,7,6,7,8,9,8,7,6,7,8,9,8,9,8,9,10,11,12,11,12,13,14,15,16,17,18,19,20,21,22,23,24,25,26,27,28,29,30,31,32,33,34,33,34,35,36,37,38,39,38,39,40,41,40,41,42,43,44,43,44,45,46,47,48,49,50,49,50,49,50,51,52,53,52,53,54,53,54,55,54,55,54,55,56,57,58,59,58,59,60,61,62,63,64,63,62,63,64,65,66,67,68,69,70,71,72,71,72,73,74,73,74,75,76,77,76,75,74,75,76,77,78,79,78,79,80,79,80,81,82,83,84,85,86,85,84,85,86,87,88,89,88,89,90,91,92,93,94,93,94,95,96,95,94,95,96,95,96,97,96,97,98,99,100,101,100,101,102,103,102,101,100,101,102,103,104,105,106,107,108,109,108,107,108,109,108,109,110,111,112,113,114,113,114,115,116,117,118,119,120,121,120,121,122,121,122,123,124,125,124,123,124,125,124,123,122,121,120,119,118,117,118,119,118,117,116,115,114,113,112,113,114,113,114,115,116,115,114,115,116,117,118,117,116,117,118,119,118,119,120,121,122,123,122,123,124,123,124,123,124,125,124,125,126,127,128,129,130,131,130,131,132,131,130,131,132,133,132,133,134,135,136,137,138,139,138,139,140,141,140,141,142,143,144,145,144,143,142,141,142,143,144,145,146,147,148,147,148,149,150,149,150,151,152,153,152,151,152,151,150,151,152,153,152,151,152,153,152,151,152,151,152,153,154,155,154,155,156,155,154,155,156,155,156,157,156,155,156,157,158,159,160,161,162,163,164,165,164,165,166,167,168,167,168,169,168,169,168,167,168,169,170,171,172,173,174,175,176,177,176,177,178,179,180,179,180,181,180,181,182,181,180,179,178,179,180,181,182,181,182,183,182,181,182,183,182,183,184,183,182,183,184,185,186,187,188,189,188,189,190,189,190,191,192,193,194,195,196,195,196,197,196,195,194,193,194,193,192,193,192,191,192,191,190,191,192,191,192,191,190,189,190,191,192,193,192,193,194,193,194,195,194,193,192,191,192,193,194,195,194,195,196,197,196,197,198,197,198,199,198,197,198,199,200,201,202,203,204,203,204,205,206,207,208,209,210,209,210,211,210,211,212,211,210,211,210,211,212,211,210,209,208,209,210,211,210,209,210,211,210,211,212,213,214,215,214,213,214,215,216,215,216,215,216,217,218,219,220,221,222,223,222,223,224,225,226,227,228,229,230,229,230,231,232,233,232,233,232,233,234,233,234,235,234,235,236,237,238,239,240,241,240,241,240,241,242,241,242,243,242,243,244,245,246,245,246,247,248,247,248,247,248,249,248,249,250,251,250,251,250,251,252,253,252,253,254,253,252,253,254,253,254,255,256,257,258,259,260,259,258,259,260,261,262,263,262,261,262,263,262,263,262,263,262,263,262,261,260,261,262,261,262,261,260,261,260,261,262,263,264,265,264,265,266,265,266,267,268,269,268,269,268,267,268,269,268,267,268,267,268,269,268,269,270,271,270,271,270,271,272,271,272,271,272,273,272,273,274,275,274,273,274,273,274,275,276,277,278,279,280,281,280,281,280,281,282,283,284,283,284,285,286,287,288,287,288,289,290,291,292,293,294,293,294,295,296,297,298,297,298,297,298,299,300,301,302,301,302,303,302,301,300,301,302,303,302,303,304,303,302,301,302,303,302,303,304,305,304,303,304,305,306,307,306,305,306,305,306,305,306,307,308,307,306,307,308,309,310,309,310,311,310,309,310,311,310,309,308,309,308,309,310,311,310,311,312,313,314,313,314,315,316,317,318,319,320,321,320,321,322,321,322,321,322,323,322,323,322,321,320,321,322,321,320,321,320,321,320,321,320,321,322,323,324,325,324,323,324,325,326,327,328,329,330,331,332,333,334,333,334,335,336,337,338,339,340,341,340,341,342,343,342,343,342,341,342,343,344,345,346,347,346,347,346,347,348,349,348,349,348,349,350,349,350,351,352,351,352,353,352,351,352,353,354,353,354,353,354,355,356,357,356,355,354,355,356,357,358,359,360,359,360,361,362,363,362,361,360,361,362,363,364,365,366,365,366,367,368,369,368,369,370,371,370,369,370,371,372,373,374,373,374,373,374,375,376,377,378,379,380,381,380,381,380,379,380,379,380,381,382,383,382,381,382,383,382,381,380,381,382,383,384,385,386,387,388,389,390,391,390,391,392,393,392,391,392,393,394,395,396,395,396,395,396,397,396,395,396,395,394,395,396,395,396,397,398,397,396,395,394,393,392,391,392,391,392,391,390,389,390,391,390,389,390,391,390,389,388,389,388,389,390,391,392,393,392,393,394,395,396,397,398,397,398,399,398,397,398,399,398,399,398,399,400,401,402,403,404,405,404,405,406,405,406,407,408,409,408,409,410,411,410,411,412,413,414,413,414,415,416,417,418,417,418,419,420,421,422,423,424,423,424,425,424,423,424,425,426,425,426,425,426,427,428,429,430,431,432,433,432,433,434,433,434,435,434,435,434,435,436,435,436,437,438,437,438,439,440,439,440,441,442,441,442,441,440,441,442,443,442,443,444,445,446,445,444,443,444,443,444,445,446,447,448,449,450,449,450,449,448,449,448,449,450,451,452,451,452,453,454,455,454,453,454,455,456,457,458,459,460,461,462,463,464,463,462,461,462,463,464,465,464,465,466,465,466,467,468,467,468,469,470,471,472,473,474,475,476,477,476,477,476,477,478,477,478,477,476,477,476,477,478,479,480,479,478,479,480,481,482,483,484,485,486,487,488,489,490,491,492,491,492,493,494,493,492,493,494,493,494,495,496,495,494,495,494,495,496,497,498,497,496,497,498,499,500,501,502,501,502,503,504,505,506,507,506,507,508,509,508,509,510,509,510,509,508,507,508,509,510,511,512,513,514,515,516,515,516,517,518,517,518,517,518,519,518,517,518,519,520,521,522,523,524,525,526,525,526,525,526,527,528,529,530,529,530,531,532,533,532,533,534,533,534,535,536,537,538,539,538,539,538,537,538,537,538,539,540,539,540,541,542,543,542,541,540,541,542,543,542,541,542,541,542,543,544,545,544,545,546,545,546,547,548,547,548,547,548,549,550,549,550,551,552,551,550,549,550,549,550,549,548,549,550,551,550,549,550,551,550,551,552,553,554,553,554,555,556,555,556,557,558,559,558,559,558,559,558,559,560,561,560,561,562,561,560,559,560,561,562,563,562,561,562,561,562,563,564,565,564,565,566,565,566,567,568,569,570,571,572,573,572,573,572,573,572,573,574,573,572,573,574,575,576,577,578,579,580,579,580,581,582,581,582,581,582,583,582,583,582,581,582,583,584,583,584,585,586,587,588,589,590,591,592,593,594,595,596,597,598,599,600,601,600,601,602,601,602,603,602,603,602,603,604,605,604,605,604,603,604,605,606,607,608,609,608,607,606,607,608,607,608,609,610,609,610,611,612,611,610,611,612,613,614,613,614,615,614,615,616,617,618,617,616,617,616,617,618,619,620,621,622,623,622,621,622,621,622,621,622,623,622,621,622,623,622,623,622,623,622,621,622,621,622,623,624,625,624,625,624,623,624,623,624,625,626,627,626,625,626,625,626,627,628,627,628,629,628,629,630,629,630,631,630,631,630,631,632,633,632,633,632,631,630,629,630,629,630,631,630,629,630,631,632,633,632,633,634,635,636,637,638,637,638,639,640,639,640,641,642,641,640,639,640,641,642,641,642,643,644,645,644,645,646,647,648,649,648,649,650,649,650,649,648,647,648,649,648,649,648,649,648,649,650,651,652,653,654,655,654,655,656,655,656,657,658,659,660,661,660,661,660,661,662,663,664,663,664,665,666,667,668,667,668,667,666,667,668,669,670,671,670,671,670,669,670,671,670,671,672,673,672,671,672,671,672,673,672,671,672,671,672,671,672,673,674,675,674,675,676,677,676,675,676,677,678,677,678,679,680,679,678,677,678,679,680,681,682,683,684,683,684,683,684,685,686,687,686,685,686,687,688,689,688,689,690,689,690,691,690,691,692,693,694,695,696,697,698,699,700,701,700,699,700,701,700,701,702,701,702,703,704,705,706,707,706,705,706,705,706,707,708,709,710,709,710,711,712,711,710,711,710,711,712,711,712,713,714,715,716,717,718,719,720,721,722,723,724,725,726,725,724,725,724,725,726,725,726,727,728,727,728,729,730,731,732,733,732,733,734,735,736,737,738,737,738,739,740,741,740,741,742,741,742,743,744,743,744,745,744,745,744,745,744,745,746,747,748,749,750,751,752,753,752,753,754,753,754,755,754,755,756,755,754,755,756,757,758,759,760,761,762,763,764,765,764,765,766,767,768,767,766,767,768,769,770,771,772,773,772,771,772,773,774,773,774,775,776,777,778,779,780,779,780,781,782,783,784,785,786,787,788,789,788,789,790,789,788,789,790,791,790,791,792,791,790,791,792,791,790,791,792,793,794,793,794,795,796,797,798,797,798,799,800,799,798,797,798,797,798,799,798,797,798,799,798,799,800,801,800,801,800,799,800,801,802,803,802,803,804,803,804,803,804,805,806,805,806,807,806,805,804,805,804,805,804,805,806,805,806,805,804,805,806,805,806,805,806,807,806,807,806,805,806,807,806,805,804,805,804,803,804,803,804,803,804,805,806,807,808,809,810,811,812,813,814,815,816,817,818,817,816,817,818,817,818,819,820,821,822,823,822,823,824,825,826,825,824,825,824,825,826,825,826,827,828,829,830,831,832,833,834,835,836,837,838,839,840,841,842,841,842,843,842,843,844,845,844,845,846,847,848,849,850,849,850,851,852,851,852,851,852,853,852,853,854,855,856,857,858,859,860,859,860,859,860,861,862,861,862,863,862,861,862,863,864,865,866,867,868,867,868,869,870,869,870,869,870,871,872,871,870,871,870,869,870,871,872,873,874,873,872,871,872,871,872,873,872,871,872,873,874,873,872,873,874,875,876,877,876,875,876,877,876,877,878,879,880,879,880,879,878,877,878,879,880,879,880,881,880,881,880,879,880,881,880,881,882,881,882,883,884,883,884,883,882,883,882,881,882,883,882,883,884,883,884,883,882,883,882,883,884,883,884,883,882,883,882,883,884,885,886,887,888,887,888,889,890,891,892,893,894,895,894,893,894,895,894,893,894,895,894,895,894,893,894,895,896,897,898,899,900,899,900,901,902,903,904,905,904,905,906,907,908,907,906,907,906,907,908,907,908,909,910,909,908,909,910,909,908,909,910,909,910,911,912,913,912,913,912,913,914,913,914,913,914,913,914,915,916,917,916,917,918,919,918,919,920,921,920,919,920,919,920,919,920,921,922,921,922,923,922,923,924,925,926,925,926,925,926,927,928,929,930,931,932,933,934,933,932,933,z-curve
