8_14542958_14593096,-1,-2,-3,-4,-5,-6,-7,-6,-5,-6,-7,-6,-5,-4,-5,-4,-3,-2,-3,-4,-5,-4,-3,-4,-3,-4,-3,-4,-3,-4,-5,-4,-3,-4,-3,-2,-1,0,-1,-2,-1,-2,-1,0,1,2,3,2,1,0,-1,-2,-1,0,-1,0,-1,0,1,2,3,2,3,4,5,4,5,6,7,6,7,8,9,10,11,12,13,14,15,16,17,18,17,18,17,18,19,20,19,18,17,16,17,18,17,18,17,18,17,18,17,16,15,14,15,16,15,16,17,18,19,18,17,18,17,16,17,18,17,16,15,14,13,14,15,14,15,16,17,16,17,18,19,20,21,22,23,22,23,24,25,24,25,24,23,24,25,26,27,26,27,28,29,30,31,32,33,34,33,34,33,32,33,34,35,36,35,34,35,36,37,36,35,34,33,34,33,32,31,32,31,32,31,30,29,28,27,26,25,26,27,26,25,24,25,24,25,24,23,24,25,26,25,24,23,22,21,22,23,24,23,24,23,24,25,24,25,26,27,28,27,26,27,26,25,26,27,28,29,30,31,30,29,28,27,26,25,26,27,28,27,26,25,24,25,26,27,28,29,30,29,28,29,28,27,28,29,28,27,28,29,30,31,32,33,34,35,34,35,34,35,36,37,38,39,40,41,42,43,44,43,42,41,40,39,40,39,40,39,38,39,38,37,38,39,40,41,40,39,38,39,38,37,38,39,38,37,38,39,38,39,40,41,42,43,44,45,44,45,46,47,48,49,50,51,50,49,50,49,48,47,48,47,46,45,44,45,46,47,48,49,48,47,46,45,44,45,44,43,42,41,40,41,42,43,42,43,44,45,44,43,42,41,42,43,44,45,44,45,44,43,44,45,46,45,44,43,44,45,46,47,46,45,46,47,48,47,48,49,50,49,48,49,50,51,52,51,50,51,52,53,54,55,56,57,58,59,58,59,60,61,60,59,60,61,62,61,62,63,64,65,66,65,66,67,66,65,64,65,66,67,66,67,68,69,68,67,66,65,64,63,64,63,64,63,64,63,62,61,60,61,62,63,64,63,62,63,64,63,62,61,62,61,60,61,60,61,62,63,62,63,64,65,64,65,66,65,64,65,64,65,64,63,64,65,64,63,64,63,64,63,62,61,62,63,62,63,62,61,62,63,64,63,62,63,62,63,64,63,64,65,66,67,68,69,68,67,68,69,68,67,66,67,66,65,64,63,62,61,62,61,60,59,60,59,60,61,60,59,58,59,58,59,60,61,60,59,58,57,56,55,54,55,54,53,52,51,50,51,52,51,52,51,52,51,50,49,50,49,50,51,52,51,50,51,50,51,52,53,52,51,50,49,48,47,48,49,50,49,48,49,48,49,50,49,50,49,50,49,48,47,48,47,48,49,48,47,46,47,46,45,46,47,48,49,48,47,48,49,50,49,50,49,50,51,52,51,52,51,52,51,52,51,52,51,50,51,50,49,48,49,48,49,50,51,52,51,50,49,50,49,50,49,48,49,48,49,50,49,50,51,52,53,52,53,52,53,52,51,52,53,54,55,54,55,54,55,56,57,56,55,56,55,56,57,56,55,54,55,54,55,56,57,58,59,58,57,58,57,58,59,60,59,58,59,60,59,60,59,60,61,62,63,62,63,64,65,66,67,66,67,68,67,68,69,68,69,70,69,70,71,70,71,70,69,70,71,72,73,72,71,70,69,70,69,70,69,68,69,68,67,66,67,66,67,66,65,66,65,64,63,64,63,62,63,62,63,64,63,64,65,66,65,66,65,66,67,68,67,68,69,70,71,72,71,72,73,72,71,72,73,74,73,74,75,74,73,74,75,76,77,76,77,76,77,76,77,76,77,78,79,78,79,80,79,80,79,80,81,80,79,78,77,78,79,80,81,82,83,84,85,86,85,84,85,84,83,84,85,84,85,86,85,84,85,86,85,84,83,82,81,82,81,80,79,78,79,80,79,78,77,78,77,78,79,80,81,82,83,84,85,86,87,88,87,86,87,88,87,86,87,86,87,88,89,90,91,90,89,90,89,90,89,90,89,90,89,88,87,88,89,88,89,90,91,92,91,90,89,90,91,92,93,94,93,92,91,92,93,94,95,96,95,94,95,96,97,98,97,96,97,98,99,100,99,98,97,98,99,98,97,96,97,98,99,100,99,98,97,96,97,98,97,96,95,94,95,94,95,96,95,94,93,92,91,92,93,94,93,92,91,92,91,90,89,90,89,90,89,90,89,90,91,92,93,94,95,94,93,92,93,94,95,96,97,96,95,94,93,92,91,90,89,88,87,86,85,84,83,82,81,80,81,80,79,78,79,78,77,76,77,76,77,78,77,76,75,74,73,74,73,72,73,72,73,74,75,74,75,74,73,74,75,76,75,76,77,76,77,78,79,80,81,80,81,80,79,80,81,80,81,82,81,82,81,82,83,84,83,82,83,82,81,82,83,84,85,86,85,84,85,86,87,86,87,86,87,88,89,90,91,90,91,90,89,88,87,88,87,86,85,86,87,88,87,86,87,88,87,88,87,88,89,90,89,88,89,88,89,88,89,88,87,86,87,86,85,86,87,86,85,86,85,86,85,84,85,84,83,82,83,84,85,86,85,84,83,84,85,86,87,88,89,88,89,88,89,88,89,88,89,88,89,90,91,90,89,88,89,88,87,86,87,86,85,86,87,88,89,88,89,90,91,92,93,92,91,90,91,92,93,94,93,94,93,92,93,94,93,94,95,94,93,94,93,92,93,92,93,92,91,92,93,94,93,94,93,94,93,94,93,92,91,90,91,90,91,90,91,90,89,88,87,86,87,88,87,88,89,90,89,88,87,86,85,84,85,86,87,86,85,84,83,84,85,86,85,86,87,86,85,86,87,86,85,86,85,86,87,86,87,86,85,86,87,86,85,86,87,88,87,86,85,84,83,84,85,86,87,86,87,88,87,88,89,88,87,86,87,86,85,84,83,84,85,86,87,88,87,86,85,84,85,86,85,84,83,82,83,82,81,80,79,78,79,80,79,80,81,80,81,82,83,84,85,86,87,88,89,90,89,90,89,88,89,90,91,92,91,90,89,88,89,90,91,92,93,92,91,90,91,92,91,90,89,88,87,86,85,84,85,84,83,82,83,84,85,86,87,86,85,84,83,84,85,84,85,84,83,84,83,82,83,82,83,84,85,86,87,86,85,84,85,84,85,84,85,84,85,86,85,84,83,82,81,82,81,82,81,80,81,80,79,78,79,78,79,78,77,76,75,74,75,76,77,78,77,78,79,78,77,78,77,76,75,76,75,74,73,72,73,74,75,76,77,76,75,74,73,74,75,74,73,72,71,72,71,70,71,70,69,70,71,70,71,72,73,74,75,76,77,78,77,78,79,80,81,80,81,80,79,78,77,78,79,80,79,80,79,78,79,78,77,78,79,80,79,78,79,80,79,78,77,76,75,74,73,72,73,72,71,70,71,72,73,74,75,76,75,74,75,76,77,76,77,76,75,76,75,74,75,74,75,76,77,78,79,78,79,78,77,76,77,78,77,78,79,78,77,76,75,76,77,76,75,74,73,74,73,72,71,70,71,70,71,72,73,74,75,74,75,76,77,78,77,78,77,78,79,78,79,78,79,80,81,82,83,82,81,82,81,80,79,78,77,78,77,76,75,74,73,74,75,76,77,78,77,76,77,78,77,78,79,80,81,80,81,82,83,84,83,84,85,84,85,86,87,86,85,86,85,86,87,88,87,86,87,86,87,86,87,88,89,90,89,88,87,86,87,88,89,90,91,90,91,90,89,88,89,90,91,92,93,94,95,96,97,98,99,98,99,100,101,100,101,102,103,102,103,104,103,102,101,100,101,100,101,102,103,104,103,102,101,102,103,102,103,104,103,102,103,104,103,104,105,104,103,104,103,104,105,106,107,106,105,104,105,106,105,104,105,104,105,106,107,108,109,108,109,108,107,108,109,108,109,108,107,106,107,108,109,110,111,112,113,112,111,112,113,114,113,114,115,114,113,114,113,114,115,116,117,116,117,118,119,118,117,116,115,114,115,114,115,116,117,116,115,116,115,116,117,116,117,118,117,116,117,116,117,118,119,120,121,122,123,124,125,124,125,126,125,126,125,126,127,128,129,130,131,130,131,130,131,132,131,132,133,132,131,130,131,130,129,128,127,128,127,128,129,128,127,126,127,128,127,126,127,128,129,128,129,128,129,130,129,130,129,128,127,128,127,126,125,126,125,124,123,122,121,122,121,122,121,120,121,120,121,122,121,122,121,120,119,118,119,120,119,120,121,122,121,122,123,124,125,126,125,124,125,124,125,124,123,122,123,124,123,122,121,120,119,118,117,116,117,118,119,118,119,120,119,118,117,118,119,120,121,122,121,120,121,122,121,120,119,120,121,122,121,122,121,120,121,120,121,122,121,120,119,118,117,116,115,114,115,114,113,112,113,112,113,112,113,112,111,110,109,108,107,106,107,106,105,104,105,104,105,106,107,108,109,110,109,108,107,106,105,106,105,106,107,108,107,106,107,108,109,110,109,108,107,106,105,104,105,104,103,102,101,100,101,100,101,102,101,102,103,104,105,106,107,106,105,106,105,106,107,106,107,108,109,110,111,110,111,110,111,112,113,114,115,114,115,116,117,118,117,116,117,118,119,120,121,120,121,122,121,122,121,122,121,122,121,122,123,124,123,122,121,122,121,122,123,122,123,122,123,122,123,122,123,122,123,122,123,122,123,122,123,124,125,124,123,124,125,126,127,126,125,124,125,126,127,126,125,124,125,126,127,126,127,128,129,130,129,130,129,130,131,132,133,134,135,134,133,132,133,132,133,134,133,132,133,134,135,136,135,136,137,138,139,138,137,136,137,138,139,138,137,138,137,136,137,138,137,138,137,138,139,138,137,138,139,138,137,138,139,140,139,140,139,140,139,140,141,142,143,144,143,144,145,146,147,146,147,146,147,148,149,150,151,150,149,148,149,150,151,152,151,150,151,150,149,148,149,150,149,150,151,150,149,150,149,148,147,148,149,150,149,150,151,150,149,148,147,146,145,144,145,144,145,144,145,144,143,142,143,144,145,146,147,146,145,144,143,142,141,140,139,140,139,140,141,140,139,138,137,138,137,138,139,138,139,140,139,138,139,140,141,142,143,142,141,142,141,140,141,142,143,144,145,144,143,144,145,144,145,146,147,148,149,150,151,152,151,152,153,152,151,150,149,148,149,148,149,148,147,146,145,146,145,144,145,146,147,146,147,148,147,148,147,148,147,146,147,148,149,148,149,150,149,148,149,148,147,148,147,148,149,148,149,148,149,148,147,146,147,148,147,148,147,148,149,150,149,148,147,146,145,144,143,142,141,140,141,142,141,140,139,140,141,140,141,140,141,142,141,140,141,142,141,140,141,140,139,140,139,140,141,140,139,138,137,138,139,140,139,138,139,140,139,138,139,140,139,140,139,140,139,138,139,140,141,140,141,140,139,140,139,138,137,138,139,138,139,138,139,138,139,138,137,138,139,140,139,140,141,140,139,138,139,140,139,140,139,138,137,136,135,136,137,136,135,136,137,136,135,136,135,134,135,136,135,136,135,136,137,138,137,136,137,136,137,136,137,136,135,136,135,134,133,134,133,134,135,136,135,134,135,134,135,134,135,134,133,132,133,134,133,132,133,132,131,132,131,132,131,130,131,132,131,132,133,132,131,132,131,130,131,132,131,130,129,130,129,128,129,130,131,130,131,132,131,130,129,130,131,130,131,132,133,132,131,130,129,130,131,130,129,130,129,130,129,130,129,128,129,128,127,128,127,126,127,128,129,128,127,126,125,126,127,128,129,130,129,130,131,130,129,130,131,130,129,128,129,128,127,126,125,126,127,128,127,126,125,126,125,124,123,124,125,124,125,124,125,124,123,124,125,126,125,126,127,126,125,124,125,126,125,126,125,126,125,124,123,124,125,126,125,124,125,126,127,126,127,128,127,128,129,128,127,128,129,128,127,128,127,128,127,128,127,128,129,128,127,128,129,128,127,126,125,124,123,122,121,120,121,122,121,120,119,120,119,118,117,116,115,114,113,112,111,112,111,110,109,108,107,108,109,108,109,108,107,106,107,108,109,108,109,108,109,110,109,110,109,110,109,108,109,110,109,110,109,108,107,108,109,110,109,108,109,110,109,110,109,110,109,108,109,110,111,110,109,108,109,110,111,112,113,112,113,112,113,112,111,110,109,110,109,108,109,108,109,108,109,110,109,108,107,108,107,108,107,106,105,104,103,102,101,102,103,102,101,100,99,98,99,100,99,100,99,100,101,100,99,98,99,100,99,100,99,98,97,98,99,100,101,102,103,102,103,102,103,102,103,102,101,102,103,104,103,104,103,102,101,102,103,102,101,102,101,100,101,102,103,104,103,104,105,104,105,104,105,106,107,108,109,108,109,110,109,108,107,108,109,110,111,112,111,112,111,112,111,110,109,108,107,106,105,104,103,102,103,104,105,104,103,102,103,104,103,102,101,100,101,100,101,100,101,102,101,102,103,102,103,102,103,102,103,104,105,106,105,104,103,102,101,100,99,98,97,98,97,96,97,96,97,96,97,96,97,98,99,100,99,98,97,96,95,96,97,96,97,96,95,96,95,96,95,96,97,96,97,98,99,100,101,102,103,104,105,104,103,102,101,100,99,98,99,98,97,98,97,98,99,98,99,100,99,98,97,96,97,98,97,98,99,98,99,100,101,100,99,100,99,100,99,100,99,100,99,98,97,96,97,96,97,96,97,96,95,96,95,94,93,94,93,94,93,92,93,92,93,92,91,90,89,90,91,92,93,94,93,94,95,94,93,94,93,94,95,94,93,92,91,90,91,90,91,92,91,92,91,92,93,94,95,94,93,94,93,92,91,90,89,88,89,90,89,88,89,88,87,88,89,88,89,90,89,88,87,88,87,88,89,88,87,86,87,86,85,86,87,88,89,88,89,90,89,88,89,90,91,92,93,92,93,94,93,94,95,96,95,96,95,94,93,92,93,92,91,90,89,88,89,90,89,90,89,88,87,86,85,84,85,84,83,82,83,82,83,82,81,80,81,80,81,80,79,78,79,80,81,80,79,78,77,78,79,78,77,76,75,74,73,74,75,74,75,76,75,76,77,78,77,78,79,78,79,80,81,82,83,82,83,84,85,84,83,82,81,80,79,80,81,80,81,82,81,82,83,84,83,84,85,86,87,86,87,88,89,90,91,92,91,92,91,90,89,90,91,90,89,90,91,92,93,94,93,92,91,90,89,88,87,88,87,88,89,90,89,88,87,86,85,86,85,86,87,86,85,84,85,86,85,84,85,86,85,86,87,86,85,84,85,86,85,84,85,86,87,88,89,90,89,88,89,90,89,90,91,92,91,92,91,92,91,90,91,92,93,92,93,92,91,92,93,94,93,94,95,96,95,96,95,94,93,94,95,94,95,94,95,96,97,98,97,96,95,96,95,96,97,98,99,98,97,96,97,98,97,98,97,98,99,100,99,100,101,102,101,102,103,104,103,104,103,104,105,104,105,106,105,104,103,104,105,106,105,106,105,104,105,106,107,108,107,108,107,106,105,106,105,106,107,108,107,108,109,108,109,110,111,110,111,110,109,110,109,110,111,112,111,112,113,114,113,114,113,112,113,114,115,114,113,114,115,116,115,116,115,116,115,114,115,114,115,114,115,116,115,116,117,118,117,116,115,116,117,116,115,114,113,114,115,116,115,114,113,114,113,112,113,114,115,116,115,114,113,112,113,114,115,116,117,118,119,118,119,120,121,122,121,122,123,124,125,124,123,124,123,124,125,124,125,126,127,126,127,128,129,128,129,128,127,128,129,130,129,128,129,130,131,130,129,128,129,128,127,128,127,128,127,128,129,128,129,130,131,130,129,128,129,130,129,128,127,126,127,128,129,128,127,126,127,126,125,126,127,128,129,128,127,126,125,124,125,126,127,128,129,130,129,130,131,132,133,132,133,134,135,136,137,136,137,136,137,138,137,138,139,140,139,140,141,142,141,142,141,140,141,142,143,142,141,142,143,144,143,142,141,142,141,140,141,140,141,140,141,142,141,140,141,140,139,138,139,138,139,138,137,136,135,136,137,136,135,134,135,134,135,134,135,136,137,136,137,136,137,136,137,136,135,136,135,134,135,134,135,136,135,136,135,134,133,132,133,134,135,134,133,134,133,132,133,134,133,132,133,132,133,134,135,134,133,132,133,132,133,132,131,130,129,128,127,128,127,128,129,128,127,126,125,126,125,126,127,126,127,128,127,128,127,126,127,126,125,126,125,124,125,124,123,122,123,124,125,124,123,124,123,124,125,124,125,126,125,124,123,124,123,122,123,122,121,122,123,122,121,122,123,124,123,122,121,122,121,120,121,120,119,120,119,120,121,122,121,120,119,118,117,118,117,118,119,118,117,118,119,118,117,118,119,118,117,118,119,120,121,120,119,118,119,120,121,120,119,118,117,116,115,114,113,114,115,114,113,112,111,112,113,112,113,114,113,114,115,114,113,112,111,112,113,112,113,114,115,114,115,116,115,114,113,112,111,110,111,110,109,110,109,108,107,108,107,106,105,106,105,104,103,102,101,100,99,100,101,102,101,102,103,102,101,100,101,102,103,104,103,104,103,102,103,102,101,102,101,102,103,102,101,102,103,102,101,100,101,100,101,102,103,104,105,104,103,102,101,102,101,100,101,100,99,100,99,100,99,98,97,96,95,96,97,96,95,94,95,94,93,94,95,94,93,94,95,96,95,94,93,92,91,92,93,92,91,90,91,90,91,92,91,90,91,92,93,94,95,94,93,94,95,96,97,96,97,98,97,96,97,98,97,98,99,98,99,100,99,100,101,102,101,102,103,104,103,104,105,106,107,108,109,108,107,106,107,108,107,106,107,106,107,108,109,110,109,110,111,112,111,110,111,112,111,112,113,112,113,114,115,114,113,114,115,116,117,118,119,118,117,116,115,114,113,112,111,112,111,112,111,112,113,112,113,114,115,114,113,112,113,114,113,114,113,112,113,112,111,110,111,110,109,108,109,110,109,110,111,112,111,112,113,112,111,112,111,110,111,110,111,110,111,110,109,108,107,106,105,104,105,104,105,104,105,104,105,106,107,108,109,110,111,112,113,114,113,114,113,114,115,114,115,114,115,116,117,116,115,114,115,116,115,116,117,116,117,118,119,118,119,118,119,120,119,118,119,118,119,120,119,120,121,122,121,120,121,122,121,122,123,122,123,122,123,122,123,122,123,122,121,122,121,122,121,122,121,120,119,120,119,120,121,122,121,122,123,124,123,122,121,120,119,118,117,116,117,116,115,116,115,114,115,114,115,114,113,114,113,112,111,112,111,110,109,108,107,108,107,108,107,108,109,108,107,106,105,106,105,104,105,106,105,104,103,102,101,102,101,100,101,100,99,98,99,98,97,98,99,100,101,100,101,102,101,102,103,104,105,106,107,106,107,108,109,108,107,108,107,106,107,106,105,104,103,104,103,104,103,102,101,100,101,100,99,100,99,98,97,96,95,96,95,94,93,92,91,90,91,90,89,88,87,88,87,86,85,84,83,82,81,82,83,82,81,80,79,80,79,78,77,76,75,74,73,74,73,74,73,74,75,74,73,72,73,72,71,70,69,68,69,68,67,68,67,66,65,64,63,62,63,62,61,60,59,60,59,58,57,56,55,54,53,54,55,54,53,52,51,50,49,48,47,46,45,46,45,44,45,44,45,44,45,46,45,44,43,44,43,42,41,40,39,40,39,40,39,38,37,38,39,38,37,38,37,36,37,36,35,34,33,32,31,32,31,30,29,28,27,26,25,24,23,22,21,22,21,20,19,18,17,16,15,14,13,12,11,10,11,10,11,12,13,14,13,12,11,12,11,10,9,8,7,8,7,6,5,4,3,4,3,4,3,4,3,4,3,2,1,0,1,0,1,0,-1,-2,-1,0,-1,-2,-1,0,1,2,1,0,1,2,3,2,1,2,3,4,5,6,7,8,7,8,7,8,9,10,9,10,11,10,9,8,7,8,9,10,11,12,13,14,13,12,11,12,13,14,13,12,11,12,11,12,13,12,11,10,9,8,7,8,9,10,9,10,11,10,9,10,9,10,9,8,7,8,7,8,9,8,7,6,5,4,5,4,3,4,3,4,3,2,3,2,3,2,3,2,3,2,3,2,1,0,1,0,1,0,-1,-2,-1,-2,-1,-2,-3,-4,-3,-4,-5,-4,-5,-4,-3,-4,-3,-2,-1,0,1,0,1,0,1,0,1,0,-1,0,-1,0,-1,-2,-3,-4,-5,-6,-7,-8,-7,-6,-5,-4,-5,-6,-7,-6,-7,-8,-9,-8,-9,-10,-9,-10,-11,-12,-13,-14,-15,-14,-15,-14,-15,-14,-13,-14,-13,-14,-13,-14,-13,-12,-13,-12,-11,-12,-11,-10,-9,-10,-9,-8,-7,-8,-7,-8,-9,-8,-9,-10,-9,-8,-7,-6,-7,-8,-7,-8,-9,-8,-7,-6,-7,-8,-7,-8,-7,-8,-9,-10,-11,-12,-11,-10,-9,-10,-11,-10,-9,-8,-7,-6,-5,-4,-5,-4,-3,-4,-3,-4,-5,-6,-5,-4,-3,-2,-1,0,1,2,3,2,1,0,-1,0,-1,0,-1,0,-1,0,1,0,-1,-2,-3,-4,-5,-6,-7,-6,-7,-8,-9,-8,-7,-6,-7,-6,-5,-6,-5,-6,-7,-8,-9,-10,-9,-8,-9,-10,-11,-10,-9,-8,-9,-10,-11,-12,-13,-14,-15,-16,-17,-18,-19,-20,-19,-20,-19,-20,-19,-20,-19,-20,-19,-18,-19,-18,-19,-20,-21,-20,-21,-22,-23,-24,-25,-26,-25,-26,-25,-24,-25,-24,-25,-26,-27,-28,-29,-30,-31,-30,-31,-30,-29,-28,-29,-30,-31,-30,-29,-30,-31,-32,-31,-32,-31,-30,-29,-30,-31,-30,-31,-32,-33,-34,-35,-34,-35,-34,-33,-32,-33,-34,-33,-32,-33,-32,-33,-34,-33,-32,-31,-30,-29,-30,-29,-28,-27,-28,-29,-30,-29,-30,-29,-30,-31,-32,-33,-34,-35,-34,-35,-36,-37,-36,-35,-34,-33,-32,-33,-34,-35,-36,-35,-34,-33,-34,-33,-32,-31,-32,-31,-32,-33,-32,-33,-34,-33,-32,-33,-32,-33,-32,-31,-30,-29,-30,-29,-30,-31,-32,-31,-32,-31,-32,-33,-32,-31,-32,-31,-32,-33,-32,-33,-34,-35,-34,-35,-36,-35,-34,-35,-34,-33,-34,-33,-32,-31,-30,-29,-28,-27,-26,-25,-26,-27,-28,-27,-26,-27,-26,-25,-26,-27,-26,-27,-28,-27,-26,-27,-28,-29,-28,-27,-28,-29,-30,-31,-32,-31,-30,-29,-28,-27,-28,-27,-26,-27,-28,-29,-30,-29,-30,-29,-30,-29,-28,-29,-30,-29,-30,-29,-30,-29,-30,-29,-30,-31,-30,-31,-32,-31,-32,-31,-32,-31,-32,-31,-30,-31,-30,-29,-28,-29,-30,-31,-32,-31,-30,-31,-30,-31,-30,-29,-30,-31,-30,-31,-32,-31,-32,-33,-34,-33,-32,-31,-32,-31,-32,-31,-30,-31,-32,-33,-32,-31,-30,-29,-30,-29,-28,-29,-30,-29,-30,-29,-30,-31,-30,-31,-30,-31,-32,-31,-32,-33,-34,-33,-34,-35,-34,-35,-36,-35,-34,-33,-34,-33,-32,-31,-30,-29,-28,-27,-28,-29,-30,-31,-30,-31,-30,-29,-30,-31,-30,-31,-32,-31,-32,-33,-32,-31,-32,-31,-32,-33,-32,-31,-32,-31,-30,-31,-32,-33,-34,-35,-34,-33,-32,-33,-34,-33,-34,-35,-36,-37,-36,-35,-34,-35,-34,-35,-36,-35,-36,-35,-34,-35,-36,-35,-34,-35,-34,-33,-34,-33,-32,-33,-32,-33,-34,-33,-34,-35,-34,-35,-34,-35,-36,-35,-36,-37,-38,-37,-36,-37,-38,-39,-38,-39,-40,-39,-40,-41,-42,-41,-42,-43,-44,-43,-42,-41,-40,-41,-42,-43,-42,-41,-42,-43,-44,-43,-44,-45,-44,-45,-44,-45,-44,-43,-42,-43,-44,-43,-44,-45,-44,-45,-46,-45,-44,-45,-46,-45,-44,-45,-46,-45,-46,-45,-44,-43,-44,-45,-46,-47,-48,-47,-48,-47,-48,-47,-48,-49,-48,-47,-46,-45,-46,-45,-44,-45,-44,-43,-44,-45,-44,-45,-46,-47,-46,-47,-48,-49,-50,-49,-50,-51,-50,-51,-50,-51,-50,-49,-48,-49,-48,-49,-50,-51,-52,-53,-52,-51,-50,-51,-50,-49,-48,-47,-48,-47,-48,-47,-48,-47,-48,-47,-46,-45,-44,-43,-42,-41,-42,-41,-40,-41,-40,-41,-40,-41,-42,-43,-42,-41,-42,-41,-40,-41,-40,-41,-40,-39,-40,-39,-38,-39,-40,-39,-38,-37,-38,-37,-38,-37,-38,-39,-38,-39,-40,-41,-42,-41,-42,-43,-42,-41,-42,-41,-40,-39,-40,-41,-42,-41,-40,-39,-38,-39,-38,-39,-38,-39,-38,-39,-40,-39,-40,-41,-42,-41,-40,-41,-40,-39,-40,-41,-42,-41,-40,-41,-42,-41,-40,-39,-38,-37,-38,-39,-38,-39,-40,-39,-38,-39,-38,-39,-40,-41,-40,-41,-42,-41,-42,-41,-42,-43,-42,-43,-42,-43,-42,-43,-42,-43,-44,-45,-44,-43,-44,-43,-42,-43,-44,-43,-44,-45,-44,-45,-44,-45,-46,-45,-44,-43,-42,-41,-42,-43,-42,-43,-42,-41,-42,-41,-42,-43,-42,-43,-44,-45,-46,-45,-44,-45,-44,-45,-46,-45,-44,-43,-42,-41,-42,-41,-40,-41,-40,-41,-40,-39,-38,-37,-36,-35,-34,-33,-32,-33,-34,-33,-32,-33,-32,-31,-32,-31,-30,-31,-30,-29,-30,-31,-30,-31,-32,-33,-32,-33,-34,-33,-34,-35,-34,-35,-36,-35,-34,-33,-34,-33,-32,-33,-34,-35,-36,-37,-36,-37,-36,-37,-38,-37,-36,-37,-38,-39,-38,-39,-40,-41,-42,-43,-42,-41,-42,-43,-44,-45,-46,-47,-48,-49,-48,-47,-46,-45,-44,-45,-44,-45,-44,-45,-44,-45,-46,-47,-46,-47,-48,-49,-50,-51,-52,-53,-52,-53,-54,-55,-54,-53,-52,-53,-52,-51,-50,-51,-50,-51,-50,-51,-50,-51,-50,-49,-50,-49,-48,-49,-48,-49,-48,-49,-48,-49,-50,-51,-50,-49,-50,-49,-48,-49,-50,-49,-48,-49,-48,-47,-48,-47,-48,-47,-48,-47,-46,-47,-46,-45,-44,-43,-44,-45,-46,-47,-48,-47,-48,-49,-48,-47,-48,-47,-46,-45,-46,-45,-46,-45,-44,-45,-44,-45,-44,-45,-44,-45,-46,-47,-48,-49,-50,-49,-48,-49,-48,-47,-48,-47,-46,-45,-44,-45,-46,-45,-46,-45,-46,-45,-44,-43,-44,-45,-44,-45,-44,-43,-44,-43,-44,-43,-44,-43,-44,-45,-44,-43,-42,-41,-42,-43,-44,-43,-44,-43,-44,-43,-42,-43,-42,-43,-44,-43,-42,-43,-42,-41,-42,-43,-42,-43,-42,-41,-42,-41,-42,-41,-40,-41,-40,-39,-40,-39,-38,-37,-36,-37,-36,-35,-36,-37,-36,-35,-34,-35,-36,-37,-36,-35,-34,-35,-34,-33,-34,-33,-32,-31,-30,-31,-32,-33,-32,-33,-32,-33,-32,-33,-32,-31,-32,-33,-32,-31,-30,-29,-30,-31,-30,-31,-30,-29,-28,-29,-28,-27,-26,-27,-28,-27,-28,-27,-26,-25,-24,-23,-22,-23,-22,-23,-24,-25,-26,-27,-28,-29,-28,-29,-28,-27,-28,-27,-26,-27,-26,-27,-26,-25,-24,-23,-24,-23,-24,-23,-24,-25,-26,-27,-26,-27,-26,-27,-26,-27,-26,-25,-24,-25,-26,-25,-26,-27,-26,-27,-26,-25,-26,-25,-26,-27,-26,-27,-26,-27,-26,-27,-28,-29,-30,-31,-30,-31,-32,-31,-32,-31,-30,-31,-30,-31,-30,-31,-30,-29,-28,-29,-28,-29,-30,-31,-30,-31,-32,-33,-32,-31,-32,-33,-34,-33,-34,-35,-34,-33,-32,-31,-30,-31,-32,-33,-32,-33,-34,-33,-34,-35,-36,-37,-38,-39,-38,-37,-36,-37,-38,-37,-36,-35,-36,-35,-34,-35,-36,-37,-36,-37,-38,-39,-40,-39,-38,-39,-40,-41,-40,-41,-42,-43,-44,-43,-42,-43,-44,-43,-44,-43,-44,-45,-44,-43,-42,-43,-44,-45,-44,-45,-44,-45,-46,-45,-44,-45,-46,-45,-46,-47,-46,-47,-46,-47,-46,-47,-46,-47,-46,-45,-46,-45,-44,-45,-44,-43,-44,-43,-44,-45,-44,-45,-46,-47,-48,-47,-46,-47,-48,-47,-46,-47,-48,-47,-46,-47,-48,-47,-46,-47,-48,-47,-46,-47,-46,-47,-48,-47,-46,-47,-48,-47,-46,-47,-48,-47,-46,-45,-46,-45,-44,-45,-46,-47,-46,-45,-46,-47,-46,-45,-46,-47,-48,-47,-46,-47,-48,-49,-48,-49,-48,-47,-48,-49,-50,-51,-52,-51,-52,-53,-54,-53,-54,-53,-54,-53,-54,-55,-56,-57,-56,-57,-56,-55,-54,-55,-54,-53,-54,-55,-54,-55,-56,-55,-54,-55,-54,-53,-54,-55,-54,-53,-54,-53,-54,-55,-54,-53,-54,-55,-56,-55,-54,-53,-54,-53,-54,-55,-56,-57,-56,-55,-56,-57,-58,-57,-56,-57,-56,-57,-58,-59,-58,-57,-58,-59,-58,-57,-58,-59,-60,-59,-58,-57,-58,-57,-58,-57,-56,-57,-56,-57,-58,-59,-60,-59,-60,-59,-58,-57,-58,-59,-60,-61,-60,-61,-60,-61,-60,-61,-62,-61,-60,-59,-60,-61,-62,-61,-62,-63,-62,-61,-60,-61,-62,-63,-62,-61,-60,-61,-62,-61,-62,-63,-62,-63,-64,-65,-66,-65,-64,-65,-66,-65,-66,-65,-64,-63,-64,-65,-66,-67,-68,-69,-68,-69,-70,-71,-72,-71,-70,-71,-72,-73,-74,-73,-72,-73,-74,-75,-76,-75,-74,-75,-74,-73,-74,-75,-76,-77,-78,-77,-76,-75,-76,-77,-78,-77,-78,-77,-76,-77,-78,-79,-80,-79,-80,-79,-78,-79,-78,-77,-78,-77,-78,-79,-80,-79,-78,-77,-76,-77,-76,-77,-78,-79,-78,-79,-78,-79,-78,-77,-78,-77,-78,-79,-80,-79,-80,-81,-82,-81,-82,-81,-82,-81,-82,-83,-84,-85,-84,-83,-84,-83,-84,-83,-82,-83,-82,-83,-84,-83,-84,-85,-84,-85,-84,-83,-84,-83,-84,-85,-86,-87,-86,-85,-86,-87,-88,-89,-88,-87,-86,-85,-84,-85,-84,-85,-84,-83,-82,-81,-82,-83,-84,-85,-86,-87,-88,-89,-90,-89,-88,-89,-90,-89,-90,-91,-90,-91,-90,-91,-90,-89,-88,-87,-88,-87,-86,-87,-86,-87,-86,-87,-88,-87,-88,-89,-90,-91,-92,-93,-94,-95,-96,-97,-98,-99,-100,-101,-100,-101,-102,-103,-104,-103,-102,-101,-102,-103,-104,-105,-106,-107,-108,-109,-110,-111,-112,-113,-112,-111,-110,-111,-112,-113,-114,-115,-116,-117,-118,-119,-120,-121,-122,-123,-124,-125,-126,-127,-128,-129,-130,-131,-132,-131,-130,-131,-132,-131,-130,-129,-128,-127,-128,-127,-126,-127,-128,-129,-128,-127,-126,-127,-128,-127,-126,-127,-126,-125,-124,-123,-122,-123,-124,-123,-122,-123,-124,-123,-124,-125,-126,-125,-126,-127,-128,-129,-130,-129,-130,-131,-130,-129,-128,-127,-128,-129,-130,-131,-130,-131,-130,-129,-128,-129,-130,-129,-130,-129,-128,-129,-128,-129,-128,-129,-130,-129,-130,-129,-130,-131,-130,-131,-130,-131,-132,-131,-130,-129,-130,-131,-132,-131,-130,-129,-128,-129,-128,-129,-130,-131,-132,-133,-134,-133,-132,-131,-130,-131,-130,-131,-132,-131,-132,-131,-132,-131,-132,-131,-132,-133,-134,-133,-132,-131,-132,-133,-132,-131,-132,-133,-134,-133,-132,-131,-132,-133,-134,-133,-132,-131,-130,-131,-132,-133,-132,-131,-132,-133,-134,-133,-132,-131,-132,-133,-134,-133,-132,-131,-132,-133,-134,-133,-132,-131,-130,-129,-130,-131,-132,-133,-132,-133,-132,-131,-130,-129,-128,-127,-126,-125,-124,-123,-122,-123,-122,-121,-120,-119,-118,-117,-116,-115,-114,-113,-114,-115,-114,-113,-112,-111,-110,-109,-110,-111,-112,-111,-110,-109,-108,-107,-106,-105,-104,-103,-102,-101,-100,-99,-98,-97,-96,-95,-96,-95,-94,-93,-92,-93,-92,-91,-92,-93,-94,-93,-92,-93,-94,-93,-92,-93,-94,-95,-94,-93,-92,-93,-94,-95,-94,-95,-96,-97,-96,-95,-96,-97,-96,-95,-94,-95,-96,-95,-96,-95,-96,-95,-96,-97,-98,-97,-98,-97,-98,-97,-98,-99,-100,-99,-100,-99,-100,-101,-100,-101,-102,-103,-102,-101,-102,-101,-100,-99,-100,-99,-98,-97,-98,-99,-100,-101,-100,-101,-102,-103,-102,-103,-104,-103,-102,-103,-102,-101,-102,-101,-100,-99,-100,-101,-102,-103,-104,-105,-106,-107,-108,-109,-110,-109,-110,-109,-110,-109,-110,-109,-110,-111,-112,-111,-112,-113,-114,-115,-116,-117,-118,-117,-118,-119,-120,-121,-122,-123,-122,-123,-124,-125,-124,-125,-126,-125,-124,-125,-126,-127,-128,-127,-126,-127,-128,-127,-128,-129,-130,-131,-130,-131,-132,-133,-132,-133,-134,-135,-134,-135,-136,-137,-138,-139,-140,-141,-142,-143,-144,-145,-146,-147,-148,-149,-150,-149,-150,-151,-152,-153,-152,-153,-152,-151,-150,-151,-152,-153,-152,-151,-150,-151,-152,-151,-152,-153,-152,-151,-152,-153,-152,-153,-154,-153,-152,-151,-152,-153,-152,-153,-154,-153,-154,-155,-156,-157,-158,-159,-158,-159,-158,-159,-158,-159,-160,-161,-162,-163,-164,-165,-166,-167,-168,-169,-170,-171,-172,-173,-174,-175,-176,-175,-176,-175,-176,-177,-176,-177,-176,-175,-174,-175,-176,-177,-176,-177,-178,-179,-180,-179,-180,-181,-180,-179,-180,-181,-182,-183,-182,-183,-184,-185,-186,-187,-188,-189,-190,-189,-190,-189,-190,-191,-192,-191,-192,-193,-192,-193,-192,-191,-190,-191,-192,-191,-190,-191,-190,-191,-190,-191,-190,-191,-190,-191,-190,-191,-192,-193,-192,-193,-192,-193,-192,-193,-192,-193,-194,-193,-194,-195,-194,-193,-192,-193,-194,-195,-196,-197,-198,-197,-196,-197,-198,-197,-198,-197,-196,-197,-196,-197,-198,-199,-198,-199,-200,-201,-200,-201,-200,-201,-200,-201,-202,-201,-200,-199,-200,-201,-202,-203,-204,-205,-206,-207,-208,-209,-208,-207,-206,-205,-206,-207,-208,-209,-208,-209,-210,-209,-208,-209,-208,-209,-210,-211,-212,-211,-212,-211,-212,-211,-212,-211,-212,-213,-214,-215,-216,-217,-216,-217,-218,-219,-220,-219,-220,-221,-222,-223,-222,-223,-222,-223,-222,-221,-222,-223,-224,-225,-224,-225,-226,-227,-228,-229,-230,-231,-232,-233,-232,-233,-232,-233,-234,-235,-236,-235,-236,-237,-238,-237,-238,-237,-238,-239,-238,-239,-240,-239,-238,-237,-238,-237,-238,-239,-238,-239,-240,-239,-238,-237,-236,-235,-236,-237,-238,-237,-238,-237,-238,-239,-240,-239,-240,-239,-240,-241,-242,-243,-244,-243,-242,-243,-244,-243,-244,-245,-244,-243,-242,-243,-244,-245,-244,-245,-246,-245,-244,-243,-244,-243,-244,-245,-244,-245,-246,-247,-248,-247,-246,-245,-246,-247,-248,-249,-250,-251,-252,-251,-250,-249,-250,-251,-252,-253,-252,-253,-254,-255,-256,-255,-254,-253,-252,-253,-252,-251,-250,-249,-250,-249,-250,-251,-252,-251,-252,-253,-254,-255,-256,-255,-256,-255,-256,-257,-258,-257,-256,-257,-258,-259,-260,-261,-262,-261,-262,-261,-262,-263,-262,-263,-262,-263,-264,-265,-266,-265,-266,-265,-266,-267,-268,-267,-266,-267,-268,-267,-266,-267,-268,-269,-270,-269,-268,-269,-270,-271,-272,-271,-272,-273,-272,-271,-272,-271,-272,-273,-274,-273,-272,-273,-274,-273,-274,-273,-274,-275,-274,-273,-274,-275,-276,-275,-276,-277,-276,-277,-276,-277,-278,-279,-278,-279,-278,-279,-278,-277,-278,-277,-276,-277,-278,-277,-276,-277,-278,-277,-276,-277,-278,-279,-278,-277,-278,-279,-278,-277,-276,-277,-278,-279,-278,-277,-278,-279,-280,-281,-282,-283,-282,-281,-280,-279,-280,-279,-278,-277,-278,-279,-280,-281,-282,-281,-282,-281,-282,-283,-282,-283,-284,-285,-286,-287,-286,-287,-288,-289,-290,-291,-290,-291,-292,-291,-290,-289,-288,-289,-290,-289,-288,-289,-290,-291,-290,-289,-288,-289,-290,-291,-292,-291,-290,-291,-290,-291,-290,-291,-292,-293,-294,-293,-292,-291,-292,-293,-294,-295,-296,-297,-298,-299,-300,-301,-302,-301,-300,-301,-302,-301,-300,-299,-298,-299,-298,-297,-298,-299,-300,-299,-300,-301,-300,-299,-298,-297,-298,-299,-298,-299,-300,-301,-302,-301,-300,-301,-302,-303,-302,-303,-304,-305,-304,-303,-302,-301,-302,-303,-304,-305,-306,-307,-308,-307,-308,-309,-308,-309,-310,-309,-310,-311,-312,-313,-312,-313,-314,-315,-316,-317,-318,-319,-320,-319,-320,-321,-322,-321,-322,-321,-320,-319,-320,-321,-322,-321,-322,-321,-320,-321,-322,-323,-324,-325,-326,-327,-326,-327,-328,-327,-328,-329,-328,-329,-330,-329,-328,-327,-328,-329,-330,-329,-330,-331,-330,-331,-330,-329,-330,-329,-330,-331,-332,-333,-334,-335,-336,-337,-338,-339,-340,-341,-342,-343,-342,-343,-344,-345,-344,-343,-344,-345,-346,-347,-346,-345,-346,-345,-344,-345,-346,-347,-348,-347,-346,-345,-344,-345,-346,-345,-346,-347,-348,-349,-348,-347,-348,-349,-350,-349,-350,-349,-350,-351,-350,-349,-350,-351,-352,-353,-352,-351,-352,-353,-354,-355,-354,-353,-354,-353,-352,-353,-354,-355,-356,-355,-356,-357,-356,-357,-358,-357,-358,-357,-356,-355,-354,-353,-352,-351,-350,-349,-350,-349,-348,-349,-348,-349,-350,-349,-350,-351,-352,-351,-352,-351,-350,-351,-352,-351,-352,-353,-354,-353,-354,-355,-356,-357,-358,-359,-360,-361,-362,-361,-360,-361,-362,-363,-362,-361,-362,-363,-364,-365,-366,-367,-368,-369,-368,-369,-370,-371,-370,-369,-370,-371,-372,-371,-370,-369,-370,-371,-370,-369,-368,-369,-368,-367,-368,-369,-370,-369,-368,-367,-368,-369,-368,-369,-368,-367,-366,-367,-366,-365,-366,-365,-366,-367,-368,-369,-368,-369,-368,-369,-368,-369,-368,-369,-368,-369,-368,-369,-370,-371,-372,-371,-370,-371,-370,-371,-372,-373,-374,-373,-372,-373,-374,-375,-374,-375,-376,-377,-376,-377,-378,-377,-376,-377,-376,-377,-378,-379,-378,-377,-376,-377,-378,-379,-380,-381,-382,-383,-382,-383,-382,-383,-384,-383,-382,-381,-382,-383,-384,-383,-384,-385,-386,-385,-384,-385,-386,-385,-384,-385,-384,-385,-384,-385,-386,-387,-388,-389,-390,-391,-392,-393,-394,-395,-396,-395,-396,-397,-398,-399,-400,-399,-398,-399,-398,-399,-400,-401,-402,-403,-404,-403,-402,-403,-404,-405,-404,-405,-404,-405,-404,-405,-406,-405,-404,-405,-404,-405,-406,-407,-406,-407,-408,-409,-408,-409,-410,-411,-410,-411,-410,-411,-410,-411,-410,-411,-410,-411,-410,-411,-412,-413,-414,-415,-414,-413,-414,-415,-414,-415,-414,-413,-412,-413,-414,-415,-414,-413,-414,-415,-416,-417,-416,-415,-416,-417,-416,-417,-418,-417,-416,-417,-418,-419,-420,-419,-418,-417,-418,-419,-420,-419,-418,-419,-418,-417,-418,-419,-418,-417,-416,-417,-418,-419,-418,-419,-420,-421,-420,-419,-420,-419,-420,-421,-422,-423,-424,-425,-426,-425,-426,-425,-426,-425,-424,-425,-424,-423,-424,-425,-426,-427,-426,-427,-428,-427,-426,-425,-424,-423,-422,-421,-422,-423,-424,-425,-426,-425,-424,-425,-426,-427,-426,-427,-428,-427,-426,-425,-424,-423,-424,-425,-424,-423,-424,-425,-426,-425,-426,-427,-426,-427,-428,-429,-430,-431,-430,-429,-430,-431,-432,-433,-434,-433,-434,-433,-434,-433,-434,-433,-432,-431,-432,-433,-434,-435,-436,-435,-436,-435,-434,-435,-436,-437,-438,-437,-438,-437,-436,-435,-436,-437,-438,-437,-436,-437,-438,-439,-440,-439,-438,-437,-438,-439,-440,-441,-442,-441,-440,-439,-440,-439,-440,-441,-442,-441,-442,-441,-440,-439,-438,-439,-440,-439,-438,-437,-438,-439,-440,-439,-438,-439,-440,-441,-442,-441,-442,-441,-442,-443,-444,-445,-444,-443,-442,-443,-444,-445,-446,-447,-446,-445,-444,-445,-446,-447,-446,-447,-448,-449,-448,-449,-450,-451,-452,-451,-452,-451,-450,-451,-452,-453,-454,-455,-454,-455,-454,-455,-454,-455,-454,-453,-452,-453,-454,-455,-456,-455,-454,-453,-454,-455,-456,-455,-454,-455,-454,-453,-454,-455,-456,-455,-454,-453,-454,-455,-454,-455,-454,-453,-452,-451,-452,-451,-452,-453,-454,-453,-454,-453,-452,-451,-450,-451,-452,-451,-452,-453,-454,-455,-456,-457,-456,-457,-458,-459,-458,-457,-456,-457,-456,-455,-454,-453,-454,-453,-452,-453,-454,-455,-456,-455,-456,-457,-458,-457,-458,-459,-458,-459,-460,-461,-460,-461,-460,-461,-460,-461,-462,-463,-464,-463,-462,-463,-464,-465,-466,-467,-466,-467,-466,-465,-466,-467,-466,-465,-464,-465,-464,-465,-464,-463,-462,-463,-464,-463,-462,-463,-462,-463,-462,-461,-460,-461,-460,-461,-460,-459,-460,-461,-462,-463,-462,-463,-464,-465,-464,-465,-466,-467,-466,-465,-466,-465,-464,-463,-462,-463,-462,-461,-460,-461,-460,-459,-458,-457,-456,-455,-454,-455,-454,-453,-454,-455,-456,-457,-456,-455,-454,-453,-452,-453,-454,-455,-454,-453,-454,-455,-454,-455,-454,-455,-456,-457,-456,-455,-454,-455,-456,-457,-456,-457,-456,-455,-454,-453,-454,-455,-454,-453,-454,-453,-452,-453,-452,-453,-452,-453,-452,-453,-454,-453,-454,-453,-454,-453,-452,-451,-452,-453,-454,-453,-454,-455,-456,-457,-458,-459,-460,-461,-462,-463,-462,-461,-462,-463,-464,-465,-466,-465,-464,-463,-464,-465,-464,-465,-464,-463,-464,-463,-462,-461,-460,-461,-460,-459,-458,-459,-460,-459,-458,-457,-458,-459,-458,-459,-458,-457,-458,-459,-458,-459,-458,-459,-458,-459,-460,-461,-460,-461,-460,-459,-458,-459,-458,-457,-458,-457,-458,-459,-460,-459,-458,-457,-456,-455,-454,-453,-454,-453,-452,-453,-452,-451,-452,-453,-454,-453,-454,-455,-456,-457,-458,-457,-456,-455,-456,-455,-454,-453,-452,-453,-454,-453,-452,-453,-454,-455,-454,-455,-454,-455,-456,-455,-456,-455,-454,-455,-456,-457,-456,-457,-456,-457,-458,-457,-458,-457,-458,-459,-460,-461,-460,-459,-458,-459,-460,-461,-460,-459,-460,-459,-460,-461,-462,-463,-464,-465,-464,-465,-464,-465,-464,-463,-464,-463,-464,-465,-464,-465,-464,-465,-466,-467,-468,-469,-470,-471,-470,-469,-468,-467,-468,-467,-468,-467,-466,-467,-468,-469,-468,-467,-468,-467,-468,-469,-470,-469,-470,-469,-470,-469,-470,-469,-470,-469,-470,-469,-468,-469,-468,-469,-468,-467,-468,-467,-468,-469,-470,-469,-470,-471,-472,-471,-472,-471,-472,-473,-474,-475,-476,-477,-476,-475,-474,-475,-474,-475,-474,-475,-476,-475,-474,-473,-474,-473,-474,-473,-472,-471,-472,-473,-474,-473,-474,-475,-476,-477,-476,-477,-478,-479,-478,-477,-476,-477,-476,-475,-476,-475,-474,-473,-472,-471,-470,-471,-472,-473,-472,-471,-470,-469,-470,-471,-472,-473,-474,-473,-472,-471,-472,-471,-472,-471,-472,-473,-472,-473,-474,-473,-472,-471,-470,-469,-470,-471,-472,-473,-474,-475,-476,-475,-474,-473,-474,-473,-472,-473,-472,-471,-472,-473,-474,-473,-472,-473,-472,-471,-470,-469,-468,-469,-468,-467,-466,-467,-466,-467,-468,-469,-470,-469,-470,-469,-468,-469,-470,-471,-470,-471,-472,-471,-472,-471,-472,-473,-474,-475,-474,-475,-474,-475,-474,-475,-476,-477,-478,-477,-478,-477,-476,-477,-478,-479,-478,-479,-480,-479,-480,-481,-482,-483,-482,-483,-482,-483,-484,-483,-484,-485,-486,-487,-486,-487,-486,-485,-484,-483,-484,-485,-486,-485,-484,-483,-482,-481,-482,-483,-482,-481,-482,-483,-482,-481,-482,-483,-484,-483,-484,-483,-484,-485,-486,-485,-486,-487,-488,-487,-488,-489,-490,-491,-492,-491,-492,-493,-494,-493,-494,-495,-496,-497,-498,-499,-498,-497,-496,-497,-498,-497,-498,-499,-498,-499,-498,-497,-498,-499,-498,-497,-498,-497,-498,-499,-500,-501,-500,-501,-502,-501,-502,-503,-502,-503,-504,-505,-506,-505,-504,-505,-506,-507,-508,-507,-506,-507,-508,-507,-506,-507,-506,-505,-504,-505,-504,-505,-504,-503,-504,-503,-504,-503,-502,-501,-502,-501,-502,-503,-504,-503,-504,-503,-502,-503,-502,-503,-502,-501,-502,-501,-502,-503,-502,-503,-504,-503,-504,-505,-506,-507,-506,-505,-506,-507,-506,-507,-506,-507,-506,-505,-504,-505,-504,-503,-504,-505,-506,-507,-506,-507,-506,-505,-506,-505,-506,-507,-508,-509,-508,-509,-508,-507,-506,-505,-504,-505,-506,-507,-506,-505,-504,-505,-506,-507,-508,-509,-510,-511,-512,-513,-514,-513,-512,-511,-512,-511,-512,-513,-514,-515,-516,-517,-518,-517,-518,-517,-516,-515,-514,-513,-514,-515,-516,-515,-516,-517,-518,-517,-518,-517,-516,-515,-514,-515,-514,-513,-514,-515,-514,-515,-516,-517,-516,-515,-514,-513,-514,-513,-512,-513,-512,-511,-512,-511,-512,-511,-510,-511,-512,-511,-512,-511,-510,-509,-508,-507,-508,-507,-506,-505,-504,-505,-504,-503,-502,-501,-502,-501,-502,-503,-504,-505,-506,-505,-504,-505,-506,-505,-504,-505,-506,-505,-504,-505,-506,-505,-504,-503,-504,-503,-502,-501,-502,-503,-504,-503,-502,-501,-500,-499,-500,-499,-500,-499,-498,-499,-500,-499,-498,-499,-500,-501,-502,-501,-502,-503,-502,-501,-500,-499,-498,-497,-498,-499,-498,-499,-500,-499,-498,-499,-498,-497,-496,-495,-494,-495,-496,-495,-494,-493,-492,-493,-492,-493,-492,-491,-492,-491,-492,-493,-494,-493,-494,-495,-496,-497,-496,-497,-498,-497,-496,-495,-494,-495,-496,-495,-494,-495,-494,-493,-492,-491,-490,-489,-488,-489,-490,-491,-490,-489,-488,-487,-486,-485,-484,-483,-482,-483,-482,-481,-480,-481,-480,-479,-478,-479,-478,-477,-478,-479,-480,-481,-480,-481,-480,-479,-478,-477,-478,-479,-480,-479,-478,-479,-478,-477,-478,-479,-478,-477,-478,-477,-476,-477,-478,-477,-478,-477,-476,-475,-474,-475,-476,-477,-476,-475,-476,-477,-476,-475,-474,-475,-474,-475,-476,-475,-474,-475,-474,-475,-474,-473,-474,-475,-474,-473,-472,-473,-472,-471,-472,-471,-470,-469,-470,-471,-472,-473,-474,-473,-474,-473,-472,-471,-472,-471,-472,-471,-470,-469,-470,-469,-470,-471,-470,-471,-470,-469,-468,-467,-466,-465,-464,-465,-464,-463,-464,-465,-464,-465,-464,-463,-462,-461,-460,-459,-460,-459,-460,-459,-460,-459,-458,-457,-458,-459,-460,-459,-460,-461,-462,-463,-462,-463,-462,-461,-462,-463,-464,-463,-462,-463,-462,-461,-460,-461,-460,-461,-460,-459,-460,-459,-460,-461,-462,-461,-462,-463,-464,-463,-464,-465,-466,-467,-468,-467,-468,-467,-468,-469,-468,-469,-468,-467,-468,-467,-468,-469,-470,-471,-470,-469,-470,-469,-468,-467,-468,-467,-466,-465,-464,-463,-464,-465,-464,-465,-464,-465,-466,-467,-466,-465,-466,-467,-468,-469,-470,-471,-472,-473,-472,-471,-470,-471,-470,-469,-470,-471,-472,-471,-470,-471,-470,-469,-470,-471,-470,-469,-470,-471,-472,-471,-470,-469,-470,-469,-470,-471,-470,-471,-470,-469,-470,-471,-472,-473,-474,-475,-476,-477,-478,-477,-478,-479,-480,-479,-480,-481,-482,-483,-484,-485,-486,-487,-488,-489,-490,-489,-490,-491,-492,-491,-492,-491,-490,-489,-488,-487,-488,-489,-490,-491,-492,-493,-492,-493,-492,-491,-490,-491,-492,-491,-490,-489,-488,-489,-490,-491,-492,-493,-494,-493,-494,-495,-496,-497,-498,-497,-498,-497,-496,-497,-496,-495,-494,-493,-492,-493,-494,-493,-494,-493,-492,-493,-492,-491,-490,-489,-488,-489,-488,-489,-488,-487,-486,-485,-484,-485,-484,-485,-484,-483,-482,-483,-482,-481,-480,-479,-478,-477,-478,-477,-476,-477,-476,-477,-476,-477,-476,-477,-476,-475,-474,-475,-476,-477,-476,-477,-476,-475,-476,-475,-474,-475,-474,-475,-474,-475,-474,-475,-474,-475,-474,-475,-474,-475,-474,-473,-472,-473,-474,-473,-472,-471,-470,-471,-472,-473,-472,-471,-470,-471,-472,-473,-472,-471,-470,-469,-470,-469,-468,-467,-466,-467,-466,-467,-466,-465,-466,-467,-466,-465,-466,-467,-468,-467,-468,-469,-468,-469,-468,-467,-466,-465,-464,-465,-464,-463,-462,-461,-462,-463,-464,-463,-462,-461,-462,-463,-462,-463,-464,-463,-462,-463,-462,-463,-462,-461,-462,-463,-462,-461,-462,-463,-462,-461,-460,-461,-460,-461,-460,-461,-460,-459,-458,-457,-456,-457,-456,-455,-454,-453,-454,-453,-454,-453,-452,-451,-450,-449,-448,-449,-450,-451,-450,-449,-450,-449,-450,-449,-450,-451,-452,-451,-450,-449,-448,-449,-448,-449,-448,-449,-450,-451,-450,-449,-448,-449,-448,-447,-448,-449,-450,-451,-452,-453,-454,-453,-454,-453,-454,-453,-454,-455,-456,-455,-454,-453,-452,-451,-452,-453,-454,-455,-456,-457,-458,-459,-458,-459,-458,-457,-458,-459,-460,-461,-460,-459,-458,-457,-458,-457,-456,-457,-458,-457,-456,-455,-454,-453,-454,-455,-454,-455,-456,-455,-454,-453,-452,-451,-452,-453,-452,-451,-452,-451,-450,-449,-448,-447,-446,-445,-444,-445,-444,-443,-444,-445,-446,-447,-448,-447,-448,-449,-450,-451,-452,-453,-452,-453,-454,-453,-452,-451,-452,-451,-450,-451,-450,-451,-450,-451,-452,-451,-450,-449,-450,-449,-448,-449,-450,-451,-450,-449,-450,-449,-450,-449,-450,-451,-450,-451,-452,-451,-450,-449,-450,-449,-448,-449,-450,-449,-450,-451,-450,-451,-452,-453,-452,-453,-452,-453,-454,-455,-454,-453,-454,-453,-454,-453,-454,-453,-452,-453,-454,-455,-456,-457,-458,-459,-460,-461,-460,-461,-462,-463,-464,-463,-462,-461,-462,-461,-462,-461,-460,-461,-462,-461,-460,-461,-462,-461,-462,-463,-462,-463,-462,-461,-462,-463,-464,-465,-464,-463,-462,-463,-464,-463,-462,-463,-464,-463,-462,-463,-462,-463,-462,-463,-464,-463,-462,-461,-462,-461,-462,-463,-462,-463,-464,-465,-464,-463,-464,-463,-464,-463,-464,-463,-464,-465,-464,-463,-462,-463,-462,-463,-464,-463,-462,-461,-462,-461,-460,-461,-462,-463,-462,-461,-462,-461,-462,-463,-464,-465,-466,-465,-464,-465,-466,-465,-464,-465,-466,-465,-466,-467,-466,-465,-466,-467,-468,-467,-466,-465,-466,-467,-466,-467,-466,-467,-466,-467,-468,-467,-468,-469,-470,-469,-470,-469,-468,-467,-468,-469,-468,-469,-468,-469,-468,-467,-468,-469,-468,-467,-468,-469,-468,-469,-470,-469,-470,-471,-472,-473,-472,-471,-472,-471,-470,-471,-472,-471,-472,-473,-472,-471,-472,-473,-474,-473,-474,-475,-474,-473,-472,-473,-472,-471,-472,-473,-474,-473,-472,-473,-472,-471,-470,-471,-472,-471,-472,-471,-470,-471,-472,-471,-472,-471,-472,-471,-472,-473,-472,-473,-474,-473,-472,-471,-470,-471,-472,-473,-474,-475,-476,-477,-476,-475,-474,-473,-472,-473,-472,-473,-474,-475,-474,-473,-474,-475,-476,-475,-476,-477,-476,-475,-474,-473,-472,-473,-474,-473,-472,-473,-474,-475,-474,-473,-474,-473,-474,-473,-474,-475,-474,-473,-472,-473,-472,-473,-474,-473,-474,-475,-476,-475,-474,-475,-474,-475,-474,-475,-476,-475,-476,-477,-476,-475,-474,-475,-474,-473,-474,-475,-476,-475,-474,-475,-474,-475,-474,-475,-476,-475,-474,-473,-474,-475,-474,-475,-474,-475,-476,-475,-474,-473,-474,-475,-476,-477,-476,-475,-476,-477,-476,-477,-476,-477,-476,-477,-476,-475,-474,-475,-474,-475,-476,-477,-478,-479,-480,-481,-482,-483,-482,-481,-482,-483,-484,-485,-486,-487,-488,-489,-490,-491,-492,-493,-494,-495,-496,-495,-496,-497,-498,-499,-500,-499,-498,-499,-498,-499,-500,-501,-500,-499,-498,-499,-498,-497,-498,-499,-500,-501,-500,-501,-502,-501,-500,-501,-500,-501,-502,-503,-502,-501,-500,-499,-500,-499,-498,-497,-498,-497,-498,-497,-498,-499,-498,-497,-496,-497,-498,-499,-498,-497,-496,-495,-494,-495,-494,-495,-494,-495,-496,-497,-498,-499,-500,-501,-500,-501,-502,-501,-500,-501,-502,-503,-502,-503,-502,-503,-504,-505,-506,-505,-506,-507,-508,-507,-508,-509,-508,-509,-510,-511,-510,-509,-510,-509,-510,-509,-510,-509,-508,-509,-508,-507,-508,-509,-510,-509,-510,-511,-512,-511,-510,-511,-510,-511,-510,-511,-510,-511,-512,-511,-510,-509,-510,-509,-510,-511,-512,-511,-510,-511,-512,-511,-512,-513,-512,-511,-510,-509,-510,-509,-510,-509,-510,-511,-510,-509,-508,-507,-506,-507,-506,-505,-506,-507,-508,-507,-506,-505,-504,-503,-504,-503,-504,-503,-504,-505,-506,-507,-508,-509,-510,-511,-512,-513,-512,-511,-512,-513,-514,-515,-516,-517,-518,-519,-520,-521,-522,-523,-524,-523,-522,-523,-522,-521,-522,-523,-524,-523,-524,-523,-524,-525,-524,-523,-524,-523,-524,-523,-524,-525,-524,-523,-522,-521,-520,-519,-520,-519,-518,-517,-516,-515,-514,-515,-514,-513,-512,-511,-510,-511,-510,-511,-510,-509,-510,-509,-510,-511,-510,-509,-510,-509,-510,-509,-508,-509,-510,-509,-508,-507,-506,-505,-506,-505,-504,-503,-502,-501,-502,-501,-500,-501,-502,-503,-504,-505,-504,-503,-504,-503,-502,-501,-500,-501,-502,-503,-502,-501,-502,-501,-502,-501,-502,-503,-504,-503,-502,-501,-502,-503,-502,-503,-504,-505,-506,-507,-508,-507,-508,-509,-508,-509,-510,-509,-510,-511,-512,-511,-510,-511,-512,-513,-512,-513,-514,-515,-516,-517,-516,-517,-516,-515,-514,-515,-516,-515,-514,-513,-514,-515,-516,-515,-516,-517,-518,-519,-520,-521,-522,-521,-522,-523,-524,-525,-526,-525,-524,-523,-524,-525,-524,-523,-522,-523,-522,-523,-522,-523,-524,-525,-524,-525,-526,-527,-526,-525,-524,-525,-524,-525,-524,-523,-522,-521,-520,-519,-518,-517,-516,-517,-516,-515,-516,-517,-518,-517,-516,-515,-514,-513,-514,-513,-512,-511,-510,-509,-510,-509,-508,-509,-510,-509,-508,-507,-506,-505,-506,-507,-506,-505,-504,-503,-502,-503,-504,-505,-506,-507,-508,-509,-510,-511,-512,-513,-514,-515,-516,-517,-518,-519,-518,-517,-518,-519,-518,-517,-516,-517,-516,-517,-518,-519,-520,-521,-522,-523,-524,-523,-524,-523,-522,-521,-520,-519,-518,-519,-520,-519,-518,-517,-518,-519,-520,-521,-520,-519,-520,-519,-518,-519,-518,-517,-516,-515,-514,-515,-514,-515,-516,-517,-518,-517,-516,-517,-516,-515,-514,-515,-516,-515,-514,-513,-512,-511,-512,-513,-514,-515,-514,-513,-514,-515,-516,-517,-516,-517,-518,-517,-518,-519,-520,-521,-522,-521,-520,-519,-518,-519,-520,-521,-522,-523,-522,-521,-520,-521,-520,-519,-520,-519,-520,-521,-522,-521,-520,-521,-522,-523,-522,-523,-524,-525,-524,-525,-526,-527,-528,-527,-526,-527,-528,-529,-530,-529,-528,-529,-530,-531,-532,-533,-534,-535,-536,-537,-538,-539,-540,-541,-540,-539,-540,-539,-540,-541,-540,-539,-538,-539,-538,-539,-540,-539,-538,-537,-536,-537,-536,-535,-534,-533,-534,-535,-534,-535,-536,-535,-536,-537,-536,-535,-536,-537,-538,-539,-540,-541,-542,-541,-540,-541,-542,-543,-544,-543,-544,-545,-544,-545,-546,-547,-548,-547,-548,-549,-548,-547,-546,-545,-546,-547,-546,-547,-548,-547,-546,-547,-548,-547,-546,-545,-544,-543,-544,-543,-542,-541,-540,-539,-538,-537,-538,-537,-536,-537,-536,-535,-534,-533,-532,-533,-532,-533,-532,-531,-530,-531,-530,-531,-530,-529,-528,-529,-530,-531,-530,-529,-528,-527,-528,-529,-528,-527,-528,-527,-528,-529,-528,-527,-526,-525,-526,-525,-526,-525,-524,-525,-524,-523,-522,-521,-520,-521,-522,-523,-524,-525,-524,-525,-524,-525,-524,-523,-524,-523,-524,-523,-522,-521,-522,-523,-524,-523,-524,-525,-526,-527,-528,-529,-530,-531,-532,-533,-534,-535,-534,-533,-534,-535,-536,-535,-536,-537,-538,-539,-540,-539,-538,-537,-536,-537,-538,-537,-538,-537,-538,-539,-538,-537,-536,-537,-536,-535,-534,-535,-536,-537,-536,-535,-536,-535,-536,-535,-534,-533,-534,-533,-534,-535,-534,-533,-534,-535,-536,-537,-536,-535,-534,-533,-532,-531,-532,-533,-532,-531,-530,-531,-532,-531,-532,-531,-530,-531,-530,-531,-532,-533,-534,-535,-536,-537,-538,-539,-540,-541,-540,-539,-538,-539,-538,-539,-538,-539,-538,-539,-538,-539,-540,-539,-540,-541,-542,-541,-542,-541,-542,-541,-542,-541,-540,-539,-540,-541,-542,-541,-542,-541,-540,-539,-538,-539,-540,-541,-540,-539,-538,-537,-536,-537,-538,-539,-540,-541,-542,-541,-542,-541,-542,-541,-540,-541,-542,-543,-542,-541,-540,-541,-540,-541,-542,-541,-540,-539,-538,-537,-538,-537,-536,-535,-536,-535,-534,-535,-534,-533,-532,-533,-534,-535,-536,-535,-536,-535,-534,-533,-534,-533,-534,-533,-534,-533,-532,-531,-530,-531,-530,-529,-530,-531,-532,-531,-530,-531,-532,-531,-530,-529,-528,-527,-528,-527,-528,-527,-526,-525,-524,-525,-524,-525,-524,-525,-524,-525,-524,-525,-524,-525,-526,-525,-526,-525,-524,-523,-524,-525,-524,-523,-524,-525,-526,-525,-524,-523,-524,-525,-524,-525,-524,-525,-524,-523,-522,-523,-522,-523,-522,-521,-520,-519,-520,-519,-520,-521,-522,-521,-522,-523,-524,-525,-524,-525,-526,-525,-526,-525,-526,-525,-524,-525,-526,-525,-524,-525,-524,-523,-522,-521,-520,-519,-520,-521,-522,-523,-524,-525,-526,-525,-526,-527,-528,-527,-526,-525,-524,-523,-524,-525,-526,-525,-524,-525,-524,-523,-522,-521,-520,-521,-520,-521,-522,-521,-520,-521,-522,-521,-520,-521,-522,-521,-520,-521,-522,-523,-524,-525,-524,-523,-524,-523,-524,-525,-524,-523,-524,-523,-524,-523,-522,-521,-520,-521,-520,-521,-522,-523,-524,-523,-522,-523,-522,-523,-524,-525,-526,-527,-528,-529,-530,-531,-532,-531,-532,-533,-532,-531,-532,-531,-530,-531,-532,-533,-534,-535,-536,-535,-534,-533,-532,-531,-530,-531,-530,-529,-530,-529,-530,-531,-530,-529,-528,-529,-528,-529,-530,-531,-530,-531,-530,-531,-530,-531,-532,-533,-532,-531,-532,-531,-532,-531,-530,-531,-532,-531,-532,-531,-532,-533,-534,-533,-532,-533,-532,-531,-530,-529,-530,-531,-530,-531,-532,-533,-532,-533,-534,-533,-534,-533,-534,-533,-532,-531,-532,-533,-532,-533,-532,-533,-534,-535,-536,-537,-536,-537,-538,-537,-538,-539,-538,-539,-538,-539,-538,-537,-536,-535,-534,-535,-534,-533,-532,-531,-532,-533,-534,-535,-534,-535,-536,-537,-536,-535,-534,-535,-536,-535,-536,-535,-534,-535,-536,-535,-534,-533,-532,-533,-534,-535,-536,-535,-534,-533,-532,-531,-530,-531,-532,-533,-532,-533,-534,-535,-536,-535,-536,-537,-538,-537,-536,-535,-534,-535,-534,-533,-534,-535,-534,-535,-534,-535,-534,-535,-534,-533,-534,-533,-534,-535,-534,-535,-536,-537,-538,-537,-538,-537,-536,-537,-536,-535,-536,-537,-538,-537,-538,-539,-540,-539,-538,-539,-540,-541,-542,-541,-540,-541,-540,-539,-540,-539,-538,-537,-538,-539,-538,-537,-536,-537,-536,-535,-536,-535,-534,-533,-532,-531,-532,-533,-534,-533,-534,-535,-536,-537,-538,-539,-538,-537,-536,-535,-536,-537,-538,-539,-538,-537,-536,-535,-536,-535,-536,-537,-536,-535,-534,-533,-532,-533,-534,-535,-536,-537,-538,-539,-538,-537,-536,-535,-534,-535,-536,-535,-534,-535,-534,-535,-534,-535,-536,-537,-538,-539,-538,-537,-538,-537,-538,-537,-538,-539,-540,-541,-542,-543,-544,-545,-544,-545,-546,-545,-544,-545,-546,-547,-548,-547,-548,-547,-548,-549,-550,-549,-548,-549,-548,-549,-548,-547,-548,-549,-548,-547,-546,-545,-546,-547,-548,-547,-546,-545,-546,-545,-546,-547,-548,-547,-546,-547,-548,-547,-546,-545,-546,-547,-546,-545,-544,-543,-542,-543,-542,-541,-540,-541,-542,-543,-544,-545,-546,-547,-546,-545,-544,-545,-544,-545,-546,-545,-544,-543,-544,-545,-546,-547,-546,-545,-544,-543,-544,-543,-542,-541,-540,-541,-540,-541,-540,-539,-540,-539,-538,-539,-540,-539,-538,-537,-538,-537,-538,-539,-540,-539,-538,-537,-536,-535,-536,-537,-538,-537,-538,-539,-540,-539,-538,-539,-538,-537,-538,-539,-538,-539,-538,-537,-536,-535,-536,-535,-534,-535,-534,-535,-536,-537,-538,-539,-540,-541,-540,-539,-538,-539,-540,-539,-538,-537,-538,-539,-538,-537,-536,-535,-536,-537,-538,-537,-536,-537,-536,-537,-536,-537,-536,-537,-536,-537,-536,-537,-536,-537,-536,-537,-538,-539,-538,-537,-538,-537,-538,-537,-536,-537,-536,-537,-538,-539,-538,-537,-538,-539,-540,-539,-540,-541,-540,-539,-540,-541,-542,-541,-542,-541,-540,-539,-540,-539,-538,-537,-536,-537,-536,-535,-534,-533,-532,-533,-534,-535,-536,-535,-536,-537,-536,-537,-536,-535,-534,-535,-536,-535,-534,-535,-534,-535,-534,-535,-536,-537,-538,-539,-540,-539,-538,-539,-540,-539,-538,-539,-538,-537,-536,-537,-538,-539,-538,-539,-540,-541,-542,-543,-544,-545,-546,-545,-546,-547,-546,-545,-544,-543,-544,-545,-544,-543,-544,-543,-544,-543,-544,-545,-546,-545,-546,-547,-546,-545,-546,-545,-546,-547,-548,-547,-548,-549,-548,-547,-548,-547,-548,-549,-550,-551,-552,-551,-552,-551,-550,-549,-550,-551,-552,-551,-552,-551,-552,-551,-550,-551,-550,-551,-552,-551,-552,-551,-550,-549,-548,-547,-546,-547,-546,-547,-548,-547,-546,-545,-546,-545,-544,-543,-542,-541,-542,-541,-540,-541,-540,-541,-540,-541,-542,-543,-542,-541,-542,-543,-542,-541,-542,-543,-542,-543,-542,-541,-542,-541,-542,-543,-544,-543,-544,-543,-542,-543,-542,-541,-542,-541,-540,-539,-540,-541,-542,-543,-544,-545,-544,-545,-546,-545,-544,-543,-542,-543,-542,-543,-544,-545,-544,-545,-546,-545,-546,-547,-548,-547,-548,-549,-550,-551,-550,-551,-552,-553,-552,-551,-550,-549,-550,-549,-548,-549,-550,-551,-552,-553,-554,-555,-554,-555,-556,-555,-556,-557,-558,-557,-558,-557,-556,-555,-556,-555,-554,-555,-556,-557,-558,-559,-558,-557,-558,-559,-560,-561,-562,-563,-564,-565,-564,-565,-566,-567,-568,-567,-568,-569,-570,-571,-572,-573,-572,-571,-572,-573,-574,-575,-576,-577,-576,-575,-576,-577,-576,-577,-576,-577,-576,-575,-576,-575,-574,-573,-572,-571,-570,-569,-570,-569,-568,-569,-570,-571,-572,-571,-572,-573,-572,-571,-570,-571,-572,-573,-574,-575,-574,-575,-574,-573,-572,-573,-574,-575,-574,-575,-574,-573,-572,-571,-572,-573,-572,-573,-574,-573,-572,-571,-572,-571,-570,-571,-570,-569,-568,-569,-570,-571,-570,-569,-570,-571,-572,-573,-572,-571,-572,-571,-570,-571,-572,-573,-574,-575,-574,-573,-572,-573,-572,-571,-570,-571,-572,-573,-574,-573,-574,-573,-572,-571,-570,-571,-570,-569,-570,-569,-568,-567,-566,-565,-566,-567,-568,-567,-566,-565,-566,-567,-568,-569,-568,-569,-570,-569,-570,-571,-572,-573,-574,-573,-572,-573,-574,-573,-574,-573,-574,-573,-574,-575,-576,-575,-576,-575,-576,-577,-576,-575,-574,-575,-574,-573,-572,-573,-574,-575,-576,-577,-578,-577,-578,-579,-580,-581,-582,-581,-582,-581,-580,-579,-580,-579,-578,-579,-578,-577,-576,-575,-574,-575,-576,-575,-574,-573,-574,-573,-574,-575,-574,-573,-572,-571,-570,-569,-570,-571,-572,-573,-574,-573,-572,-573,-572,-571,-570,-571,-570,-569,-570,-571,-570,-571,-572,-571,-572,-571,-570,-569,-568,-569,-568,-567,-568,-567,-568,-569,-568,-567,-568,-567,-566,-567,-568,-569,-570,-571,-570,-571,-572,-571,-572,-573,-572,-573,-572,-571,-572,-571,-572,-573,-572,-571,-570,-569,-570,-569,-568,-569,-568,-567,-568,-569,-568,-567,-568,-567,-568,-569,-568,-567,-566,-567,-568,-567,-566,-565,-566,-565,-566,-567,-568,-569,-568,-567,-566,-565,-566,-567,-568,-569,-568,-569,-570,-571,-572,-571,-572,-573,-572,-571,-570,-571,-572,-571,-572,-573,-572,-571,-572,-573,-574,-575,-576,-575,-576,-575,-574,-573,-572,-573,-572,-571,-570,-569,-568,-567,-568,-567,-566,-567,-566,-565,-566,-565,-564,-565,-564,-563,-564,-563,-562,-561,-560,-559,-558,-557,-558,-557,-558,-557,-558,-559,-560,-559,-560,-561,-562,-563,-562,-561,-562,-563,-562,-563,-562,-561,-562,-563,-564,-565,-564,-565,-566,-567,-568,-569,-570,-569,-568,-569,-570,-569,-570,-571,-572,-571,-570,-569,-568,-567,-566,-567,-568,-567,-568,-567,-568,-567,-568,-567,-568,-567,-568,-569,-570,-569,-568,-569,-568,-569,-568,-569,-568,-569,-570,-571,-572,-573,-572,-571,-570,-571,-572,-573,-572,-573,-572,-571,-572,-573,-574,-573,-574,-575,-576,-575,-576,-575,-574,-575,-574,-573,-572,-571,-570,-569,-568,-569,-570,-569,-568,-567,-566,-565,-564,-563,-564,-563,-562,-561,-562,-563,-562,-561,-562,-561,-560,-559,-560,-561,-562,-563,-564,-563,-562,-563,-562,-563,-562,-561,-560,-561,-560,-561,-560,-559,-558,-557,-556,-555,-556,-557,-558,-557,-556,-555,-554,-553,-552,-551,-552,-551,-552,-551,-550,-551,-552,-553,-554,-555,-556,-557,-558,-559,-560,-561,-562,-561,-560,-559,-560,-561,-562,-561,-560,-559,-558,-559,-560,-559,-558,-559,-558,-557,-558,-557,-558,-559,-560,-559,-560,-561,-560,-559,-560,-561,-560,-561,-560,-561,-562,-563,-564,-565,-564,-563,-562,-561,-560,-559,-558,-559,-560,-561,-560,-559,-560,-559,-560,-559,-558,-559,-560,-559,-560,-559,-560,-561,-560,-559,-560,-559,-558,-559,-560,-561,-562,-561,-560,-559,-558,-557,-558,-559,-560,-561,-560,-559,-560,-561,-562,-563,-562,-563,-564,-563,-562,-561,-562,-563,-564,-563,-562,-563,-562,-563,-564,-565,-566,-565,-564,-563,-562,-561,-562,-563,-564,-563,-562,-561,-560,-559,-560,-561,-560,-559,-558,-559,-560,-559,-558,-559,-560,-559,-560,-559,-558,-557,-556,-555,-554,-555,-556,-557,-558,-557,-558,-559,-558,-559,-560,-559,-560,-561,-560,-559,-560,-559,-560,-561,-562,-561,-560,-561,-562,-563,-564,-563,-564,-565,-566,-567,-566,-565,-564,-565,-564,-565,-566,-567,-566,-565,-566,-565,-564,-563,-564,-563,-562,-561,-562,-561,-560,-559,-558,-559,-558,-557,-558,-557,-558,-559,-560,-559,-558,-559,-560,-561,-560,-559,-558,-557,-556,-555,-554,-553,-552,-553,-552,-551,-552,-553,-554,-555,-556,-557,-558,-557,-556,-555,-556,-557,-556,-555,-556,-555,-554,-555,-554,-555,-556,-557,-556,-557,-556,-557,-558,-557,-556,-555,-554,-553,-554,-553,-552,-551,-552,-553,-554,-555,-556,-557,-558,-559,-560,-561,-562,-563,-564,-565,-566,-565,-564,-565,-564,-565,-566,-565,-564,-565,-564,-565,-566,-567,-568,-569,-568,-569,-570,-569,-568,-569,-570,-571,-572,-573,-572,-573,-572,-573,-574,-575,-576,-575,-574,-573,-574,-575,-576,-577,-578,-579,-578,-577,-578,-577,-576,-577,-576,-577,-576,-577,-576,-577,-578,-579,-578,-577,-576,-577,-576,-577,-578,-579,-578,-579,-580,-579,-578,-579,-580,-581,-582,-581,-580,-581,-582,-581,-580,-581,-582,-581,-582,-583,-582,-583,-584,-583,-582,-581,-582,-581,-582,-583,-582,-581,-580,-579,-578,-579,-580,-581,-580,-579,-580,-581,-582,-583,-584,-583,-582,-581,-580,-579,-580,-581,-582,-583,-582,-581,-582,-581,-580,-581,-580,-581,-582,-583,-584,-585,-586,-587,-588,-587,-586,-587,-588,-589,-590,-591,-590,-591,-592,-591,-590,-591,-592,-593,-594,-595,-596,-597,-596,-595,-596,-597,-598,-599,-600,-599,-598,-597,-598,-599,-600,-601,-600,-601,-602,-601,-600,-599,-600,-599,-598,-599,-600,-599,-600,-601,-602,-603,-602,-603,-604,-605,-604,-605,-604,-603,-602,-603,-604,-605,-606,-607,-608,-609,-610,-611,-610,-611,-612,-611,-612,-613,-614,-615,-614,-613,-614,-613,-612,-611,-612,-611,-610,-609,-610,-611,-610,-609,-610,-611,-610,-611,-610,-609,-608,-609,-610,-611,-612,-613,-614,-615,-616,-617,-616,-617,-618,-617,-618,-619,-620,-619,-618,-617,-616,-617,-616,-615,-616,-617,-618,-619,-620,-619,-620,-621,-620,-621,-622,-623,-624,-625,-624,-623,-624,-623,-622,-623,-622,-623,-624,-623,-624,-625,-624,-623,-622,-623,-622,-621,-620,-619,-620,-619,-620,-621,-620,-621,-622,-623,-624,-623,-624,-625,-624,-625,-624,-625,-624,-625,-626,-625,-626,-627,-628,-627,-628,-627,-626,-625,-626,-625,-624,-625,-624,-625,-624,-623,-622,-621,-622,-621,-622,-623,-624,-623,-624,-623,-624,-623,-624,-625,-624,-625,-624,-625,-624,-623,-624,-625,-624,-623,-622,-623,-622,-623,-622,-623,-622,-621,-622,-623,-624,-623,-622,-623,-624,-625,-624,-623,-622,-623,-622,-621,-620,-621,-620,-619,-620,-621,-622,-621,-620,-619,-620,-619,-620,-621,-622,-623,-624,-623,-622,-623,-622,-623,-622,-623,-624,-625,-626,-625,-626,-627,-628,-627,-626,-627,-628,-629,-630,-631,-632,-633,-632,-633,-632,-633,-634,-633,-632,-631,-632,-633,-632,-633,-634,-635,-636,-637,-638,-639,-640,-641,-642,-643,-644,-643,-644,-643,-642,-641,-640,-639,-638,-639,-638,-637,-636,-637,-638,-637,-636,-637,-636,-635,-634,-633,-634,-633,-632,-631,-632,-631,-630,-629,-630,-629,-628,-629,-630,-631,-632,-631,-630,-629,-628,-627,-626,-627,-626,-625,-624,-623,-624,-625,-626,-625,-626,-625,-624,-623,-622,-621,-620,-621,-620,-619,-620,-621,-620,-619,-620,-621,-622,-621,-622,-621,-622,-621,-620,-619,-618,-619,-618,-617,-618,-619,-618,-619,-620,-621,-622,-621,-620,-621,-622,-621,-622,-621,-622,-623,-624,-625,-626,-625,-624,-625,-626,-627,-626,-625,-626,-625,-626,-627,-628,-627,-626,-625,-624,-623,-622,-623,-624,-625,-624,-623,-622,-621,-622,-623,-624,-623,-622,-623,-622,-621,-620,-621,-620,-621,-622,-621,-620,-621,-622,-623,-622,-621,-622,-623,-622,-623,-622,-621,-620,-619,-618,-617,-618,-617,-616,-615,-614,-615,-616,-617,-618,-617,-616,-615,-614,-615,-616,-615,-616,-617,-618,-619,-620,-619,-620,-621,-622,-623,-622,-623,-622,-621,-622,-621,-620,-619,-618,-619,-618,-619,-620,-621,-620,-619,-620,-619,-620,-621,-622,-623,-624,-625,-624,-623,-622,-623,-624,-623,-624,-625,-624,-625,-624,-625,-626,-625,-626,-625,-626,-625,-626,-627,-626,-625,-624,-623,-622,-621,-620,-621,-620,-621,-622,-621,-622,-621,-622,-621,-622,-623,-624,-623,-622,-623,-624,-625,-626,-627,-628,-627,-626,-625,-624,-625,-624,-625,-626,-627,-628,-629,-630,-629,-630,-629,-628,-627,-626,-627,-626,-627,-626,-625,-624,-623,-622,-621,-620,-619,-620,-621,-622,-623,-624,-625,-626,-625,-626,-625,-626,-625,-624,-623,-624,-625,-626,-625,-626,-627,-626,-625,-626,-625,-626,-625,-624,-623,-622,-623,-622,-621,-622,-621,-622,-621,-622,-623,-624,-625,-626,-625,-626,-627,-626,-627,-628,-629,-628,-627,-626,-625,-624,-625,-626,-627,-626,-627,-626,-625,-624,-623,-622,-621,-622,-623,-622,-623,-624,-625,-624,-625,-624,-625,-624,-625,-624,-623,-624,-625,-624,-623,-622,-623,-622,-623,-622,-621,-620,-621,-620,-619,-618,-617,-616,-615,-614,-613,-612,-611,-610,-609,-608,-609,-610,-609,-610,-609,-608,-607,-606,-605,-604,-603,-602,-603,-602,-601,-600,-599,-598,-597,-596,-595,-596,-595,-594,-593,-592,-593,-594,-595,-594,-593,-594,-595,-594,-595,-596,-597,-598,-599,-600,-599,-598,-599,-600,-599,-600,-599,-600,-599,-600,-599,-598,-597,-596,-595,-594,-595,-594,-593,-594,-593,-594,-595,-594,-593,-592,-591,-592,-591,-592,-593,-594,-593,-592,-593,-594,-593,-592,-593,-594,-593,-594,-595,-594,-595,-596,-597,-598,-597,-598,-599,-600,-601,-602,-601,-600,-599,-600,-601,-602,-603,-604,-603,-604,-605,-606,-605,-604,-605,-606,-605,-606,-607,-608,-607,-608,-609,-610,-609,-610,-611,-612,-611,-610,-609,-610,-611,-610,-609,-608,-607,-606,-607,-606,-607,-606,-607,-606,-607,-606,-607,-606,-607,-608,-609,-608,-609,-610,-611,-612,-611,-610,-609,-610,-609,-608,-609,-610,-611,-612,-611,-612,-611,-612,-613,-612,-611,-612,-611,-612,-611,-610,-609,-608,-607,-606,-605,-604,-605,-604,-603,-602,-601,-600,-599,-598,-597,-596,-597,-598,-599,-600,-601,-600,-601,-602,-603,-604,-605,-606,-605,-604,-603,-602,-603,-602,-601,-602,-603,-604,-603,-604,-603,-602,-601,-600,-601,-602,-603,-602,-601,-602,-603,-602,-603,-604,-605,-604,-603,-604,-605,-604,-605,-606,-607,-606,-605,-606,-607,-606,-607,-608,-609,-610,-611,-612,-613,-612,-613,-614,-613,-614,-615,-616,-617,-616,-615,-614,-613,-614,-615,-616,-617,-616,-617,-616,-617,-618,-619,-620,-619,-618,-617,-618,-619,-620,-619,-620,-621,-622,-623,-622,-623,-624,-625,-624,-625,-626,-627,-628,-627,-628,-629,-628,-629,-630,-631,-630,-631,-632,-633,-632,-631,-632,-631,-632,-633,-632,-633,-634,-635,-636,-637,-636,-637,-638,-637,-636,-635,-636,-637,-638,-639,-638,-639,-640,-641,-642,-641,-640,-639,-638,-637,-636,-635,-634,-633,-634,-633,-632,-633,-632,-633,-634,-635,-634,-635,-634,-635,-636,-637,-638,-637,-638,-639,-638,-637,-638,-639,-640,-641,-642,-643,-644,-643,-644,-643,-642,-643,-642,-641,-642,-641,-642,-641,-640,-639,-640,-641,-642,-643,-642,-641,-642,-641,-642,-643,-642,-641,-642,-643,-642,-643,-642,-641,-642,-641,-640,-639,-638,-639,-640,-639,-640,-641,-642,-641,-640,-639,-640,-641,-642,-643,-644,-645,-646,-645,-644,-645,-646,-647,-646,-645,-644,-645,-644,-645,-646,-647,-646,-645,-644,-645,-646,-647,-648,-647,-648,-649,-650,-651,-650,-649,-648,-647,-646,-647,-648,-647,-646,-645,-646,-647,-646,-647,-646,-647,-648,-649,-648,-647,-646,-647,-646,-645,-644,-643,-642,-643,-642,-641,-642,-643,-644,-643,-644,-645,-644,-643,-644,-645,-646,-647,-648,-649,-648,-647,-646,-647,-648,-649,-648,-647,-648,-649,-650,-649,-648,-649,-648,-649,-648,-647,-648,-649,-648,-649,-650,-649,-648,-649,-648,-647,-646,-645,-646,-647,-646,-645,-644,-645,-644,-645,-646,-645,-646,-645,-644,-645,-646,-647,-648,-647,-648,-649,-650,-649,-648,-649,-648,-647,-648,-647,-646,-645,-646,-647,-646,-647,-646,-645,-644,-643,-644,-643,-642,-641,-642,-641,-642,-641,-640,-641,-640,-639,-638,-637,-638,-637,-638,-637,-636,-635,-634,-635,-636,-635,-636,-635,-636,-635,-636,-635,-636,-635,-634,-633,-632,-631,-632,-631,-632,-633,-632,-631,-630,-629,-630,-631,-630,-631,-632,-631,-632,-631,-632,-633,-632,-633,-634,-633,-634,-635,-634,-633,-632,-631,-632,-633,-634,-635,-634,-635,-634,-633,-632,-631,-630,-631,-630,-629,-630,-631,-630,-631,-632,-631,-632,-633,-632,-633,-634,-635,-634,-633,-632,-631,-632,-631,-632,-631,-630,-631,-630,-629,-628,-627,-626,-627,-626,-625,-624,-625,-626,-625,-624,-625,-624,-623,-624,-623,-622,-621,-622,-621,-620,-619,-620,-619,-618,-617,-616,-615,-614,-613,-614,-613,-612,-611,-610,-609,-608,-607,-608,-609,-610,-609,-610,-611,-612,-613,-612,-613,-614,-613,-614,-615,-616,-617,-618,-619,-618,-619,-618,-619,-620,-621,-622,-623,-624,-625,-626,-627,-626,-625,-626,-627,-626,-625,-624,-623,-624,-623,-622,-621,-620,-621,-622,-623,-624,-623,-624,-625,-626,-625,-624,-625,-624,-623,-624,-625,-626,-625,-624,-625,-626,-627,-626,-625,-626,-625,-624,-625,-624,-623,-622,-621,-622,-621,-620,-619,-620,-619,-618,-619,-620,-619,-618,-617,-618,-619,-618,-619,-620,-621,-622,-621,-620,-621,-620,-619,-620,-621,-620,-621,-620,-621,-622,-623,-624,-625,-626,-625,-624,-623,-622,-621,-620,-621,-622,-623,-622,-623,-622,-621,-620,-619,-620,-621,-620,-621,-620,-621,-622,-621,-622,-621,-620,-619,-620,-619,-618,-617,-616,-617,-618,-617,-616,-615,-616,-615,-616,-615,-616,-617,-616,-615,-616,-615,-616,-617,-618,-617,-616,-617,-618,-617,-616,-615,-616,-617,-618,-617,-618,-619,-620,-619,-618,-619,-618,-619,-618,-617,-616,-615,-614,-613,-614,-615,-616,-615,-616,-617,-618,-619,-620,-621,-622,-621,-622,-623,-624,-625,-626,-625,-624,-623,-624,-623,-624,-623,-624,-623,-622,-623,-624,-623,-624,-625,-626,-625,-624,-625,-626,-625,-626,-625,-624,-623,-622,-623,-624,-625,-624,-623,-624,-625,-624,-625,-626,-625,-624,-623,-622,-621,-622,-621,-622,-623,-622,-621,-622,-623,-622,-621,-620,-621,-622,-623,-624,-625,-624,-623,-622,-623,-624,-623,-622,-621,-622,-623,-624,-625,-626,-625,-624,-625,-626,-627,-628,-627,-628,-629,-628,-627,-626,-627,-628,-627,-626,-625,-626,-625,-626,-625,-624,-625,-626,-627,-628,-629,-630,-631,-630,-629,-628,-627,-628,-629,-628,-627,-626,-625,-624,-625,-624,-625,-624,-625,-626,-625,-626,-627,-628,-627,-628,-629,-630,-629,-630,-629,-630,-629,-630,-629,-628,-629,-628,-627,-628,-627,-626,-625,-626,-625,-626,-627,-628,-629,-630,-629,-628,-629,-628,-627,-628,-629,-628,-627,-628,-627,-628,-629,-630,-631,-630,-631,-630,-631,-632,-631,-632,-633,-634,-635,-634,-635,-636,-635,-636,-635,-634,-635,-636,-637,-638,-637,-638,-639,-640,-639,-640,-641,-640,-641,-642,-643,-642,-641,-642,-641,-642,-641,-640,-641,-640,-639,-640,-639,-640,-639,-638,-637,-638,-639,-638,-637,-636,-637,-636,-635,-636,-637,-638,-639,-638,-639,-640,-639,-638,-639,-640,-639,-640,-639,-638,-637,-636,-635,-634,-635,-634,-633,-632,-633,-632,-631,-632,-633,-634,-633,-632,-631,-632,-633,-632,-631,-630,-631,-632,-633,-634,-635,-634,-635,-636,-637,-638,-639,-638,-639,-638,-637,-636,-635,-636,-635,-634,-633,-634,-635,-636,-635,-634,-633,-634,-633,-634,-633,-634,-633,-632,-633,-632,-633,-632,-631,-632,-631,-630,-629,-628,-629,-628,-629,-630,-631,-632,-631,-632,-633,-634,-635,-636,-635,-636,-635,-636,-635,-636,-635,-636,-637,-636,-635,-636,-637,-636,-637,-638,-639,-640,-641,-640,-641,-642,-641,-640,-641,-642,-643,-644,-645,-646,-645,-644,-645,-644,-643,-644,-643,-642,-641,-642,-643,-642,-641,-640,-639,-640,-641,-642,-641,-642,-643,-642,-643,-644,-645,-646,-645,-644,-645,-644,-645,-644,-645,-644,-643,-644,-643,-644,-645,-646,-647,-646,-647,-648,-647,-646,-647,-648,-649,-650,-649,-648,-649,-650,-649,-650,-651,-650,-651,-652,-651,-652,-651,-652,-651,-650,-651,-650,-649,-650,-651,-650,-651,-650,-651,-652,-653,-652,-653,-652,-653,-654,-655,-654,-655,-656,-655,-656,-655,-654,-655,-656,-655,-654,-653,-652,-653,-652,-651,-650,-649,-648,-647,-648,-649,-648,-649,-648,-649,-650,-651,-652,-651,-650,-649,-650,-651,-650,-651,-650,-651,-650,-649,-648,-647,-646,-645,-646,-645,-644,-643,-642,-643,-644,-645,-644,-645,-644,-643,-642,-643,-642,-641,-640,-641,-642,-643,-642,-643,-644,-645,-644,-643,-642,-643,-642,-643,-644,-643,-642,-641,-642,-643,-644,-643,-644,-645,-644,-643,-644,-645,-646,-645,-646,-647,-646,-647,-646,-647,-648,-649,-650,-651,-652,-651,-650,-651,-650,-651,-650,-651,-650,-651,-652,-653,-652,-651,-652,-651,-652,-651,-652,-653,-654,-653,-652,-651,-652,-651,-652,-653,-654,-653,-652,-653,-652,-653,-652,-653,-652,-651,-652,-651,-652,-653,-652,-653,-652,-653,-654,-655,-656,-655,-654,-655,-656,-657,-658,-659,-658,-659,-660,-661,-662,-661,-660,-659,-660,-661,-662,-663,-662,-663,-664,-665,-666,-665,-666,-665,-664,-663,-664,-663,-662,-663,-664,-663,-662,-663,-664,-665,-666,-667,-666,-667,-666,-665,-664,-665,-666,-665,-666,-667,-666,-667,-668,-669,-668,-669,-668,-667,-666,-667,-668,-667,-666,-667,-666,-667,-668,-667,-666,-667,-666,-667,-666,-665,-666,-665,-664,-663,-662,-661,-660,-659,-660,-659,-658,-657,-658,-657,-658,-657,-656,-657,-658,-657,-656,-657,-658,-659,-660,-661,-660,-659,-660,-661,-662,-663,-662,-663,-662,-663,-662,-661,-660,-661,-660,-661,-662,-661,-660,-659,-658,-657,-656,-655,-656,-657,-656,-657,-658,-659,-658,-657,-658,-659,-660,-661,-662,-661,-662,-663,-662,-661,-660,-659,-660,-661,-662,-663,-662,-661,-662,-663,-662,-661,-662,-661,-660,-659,-658,-657,-656,-655,-656,-657,-656,-657,-658,-659,-658,-657,-658,-659,-660,-659,-658,-659,-658,-659,-658,-659,-660,-659,-658,-659,-658,-659,-660,-661,-660,-661,-662,-663,-664,-663,-662,-661,-660,-659,-658,-657,-656,-657,-658,-659,-660,-659,-658,-657,-658,-659,-660,-659,-660,-659,-660,-659,-658,-659,-660,-659,-658,-657,-656,-657,-658,-659,-660,-659,-658,-657,-658,-657,-656,-657,-658,-659,-660,-661,-660,-661,-660,-661,-662,-663,-662,-661,-660,-661,-660,-661,-660,-661,-660,-661,-662,-663,-662,-661,-662,-663,-664,-665,-664,-665,-664,-663,-664,-665,-664,-663,-664,-663,-662,-661,-662,-661,-662,-661,-660,-661,-660,-659,-658,-657,-658,-657,-656,-657,-656,-657,-656,-655,-654,-655,-654,-653,-654,-653,-652,-651,-652,-653,-652,-653,-652,-653,-652,-653,-652,-651,-650,-649,-650,-651,-650,-649,-648,-647,-648,-649,-650,-649,-650,-651,-652,-653,-654,-655,-654,-653,-652,-651,-652,-653,-652,-653,-652,-651,-652,-651,-650,-649,-650,-649,-648,-647,-648,-649,-650,-651,-652,-653,-654,-653,-654,-653,-654,-653,-652,-651,-652,-653,-654,-653,-652,-651,-652,-651,-652,-653,-652,-651,-650,-651,-652,-653,-652,-651,-650,-649,-650,-651,-650,-651,-652,-653,-654,-655,-656,-655,-654,-653,-654,-653,-652,-653,-654,-655,-656,-657,-658,-657,-658,-659,-660,-661,-660,-659,-660,-659,-660,-661,-660,-659,-660,-661,-662,-663,-664,-665,-664,-665,-666,-665,-666,-667,-668,-667,-668,-669,-670,-671,-672,-673,-674,-675,-676,-677,-678,-679,-680,-681,-682,-681,-682,-683,-684,-685,-686,-687,-686,-687,-688,-689,-688,-689,-688,-687,-688,-689,-690,-691,-692,-691,-690,-691,-690,-691,-690,-689,-688,-689,-690,-691,-690,-689,-688,-689,-690,-689,-690,-689,-688,-689,-688,-687,-688,-687,-686,-687,-688,-689,-688,-687,-688,-687,-688,-689,-690,-691,-692,-693,-692,-691,-690,-689,-690,-691,-692,-693,-692,-693,-692,-691,-690,-689,-688,-689,-690,-689,-690,-689,-688,-689,-688,-687,-686,-687,-688,-689,-690,-691,-690,-691,-690,-689,-688,-689,-690,-689,-690,-691,-690,-691,-690,-689,-690,-691,-692,-691,-692,-693,-694,-695,-694,-693,-692,-691,-690,-691,-692,-693,-692,-691,-690,-689,-690,-691,-692,-691,-690,-689,-688,-689,-688,-687,-686,-685,-684,-683,-682,-683,-684,-683,-684,-683,-684,-685,-686,-687,-686,-685,-684,-685,-684,-683,-682,-681,-680,-681,-680,-679,-680,-679,-678,-677,-676,-675,-676,-677,-676,-677,-676,-677,-676,-675,-674,-673,-674,-673,-672,-671,-672,-673,-672,-673,-674,-675,-674,-675,-674,-675,-676,-677,-678,-677,-678,-679,-680,-681,-682,-683,-682,-681,-682,-683,-682,-681,-680,-679,-678,-679,-678,-677,-676,-677,-678,-679,-680,-679,-680,-681,-682,-683,-682,-681,-680,-679,-678,-679,-680,-679,-680,-681,-682,-683,-684,-683,-684,-685,-684,-683,-684,-683,-684,-683,-684,-683,-682,-683,-682,-681,-682,-681,-680,-681,-680,-679,-680,-679,-678,-677,-678,-679,-680,-681,-682,-681,-682,-681,-682,-683,-682,-681,-680,-679,-678,-679,-680,-679,-680,-679,-678,-677,-676,-675,-674,-675,-676,-675,-674,-673,-672,-671,-670,-671,-670,-669,-670,-671,-670,-671,-672,-673,-672,-671,-672,-673,-672,-673,-672,-671,-672,-673,-674,-675,-676,-677,-676,-675,-674,-673,-674,-675,-674,-673,-672,-673,-672,-673,-674,-673,-672,-671,-670,-669,-668,-667,-668,-667,-668,-669,-670,-671,-672,-673,-672,-673,-674,-673,-674,-673,-674,-675,-674,-675,-676,-675,-676,-677,-678,-677,-676,-675,-674,-673,-672,-673,-672,-673,-674,-673,-672,-671,-672,-671,-670,-671,-670,-669,-668,-669,-670,-671,-672,-671,-672,-671,-672,-673,-674,-675,-676,-677,-678,-679,-678,-677,-676,-677,-678,-679,-680,-681,-680,-679,-680,-679,-678,-679,-678,-677,-676,-675,-676,-675,-676,-677,-676,-675,-676,-677,-676,-677,-678,-679,-680,-679,-678,-677,-676,-675,-676,-677,-676,-675,-674,-673,-674,-673,-674,-675,-676,-677,-678,-679,-680,-681,-682,-683,-682,-681,-680,-679,-680,-681,-680,-681,-682,-683,-684,-685,-684,-685,-684,-683,-682,-681,-682,-683,-684,-685,-686,-687,-688,-687,-686,-685,-686,-687,-688,-689,-688,-689,-690,-691,-690,-691,-692,-693,-694,-695,-696,-697,-696,-695,-694,-693,-694,-693,-692,-691,-690,-689,-688,-687,-686,-687,-688,-689,-690,-689,-690,-691,-692,-691,-692,-693,-694,-695,-694,-695,-694,-695,-696,-695,-694,-693,-694,-695,-694,-693,-692,-691,-692,-691,-692,-691,-690,-691,-690,-689,-688,-689,-690,-691,-692,-693,-694,-695,-694,-693,-694,-693,-692,-691,-692,-693,-692,-693,-692,-693,-694,-693,-692,-691,-692,-691,-690,-689,-690,-689,-690,-691,-692,-693,-692,-691,-692,-691,-690,-689,-688,-687,-688,-687,-686,-685,-684,-683,-684,-683,-684,-685,-686,-687,-688,-689,-688,-687,-688,-689,-690,-689,-690,-691,-690,-691,-692,-693,-694,-693,-692,-693,-694,-693,-694,-695,-696,-697,-698,-699,-700,-701,-700,-701,-702,-703,-704,-705,-706,-707,-708,-709,-708,-709,-710,-711,-712,-711,-710,-709,-710,-709,-710,-709,-710,-711,-710,-711,-710,-709,-708,-707,-708,-707,-706,-705,-706,-705,-704,-705,-704,-703,-702,-701,-700,-701,-702,-701,-700,-701,-702,-703,-702,-701,-702,-701,-700,-699,-700,-701,-700,-699,-698,-699,-698,-697,-696,-695,-694,-693,-692,-693,-694,-695,-694,-693,-694,-693,-694,-695,-696,-697,-698,-697,-696,-695,-696,-695,-694,-693,-694,-695,-694,-693,-694,-693,-692,-691,-692,-691,-690,-689,-690,-689,-690,-689,-688,-687,-688,-689,-690,-691,-692,-693,-694,-693,-692,-691,-692,-693,-694,-695,-696,-697,-698,-697,-696,-697,-698,-699,-700,-699,-698,-699,-700,-699,-698,-697,-698,-697,-696,-697,-696,-697,-696,-695,-696,-697,-696,-697,-698,-699,-700,-701,-700,-701,-702,-703,-704,-705,-704,-705,-706,-705,-706,-707,-708,-707,-706,-707,-708,-709,-710,-711,-710,-709,-710,-711,-710,-709,-708,-707,-708,-707,-706,-707,-706,-705,-706,-707,-706,-705,-704,-705,-706,-705,-704,-703,-702,-703,-704,-705,-706,-705,-704,-703,-702,-703,-704,-705,-706,-707,-708,-707,-708,-707,-708,-709,-708,-709,-708,-709,-708,-707,-706,-705,-704,-705,-706,-707,-708,-707,-708,-707,-708,-709,-710,-711,-712,-713,-714,-715,-714,-713,-712,-713,-712,-711,-712,-713,-714,-713,-714,-713,-714,-715,-714,-715,-716,-717,-716,-715,-714,-713,-714,-715,-716,-715,-714,-715,-714,-713,-712,-711,-712,-713,-712,-711,-712,-713,-714,-713,-712,-713,-714,-713,-712,-711,-712,-713,-714,-713,-712,-711,-712,-711,-710,-709,-710,-709,-708,-707,-706,-707,-706,-705,-704,-703,-702,-703,-704,-703,-704,-703,-702,-701,-702,-703,-702,-701,-702,-701,-700,-699,-698,-699,-700,-701,-702,-701,-702,-703,-704,-703,-702,-701,-702,-703,-704,-703,-702,-701,-700,-701,-702,-701,-700,-699,-700,-701,-702,-701,-700,-701,-700,-699,-698,-697,-696,-697,-698,-699,-700,-701,-702,-701,-700,-699,-698,-697,-696,-695,-696,-695,-694,-695,-696,-697,-696,-697,-696,-697,-698,-697,-696,-695,-694,-693,-694,-695,-696,-697,-696,-695,-694,-695,-696,-695,-696,-697,-698,-697,-698,-697,-696,-695,-696,-697,-696,-695,-696,-697,-698,-699,-700,-701,-702,-701,-700,-701,-702,-701,-702,-701,-702,-703,-704,-705,-706,-705,-706,-705,-706,-707,-706,-707,-708,-707,-708,-709,-710,-709,-710,-711,-712,-711,-710,-709,-710,-711,-712,-713,-714,-713,-712,-713,-712,-713,-714,-715,-716,-715,-716,-715,-714,-713,-712,-713,-714,-715,-716,-717,-716,-715,-714,-715,-716,-717,-718,-719,-720,-721,-722,-723,-724,-725,-726,-727,-728,-729,-730,-731,-732,-731,-732,-731,-730,-731,-732,-733,-734,-735,-736,-737,-738,-739,-738,-737,-736,-737,-738,-739,-738,-737,-736,-737,-736,-735,-736,-735,-736,-737,-738,-737,-738,-737,-736,-735,-734,-733,-732,-731,-730,-729,-728,-727,-726,-725,-724,-725,-724,-723,-724,-723,-724,-723,-722,-723,-724,-725,-724,-725,-726,-725,-724,-725,-724,-723,-724,-723,-722,-721,-720,-721,-720,-719,-718,-719,-720,-721,-720,-719,-720,-719,-718,-717,-716,-715,-714,-715,-714,-713,-712,-711,-712,-713,-712,-711,-712,-713,-714,-713,-712,-711,-710,-709,-708,-707,-708,-709,-710,-711,-710,-709,-710,-709,-708,-709,-710,-709,-710,-709,-708,-709,-708,-707,-708,-707,-708,-707,-708,-707,-706,-707,-708,-709,-708,-707,-708,-707,-706,-707,-706,-705,-704,-703,-702,-703,-702,-701,-702,-703,-702,-701,-700,-699,-700,-701,-700,-701,-702,-703,-702,-701,-702,-703,-704,-703,-704,-703,-704,-703,-704,-703,-704,-703,-702,-701,-702,-701,-700,-699,-700,-699,-700,-701,-702,-703,-704,-703,-704,-705,-704,-703,-704,-703,-702,-703,-702,-701,-700,-701,-700,-701,-700,-701,-702,-701,-700,-701,-702,-701,-700,-699,-700,-701,-700,-699,-698,-697,-698,-697,-696,-697,-698,-699,-698,-697,-698,-699,-700,-701,-700,-701,-702,-703,-702,-701,-702,-701,-700,-701,-700,-701,-700,-699,-700,-699,-698,-697,-698,-699,-700,-701,-700,-701,-700,-699,-698,-697,-698,-697,-696,-697,-696,-697,-696,-695,-694,-693,-692,-693,-694,-693,-694,-693,-694,-693,-694,-693,-694,-693,-692,-691,-690,-689,-688,-689,-690,-689,-688,-687,-686,-685,-684,-685,-684,-683,-684,-685,-686,-685,-684,-685,-684,-683,-682,-683,-684,-683,-684,-685,-686,-685,-684,-685,-686,-687,-686,-687,-686,-687,-686,-687,-688,-689,-690,-689,-688,-689,-688,-687,-686,-685,-686,-687,-686,-687,-686,-685,-684,-685,-686,-687,-688,-687,-686,-687,-686,-685,-686,-687,-686,-687,-686,-685,-684,-685,-686,-685,-684,-685,-686,-687,-688,-689,-690,-691,-690,-689,-690,-689,-688,-687,-686,-687,-686,-685,-684,-685,-686,-687,-688,-687,-686,-687,-688,-689,-690,-691,-692,-691,-692,-693,-694,-693,-692,-691,-690,-689,-688,-689,-690,-691,-692,-691,-692,-693,-692,-691,-690,-689,-690,-689,-690,-689,-690,-691,-692,-691,-692,-693,-694,-693,-694,-695,-696,-697,-698,-697,-696,-695,-694,-693,-694,-695,-694,-693,-692,-693,-692,-691,-690,-689,-690,-691,-690,-689,-688,-687,-686,-685,-684,-683,-684,-685,-684,-683,-682,-683,-684,-683,-682,-683,-684,-683,-682,-683,-684,-685,-684,-685,-684,-683,-684,-683,-682,-683,-682,-681,-680,-679,-678,-679,-680,-681,-682,-681,-680,-681,-680,-679,-680,-681,-680,-681,-680,-679,-678,-679,-678,-677,-676,-677,-678,-677,-678,-677,-678,-677,-678,-677,-676,-675,-676,-675,-674,-673,-674,-673,-672,-673,-672,-671,-672,-671,-670,-669,-670,-671,-670,-669,-668,-669,-670,-671,-672,-671,-670,-671,-670,-669,-668,-667,-668,-669,-670,-669,-668,-667,-668,-667,-668,-667,-668,-667,-668,-667,-666,-665,-664,-663,-662,-661,-662,-661,-662,-661,-660,-661,-662,-661,-660,-661,-660,-661,-662,-663,-662,-661,-660,-661,-660,-659,-658,-659,-660,-661,-662,-661,-662,-661,-660,-659,-660,-659,-660,-659,-658,-657,-658,-657,-658,-657,-656,-655,-656,-657,-656,-657,-656,-655,-656,-655,-656,-657,-656,-655,-656,-657,-656,-655,-656,-657,-658,-659,-660,-659,-658,-659,-658,-659,-658,-657,-658,-657,-658,-657,-656,-655,-654,-655,-654,-655,-656,-657,-656,-657,-656,-655,-654,-655,-654,-655,-654,-655,-656,-657,-658,-657,-656,-657,-656,-657,-656,-657,-656,-657,-656,-655,-654,-653,-654,-653,-654,-653,-654,-655,-654,-653,-652,-653,-652,-653,-652,-653,-652,-651,-650,-649,-650,-651,-652,-653,-654,-655,-656,-657,-658,-659,-658,-659,-660,-661,-660,-661,-660,-661,-662,-663,-664,-663,-664,-663,-662,-663,-664,-665,-664,-665,-666,-667,-666,-665,-664,-665,-666,-665,-666,-665,-664,-663,-664,-663,-664,-663,-664,-663,-662,-661,-662,-663,-664,-665,-664,-663,-662,-661,-660,-659,-658,-657,-658,-659,-660,-659,-658,-659,-658,-659,-658,-657,-656,-657,-658,-659,-660,-661,-662,-663,-664,-665,-664,-663,-664,-663,-664,-665,-666,-665,-664,-663,-662,-663,-664,-663,-664,-665,-666,-667,-668,-669,-668,-669,-670,-671,-670,-671,-670,-669,-668,-669,-670,-669,-670,-671,-670,-671,-672,-671,-672,-671,-670,-669,-670,-669,-670,-669,-668,-669,-670,-671,-670,-669,-668,-669,-668,-667,-666,-665,-664,-663,-662,-663,-664,-665,-666,-667,-666,-665,-666,-667,-666,-667,-668,-667,-666,-665,-666,-667,-666,-665,-664,-665,-664,-665,-664,-665,-666,-665,-666,-667,-668,-669,-668,-669,-670,-671,-670,-671,-672,-673,-674,-673,-674,-673,-672,-673,-672,-671,-670,-669,-668,-669,-670,-669,-670,-669,-670,-671,-670,-669,-668,-667,-668,-667,-668,-667,-668,-669,-668,-667,-666,-667,-668,-669,-670,-669,-668,-667,-666,-667,-668,-669,-670,-669,-668,-667,-668,-669,-670,-669,-668,-669,-670,-671,-672,-673,-674,-675,-676,-675,-674,-675,-674,-673,-672,-673,-672,-673,-674,-675,-676,-675,-674,-673,-674,-673,-672,-673,-672,-673,-672,-673,-674,-673,-674,-673,-674,-675,-676,-677,-678,-677,-676,-677,-676,-677,-676,-675,-674,-673,-674,-673,-674,-673,-672,-671,-672,-671,-670,-671,-672,-673,-674,-673,-672,-673,-672,-673,-674,-673,-674,-675,-676,-677,-678,-677,-676,-675,-674,-675,-674,-673,-672,-673,-672,-673,-672,-671,-672,-673,-672,-671,-672,-673,-674,-675,-676,-675,-674,-675,-674,-675,-674,-673,-672,-673,-672,-673,-672,-671,-672,-673,-674,-675,-676,-675,-674,-675,-676,-677,-676,-675,-674,-673,-672,-671,-670,-669,-668,-669,-668,-669,-668,-667,-666,-665,-666,-667,-668,-669,-668,-667,-668,-669,-670,-671,-672,-673,-672,-673,-674,-675,-674,-675,-676,-677,-676,-675,-674,-673,-672,-671,-672,-671,-670,-669,-670,-671,-672,-671,-670,-669,-668,-669,-670,-671,-672,-673,-674,-675,-674,-673,-672,-671,-670,-671,-672,-673,-674,-675,-676,-677,-676,-677,-676,-675,-676,-675,-676,-677,-678,-679,-680,-681,-682,-683,-684,-685,-684,-685,-684,-683,-684,-685,-684,-685,-686,-685,-684,-685,-686,-685,-686,-685,-684,-683,-682,-683,-684,-683,-684,-685,-686,-685,-684,-683,-682,-683,-684,-685,-684,-683,-684,-685,-684,-683,-682,-681,-680,-681,-682,-681,-680,-681,-682,-683,-682,-683,-682,-681,-682,-683,-684,-683,-684,-683,-684,-683,-684,-685,-686,-685,-686,-687,-688,-687,-688,-689,-690,-691,-692,-693,-694,-695,-696,-697,-698,-699,-700,-701,-702,-701,-700,-701,-702,-701,-702,-701,-700,-701,-702,-703,-704,-703,-702,-701,-700,-699,-698,-699,-698,-697,-696,-695,-696,-697,-698,-697,-696,-695,-694,-693,-692,-691,-690,-691,-692,-693,-692,-691,-690,-689,-690,-691,-692,-693,-694,-695,-696,-697,-698,-699,-700,-701,-702,-703,-702,-703,-704,-705,-704,-703,-702,-701,-702,-701,-700,-701,-700,-699,-698,-699,-698,-699,-698,-699,-698,-697,-696,-695,-694,-695,-696,-697,-696,-695,-694,-695,-694,-693,-694,-693,-694,-695,-696,-697,-698,-699,-698,-697,-696,-697,-698,-697,-698,-699,-698,-697,-698,-697,-696,-695,-696,-697,-698,-699,-698,-697,-698,-699,-698,-697,-698,-697,-698,-697,-698,-697,-696,-697,-698,-699,-700,-701,-700,-699,-698,-697,-698,-699,-700,-701,-702,-701,-702,-701,-702,-703,-704,-705,-706,-707,-708,-709,-708,-707,-706,-707,-708,-709,-710,-711,-710,-711,-712,-711,-712,-711,-712,-711,-712,-711,-710,-711,-712,-711,-712,-711,-710,-711,-712,-713,-714,-715,-714,-713,-714,-713,-714,-715,-714,-713,-712,-711,-712,-711,-712,-711,-712,-713,-714,-715,-714,-713,-714,-715,-714,-715,-714,-713,-714,-713,-712,-713,-712,-713,-714,-715,-714,-713,-712,-711,-712,-711,-712,-713,-712,-713,-712,-713,-714,-715,-714,-713,-714,-715,-714,-715,-714,-715,-714,-713,-714,-715,-716,-717,-716,-715,-716,-715,-716,-715,-716,-715,-716,-715,-714,-715,-714,-715,-716,-715,-714,-715,-716,-717,-718,-719,-718,-717,-718,-717,-718,-717,-716,-715,-716,-717,-716,-715,-714,-713,-714,-713,-712,-711,-710,-711,-712,-711,-710,-709,-708,-709,-708,-707,-706,-705,-704,-705,-704,-705,-704,-705,-706,-707,-706,-705,-706,-705,-704,-705,-704,-705,-706,-705,-704,-703,-704,-705,-706,-705,-704,-705,-706,-705,-704,-703,-702,-703,-702,-701,-702,-703,-704,-703,-702,-703,-702,-703,-702,-701,-702,-701,-702,-703,-702,-703,-704,-705,-704,-703,-704,-703,-704,-703,-702,-703,-704,-703,-704,-703,-704,-703,-702,-701,-702,-701,-702,-703,-702,-701,-700,-699,-698,-699,-700,-699,-700,-699,-700,-699,-700,-699,-698,-699,-700,-699,-698,-699,-700,-699,-698,-697,-698,-699,-698,-697,-696,-695,-696,-695,-696,-697,-696,-697,-698,-699,-698,-697,-698,-697,-696,-695,-696,-695,-696,-695,-694,-693,-692,-691,-692,-691,-690,-689,-688,-689,-690,-689,-688,-687,-688,-687,-688,-687,-688,-689,-690,-689,-688,-689,-688,-689,-688,-687,-688,-687,-686,-687,-688,-689,-688,-687,-688,-687,-686,-687,-686,-687,-686,-685,-684,-683,-684,-683,-684,-683,-684,-683,-682,-681,-682,-681,-680,-679,-678,-677,-676,-675,-674,-675,-676,-675,-674,-673,-672,-671,-670,-669,-668,-667,-666,-665,-664,-663,-662,-661,-660,-659,-658,-657,-656,-655,-654,-653,-652,-651,-650,-649,-648,-647,-646,-645,-644,-643,-644,-645,-644,-643,-642,-643,-642,-641,-640,-639,-638,-639,-638,-637,-638,-639,-638,-637,-636,-635,-634,-635,-634,-635,-636,-637,-636,-635,-634,-633,-632,-631,-630,-629,-628,-629,-628,-627,-626,-627,-626,-625,-624,-625,-624,-623,-624,-625,-626,-627,-626,-627,-626,-625,-624,-623,-624,-625,-626,-625,-624,-623,-622,-623,-624,-625,-624,-623,-624,-625,-626,-625,-626,-625,-624,-623,-622,-621,-622,-623,-624,-623,-622,-623,-624,-623,-622,-621,-622,-621,-622,-623,-622,-621,-622,-621,-622,-621,-620,-621,-620,-619,-620,-619,-620,-621,-620,-619,-618,-619,-618,-617,-618,-619,-620,-619,-618,-617,-616,-615,-614,-613,-612,-611,-612,-613,-614,-615,-614,-613,-614,-613,-612,-611,-610,-611,-610,-611,-610,-609,-610,-609,-608,-609,-610,-609,-610,-609,-608,-607,-606,-605,-604,-605,-606,-605,-604,-605,-606,-605,-606,-605,-604,-603,-602,-601,-602,-601,-600,-601,-600,-601,-600,-599,-600,-599,-598,-599,-600,-601,-600,-601,-602,-603,-604,-603,-604,-603,-602,-603,-604,-605,-604,-603,-604,-605,-604,-603,-602,-601,-602,-603,-602,-601,-602,-601,-602,-603,-604,-603,-604,-605,-606,-605,-606,-607,-608,-609,-608,-609,-608,-609,-610,-609,-610,-609,-608,-609,-608,-609,-610,-611,-612,-611,-610,-611,-610,-609,-608,-609,-608,-607,-606,-605,-604,-605,-606,-605,-606,-605,-604,-605,-606,-605,-604,-605,-606,-607,-608,-609,-610,-611,-612,-611,-610,-609,-610,-609,-608,-609,-610,-611,-610,-609,-608,-607,-606,-607,-608,-609,-608,-609,-610,-611,-610,-609,-608,-609,-608,-609,-610,-609,-610,-609,-608,-609,-608,-609,-610,-611,-612,-611,-612,-613,-614,-613,-614,-615,-616,-617,-616,-617,-618,-617,-618,-617,-618,-619,-620,-621,-620,-621,-622,-623,-622,-623,-622,-621,-620,-619,-618,-617,-618,-619,-620,-621,-622,-621,-622,-621,-622,-623,-624,-625,-624,-623,-622,-621,-622,-623,-624,-625,-626,-627,-626,-627,-628,-629,-630,-631,-630,-631,-630,-629,-628,-627,-626,-627,-626,-627,-628,-629,-628,-629,-628,-627,-626,-625,-624,-623,-622,-623,-622,-623,-622,-621,-620,-619,-620,-619,-618,-617,-616,-615,-614,-613,-612,-611,-610,-611,-612,-611,-610,-611,-610,-609,-610,-611,-612,-611,-612,-611,-612,-611,-610,-609,-608,-609,-608,-609,-608,-607,-606,-605,-604,-605,-606,-605,-606,-605,-604,-605,-604,-603,-602,-603,-602,-603,-602,-603,-602,-603,-602,-603,-602,-603,-602,-601,-600,-599,-600,-601,-602,-601,-600,-599,-600,-601,-602,-601,-600,-599,-600,-601,-602,-601,-600,-599,-598,-597,-596,-597,-598,-597,-596,-597,-596,-597,-596,-597,-598,-597,-596,-595,-594,-595,-594,-593,-592,-591,-592,-593,-594,-593,-592,-591,-592,-593,-592,-593,-594,-593,-592,-591,-590,-591,-590,-591,-592,-591,-590,-589,-590,-589,-588,-587,-588,-587,-588,-587,-588,-587,-586,-585,-584,-583,-584,-583,-582,-581,-580,-581,-580,-581,-580,-579,-578,-579,-578,-577,-578,-579,-578,-577,-576,-575,-574,-575,-574,-575,-576,-577,-576,-575,-574,-573,-572,-571,-572,-571,-572,-573,-574,-573,-572,-573,-572,-573,-574,-575,-576,-577,-578,-579,-580,-581,-580,-581,-580,-581,-580,-581,-582,-583,-582,-581,-580,-579,-578,-579,-580,-581,-582,-583,-584,-585,-586,-585,-586,-585,-584,-585,-586,-587,-588,-587,-586,-585,-584,-585,-584,-583,-584,-585,-584,-583,-582,-581,-580,-581,-582,-581,-582,-583,-582,-581,-580,-579,-578,-579,-578,-577,-578,-579,-580,-579,-578,-577,-576,-575,-574,-573,-574,-573,-572,-573,-574,-575,-576,-577,-576,-577,-578,-579,-580,-581,-582,-581,-582,-583,-582,-583,-584,-585,-584,-583,-584,-583,-584,-583,-584,-585,-584,-583,-582,-583,-582,-581,-582,-583,-584,-583,-582,-583,-582,-583,-582,-583,-584,-583,-584,-585,-584,-583,-582,-583,-582,-583,-584,-583,-584,-585,-586,-585,-584,-585,-584,-585,-584,-583,-582,-583,-584,-585,-586,-587,-588,-589,-590,-591,-592,-593,-594,-595,-594,-595,-594,-593,-594,-593,-594,-593,-592,-593,-594,-593,-592,-593,-594,-593,-594,-595,-594,-593,-594,-593,-594,-595,-596,-595,-594,-593,-592,-591,-592,-593,-592,-593,-594,-593,-592,-593,-592,-593,-592,-593,-594,-593,-592,-591,-592,-591,-590,-591,-592,-593,-592,-591,-592,-591,-592,-593,-594,-595,-596,-597,-598,-599,-600,-599,-598,-599,-600,-599,-600,-601,-600,-599,-600,-601,-602,-601,-600,-601,-602,-601,-602,-601,-602,-601,-602,-603,-604,-605,-604,-605,-604,-605,-604,-603,-602,-603,-604,-603,-604,-603,-604,-603,-602,-603,-604,-603,-602,-603,-604,-603,-604,-605,-604,-603,-604,-605,-606,-605,-604,-605,-606,-605,-604,-605,-606,-605,-606,-607,-606,-605,-606,-607,-608,-607,-608,-609,-608,-607,-606,-607,-606,-605,-606,-607,-608,-607,-606,-607,-606,-607,-606,-607,-606,-607,-608,-607,-606,-605,-606,-605,-604,-605,-606,-607,-606,-605,-606,-605,-604,-603,-604,-605,-604,-605,-604,-603,-604,-605,-604,-605,-604,-605,-604,-605,-606,-605,-606,-607,-606,-605,-606,-607,-608,-607,-608,-609,-610,-611,-612,-611,-610,-609,-608,-607,-608,-607,-608,-609,-608,-607,-606,-607,-608,-609,-608,-609,-610,-611,-610,-609,-610,-611,-612,-611,-610,-611,-612,-613,-612,-611,-612,-611,-612,-611,-612,-613,-612,-611,-610,-611,-610,-611,-612,-611,-612,-613,-614,-613,-612,-613,-612,-613,-612,-613,-614,-613,-614,-615,-614,-613,-612,-613,-614,-613,-614,-615,-616,-615,-614,-615,-614,-615,-614,-615,-616,-617,-616,-615,-614,-615,-614,-613,-614,-613,-614,-615,-614,-613,-614,-615,-616,-617,-616,-615,-616,-617,-616,-615,-614,-613,-614,-613,-612,-611,-610,-611,-612,-611,-612,-613,-614,-615,-616,-617,-618,-619,-620,-619,-618,-619,-620,-621,-620,-621,-622,-623,-624,-625,-626,-627,-628,-629,-628,-629,-630,-631,-632,-633,-632,-631,-632,-631,-632,-633,-634,-633,-632,-631,-632,-631,-632,-631,-630,-631,-630,-631,-630,-631,-632,-631,-630,-631,-632,-633,-634,-633,-632,-631,-630,-629,-630,-629,-628,-629,-628,-629,-628,-629,-630,-629,-628,-627,-628,-629,-630,-629,-628,-627,-626,-625,-624,-625,-624,-625,-624,-625,-626,-627,-628,-629,-628,-629,-628,-629,-630,-631,-630,-629,-630,-631,-632,-631,-632,-631,-632,-633,-634,-635,-634,-635,-636,-637,-636,-637,-638,-637,-638,-639,-640,-639,-638,-639,-638,-639,-640,-641,-640,-639,-638,-639,-638,-639,-640,-641,-640,-641,-640,-641,-642,-641,-640,-639,-640,-639,-640,-641,-640,-639,-638,-639,-640,-639,-640,-641,-640,-639,-638,-637,-638,-637,-638,-639,-640,-639,-638,-637,-636,-635,-636,-635,-634,-635,-636,-637,-636,-635,-634,-633,-632,-633,-632,-633,-632,-633,-634,-635,-636,-637,-638,-639,-640,-641,-642,-641,-640,-641,-642,-643,-644,-645,-646,-647,-648,-649,-650,-651,-652,-653,-652,-651,-652,-651,-650,-651,-652,-653,-652,-653,-652,-653,-654,-653,-652,-653,-652,-653,-652,-651,-652,-651,-652,-651,-650,-649,-648,-649,-648,-647,-646,-647,-646,-645,-644,-645,-646,-645,-644,-643,-644,-643,-644,-643,-642,-641,-640,-641,-642,-641,-640,-641,-642,-643,-642,-641,-640,-641,-640,-639,-638,-637,-636,-637,-638,-639,-638,-637,-636,-637,-638,-639,-638,-639,-640,-641,-642,-641,-640,-639,-640,-641,-640,-639,-638,-639,-640,-641,-640,-639,-640,-639,-640,-639,-640,-639,-640,-639,-638,-637,-638,-639,-638,-639,-640,-641,-642,-643,-644,-643,-644,-645,-644,-645,-646,-645,-646,-647,-648,-647,-646,-647,-648,-649,-648,-649,-650,-651,-652,-653,-652,-653,-652,-651,-650,-651,-652,-651,-650,-649,-650,-651,-652,-651,-650,-651,-652,-653,-654,-655,-656,-655,-656,-657,-658,-659,-660,-659,-658,-657,-658,-659,-658,-657,-656,-657,-656,-657,-656,-657,-656,-657,-656,-657,-658,-657,-656,-655,-654,-655,-654,-655,-654,-653,-652,-651,-650,-649,-648,-647,-646,-647,-646,-647,-648,-649,-650,-649,-650,-649,-648,-647,-646,-645,-644,-645,-646,-645,-644,-645,-646,-645,-644,-643,-642,-641,-642,-643,-644,-645,-644,-643,-642,-641,-640,-641,-642,-643,-644,-645,-646,-647,-648,-649,-650,-651,-652,-653,-654,-655,-654,-655,-654,-655,-656,-657,-656,-655,-654,-655,-656,-657,-658,-659,-660,-661,-662,-663,-664,-663,-664,-663,-662,-661,-660,-659,-658,-659,-660,-659,-658,-659,-660,-661,-662,-663,-662,-661,-662,-661,-660,-661,-660,-659,-658,-657,-656,-655,-656,-655,-654,-653,-654,-653,-652,-651,-650,-649,-650,-649,-650,-651,-652,-653,-652,-651,-652,-651,-650,-649,-650,-649,-648,-647,-646,-645,-646,-647,-648,-649,-648,-647,-648,-649,-650,-651,-650,-651,-652,-651,-650,-651,-652,-653,-654,-655,-654,-653,-652,-653,-652,-651,-652,-651,-650,-651,-652,-651,-650,-651,-652,-653,-652,-653,-654,-655,-654,-655,-656,-655,-656,-657,-658,-659,-658,-657,-658,-659,-660,-661,-660,-661,-662,-663,-664,-665,-666,-667,-668,-669,-670,-671,-672,-673,-674,-673,-672,-673,-672,-671,-672,-671,-670,-669,-670,-669,-670,-671,-670,-669,-668,-667,-668,-667,-666,-665,-664,-665,-666,-667,-666,-667,-668,-669,-670,-669,-668,-669,-670,-671,-672,-673,-674,-673,-672,-673,-674,-675,-676,-675,-676,-677,-676,-677,-678,-679,-680,-679,-680,-681,-680,-679,-678,-677,-676,-677,-678,-679,-680,-681,-680,-679,-680,-681,-680,-679,-678,-677,-676,-677,-676,-675,-674,-673,-672,-671,-672,-671,-670,-671,-670,-669,-668,-667,-666,-667,-666,-667,-668,-667,-666,-665,-664,-665,-664,-663,-662,-663,-664,-665,-664,-663,-662,-661,-660,-659,-658,-657,-658,-659,-658,-659,-660,-661,-660,-661,-662,-663,-662,-663,-664,-663,-662,-661,-660,-661,-660,-661,-660,-659,-660,-659,-658,-657,-656,-655,-656,-657,-658,-659,-658,-659,-658,-659,-658,-657,-658,-659,-660,-659,-658,-657,-658,-659,-660,-659,-660,-661,-662,-663,-664,-665,-666,-667,-668,-669,-670,-671,-672,-671,-670,-671,-672,-673,-672,-673,-674,-675,-676,-677,-676,-675,-674,-673,-674,-675,-674,-673,-672,-673,-674,-673,-672,-671,-672,-671,-670,-669,-670,-671,-672,-671,-670,-669,-670,-669,-670,-669,-670,-669,-668,-669,-670,-669,-668,-669,-670,-671,-672,-671,-670,-669,-668,-667,-666,-667,-668,-667,-666,-665,-666,-667,-666,-667,-666,-665,-666,-665,-666,-665,-666,-667,-668,-669,-670,-671,-672,-673,-674,-673,-672,-671,-672,-673,-674,-673,-674,-673,-674,-673,-674,-675,-674,-675,-676,-677,-676,-677,-676,-675,-674,-675,-674,-673,-672,-673,-674,-675,-674,-675,-674,-673,-672,-671,-672,-673,-674,-673,-672,-671,-670,-669,-668,-669,-668,-669,-670,-671,-670,-671,-670,-671,-670,-669,-670,-671,-672,-671,-670,-669,-670,-669,-670,-671,-670,-671,-670,-669,-668,-669,-668,-667,-666,-667,-666,-665,-666,-665,-664,-663,-662,-663,-662,-663,-662,-663,-662,-661,-660,-659,-658,-657,-658,-657,-658,-657,-656,-657,-658,-657,-656,-655,-654,-653,-654,-653,-654,-653,-652,-651,-652,-651,-652,-651,-652,-651,-652,-651,-652,-651,-652,-653,-652,-653,-652,-651,-650,-651,-652,-651,-650,-651,-652,-653,-652,-651,-650,-651,-652,-653,-654,-653,-654,-653,-652,-651,-652,-653,-654,-653,-652,-651,-650,-651,-650,-651,-652,-653,-652,-651,-652,-653,-654,-653,-654,-655,-654,-655,-654,-655,-654,-653,-654,-655,-656,-655,-656,-655,-654,-653,-652,-651,-650,-651,-652,-653,-652,-653,-654,-655,-654,-655,-656,-657,-656,-655,-654,-653,-652,-653,-654,-655,-654,-653,-654,-653,-652,-651,-650,-649,-650,-649,-650,-651,-650,-649,-650,-651,-650,-649,-650,-651,-650,-649,-650,-651,-652,-653,-654,-653,-652,-651,-650,-651,-652,-651,-650,-651,-650,-651,-650,-649,-648,-647,-648,-647,-648,-649,-650,-651,-650,-649,-650,-649,-650,-651,-652,-653,-654,-655,-656,-657,-658,-659,-658,-659,-660,-659,-658,-659,-658,-657,-658,-659,-660,-661,-662,-663,-662,-661,-660,-659,-658,-657,-658,-657,-656,-657,-656,-657,-658,-657,-656,-655,-656,-655,-656,-657,-658,-657,-658,-657,-658,-657,-658,-659,-660,-661,-660,-661,-660,-661,-660,-659,-660,-661,-660,-661,-660,-661,-662,-663,-662,-661,-662,-661,-660,-659,-658,-659,-660,-659,-660,-661,-662,-661,-662,-663,-662,-663,-662,-663,-662,-661,-660,-661,-660,-659,-660,-659,-660,-661,-662,-663,-664,-663,-664,-665,-664,-665,-666,-665,-666,-665,-666,-665,-664,-663,-662,-661,-662,-661,-660,-659,-658,-659,-660,-661,-662,-661,-662,-663,-664,-663,-662,-661,-662,-663,-662,-663,-662,-661,-662,-663,-662,-661,-660,-659,-660,-661,-662,-663,-664,-663,-662,-661,-660,-659,-660,-661,-662,-661,-662,-663,-664,-665,-664,-665,-666,-667,-666,-665,-664,-663,-664,-663,-662,-663,-664,-663,-664,-663,-664,-663,-664,-663,-662,-663,-662,-663,-664,-663,-664,-665,-666,-667,-666,-667,-666,-665,-666,-665,-664,-665,-664,-665,-664,-665,-666,-667,-666,-665,-666,-667,-668,-669,-668,-667,-668,-667,-666,-667,-666,-665,-664,-665,-664,-663,-662,-661,-662,-661,-660,-661,-660,-659,-658,-657,-656,-657,-658,-659,-658,-659,-660,-661,-662,-663,-664,-663,-662,-661,-660,-661,-662,-663,-664,-663,-664,-663,-662,-663,-662,-663,-664,-663,-662,-661,-660,-659,-660,-661,-662,-663,-664,-665,-666,-665,-664,-663,-662,-661,-662,-663,-662,-661,-662,-661,-662,-661,-662,-663,-664,-665,-666,-665,-664,-665,-664,-665,-664,-665,-666,-667,-668,-669,-670,-671,-672,-671,-672,-673,-672,-671,-672,-673,-674,-675,-674,-675,-674,-675,-676,-677,-676,-675,-676,-675,-676,-675,-674,-675,-676,-675,-674,-673,-672,-673,-674,-675,-676,-675,-674,-675,-674,-675,-676,-677,-676,-675,-676,-677,-676,-675,-674,-675,-676,-675,-674,-673,-672,-671,-672,-671,-670,-669,-670,-671,-672,-673,-674,-675,-676,-675,-674,-673,-674,-673,-674,-675,-674,-673,-672,-673,-674,-675,-676,-675,-674,-673,-672,-673,-672,-671,-670,-669,-670,-669,-670,-669,-668,-669,-668,-667,-668,-669,-668,-667,-666,-667,-666,-667,-668,-669,-668,-667,-666,-665,-664,-665,-666,-667,-666,-667,-668,-669,-670,-669,-670,-669,-668,-669,-670,-669,-670,-671,-670,-669,-668,-669,-668,-667,-668,-667,-668,-669,-670,-671,-672,-673,-672,-671,-670,-669,-670,-671,-670,-669,-668,-669,-670,-669,-668,-667,-666,-667,-668,-669,-668,-667,-668,-667,-668,-667,-668,-667,-668,-667,-668,-667,-668,-667,-668,-667,-668,-669,-668,-667,-666,-667,-666,-667,-666,-665,-666,-665,-666,-667,-668,-667,-666,-667,-668,-669,-668,-669,-670,-669,-668,-669,-668,-669,-668,-669,-668,-667,-666,-667,-666,-665,-664,-663,-664,-663,-662,-661,-660,-659,-660,-661,-662,-663,-662,-663,-664,-663,-664,-663,-662,-661,-662,-663,-662,-661,-662,-661,-662,-661,-662,-663,-664,-665,-666,-667,-666,-665,-666,-667,-666,-665,-666,-665,-664,-663,-664,-665,-666,-665,-666,-667,-668,-669,-670,-671,-672,-673,-672,-673,-674,-673,-672,-671,-670,-671,-672,-671,-670,-671,-670,-671,-670,-671,-672,-673,-672,-673,-674,-673,-672,-673,-674,-675,-676,-677,-676,-677,-678,-677,-676,-675,-674,-675,-676,-677,-678,-679,-678,-679,-678,-677,-676,-677,-678,-679,-678,-677,-678,-677,-678,-679,-680,-681,-682,-683,-682,-683,-684,-685,-686,-685,-684,-683,-684,-685,-686,-687,-688,-689,-688,-687,-688,-689,-688,-687,-686,-687,-688,-689,-690,-689,-690,-689,-690,-689,-690,-689,-690,-691,-692,-693,-692,-693,-694,-695,-694,-693,-692,-691,-690,-689,-690,-689,-688,-687,-686,-685,-686,-687,-688,-689,-688,-689,-690,-691,-692,-693,-692,-691,-690,-691,-692,-691,-692,-693,-694,-695,-694,-695,-696,-697,-696,-695,-694,-693,-694,-695,-696,-695,-694,-693,-692,-691,-690,-689,-690,-689,-688,-689,-690,-691,-690,-689,-690,-691,-692,-691,-692,-693,-694,-693,-694,-695,-694,-695,-696,-697,-696,-697,-696,-697,-698,-699,-700,-699,-698,-697,-698,-699,-700,-701,-702,-701,-700,-699,-700,-701,-700,-701,-702,-701,-702,-703,-704,-705,-704,-705,-706,-705,-704,-703,-704,-705,-706,-707,-708,-709,-708,-709,-708,-707,-706,-705,-706,-707,-708,-709,-710,-709,-708,-709,-710,-709,-708,-709,-708,-707,-706,-705,-706,-707,-706,-705,-704,-705,-704,-705,-706,-705,-706,-705,-706,-707,-706,-707,-708,-707,-706,-707,-706,-707,-706,-705,-704,-705,-706,-707,-706,-705,-706,-705,-706,-705,-706,-705,-704,-703,-702,-701,-700,-699,-700,-701,-700,-701,-702,-701,-702,-703,-702,-703,-702,-701,-700,-701,-702,-703,-704,-703,-702,-703,-702,-701,-700,-699,-698,-697,-696,-695,-696,-697,-696,-695,-694,-695,-696,-695,-694,-695,-696,-697,-698,-699,-700,-701,-700,-699,-700,-701,-702,-703,-702,-701,-700,-699,-698,-699,-698,-699,-700,-699,-698,-699,-698,-697,-698,-699,-698,-697,-696,-695,-694,-693,-694,-695,-696,-697,-698,-697,-696,-695,-694,-695,-694,-695,-696,-697,-696,-697,-696,-697,-698,-697,-698,-697,-698,-699,-700,-701,-702,-701,-700,-699,-698,-699,-700,-701,-700,-701,-702,-703,-702,-701,-700,-701,-702,-703,-702,-703,-702,-701,-700,-699,-700,-699,-700,-699,-700,-701,-700,-699,-698,-697,-696,-695,-696,-697,-698,-697,-698,-697,-696,-695,-696,-695,-696,-695,-694,-695,-696,-695,-694,-693,-692,-693,-692,-693,-694,-693,-694,-695,-696,-695,-696,-697,-698,-699,-700,-699,-698,-697,-696,-697,-698,-697,-696,-695,-694,-693,-692,-693,-694,-693,-694,-695,-696,-697,-696,-697,-696,-697,-696,-697,-696,-697,-698,-699,-700,-701,-702,-703,-704,-705,-706,-705,-704,-705,-706,-705,-704,-705,-706,-707,-706,-707,-708,-707,-706,-705,-704,-703,-702,-701,-700,-701,-700,-701,-702,-703,-704,-705,-706,-705,-706,-705,-706,-707,-708,-707,-708,-709,-710,-709,-708,-707,-706,-707,-706,-705,-706,-707,-708,-707,-706,-705,-704,-703,-702,-701,-702,-701,-700,-701,-700,-699,-698,-699,-698,-697,-698,-697,-698,-697,-698,-697,-698,-699,-698,-697,-698,-697,-696,-695,-694,-695,-694,-695,-694,-693,-692,-693,-692,-691,-690,-691,-692,-693,-694,-693,-692,-693,-694,-695,-694,-693,-694,-695,-694,-695,-694,-693,-692,-691,-690,-691,-690,-689,-688,-687,-686,-687,-688,-689,-690,-691,-692,-693,-692,-691,-690,-689,-690,-691,-692,-691,-690,-689,-690,-691,-692,-691,-692,-691,-690,-691,-692,-693,-692,-691,-690,-691,-690,-691,-690,-689,-690,-691,-692,-693,-694,-695,-694,-695,-696,-695,-696,-695,-694,-693,-694,-695,-694,-693,-692,-693,-694,-695,-696,-695,-696,-697,-698,-699,-700,-701,-700,-701,-702,-701,-702,-703,-702,-703,-704,-705,-706,-705,-706,-705,-706,-707,-708,-707,-708,-709,-710,-711,-710,-711,-712,-713,-712,-713,-714,-713,-714,-713,-712,-711,-710,-711,-710,-711,-712,-713,-712,-713,-714,-715,-714,-713,-714,-715,-716,-717,-718,-717,-718,-717,-716,-717,-716,-717,-718,-719,-720,-719,-720,-721,-722,-721,-720,-719,-718,-719,-718,-717,-716,-715,-716,-715,-716,-717,-716,-715,-716,-715,-716,-717,-718,-717,-716,-715,-716,-717,-718,-719,-718,-719,-720,-721,-722,-723,-724,-725,-726,-725,-724,-723,-722,-723,-724,-723,-724,-725,-724,-723,-722,-723,-724,-725,-726,-727,-728,-729,-730,-729,-730,-729,-730,-729,-728,-729,-730,-729,-728,-729,-728,-729,-730,-731,-730,-729,-730,-731,-732,-731,-730,-729,-730,-731,-732,-731,-730,-731,-730,-729,-728,-727,-728,-729,-730,-731,-732,-733,-734,-735,-734,-735,-736,-737,-738,-737,-736,-735,-734,-733,-732,-733,-734,-735,-734,-733,-734,-733,-732,-731,-730,-729,-728,-727,-726,-727,-726,-725,-724,-723,-722,-721,-720,-721,-720,-719,-720,-719,-720,-721,-722,-721,-722,-721,-720,-719,-718,-717,-718,-719,-718,-717,-718,-719,-718,-717,-718,-719,-718,-717,-716,-715,-716,-717,-716,-715,-714,-715,-714,-713,-714,-715,-714,-715,-716,-717,-718,-719,-720,-721,-720,-721,-722,-721,-720,-721,-720,-721,-722,-721,-722,-723,-724,-723,-722,-721,-720,-721,-722,-723,-722,-721,-722,-723,-722,-721,-722,-721,-720,-719,-718,-719,-718,-717,-718,-719,-720,-721,-722,-723,-724,-723,-722,-721,-722,-723,-722,-723,-724,-723,-724,-725,-726,-725,-724,-723,-724,-725,-726,-725,-724,-723,-724,-725,-724,-723,-722,-721,-720,-721,-720,-721,-722,-721,-720,-721,-722,-721,-722,-721,-722,-723,-724,-725,-726,-727,-728,-729,-730,-731,-732,-731,-732,-733,-732,-733,-732,-733,-732,-731,-732,-733,-732,-733,-734,-735,-736,-735,-736,-735,-736,-737,-738,-739,-740,-741,-742,-743,-744,-743,-742,-743,-744,-743,-744,-743,-744,-743,-744,-745,-746,-747,-748,-749,-748,-749,-750,-751,-750,-751,-752,-751,-752,-753,-754,-755,-754,-753,-752,-753,-754,-753,-752,-751,-750,-749,-748,-749,-748,-749,-748,-749,-750,-749,-750,-751,-750,-751,-752,-751,-750,-749,-748,-747,-746,-745,-744,-743,-742,-741,-742,-743,-744,-743,-744,-745,-746,-747,-746,-747,-748,-749,-748,-749,-750,-751,-752,-751,-752,-753,-754,-755,-756,-755,-756,-755,-754,-755,-756,-755,-756,-755,-756,-755,-756,-757,-758,-759,-760,-759,-758,-759,-760,-759,-760,-761,-760,-761,-760,-759,-760,-759,-760,-759,-760,-759,-760,-761,-760,-761,-760,-759,-760,-761,-760,-761,-762,-761,-760,-759,-758,-759,-760,-761,-762,-763,-764,-763,-764,-765,-766,-765,-766,-767,-768,-767,-768,-767,-768,-769,-768,-769,-770,-769,-768,-767,-766,-767,-768,-767,-766,-767,-766,-765,-766,-767,-768,-767,-768,-769,-770,-771,-772,-773,-774,-773,-772,-771,-770,-769,-768,-769,-770,-769,-770,-771,-770,-769,-770,-771,-772,-773,-772,-773,-774,-773,-772,-771,-772,-771,-772,-771,-770,-771,-770,-771,-772,-771,-772,-773,-772,-771,-770,-769,-768,-769,-770,-771,-772,-771,-770,-771,-772,-771,-770,-769,-770,-771,-772,-771,-770,-771,-770,-769,-770,-771,-772,-771,-772,-773,-772,-771,-770,-769,-768,-769,-770,-771,-772,-771,-772,-771,-772,-771,-772,-773,-774,-775,-776,-775,-776,-775,-776,-777,-778,-777,-776,-775,-776,-777,-776,-777,-776,-775,-776,-777,-778,-777,-776,-777,-776,-775,-774,-773,-772,-773,-774,-775,-776,-777,-778,-779,-778,-779,-778,-777,-778,-779,-780,-781,-780,-779,-778,-777,-776,-777,-776,-775,-774,-773,-774,-775,-774,-773,-772,-771,-772,-773,-774,-775,-776,-775,-776,-777,-778,-779,-780,-781,-782,-783,-784,-783,-784,-785,-784,-783,-782,-781,-782,-781,-782,-781,-780,-781,-780,-781,-782,-783,-782,-783,-784,-785,-786,-787,-786,-785,-784,-783,-782,-783,-784,-785,-784,-783,-782,-781,-780,-781,-780,-781,-780,-779,-778,-777,-778,-777,-778,-779,-778,-777,-776,-777,-778,-779,-778,-779,-780,-779,-780,-781,-780,-779,-780,-781,-780,-779,-780,-779,-778,-779,-780,-781,-780,-781,-780,-781,-780,-779,-780,-779,-780,-781,-782,-783,-784,-785,-786,-785,-784,-783,-782,-781,-780,-779,-780,-779,-778,-779,-778,-777,-776,-775,-774,-775,-774,-773,-772,-773,-774,-775,-776,-775,-776,-777,-776,-775,-776,-775,-774,-775,-774,-775,-774,-773,-774,-773,-772,-771,-772,-773,-772,-773,-772,-773,-774,-775,-774,-775,-774,-773,-774,-775,-776,-777,-778,-777,-776,-777,-778,-777,-776,-775,-774,-773,-774,-773,-774,-775,-776,-775,-774,-773,-772,-771,-772,-773,-774,-775,-774,-773,-772,-773,-774,-775,-776,-777,-778,-777,-776,-775,-776,-775,-776,-777,-776,-777,-778,-779,-780,-781,-780,-781,-782,-781,-782,-781,-782,-783,-784,-783,-784,-783,-782,-781,-782,-781,-782,-783,-784,-785,-784,-785,-786,-787,-788,-789,-790,-791,-792,-793,-794,-795,-796,-795,-796,-797,-796,-797,-796,-797,-798,-797,-798,-799,-800,-801,-800,-801,-802,-801,-802,-801,-800,-801,-800,-801,-800,-801,-800,-801,-800,-799,-798,-797,-798,-797,-796,-795,-794,-793,-792,-793,-794,-795,-794,-795,-794,-795,-796,-797,-796,-795,-796,-797,-798,-799,-800,-801,-802,-801,-802,-803,-802,-803,-804,-803,-802,-801,-800,-801,-800,-801,-802,-803,-804,-805,-806,-807,-806,-807,-808,-809,-808,-807,-806,-805,-804,-805,-806,-807,-808,-809,-808,-807,-806,-807,-808,-809,-808,-807,-806,-807,-808,-809,-808,-809,-810,-809,-810,-811,-810,-811,-812,-813,-814,-815,-816,-815,-816,-817,-818,-819,-820,-821,-822,-823,-822,-823,-824,-825,-826,-825,-824,-823,-824,-825,-826,-825,-824,-823,-824,-825,-826,-825,-826,-827,-828,-829,-828,-827,-826,-827,-828,-829,-830,-831,-832,-833,-834,-833,-832,-831,-830,-829,-828,-829,-828,-829,-830,-831,-830,-829,-828,-827,-826,-827,-828,-829,-830,-831,-832,-831,-830,-829,-830,-831,-832,-833,-832,-831,-830,-831,-832,-833,-832,-833,-834,-835,-836,-837,-838,-837,-836,-835,-834,-833,-832,-831,-830,-831,-830,-831,-832,-833,-832,-831,-830,-831,-830,-829,-828,-827,-828,-827,-826,-825,-824,-823,-822,-821,-820,-821,-822,-821,-822,-823,-822,-821,-822,-821,-820,-821,-820,-819,-820,-821,-820,-819,-818,-819,-820,-819,-820,-819,-820,-821,-822,-821,-822,-823,-824,-825,-826,-827,-828,-829,-830,-829,-830,-829,-830,-831,-832,-831,-830,-829,-830,-829,-828,-827,-828,-827,-826,-827,-826,-825,-824,-825,-826,-827,-826,-825,-824,-823,-822,-821,-820,-821,-822,-823,-822,-823,-822,-823,-822,-823,-822,-821,-822,-821,-820,-821,-822,-823,-824,-823,-822,-821,-820,-819,-820,-821,-822,-823,-822,-821,-822,-821,-822,-821,-820,-821,-822,-821,-822,-823,-822,-823,-822,-823,-824,-825,-826,-827,-826,-827,-828,-827,-828,-827,-826,-827,-826,-827,-826,-827,-828,-829,-830,-831,-832,-833,-834,-833,-834,-835,-836,-835,-836,-837,-838,-837,-838,-839,-840,-839,-840,-841,-842,-841,-840,-841,-840,-839,-838,-839,-840,-839,-840,-839,-840,-839,-838,-837,-836,-837,-838,-839,-838,-839,-840,-841,-842,-843,-844,-845,-846,-845,-844,-843,-842,-841,-842,-841,-840,-841,-840,-841,-842,-841,-840,-841,-842,-841,-840,-839,-840,-841,-842,-841,-842,-843,-842,-843,-842,-843,-842,-843,-844,-845,-846,-847,-848,-849,-850,-851,-852,-851,-850,-849,-848,-847,-848,-849,-850,-849,-850,-849,-848,-847,-846,-845,-846,-847,-848,-849,-850,-851,-850,-851,-852,-853,-854,-855,-854,-855,-854,-855,-854,-855,-854,-855,-856,-855,-854,-853,-854,-853,-852,-853,-852,-851,-852,-851,-852,-853,-852,-853,-852,-851,-852,-853,-852,-851,-852,-853,-854,-853,-854,-853,-854,-855,-854,-853,-854,-855,-856,-857,-856,-855,-856,-855,-854,-855,-856,-855,-854,-853,-854,-853,-854,-853,-854,-853,-854,-855,-856,-855,-854,-853,-854,-855,-854,-853,-854,-855,-856,-857,-858,-859,-860,-861,-862,-863,-864,-863,-864,-863,-862,-861,-860,-861,-862,-861,-860,-861,-862,-861,-860,-859,-860,-859,-858,-857,-856,-857,-858,-859,-858,-859,-860,-859,-860,-861,-862,-861,-860,-861,-860,-861,-860,-861,-862,-863,-864,-865,-864,-863,-862,-861,-860,-861,-862,-861,-860,-861,-860,-859,-858,-859,-860,-859,-860,-861,-860,-861,-862,-863,-864,-865,-866,-867,-868,-867,-866,-865,-864,-863,-864,-863,-862,-861,-862,-861,-862,-861,-862,-863,-864,-863,-864,-863,-864,-865,-866,-865,-866,-865,-864,-863,-864,-863,-862,-861,-862,-861,-860,-861,-862,-861,-862,-861,-862,-863,-864,-865,-864,-865,-864,-865,-866,-865,-866,-865,-866,-865,-864,-865,-866,-865,-864,-865,-866,-865,-864,-865,-864,-863,-862,-863,-862,-861,-862,-861,-860,-859,-860,-861,-860,-861,-860,-861,-862,-863,-862,-861,-860,-859,-858,-857,-858,-859,-860,-859,-858,-859,-860,-859,-858,-857,-856,-855,-856,-855,-856,-855,-856,-857,-856,-855,-854,-855,-854,-855,-854,-853,-852,-851,-852,-851,-852,-853,-854,-853,-852,-851,-852,-851,-850,-849,-848,-849,-848,-847,-848,-847,-846,-847,-848,-849,-850,-849,-850,-851,-852,-851,-850,-851,-852,-853,-854,-855,-856,-857,-856,-857,-858,-859,-860,-859,-860,-861,-862,-863,-862,-861,-862,-863,-864,-865,-866,-865,-866,-867,-866,-867,-868,-867,-866,-865,-866,-865,-866,-867,-866,-867,-868,-867,-866,-865,-866,-867,-868,-869,-868,-867,-866,-865,-864,-865,-866,-867,-868,-869,-868,-869,-870,-871,-872,-873,-872,-871,-872,-871,-872,-871,-870,-869,-868,-867,-866,-867,-866,-865,-864,-865,-864,-865,-866,-867,-868,-869,-870,-871,-872,-873,-874,-875,-876,-877,-878,-877,-878,-879,-878,-879,-878,-879,-878,-877,-878,-879,-880,-879,-880,-879,-880,-879,-880,-881,-882,-881,-882,-883,-882,-883,-884,-883,-882,-883,-882,-881,-882,-883,-884,-883,-882,-883,-884,-885,-884,-883,-882,-883,-884,-885,-886,-887,-886,-885,-884,-885,-884,-885,-884,-885,-884,-883,-882,-883,-884,-885,-884,-885,-884,-883,-882,-881,-882,-881,-880,-879,-880,-881,-882,-881,-880,-879,-880,-881,-882,-881,-880,-879,-880,-881,-882,-883,-882,-881,-880,-881,-880,-881,-882,-883,-882,-881,-882,-883,-884,-885,-886,-885,-886,-887,-886,-885,-884,-885,-886,-887,-888,-887,-888,-887,-886,-885,-884,-885,-886,-885,-884,-885,-886,-885,-886,-885,-884,-885,-886,-885,-886,-887,-888,-889,-888,-887,-886,-885,-884,-885,-886,-887,-886,-885,-884,-885,-884,-885,-884,-883,-882,-883,-884,-885,-886,-885,-886,-887,-888,-889,-890,-891,-892,-893,-892,-893,-892,-893,-894,-895,-896,-895,-896,-897,-898,-899,-900,-899,-898,-899,-900,-901,-902,-903,-904,-903,-902,-903,-902,-901,-902,-903,-902,-903,-904,-905,-906,-907,-908,-909,-908,-909,-910,-911,-912,-913,-914,-915,-916,-915,-916,-915,-914,-913,-914,-913,-912,-913,-912,-911,-910,-909,-908,-907,-906,-905,-906,-905,-906,-907,-908,-907,-906,-905,-904,-905,-904,-905,-904,-903,-904,-903,-904,-903,-904,-905,-904,-905,-904,-903,-902,-901,-900,-899,-900,-901,-902,-901,-902,-903,-902,-901,-902,-903,-904,-905,-906,-907,-908,-907,-906,-905,-904,-903,-904,-903,-904,-905,-904,-903,-904,-903,-902,-903,-902,-903,-904,-905,-906,-907,-908,-909,-910,-909,-908,-907,-908,-907,-908,-907,-908,-907,-906,-905,-906,-905,-904,-903,-902,-903,-902,-903,-904,-905,-906,-907,-908,-907,-906,-905,-906,-905,-906,-905,-906,-907,-908,-909,-910,-909,-910,-911,-910,-911,-910,-911,-910,-911,-910,-911,-910,-909,-908,-907,-906,-905,-904,-903,-904,-905,-904,-903,-902,-901,-900,-901,-900,-899,-898,-899,-898,-899,-898,-897,-898,-897,-898,-897,-896,-895,-894,-893,-894,-895,-894,-893,-892,-891,-890,-891,-890,-891,-892,-891,-892,-891,-890,-889,-890,-889,-890,-891,-890,-891,-890,-889,-890,-891,-892,-893,-894,-893,-894,-893,-892,-891,-890,-891,-892,-891,-892,-893,-894,-895,-896,-897,-896,-897,-898,-897,-898,-897,-896,-897,-896,-897,-896,-897,-896,-895,-894,-893,-892,-893,-892,-893,-892,-891,-892,-893,-894,-895,-896,-897,-898,-899,-898,-897,-898,-897,-898,-899,-898,-899,-900,-899,-898,-899,-900,-899,-900,-899,-898,-897,-896,-895,-896,-897,-898,-899,-900,-901,-902,-903,-904,-905,-906,-907,-908,-909,-910,-911,-910,-909,-910,-909,-908,-907,-906,-905,-906,-905,-904,-903,-902,-901,-902,-903,-904,-905,-904,-905,-904,-903,-904,-905,-906,-905,-906,-907,-906,-905,-904,-905,-906,-907,-908,-909,-908,-907,-908,-909,-910,-911,-912,-913,-914,-915,-916,-917,-916,-915,-914,-913,-914,-915,-914,-913,-912,-913,-914,-915,-914,-915,-916,-917,-918,-919,-918,-917,-918,-919,-918,-917,-916,-915,-914,-913,-914,-913,-914,-915,-916,-915,-916,-917,-916,-915,-916,-917,-916,-917,-916,-917,-916,-915,-914,-915,-914,-915,-916,-917,-918,-919,-920,-919,-920,-919,-918,-917,-918,-919,-920,-921,-920,-919,-920,-921,-922,-921,-922,-923,-922,-921,-920,-921,-922,-923,-922,-923,-924,-925,-926,-927,-926,-927,-928,-927,-926,-927,-926,-927,-928,-927,-926,-925,-926,-927,-926,-925,-924,-925,-924,-925,-926,-925,-924,-923,-922,-923,-924,-923,-922,-923,-924,-923,-924,-925,-926,-927,-926,-927,-928,-927,-928,-929,-930,-929,-928,-927,-928,-929,-928,-927,-926,-925,-924,-925,-926,-925,-924,-923,-922,-923,-924,-923,-922,-921,-922,-921,-922,-923,-924,-923,-924,-925,-924,-925,-924,-923,-922,-923,-922,-923,-924,-923,-922,-923,-922,-923,-924,-923,-922,-921,-920,-921,-922,-923,-924,-925,-924,-925,-924,-925,-926,-927,-926,-927,-928,-927,-928,-927,-926,-925,-926,-927,-926,-927,-926,-925,-926,-925,-926,-925,-926,-927,-928,-929,-928,-929,-928,-929,-928,-927,-926,-925,-924,-925,-926,-925,-924,-923,-924,-925,-926,-925,-926,-927,-926,-925,-926,-927,-926,-927,-928,-929,-930,-931,-930,-929,-930,-931,-932,-931,-930,-931,-930,-931,-932,-933,-932,-931,-930,-931,-932,-931,-932,-933,-932,-933,-934,-935,-934,-935,-934,-935,-936,-937,-938,-939,-940,-939,-938,-937,-938,-939,-938,-937,-936,-935,-934,-935,-936,-935,-936,-937,-938,-939,-938,-939,-938,-937,-938,-937,-936,-935,-934,-933,-932,-931,-932,-931,-930,-931,-932,-933,-932,-933,-932,-931,-930,-929,-928,-927,-926,-927,-926,-927,-928,-929,-930,-929,-930,-931,-932,-933,-934,-935,-936,-937,-936,-935,-936,-937,-938,-939,-940,-939,-938,-937,-936,-937,-936,-937,-936,-935,-934,-933,-934,-935,-936,-937,-938,-937,-938,-937,-938,-939,-940,-941,-942,-941,-942,-941,-940,-939,-940,-941,-942,-941,-942,-943,-942,-943,-942,-943,-944,-945,-946,-947,-948,-947,-948,-947,-948,-947,-946,-945,-944,-943,-942,-943,-944,-945,-944,-945,-946,-947,-946,-947,-948,-949,-950,-951,-952,-953,-952,-951,-950,-949,-948,-949,-950,-951,-950,-951,-952,-953,-954,-955,-956,-957,-958,-957,-958,-959,-960,-959,-958,-957,-956,-957,-956,-957,-958,-957,-956,-957,-958,-957,-956,-957,-958,-959,-958,-959,-960,-959,-958,-959,-960,-961,-962,-961,-962,-963,-964,-963,-964,-965,-966,-967,-966,-965,-966,-967,-968,-969,-968,-969,-970,-971,-970,-969,-970,-971,-972,-973,-974,-975,-974,-973,-972,-973,-972,-971,-970,-971,-972,-971,-970,-969,-968,-969,-968,-967,-968,-969,-970,-969,-970,-971,-972,-973,-974,-975,-976,-975,-976,-977,-976,-977,-978,-977,-976,-975,-976,-977,-978,-977,-978,-979,-978,-979,-980,-979,-980,-981,-980,-979,-978,-977,-976,-975,-974,-975,-976,-975,-976,-975,-974,-973,-974,-973,-972,-973,-972,-973,-974,-973,-974,-975,-976,-977,-976,-975,-976,-977,-976,-977,-976,-977,-976,-977,-978,-979,-980,-981,-982,-983,-984,-985,-986,-987,-988,-989,-990,-989,-990,-991,-990,-991,-990,-989,-988,-987,-988,-987,-988,-987,-988,-987,-988,-987,-986,-987,-986,-987,-988,-989,-988,-989,-990,-989,-988,-987,-986,-985,-984,-983,-982,-981,-980,-979,-980,-979,-978,-979,-980,-981,-980,-981,-982,-981,-980,-979,-978,-977,-978,-977,-976,-977,-976,-975,-976,-975,-974,-975,-974,-973,-972,-973,-974,-975,-976,-977,-978,-977,-978,-979,-978,-979,-980,-979,-978,-977,-976,-977,-978,-977,-976,-975,-976,-975,-974,-975,-974,-973,-972,-973,-972,-971,-972,-973,-974,-973,-972,-971,-972,-973,-974,-975,-974,-975,-976,-977,-978,-979,-980,-981,-982,-983,-982,-981,-980,-979,-980,-979,-980,-979,-980,-981,-982,-983,-982,-983,-984,-985,-986,-987,-986,-985,-986,-987,-988,-989,-990,-991,-992,-991,-992,-991,-992,-991,-992,-993,-994,-995,-996,-997,-998,-999,-1000,-1001,-1002,-1003,-1004,-1005,-1006,-1007,-1008,-1009,-1010,-1009,-1010,-1011,-1012,-1013,-1014,-1015,-1016,-1015,-1016,-1017,-1018,-1019,-1020,-1019,-1018,-1019,-1020,-1019,-1020,-1021,-1020,-1021,-1022,-1021,-1022,-1023,-1022,-1023,-1024,-1023,-1022,-1021,-1020,-1021,-1020,-1019,-1020,-1021,-1020,-1019,-1020,-1021,-1020,-1021,-1020,-1019,-1018,-1017,-1018,-1017,-1016,-1017,-1018,-1017,-1016,-1017,-1018,-1019,-1020,-1019,-1020,-1021,-1020,-1021,-1020,-1021,-1022,-1023,-1022,-1021,-1020,-1019,-1020,-1019,-1020,-1019,-1018,-1017,-1018,-1017,-1018,-1019,-1020,-1021,-1022,-1023,-1024,-1025,-1026,-1027,-1026,-1027,-1028,-1029,-1030,-1029,-1028,-1029,-1030,-1031,-1032,-1031,-1032,-1033,-1034,-1033,-1032,-1033,-1034,-1033,-1034,-1035,-1036,-1037,-1038,-1039,-1038,-1039,-1038,-1037,-1038,-1039,-1040,-1041,-1042,-1043,-1042,-1041,-1042,-1041,-1042,-1043,-1042,-1043,-1044,-1045,-1046,-1045,-1044,-1043,-1042,-1043,-1042,-1043,-1044,-1045,-1044,-1043,-1044,-1043,-1042,-1043,-1042,-1041,-1040,-1039,-1038,-1039,-1040,-1039,-1040,-1041,-1042,-1043,-1044,-1045,-1046,-1045,-1046,-1047,-1046,-1047,-1048,-1049,-1048,-1047,-1048,-1049,-1050,-1051,-1050,-1051,-1052,-1051,-1052,-1053,-1054,-1055,-1054,-1053,-1054,-1055,-1056,-1055,-1056,-1055,-1056,-1057,-1056,-1057,-1058,-1059,-1060,-1059,-1060,-1061,-1060,-1059,-1058,-1059,-1058,-1057,-1058,-1057,-1058,-1059,-1060,-1061,-1062,-1063,-1064,-1063,-1064,-1065,-1066,-1067,-1068,-1069,-1068,-1069,-1070,-1069,-1070,-1071,-1072,-1073,-1072,-1071,-1070,-1069,-1068,-1069,-1068,-1067,-1066,-1065,-1064,-1063,-1064,-1065,-1064,-1063,-1062,-1061,-1062,-1063,-1064,-1063,-1064,-1065,-1064,-1063,-1064,-1065,-1064,-1063,-1062,-1063,-1064,-1063,-1064,-1065,-1066,-1065,-1064,-1065,-1064,-1065,-1064,-1065,-1066,-1065,-1066,-1067,-1068,-1067,-1068,-1067,-1068,-1067,-1068,-1069,-1070,-1071,-1070,-1071,-1072,-1073,-1074,-1075,-1076,-1077,-1076,-1075,-1076,-1077,-1076,-1077,-1078,-1077,-1078,-1079,-1080,-1079,-1080,-1081,-1082,-1081,-1082,-1083,-1084,-1083,-1084,-1083,-1082,-1081,-1082,-1083,-1084,-1085,-1086,-1087,-1086,-1085,-1084,-1083,-1082,-1083,-1084,-1085,-1086,-1087,-1088,-1089,-1088,-1087,-1086,-1087,-1086,-1085,-1086,-1085,-1086,-1087,-1088,-1089,-1088,-1087,-1088,-1087,-1088,-1087,-1088,-1089,-1090,-1089,-1088,-1087,-1086,-1087,-1088,-1089,-1090,-1091,-1090,-1091,-1090,-1089,-1088,-1089,-1088,-1089,-1090,-1089,-1090,-1091,-1092,-1091,-1092,-1093,-1092,-1091,-1090,-1091,-1090,-1091,-1090,-1089,-1088,-1089,-1090,-1089,-1088,-1087,-1088,-1087,-1088,-1087,-1086,-1087,-1086,-1085,-1084,-1083,-1082,-1081,-1082,-1083,-1084,-1085,-1084,-1083,-1084,-1083,-1084,-1085,-1084,-1083,-1082,-1083,-1082,-1081,-1080,-1081,-1080,-1079,-1080,-1079,-1080,-1081,-1080,-1081,-1080,-1079,-1080,-1081,-1082,-1081,-1082,-1083,-1084,-1083,-1084,-1085,-1084,-1085,-1084,-1085,-1084,-1085,-1086,-1087,-1088,-1089,-1088,-1089,-1088,-1087,-1088,-1089,-1090,-1091,-1092,-1093,-1092,-1093,-1094,-1095,-1096,-1095,-1096,-1097,-1096,-1095,-1096,-1095,-1094,-1093,-1092,-1091,-1092,-1093,-1094,-1095,-1094,-1093,-1092,-1093,-1094,-1093,-1092,-1093,-1094,-1093,-1094,-1093,-1094,-1093,-1094,-1095,-1096,-1095,-1094,-1093,-1094,-1095,-1094,-1093,-1094,-1095,-1096,-1097,-1098,-1099,-1098,-1099,-1100,-1101,-1102,-1103,-1104,-1103,-1104,-1105,-1104,-1105,-1106,-1105,-1106,-1105,-1104,-1103,-1104,-1105,-1106,-1107,-1108,-1109,-1108,-1107,-1106,-1107,-1108,-1109,-1108,-1109,-1110,-1111,-1112,-1113,-1114,-1113,-1114,-1115,-1114,-1113,-1114,-1115,-1116,-1117,-1116,-1117,-1118,-1119,-1120,-1119,-1118,-1119,-1118,-1117,-1116,-1117,-1116,-1115,-1114,-1113,-1114,-1113,-1112,-1113,-1112,-1113,-1114,-1113,-1114,-1115,-1116,-1117,-1118,-1119,-1120,-1121,-1120,-1121,-1120,-1119,-1118,-1117,-1116,-1115,-1116,-1117,-1118,-1119,-1118,-1117,-1116,-1115,-1114,-1115,-1114,-1115,-1116,-1117,-1118,-1117,-1116,-1115,-1116,-1117,-1118,-1117,-1118,-1119,-1120,-1119,-1118,-1119,-1118,-1119,-1120,-1119,-1120,-1121,-1122,-1121,-1120,-1119,-1120,-1121,-1120,-1121,-1122,-1123,-1122,-1123,-1124,-1125,-1126,-1125,-1126,-1125,-1124,-1125,-1124,-1125,-1126,-1127,-1126,-1127,-1128,-1129,-1130,-1131,-1130,-1131,-1130,-1131,-1130,-1129,-1128,-1127,-1126,-1125,-1124,-1125,-1126,-1125,-1124,-1125,-1124,-1123,-1124,-1123,-1124,-1123,-1122,-1123,-1122,-1121,-1122,-1121,-1120,-1121,-1122,-1123,-1122,-1123,-1122,-1123,-1122,-1123,-1124,-1125,-1126,-1127,-1126,-1127,-1126,-1125,-1124,-1125,-1126,-1127,-1126,-1127,-1128,-1129,-1128,-1129,-1130,-1129,-1128,-1129,-1128,-1127,-1126,-1127,-1126,-1127,-1126,-1125,-1124,-1123,-1124,-1125,-1124,-1125,-1126,-1127,-1126,-1125,-1126,-1127,-1128,-1127,-1128,-1129,-1128,-1127,-1126,-1127,-1128,-1129,-1130,-1129,-1130,-1131,-1132,-1133,-1132,-1133,-1134,-1135,-1136,-1137,-1138,-1137,-1138,-1137,-1136,-1137,-1138,-1139,-1140,-1141,-1142,-1141,-1142,-1141,-1142,-1141,-1142,-1143,-1144,-1143,-1142,-1141,-1142,-1141,-1140,-1139,-1138,-1137,-1136,-1135,-1134,-1133,-1132,-1133,-1132,-1131,-1130,-1131,-1130,-1129,-1130,-1131,-1130,-1129,-1128,-1129,-1128,-1129,-1130,-1131,-1132,-1131,-1132,-1131,-1130,-1131,-1132,-1133,-1134,-1133,-1132,-1131,-1130,-1131,-1132,-1133,-1132,-1133,-1132,-1131,-1132,-1133,-1134,-1135,-1136,-1137,-1138,-1139,-1138,-1139,-1140,-1139,-1138,-1137,-1136,-1137,-1136,-1135,-1134,-1133,-1132,-1131,-1130,-1131,-1132,-1133,-1132,-1133,-1134,-1133,-1132,-1131,-1132,-1131,-1130,-1129,-1128,-1129,-1128,-1127,-1126,-1125,-1124,-1123,-1124,-1123,-1122,-1121,-1122,-1121,-1120,-1119,-1120,-1119,-1120,-1121,-1122,-1121,-1122,-1121,-1122,-1123,-1124,-1125,-1124,-1125,-1124,-1123,-1122,-1121,-1122,-1121,-1122,-1121,-1120,-1119,-1118,-1117,-1118,-1117,-1116,-1117,-1118,-1117,-1116,-1115,-1114,-1113,-1112,-1111,-1110,-1109,-1108,-1109,-1110,-1111,-1110,-1109,-1108,-1109,-1110,-1109,-1108,-1109,-1110,-1109,-1110,-1111,-1112,-1113,-1114,-1115,-1116,-1117,-1118,-1119,-1118,-1119,-1120,-1119,-1120,-1119,-1118,-1119,-1120,-1119,-1120,-1121,-1120,-1121,-1122,-1121,-1122,-1123,-1122,-1123,-1124,-1123,-1124,-1125,-1126,-1127,-1128,-1129,-1130,-1129,-1128,-1127,-1126,-1125,-1124,-1123,-1122,-1121,-1122,-1121,-1120,-1119,-1120,-1121,-1122,-1121,-1122,-1123,-1122,-1123,-1124,-1123,-1124,-1125,-1124,-1125,-1126,-1125,-1126,-1125,-1124,-1125,-1124,-1123,-1122,-1123,-1122,-1121,-1122,-1123,-1124,-1125,-1126,-1127,-1128,-1127,-1126,-1127,-1126,-1127,-1126,-1127,-1128,-1129,-1130,-1129,-1130,-1131,-1132,-1133,-1134,-1135,-1136,-1137,-1138,-1139,-1140,-1141,-1142,-1143,-1144,-1145,-1144,-1145,-1146,-1147,-1148,-1149,-1148,-1149,-1148,-1149,-1150,-1151,-1150,-1151,-1150,-1149,-1150,-1151,-1152,-1151,-1150,-1149,-1150,-1151,-1152,-1151,-1150,-1149,-1150,-1151,-1150,-1149,-1150,-1149,-1148,-1147,-1148,-1149,-1150,-1149,-1150,-1151,-1150,-1151,-1152,-1153,-1154,-1155,-1154,-1153,-1152,-1153,-1154,-1155,-1154,-1155,-1156,-1155,-1154,-1155,-1154,-1153,-1152,-1153,-1152,-1151,-1152,-1153,-1154,-1155,-1156,-1157,-1158,-1159,-1160,-1159,-1160,-1161,-1160,-1161,-1162,-1161,-1160,-1161,-1162,-1161,-1162,-1161,-1160,-1161,-1162,-1163,-1164,-1165,-1166,-1167,-1166,-1167,-1168,-1169,-1170,-1171,-1170,-1169,-1168,-1167,-1168,-1169,-1170,-1169,-1170,-1171,-1172,-1173,-1174,-1175,-1176,-1175,-1174,-1173,-1174,-1173,-1172,-1173,-1174,-1173,-1172,-1173,-1174,-1175,-1176,-1177,-1178,-1179,-1180,-1181,-1182,-1181,-1180,-1179,-1178,-1177,-1176,-1175,-1174,-1175,-1174,-1173,-1174,-1175,-1176,-1177,-1176,-1175,-1176,-1175,-1176,-1177,-1176,-1175,-1176,-1177,-1176,-1175,-1174,-1173,-1172,-1173,-1172,-1173,-1174,-1175,-1174,-1173,-1172,-1171,-1170,-1169,-1168,-1167,-1166,-1165,-1166,-1165,-1164,-1163,-1164,-1163,-1162,-1161,-1162,-1161,-1160,-1161,-1162,-1163,-1164,-1163,-1164,-1163,-1162,-1161,-1160,-1161,-1162,-1163,-1162,-1161,-1160,-1159,-1160,-1161,-1162,-1161,-1160,-1161,-1162,-1163,-1162,-1163,-1162,-1161,-1160,-1159,-1158,-1159,-1160,-1161,-1160,-1159,-1160,-1161,-1160,-1159,-1158,-1159,-1158,-1159,-1160,-1159,-1158,-1159,-1158,-1159,-1158,-1157,-1158,-1157,-1156,-1157,-1156,-1157,-1158,-1157,-1156,-1155,-1156,-1155,-1154,-1155,-1156,-1157,-1156,-1155,-1154,-1153,-1152,-1151,-1150,-1149,-1148,-1149,-1150,-1151,-1152,-1151,-1150,-1151,-1150,-1149,-1148,-1147,-1148,-1147,-1148,-1147,-1146,-1147,-1146,-1145,-1146,-1147,-1146,-1147,-1146,-1145,-1144,-1143,-1142,-1141,-1142,-1143,-1142,-1141,-1142,-1143,-1142,-1143,-1142,-1141,-1140,-1139,-1138,-1139,-1138,-1137,-1138,-1137,-1138,-1137,-1136,-1137,-1136,-1135,-1136,-1137,-1138,-1137,-1138,-1139,-1140,-1141,-1140,-1141,-1140,-1139,-1140,-1141,-1142,-1141,-1140,-1141,-1142,-1141,-1140,-1139,-1138,-1139,-1140,-1139,-1138,-1139,-1138,-1139,-1140,-1141,-1140,-1141,-1142,-1143,-1142,-1143,-1144,-1145,-1146,-1145,-1146,-1145,-1146,-1147,-1146,-1147,-1146,-1145,-1146,-1145,-1146,-1147,-1148,-1149,-1148,-1147,-1148,-1147,-1146,-1145,-1146,-1145,-1144,-1143,-1142,-1141,-1142,-1143,-1142,-1143,-1142,-1141,-1142,-1143,-1142,-1141,-1142,-1143,-1144,-1145,-1146,-1147,-1148,-1149,-1148,-1147,-1146,-1147,-1146,-1145,-1146,-1147,-1148,-1147,-1146,-1145,-1144,-1143,-1144,-1145,-1146,-1145,-1146,-1147,-1148,-1147,-1146,-1145,-1146,-1145,-1146,-1147,-1146,-1147,-1146,-1145,-1146,-1145,-1146,-1147,-1148,-1149,-1148,-1149,-1150,-1151,-1150,-1151,-1152,-1153,-1154,-1153,-1154,-1155,-1154,-1155,-1154,-1155,-1156,-1157,-1158,-1157,-1158,-1159,-1160,-1159,-1160,-1159,-1158,-1157,-1158,-1157,-1156,-1157,-1158,-1159,-1160,-1161,-1160,-1161,-1160,-1161,-1162,-1163,-1164,-1163,-1162,-1161,-1160,-1161,-1162,-1163,-1164,-1165,-1166,-1165,-1166,-1167,-1168,-1169,-1170,-1169,-1170,-1169,-1168,-1167,-1166,-1165,-1166,-1165,-1166,-1167,-1168,-1167,-1168,-1167,-1166,-1165,-1164,-1163,-1162,-1161,-1162,-1161,-1162,-1161,-1160,-1159,-1158,-1159,-1158,-1157,-1156,-1155,-1154,-1153,-1152,-1151,-1150,-1149,-1150,-1151,-1150,-1149,-1150,-1149,-1148,-1149,-1150,-1151,-1150,-1151,-1150,-1151,-1150,-1149,-1148,-1147,-1148,-1147,-1148,-1147,-1146,-1145,-1144,-1143,-1144,-1145,-1144,-1145,-1144,-1143,-1144,-1143,-1142,-1141,-1142,-1141,-1142,-1141,-1142,-1141,-1142,-1141,-1142,-1141,-1142,-1141,-1140,-1139,-1138,-1139,-1140,-1141,-1140,-1139,-1138,-1139,-1140,-1141,-1140,-1139,-1138,-1139,-1140,-1141,-1140,-1139,-1138,-1137,-1136,-1135,-1136,-1137,-1136,-1135,-1136,-1135,-1136,-1135,-1136,-1137,-1136,-1135,-1134,-1133,-1134,-1133,-1132,-1131,-1130,-1131,-1132,-1133,-1132,-1131,-1130,-1131,-1132,-1131,-1132,-1133,-1132,-1131,-1130,-1129,-1130,-1129,-1130,-1131,-1130,-1129,-1128,-1129,-1128,-1127,-1126,-1127,-1126,-1127,-1126,-1127,-1126,-1125,-1124,-1123,-1122,-1123,-1122,-1121,-1120,-1119,-1120,-1119,-1120,-1119,-1118,-1117,-1118,-1117,-1116,-1117,-1118,-1117,-1116,-1115,-1114,-1113,-1114,-1113,-1114,-1115,-1116,-1115,-1114,-1113,-1112,-1111,-1110,-1111,-1110,-1111,-1112,-1113,-1112,-1111,-1112,-1111,-1112,-1113,-1114,-1115,-1116,-1117,-1118,-1119,-1120,-1119,-1120,-1119,-1120,-1119,-1120,-1121,-1122,-1121,-1120,-1119,-1118,-1117,-1118,-1119,-1120,-1119,-1120,-1121,-1122,-1123,-1122,-1123,-1122,-1121,-1122,-1123,-1124,-1125,-1124,-1123,-1122,-1121,-1122,-1121,-1120,-1121,-1122,-1121,-1120,-1119,-1118,-1117,-1118,-1119,-1118,-1119,-1120,-1119,-1118,-1117,-1116,-1115,-1116,-1115,-1114,-1115,-1116,-1117,-1116,-1115,-1114,-1113,-1112,-1111,-1110,-1111,-1110,-1109,-1110,-1111,-1112,-1113,-1114,-1113,-1114,-1115,-1116,-1117,-1118,-1119,-1118,-1119,-1120,-1119,-1120,-1121,-1122,-1121,-1120,-1121,-1120,-1121,-1120,-1121,-1122,-1121,-1120,-1119,-1120,-1119,-1118,-1119,-1120,-1121,-1120,-1119,-1120,-1119,-1120,-1119,-1120,-1121,-1120,-1121,-1122,-1121,-1120,-1119,-1120,-1119,-1120,-1121,-1120,-1121,-1122,-1123,-1122,-1121,-1122,-1121,-1122,-1121,-1120,-1119,-1120,-1121,-1122,-1123,-1124,-1125,-1126,-1127,-1128,-1129,-1130,-1131,-1132,-1131,-1132,-1131,-1130,-1131,-1130,-1131,-1130,-1129,-1130,-1131,-1130,-1129,-1130,-1131,-1130,-1131,-1132,-1131,-1130,-1131,-1130,-1131,-1132,-1133,-1132,-1131,-1130,-1129,-1128,-1129,-1130,-1129,-1130,-1131,-1130,-1129,-1130,-1129,-1130,-1129,-1130,-1131,-1130,-1129,-1128,-1129,-1128,-1129,-1130,-1129,-1130,-1131,-1132,-1131,-1130,-1131,-1130,-1131,-1130,-1131,-1130,-1131,-1132,-1131,-1130,-1129,-1130,-1129,-1128,-1129,-1130,-1131,-1130,-1129,-1130,-1129,-1130,-1131,-1132,-1133,-1134,-1135,-1136,-1137,-1138,-1137,-1136,-1137,-1138,-1137,-1138,-1139,-1138,-1139,-1140,-1141,-1142,-1141,-1140,-1141,-1142,-1141,-1142,-1141,-1142,-1141,-1142,-1143,-1144,-1145,-1144,-1145,-1144,-1145,-1144,-1143,-1142,-1143,-1144,-1143,-1144,-1143,-1144,-1143,-1142,-1143,-1144,-1143,-1142,-1143,-1144,-1143,-1144,-1145,-1144,-1143,-1144,-1145,-1146,-1145,-1144,-1145,-1146,-1145,-1144,-1145,-1146,-1145,-1146,-1147,-1146,-1145,-1146,-1147,-1148,-1147,-1148,-1149,-1148,-1147,-1146,-1147,-1146,-1145,-1146,-1147,-1148,-1147,-1146,-1147,-1146,-1147,-1146,-1147,-1146,-1147,-1148,-1147,-1146,-1145,-1146,-1145,-1144,-1145,-1146,-1147,-1146,-1145,-1146,-1145,-1144,-1143,-1144,-1145,-1144,-1145,-1144,-1143,-1144,-1145,-1144,-1145,-1144,-1145,-1144,-1145,-1146,-1145,-1146,-1147,-1146,-1145,-1146,-1147,-1148,-1147,-1148,-1149,-1150,-1151,-1152,-1151,-1150,-1149,-1148,-1147,-1148,-1147,-1148,-1149,-1148,-1147,-1146,-1147,-1148,-1149,-1148,-1149,-1150,-1151,-1150,-1149,-1150,-1151,-1152,-1151,-1150,-1151,-1152,-1153,-1152,-1151,-1152,-1151,-1152,-1151,-1152,-1153,-1152,-1151,-1150,-1151,-1150,-1151,-1152,-1151,-1152,-1153,-1154,-1153,-1152,-1153,-1152,-1153,-1152,-1153,-1154,-1153,-1154,-1155,-1154,-1153,-1152,-1153,-1152,-1153,-1154,-1153,-1154,-1155,-1156,-1155,-1154,-1155,-1154,-1155,-1154,-1155,-1156,-1157,-1156,-1155,-1154,-1155,-1154,-1153,-1154,-1153,-1154,-1155,-1154,-1153,-1154,-1155,-1156,-1157,-1156,-1155,-1156,-1157,-1156,-1155,-1154,-1153,-1154,-1153,-1152,-1151,-1150,-1151,-1152,-1151,-1152,-1153,-1154,-1155,-1156,-1157,-1158,-1159,-1160,-1159,-1158,-1159,-1160,-1161,-1160,-1161,-1162,-1163,-1164,-1165,-1166,-1167,-1168,-1169,-1168,-1169,-1170,-1171,-1172,-1173,-1172,-1171,-1172,-1171,-1172,-1173,-1174,-1173,-1172,-1171,-1172,-1171,-1172,-1171,-1170,-1171,-1170,-1171,-1170,-1171,-1172,-1171,-1170,-1171,-1172,-1173,-1174,-1173,-1172,-1171,-1170,-1169,-1170,-1169,-1168,-1169,-1168,-1169,-1168,-1169,-1170,-1169,-1168,-1167,-1168,-1169,-1170,-1169,-1168,-1167,-1166,-1165,-1164,-1165,-1164,-1165,-1164,-1165,-1166,-1167,-1168,-1169,-1168,-1169,-1168,-1169,-1170,-1171,-1170,-1169,-1170,-1171,-1172,-1171,-1172,-1171,-1172,-1173,-1174,-1175,-1174,-1175,-1176,-1177,-1176,-1177,-1178,-1177,-1178,-1179,-1180,-1179,-1178,-1179,-1178,-1179,-1180,-1181,-1180,-1179,-1178,-1179,-1178,-1179,-1180,-1181,-1180,-1181,-1180,-1181,-1182,-1181,-1180,-1179,-1180,-1179,-1180,-1181,-1180,-1179,-1178,-1179,-1180,-1179,-1180,-1181,-1180,-1179,-1178,-1177,-1178,-1177,-1178,-1179,-1180,-1179,-1178,-1177,-1176,-1175,-1176,-1175,-1174,-1175,-1176,-1177,-1176,-1175,-1174,-1173,-1172,-1173,-1172,-1173,-1172,-1173,-1174,-1175,-1176,-1177,-1178,-1179,-1180,-1181,-1182,-1181,-1180,-1181,-1180,-1179,-1180,-1179,-1178,-1179,-1180,-1179,-1178,-1179,-1178,-1177,-1176,-1175,-1174,-1173,-1174,-1173,-1172,-1171,-1170,-1171,-1170,-1171,-1170,-1171,-1170,-1169,-1170,-1171,-1170,-1169,-1170,-1171,-1172,-1173,-1172,-1171,-1170,-1169,-1170,-1171,-1170,-1169,-1168,-1167,-1168,-1167,-1166,-1167,-1166,-1165,-1166,-1167,-1166,-1165,-1166,-1167,-1166,-1165,-1164,-1163,-1162,-1163,-1162,-1161,-1162,-1161,-1160,-1159,-1160,-1161,-1162,-1163,-1164,-1163,-1162,-1163,-1162,-1161,-1160,-1161,-1162,-1161,-1160,-1159,-1158,-1157,-1156,-1157,-1158,-1159,-1160,-1159,-1158,-1157,-1156,-1157,-1158,-1159,-1158,-1157,-1158,-1159,-1160,-1159,-1158,-1157,-1158,-1159,-1160,-1159,-1160,-1161,-1162,-1163,-1164,-1165,-1166,-1167,-1168,-1169,-1170,-1171,-1172,-1173,-1174,-1175,-1176,-1177,-1178,-1179,-1180,-1181,-1182,-1181,-1180,-1179,-1180,-1181,-1182,-1183,-1182,-1181,-1180,-1179,-1180,-1179,-1180,-1181,-1182,-1181,-1182,-1183,-1184,-1183,-1182,-1181,-1182,-1181,-1180,-1181,-1182,-1181,-1182,-1181,-1180,-1181,-1182,-1183,-1182,-1183,-1182,-1181,-1182,-1181,-1180,-1181,-1182,-1181,-1180,-1179,-1180,-1181,-1180,-1179,-1178,-1177,-1178,-1179,-1178,-1179,-1180,-1181,-1180,-1181,-1180,-1179,-1178,-1179,-1178,-1177,-1176,-1175,-1176,-1175,-1176,-1177,-1176,-1175,-1176,-1177,-1178,-1179,-1180,-1179,-1178,-1177,-1178,-1179,-1178,-1177,-1178,-1177,-1178,-1179,-1180,-1179,-1180,-1181,-1180,-1181,-1180,-1181,-1182,-1181,-1182,-1183,-1184,-1183,-1184,-1183,-1184,-1183,-1182,-1181,-1182,-1183,-1184,-1185,-1184,-1183,-1184,-1185,-1186,-1185,-1184,-1183,-1182,-1181,-1180,-1179,-1178,-1177,-1178,-1177,-1176,-1177,-1176,-1177,-1178,-1179,-1178,-1177,-1178,-1177,-1178,-1179,-1180,-1179,-1178,-1177,-1176,-1177,-1178,-1177,-1178,-1179,-1180,-1179,-1180,-1179,-1178,-1177,-1178,-1177,-1176,-1177,-1178,-1177,-1176,-1175,-1174,-1173,-1174,-1175,-1174,-1175,-1176,-1177,-1178,-1177,-1176,-1175,-1176,-1175,-1174,-1173,-1172,-1173,-1172,-1171,-1170,-1171,-1170,-1169,-1170,-1169,-1168,-1167,-1168,-1167,-1168,-1169,-1170,-1171,-1170,-1169,-1170,-1169,-1168,-1167,-1166,-1165,-1164,-1165,-1166,-1167,-1166,-1167,-1168,-1167,-1168,-1169,-1168,-1169,-1168,-1167,-1166,-1167,-1166,-1167,-1168,-1167,-1168,-1169,-1168,-1169,-1170,-1169,-1168,-1169,-1170,-1169,-1168,-1167,-1168,-1167,-1168,-1167,-1168,-1169,-1168,-1169,-1170,-1171,-1172,-1173,-1172,-1173,-1174,-1175,-1174,-1173,-1174,-1173,-1174,-1175,-1176,-1177,-1178,-1179,-1178,-1179,-1178,-1177,-1178,-1177,-1178,-1179,-1178,-1179,-1178,-1177,-1176,-1177,-1178,-1179,-1178,-1179,-1180,-1181,-1182,-1183,-1184,-1185,-1186,-1185,-1184,-1183,-1182,-1181,-1180,-1179,-1178,-1179,-1180,-1181,-1182,-1181,-1182,-1183,-1184,-1185,-1186,-1185,-1184,-1183,-1182,-1183,-1184,-1183,-1182,-1181,-1180,-1179,-1178,-1177,-1176,-1177,-1178,-1177,-1176,-1177,-1176,-1177,-1176,-1175,-1174,-1173,-1172,-1173,-1172,-1171,-1170,-1169,-1168,-1167,-1166,-1165,-1166,-1165,-1166,-1165,-1166,-1165,-1164,-1165,-1166,-1167,-1166,-1167,-1168,-1169,-1168,-1169,-1168,-1167,-1166,-1167,-1168,-1169,-1170,-1171,-1170,-1169,-1170,-1171,-1172,-1171,-1172,-1171,-1172,-1173,-1172,-1171,-1170,-1171,-1172,-1173,-1174,-1175,-1176,-1177,-1176,-1175,-1174,-1175,-1176,-1177,-1176,-1175,-1174,-1173,-1172,-1173,-1174,-1175,-1176,-1175,-1176,-1175,-1174,-1175,-1176,-1177,-1178,-1179,-1180,-1181,-1182,-1183,-1184,-1185,-1186,-1185,-1186,-1185,-1184,-1185,-1184,-1183,-1184,-1185,-1184,-1185,-1184,-1183,-1182,-1183,-1184,-1183,-1182,-1181,-1182,-1181,-1180,-1181,-1182,-1183,-1184,-1185,-1184,-1185,-1186,-1185,-1186,-1187,-1186,-1187,-1186,-1187,-1188,-1189,-1188,-1189,-1188,-1187,-1188,-1189,-1188,-1187,-1188,-1189,-1188,-1187,-1188,-1189,-1190,-1191,-1192,-1193,-1192,-1191,-1190,-1191,-1192,-1191,-1192,-1193,-1192,-1193,-1194,-1195,-1194,-1193,-1192,-1193,-1194,-1195,-1196,-1195,-1196,-1197,-1198,-1199,-1198,-1199,-1200,-1199,-1200,-1201,-1202,-1203,-1204,-1205,-1206,-1207,-1208,-1209,-1210,-1209,-1208,-1209,-1210,-1209,-1208,-1209,-1210,-1211,-1210,-1209,-1208,-1209,-1208,-1209,-1210,-1211,-1212,-1213,-1214,-1213,-1212,-1211,-1210,-1211,-1210,-1211,-1212,-1213,-1212,-1213,-1212,-1211,-1210,-1211,-1210,-1209,-1210,-1209,-1210,-1209,-1210,-1211,-1212,-1213,-1214,-1215,-1214,-1215,-1216,-1217,-1218,-1219,-1218,-1219,-1218,-1217,-1218,-1217,-1216,-1215,-1214,-1213,-1214,-1213,-1212,-1211,-1212,-1211,-1212,-1213,-1214,-1215,-1216,-1217,-1216,-1217,-1218,-1219,-1220,-1219,-1218,-1217,-1218,-1219,-1220,-1221,-1222,-1223,-1222,-1223,-1222,-1221,-1220,-1221,-1222,-1221,-1220,-1221,-1222,-1223,-1224,-1223,-1224,-1225,-1226,-1225,-1224,-1225,-1226,-1225,-1224,-1225,-1224,-1223,-1222,-1223,-1222,-1221,-1222,-1221,-1220,-1219,-1218,-1217,-1218,-1219,-1218,-1217,-1218,-1219,-1218,-1217,-1216,-1217,-1216,-1217,-1218,-1219,-1218,-1219,-1218,-1219,-1220,-1221,-1222,-1221,-1222,-1221,-1222,-1221,-1220,-1221,-1222,-1221,-1220,-1219,-1220,-1221,-1222,-1221,-1220,-1221,-1222,-1223,-1222,-1221,-1222,-1223,-1224,-1225,-1226,-1227,-1228,-1227,-1228,-1229,-1230,-1229,-1230,-1229,-1230,-1229,-1230,-1231,-1230,-1229,-1230,-1229,-1230,-1229,-1230,-1231,-1232,-1233,-1232,-1231,-1232,-1231,-1232,-1233,-1234,-1235,-1236,-1235,-1236,-1237,-1238,-1237,-1238,-1237,-1236,-1237,-1238,-1237,-1236,-1235,-1234,-1235,-1234,-1233,-1232,-1233,-1234,-1233,-1234,-1235,-1236,-1235,-1236,-1235,-1236,-1235,-1236,-1237,-1238,-1237,-1236,-1235,-1236,-1235,-1236,-1237,-1238,-1239,-1240,-1241,-1242,-1241,-1242,-1243,-1244,-1245,-1246,-1247,-1248,-1249,-1248,-1249,-1250,-1249,-1250,-1251,-1252,-1253,-1254,-1255,-1254,-1255,-1254,-1253,-1254,-1253,-1254,-1255,-1254,-1253,-1252,-1251,-1250,-1249,-1248,-1247,-1248,-1249,-1250,-1251,-1252,-1251,-1252,-1251,-1252,-1251,-1252,-1253,-1254,-1255,-1256,-1255,-1256,-1257,-1258,-1257,-1258,-1257,-1258,-1259,-1260,-1261,-1260,-1261,-1260,-1261,-1262,-1263,-1262,-1261,-1260,-1259,-1258,-1259,-1260,-1259,-1258,-1257,-1256,-1257,-1256,-1255,-1256,-1257,-1258,-1259,-1258,-1259,-1260,-1261,-1262,-1261,-1260,-1261,-1260,-1259,-1260,-1259,-1260,-1261,-1262,-1261,-1260,-1261,-1260,-1259,-1260,-1259,-1258,-1257,-1258,-1259,-1260,-1261,-1262,-1263,-1264,-1265,-1264,-1263,-1262,-1261,-1262,-1261,-1260,-1261,-1262,-1261,-1262,-1261,-1260,-1259,-1258,-1257,-1258,-1257,-1256,-1257,-1256,-1255,-1256,-1257,-1258,-1259,-1260,-1259,-1260,-1259,-1260,-1261,-1262,-1261,-1262,-1261,-1262,-1263,-1262,-1261,-1262,-1261,-1260,-1261,-1260,-1259,-1258,-1257,-1258,-1259,-1260,-1261,-1262,-1263,-1264,-1263,-1262,-1261,-1260,-1261,-1262,-1261,-1262,-1263,-1264,-1265,-1266,-1267,-1266,-1265,-1266,-1267,-1268,-1269,-1270,-1271,-1272,-1273,-1272,-1273,-1272,-1273,-1274,-1275,-1276,-1277,-1276,-1277,-1278,-1279,-1280,-1281,-1280,-1281,-1282,-1283,-1284,-1285,-1286,-1285,-1284,-1283,-1282,-1283,-1284,-1283,-1282,-1283,-1282,-1283,-1282,-1281,-1282,-1281,-1280,-1281,-1280,-1279,-1278,-1277,-1278,-1279,-1278,-1277,-1276,-1275,-1276,-1277,-1276,-1277,-1276,-1277,-1276,-1277,-1276,-1275,-1274,-1275,-1274,-1273,-1274,-1273,-1272,-1273,-1274,-1275,-1274,-1275,-1276,-1277,-1276,-1277,-1278,-1277,-1276,-1277,-1276,-1277,-1276,-1275,-1276,-1275,-1276,-1277,-1278,-1277,-1278,-1277,-1278,-1277,-1278,-1279,-1280,-1281,-1282,-1283,-1284,-1285,-1286,-1285,-1284,-1283,-1282,-1283,-1284,-1283,-1282,-1281,-1282,-1281,-1282,-1283,-1284,-1285,-1286,-1285,-1286,-1285,-1284,-1285,-1284,-1285,-1286,-1287,-1288,-1289,-1290,-1291,-1292,-1293,-1294,-1293,-1292,-1291,-1290,-1291,-1290,-1291,-1292,-1293,-1294,-1293,-1294,-1293,-1292,-1293,-1294,-1295,-1294,-1295,-1296,-1295,-1294,-1295,-1296,-1295,-1294,-1295,-1294,-1293,-1294,-1293,-1294,-1293,-1294,-1295,-1294,-1293,-1292,-1293,-1292,-1293,-1292,-1291,-1290,-1289,-1288,-1287,-1286,-1287,-1288,-1289,-1288,-1289,-1290,-1289,-1290,-1291,-1290,-1289,-1290,-1291,-1290,-1291,-1292,-1293,-1294,-1295,-1294,-1293,-1292,-1291,-1290,-1289,-1288,-1289,-1288,-1289,-1290,-1291,-1290,-1291,-1292,-1293,-1292,-1293,-1294,-1295,-1294,-1295,-1294,-1295,-1296,-1295,-1294,-1293,-1292,-1291,-1290,-1291,-1290,-1289,-1288,-1287,-1288,-1289,-1290,-1289,-1288,-1289,-1290,-1291,-1292,-1293,-1294,-1295,-1294,-1295,-1296,-1297,-1298,-1297,-1298,-1297,-1296,-1297,-1298,-1299,-1300,-1299,-1300,-1301,-1302,-1303,-1304,-1303,-1304,-1305,-1306,-1305,-1306,-1305,-1306,-1307,-1306,-1305,-1306,-1307,-1308,-1307,-1306,-1307,-1306,-1305,-1306,-1305,-1304,-1303,-1302,-1301,-1300,-1301,-1302,-1303,-1304,-1303,-1304,-1303,-1302,-1303,-1302,-1303,-1304,-1305,-1304,-1305,-1304,-1303,-1304,-1303,-1302,-1303,-1302,-1303,-1302,-1303,-1304,-1305,-1306,-1305,-1304,-1303,-1302,-1303,-1304,-1303,-1304,-1305,-1306,-1305,-1306,-1307,-1308,-1307,-1308,-1309,-1308,-1307,-1308,-1309,-1310,-1309,-1308,-1309,-1310,-1309,-1310,-1311,-1312,-1311,-1312,-1313,-1314,-1315,-1316,-1317,-1318,-1317,-1318,-1317,-1318,-1319,-1320,-1321,-1320,-1319,-1318,-1319,-1318,-1319,-1320,-1321,-1320,-1321,-1322,-1323,-1322,-1323,-1324,-1323,-1322,-1323,-1324,-1323,-1324,-1325,-1326,-1327,-1326,-1327,-1328,-1329,-1328,-1329,-1328,-1327,-1328,-1327,-1328,-1329,-1328,-1329,-1330,-1331,-1332,-1331,-1330,-1331,-1332,-1333,-1332,-1333,-1334,-1333,-1332,-1333,-1332,-1333,-1332,-1333,-1334,-1333,-1334,-1333,-1334,-1335,-1336,-1337,-1338,-1339,-1338,-1339,-1338,-1339,-1340,-1341,-1340,-1339,-1340,-1339,-1338,-1339,-1338,-1339,-1340,-1339,-1340,-1341,-1342,-1341,-1342,-1341,-1340,-1341,-1342,-1341,-1340,-1341,-1340,-1341,-1342,-1343,-1344,-1343,-1342,-1341,-1340,-1341,-1342,-1343,-1342,-1341,-1342,-1341,-1342,-1343,-1344,-1343,-1344,-1343,-1344,-1343,-1342,-1341,-1342,-1341,-1342,-1341,-1340,-1339,-1338,-1337,-1336,-1335,-1336,-1335,-1334,-1333,-1332,-1331,-1330,-1329,-1328,-1329,-1328,-1327,-1326,-1325,-1324,-1323,-1322,-1323,-1324,-1323,-1322,-1321,-1322,-1321,-1320,-1319,-1318,-1317,-1318,-1317,-1316,-1315,-1316,-1317,-1316,-1317,-1316,-1315,-1314,-1313,-1312,-1311,-1312,-1311,-1310,-1309,-1308,-1307,-1306,-1305,-1304,-1305,-1306,-1307,-1306,-1307,-1308,-1309,-1308,-1309,-1310,-1311,-1310,-1309,-1308,-1307,-1308,-1309,-1310,-1311,-1310,-1311,-1312,-1313,-1312,-1311,-1312,-1313,-1312,-1311,-1312,-1313,-1312,-1311,-1312,-1311,-1312,-1313,-1312,-1313,-1314,-1313,-1314,-1313,-1312,-1311,-1312,-1311,-1310,-1309,-1308,-1307,-1308,-1309,-1308,-1309,-1308,-1309,-1308,-1307,-1308,-1307,-1308,-1307,-1308,-1309,-1308,-1307,-1308,-1307,-1306,-1307,-1308,-1307,-1308,-1309,-1310,-1311,-1310,-1309,-1308,-1307,-1306,-1305,-1304,-1305,-1304,-1303,-1302,-1303,-1304,-1303,-1302,-1301,-1302,-1301,-1302,-1301,-1300,-1301,-1302,-1301,-1302,-1301,-1300,-1299,-1298,-1297,-1298,-1297,-1296,-1297,-1298,-1297,-1296,-1297,-1296,-1297,-1296,-1295,-1294,-1295,-1296,-1297,-1296,-1295,-1294,-1295,-1294,-1295,-1294,-1295,-1296,-1295,-1294,-1295,-1294,-1295,-1294,-1293,-1294,-1293,-1294,-1293,-1292,-1293,-1294,-1295,-1294,-1293,-1294,-1293,-1294,-1295,-1294,-1295,-1296,-1297,-1296,-1297,-1298,-1299,-1298,-1299,-1300,-1301,-1300,-1299,-1298,-1297,-1296,-1295,-1296,-1295,-1294,-1295,-1296,-1297,-1298,-1297,-1298,-1299,-1300,-1299,-1298,-1297,-1296,-1295,-1294,-1293,-1292,-1293,-1292,-1291,-1292,-1293,-1294,-1295,-1296,-1297,-1296,-1297,-1296,-1295,-1296,-1297,-1298,-1299,-1300,-1301,-1302,-1303,-1304,-1305,-1304,-1303,-1304,-1303,-1302,-1301,-1302,-1301,-1300,-1299,-1298,-1299,-1298,-1297,-1296,-1295,-1296,-1297,-1296,-1295,-1294,-1293,-1292,-1293,-1292,-1291,-1290,-1289,-1288,-1287,-1286,-1285,-1286,-1285,-1286,-1287,-1286,-1287,-1286,-1285,-1284,-1283,-1284,-1285,-1284,-1283,-1282,-1281,-1280,-1279,-1280,-1281,-1280,-1279,-1278,-1279,-1280,-1279,-1278,-1277,-1276,-1275,-1276,-1275,-1274,-1275,-1274,-1273,-1272,-1271,-1270,-1269,-1268,-1269,-1268,-1267,-1266,-1267,-1266,-1265,-1264,-1263,-1264,-1265,-1266,-1265,-1264,-1263,-1262,-1263,-1262,-1263,-1264,-1263,-1264,-1265,-1264,-1265,-1266,-1265,-1264,-1265,-1264,-1263,-1264,-1265,-1264,-1263,-1262,-1261,-1260,-1261,-1260,-1259,-1258,-1257,-1258,-1257,-1256,-1255,-1254,-1255,-1254,-1253,-1254,-1255,-1254,-1255,-1256,-1255,-1254,-1255,-1256,-1255,-1254,-1255,-1254,-1253,-1252,-1251,-1252,-1251,-1250,-1249,-1248,-1247,-1248,-1247,-1246,-1245,-1246,-1247,-1246,-1247,-1246,-1247,-1246,-1245,-1246,-1247,-1246,-1245,-1244,-1243,-1242,-1243,-1242,-1243,-1242,-1241,-1240,-1239,-1238,-1237,-1236,-1237,-1238,-1239,-1240,-1241,-1242,-1243,-1244,-1243,-1242,-1241,-1240,-1239,-1240,-1239,-1240,-1241,-1240,-1239,-1238,-1239,-1238,-1239,-1238,-1237,-1236,-1235,-1234,-1235,-1234,-1235,-1236,-1235,-1236,-1237,-1236,-1235,-1234,-1233,-1232,-1231,-1230,-1229,-1228,-1227,-1226,-1227,-1226,-1225,-1224,-1223,-1222,-1221,-1220,-1221,-1220,-1219,-1218,-1217,-1216,-1215,-1216,-1217,-1218,-1217,-1216,-1217,-1216,-1217,-1216,-1217,-1218,-1217,-1216,-1215,-1214,-1215,-1214,-1213,-1212,-1213,-1212,-1213,-1214,-1213,-1214,-1215,-1216,-1215,-1214,-1213,-1212,-1211,-1212,-1211,-1210,-1211,-1210,-1209,-1210,-1209,-1210,-1209,-1208,-1209,-1208,-1207,-1208,-1207,-1206,-1205,-1204,-1203,-1202,-1201,-1202,-1201,-1200,-1199,-1198,-1197,-1198,-1197,-1198,-1197,-1196,-1195,-1194,-1193,-1192,-1193,-1194,-1193,-1192,-1191,-1190,-1189,-1190,-1191,-1190,-1191,-1190,-1191,-1190,-1189,-1190,-1189,-1188,-1189,-1188,-1189,-1190,-1189,-1188,-1187,-1186,-1185,-1186,-1187,-1186,-1185,-1184,-1183,-1182,-1181,-1182,-1183,-1182,-1183,-1184,-1183,-1184,-1183,-1182,-1183,-1182,-1183,-1182,-1181,-1182,-1181,-1182,-1181,-1180,-1181,-1180,-1181,-1182,-1181,-1182,-1183,-1182,-1181,-1182,-1181,-1182,-1183,-1182,-1181,-1182,-1183,-1184,-1183,-1182,-1183,-1184,-1183,-1182,-1181,-1182,-1181,-1182,-1183,-1184,-1185,-1184,-1183,-1184,-1183,-1184,-1185,-1184,-1183,-1182,-1181,-1180,-1179,-1180,-1179,-1178,-1179,-1180,-1181,-1182,-1181,-1182,-1183,-1182,-1181,-1182,-1183,-1184,-1183,-1182,-1183,-1184,-1183,-1182,-1181,-1180,-1179,-1178,-1179,-1180,-1179,-1178,-1177,-1178,-1177,-1176,-1177,-1176,-1175,-1174,-1175,-1176,-1177,-1176,-1175,-1174,-1173,-1172,-1171,-1172,-1173,-1174,-1173,-1174,-1173,-1172,-1173,-1172,-1171,-1170,-1169,-1170,-1171,-1172,-1173,-1174,-1175,-1174,-1175,-1174,-1173,-1172,-1171,-1172,-1171,-1170,-1169,-1168,-1167,-1168,-1167,-1166,-1165,-1164,-1165,-1164,-1163,-1162,-1163,-1162,-1161,-1162,-1161,-1160,-1159,-1158,-1159,-1158,-1159,-1160,-1159,-1160,-1161,-1160,-1159,-1160,-1159,-1158,-1159,-1160,-1161,-1162,-1161,-1160,-1159,-1158,-1157,-1156,-1155,-1156,-1157,-1158,-1159,-1160,-1161,-1162,-1163,-1162,-1161,-1162,-1161,-1160,-1161,-1162,-1163,-1164,-1165,-1164,-1165,-1166,-1167,-1168,-1167,-1166,-1165,-1166,-1167,-1168,-1169,-1168,-1169,-1168,-1169,-1170,-1171,-1172,-1173,-1172,-1173,-1174,-1175,-1174,-1173,-1174,-1175,-1174,-1175,-1176,-1177,-1178,-1177,-1178,-1177,-1176,-1177,-1176,-1177,-1178,-1179,-1180,-1181,-1182,-1181,-1182,-1183,-1182,-1181,-1180,-1179,-1180,-1181,-1182,-1183,-1184,-1185,-1184,-1183,-1184,-1183,-1182,-1181,-1182,-1183,-1182,-1181,-1180,-1179,-1178,-1179,-1180,-1179,-1178,-1177,-1178,-1177,-1176,-1175,-1174,-1173,-1172,-1171,-1170,-1171,-1172,-1171,-1170,-1169,-1168,-1167,-1168,-1167,-1166,-1165,-1164,-1163,-1162,-1161,-1160,-1161,-1160,-1159,-1158,-1159,-1160,-1161,-1162,-1161,-1160,-1161,-1160,-1161,-1160,-1159,-1158,-1157,-1158,-1157,-1156,-1155,-1156,-1157,-1158,-1159,-1160,-1159,-1160,-1159,-1158,-1157,-1156,-1155,-1154,-1153,-1152,-1151,-1152,-1151,-1152,-1151,-1152,-1153,-1152,-1151,-1150,-1151,-1152,-1153,-1154,-1153,-1152,-1151,-1150,-1149,-1148,-1149,-1150,-1149,-1148,-1149,-1150,-1149,-1148,-1149,-1150,-1151,-1152,-1153,-1154,-1153,-1154,-1155,-1156,-1157,-1158,-1157,-1156,-1157,-1158,-1157,-1156,-1157,-1158,-1159,-1158,-1157,-1158,-1157,-1156,-1157,-1158,-1159,-1158,-1159,-1158,-1157,-1158,-1159,-1158,-1159,-1158,-1159,-1160,-1159,-1160,-1161,-1162,-1163,-1162,-1161,-1162,-1161,-1162,-1163,-1162,-1163,-1164,-1165,-1166,-1167,-1166,-1167,-1168,-1167,-1168,-1167,-1168,-1169,-1170,-1169,-1170,-1171,-1172,-1173,-1174,-1173,-1172,-1171,-1170,-1169,-1170,-1169,-1168,-1167,-1166,-1167,-1168,-1167,-1166,-1165,-1166,-1165,-1166,-1165,-1166,-1165,-1164,-1165,-1164,-1165,-1164,-1165,-1164,-1165,-1164,-1165,-1164,-1165,-1166,-1165,-1164,-1163,-1162,-1163,-1164,-1165,-1164,-1165,-1166,-1167,-1168,-1169,-1168,-1169,-1168,-1169,-1168,-1169,-1168,-1169,-1168,-1169,-1170,-1169,-1168,-1169,-1168,-1169,-1170,-1169,-1170,-1169,-1168,-1167,-1168,-1167,-1168,-1167,-1166,-1167,-1166,-1167,-1166,-1167,-1168,-1167,-1166,-1165,-1164,-1163,-1162,-1161,-1162,-1161,-1160,-1161,-1160,-1161,-1160,-1161,-1160,-1159,-1158,-1157,-1156,-1157,-1156,-1157,-1156,-1155,-1154,-1155,-1154,-1153,-1154,-1153,-1152,-1153,-1154,-1153,-1154,-1153,-1154,-1155,-1154,-1153,-1154,-1153,-1154,-1153,-1154,-1155,-1154,-1155,-1154,-1155,-1156,-1157,-1158,-1157,-1156,-1155,-1156,-1155,-1154,-1153,-1154,-1153,-1152,-1151,-1150,-1151,-1150,-1151,-1152,-1153,-1154,-1153,-1152,-1153,-1154,-1155,-1156,-1157,-1156,-1157,-1158,-1159,-1158,-1159,-1160,-1159,-1158,-1157,-1156,-1157,-1156,-1157,-1156,-1155,-1156,-1155,-1154,-1153,-1152,-1153,-1152,-1151,-1150,-1149,-1148,-1149,-1148,-1149,-1150,-1151,-1150,-1151,-1152,-1153,-1152,-1153,-1152,-1151,-1150,-1149,-1148,-1147,-1146,-1147,-1146,-1145,-1146,-1147,-1146,-1145,-1144,-1143,-1142,-1143,-1142,-1143,-1144,-1143,-1144,-1145,-1144,-1143,-1142,-1143,-1144,-1143,-1142,-1143,-1142,-1143,-1144,-1145,-1144,-1145,-1144,-1143,-1142,-1141,-1142,-1143,-1144,-1143,-1142,-1143,-1142,-1143,-1144,-1143,-1144,-1143,-1142,-1143,-1144,-1145,-1146,-1145,-1146,-1147,-1148,-1147,-1148,-1147,-1146,-1147,-1148,-1149,-1150,-1151,-1150,-1149,-1150,-1151,-1150,-1149,-1148,-1147,-1148,-1149,-1148,-1147,-1146,-1147,-1146,-1145,-1144,-1143,-1142,-1143,-1142,-1141,-1140,-1141,-1142,-1143,-1142,-1143,-1144,-1145,-1144,-1145,-1144,-1143,-1144,-1145,-1144,-1143,-1142,-1141,-1142,-1143,-1144,-1143,-1142,-1143,-1142,-1141,-1140,-1141,-1140,-1139,-1138,-1137,-1136,-1135,-1134,-1133,-1132,-1131,-1132,-1133,-1132,-1131,-1132,-1131,-1132,-1131,-1130,-1129,-1130,-1131,-1132,-1131,-1130,-1131,-1130,-1129,-1128,-1127,-1128,-1127,-1126,-1125,-1124,-1125,-1126,-1125,-1124,-1123,-1122,-1123,-1124,-1123,-1122,-1121,-1122,-1121,-1120,-1121,-1120,-1119,-1118,-1119,-1118,-1119,-1120,-1121,-1122,-1121,-1120,-1121,-1122,-1121,-1120,-1121,-1122,-1121,-1120,-1121,-1120,-1121,-1122,-1123,-1124,-1123,-1124,-1125,-1124,-1123,-1124,-1123,-1122,-1123,-1122,-1123,-1124,-1125,-1124,-1125,-1126,-1127,-1128,-1127,-1128,-1129,-1128,-1127,-1128,-1127,-1126,-1125,-1126,-1125,-1126,-1125,-1124,-1123,-1124,-1125,-1126,-1127,-1126,-1125,-1124,-1125,-1124,-1125,-1126,-1127,-1128,-1129,-1128,-1129,-1130,-1129,-1128,-1127,-1128,-1127,-1126,-1125,-1124,-1123,-1124,-1123,-1124,-1123,-1122,-1121,-1120,-1119,-1120,-1119,-1120,-1119,-1118,-1117,-1116,-1115,-1114,-1113,-1114,-1113,-1114,-1115,-1116,-1115,-1114,-1113,-1114,-1113,-1112,-1111,-1110,-1111,-1112,-1111,-1112,-1113,-1114,-1113,-1112,-1111,-1112,-1111,-1110,-1109,-1110,-1111,-1110,-1111,-1112,-1111,-1110,-1111,-1110,-1109,-1108,-1109,-1110,-1109,-1110,-1111,-1110,-1109,-1108,-1109,-1110,-1111,-1112,-1111,-1110,-1111,-1112,-1113,-1112,-1113,-1114,-1115,-1116,-1117,-1116,-1117,-1118,-1119,-1120,-1121,-1120,-1119,-1118,-1119,-1120,-1121,-1120,-1119,-1120,-1121,-1120,-1121,-1122,-1121,-1122,-1121,-1122,-1121,-1120,-1119,-1118,-1117,-1116,-1117,-1118,-1119,-1118,-1117,-1116,-1117,-1118,-1117,-1118,-1119,-1120,-1119,-1120,-1119,-1118,-1119,-1120,-1119,-1120,-1119,-1118,-1117,-1118,-1117,-1118,-1117,-1116,-1117,-1118,-1117,-1116,-1117,-1116,-1117,-1116,-1117,-1118,-1117,-1116,-1117,-1118,-1119,-1120,-1119,-1120,-1119,-1120,-1121,-1122,-1123,-1122,-1123,-1122,-1121,-1120,-1119,-1118,-1119,-1118,-1117,-1118,-1117,-1118,-1117,-1116,-1117,-1118,-1119,-1120,-1119,-1120,-1121,-1122,-1121,-1122,-1121,-1120,-1119,-1120,-1121,-1120,-1121,-1120,-1121,-1120,-1121,-1122,-1123,-1124,-1125,-1126,-1127,-1128,-1127,-1126,-1127,-1128,-1129,-1128,-1127,-1126,-1127,-1128,-1127,-1126,-1127,-1128,-1127,-1126,-1125,-1124,-1125,-1126,-1127,-1126,-1127,-1126,-1125,-1124,-1125,-1124,-1125,-1126,-1127,-1128,-1129,-1128,-1127,-1126,-1125,-1126,-1125,-1124,-1123,-1124,-1123,-1122,-1123,-1124,-1123,-1122,-1121,-1120,-1119,-1120,-1121,-1122,-1121,-1122,-1123,-1122,-1123,-1122,-1121,-1120,-1119,-1120,-1121,-1122,-1123,-1124,-1123,-1124,-1123,-1122,-1121,-1120,-1121,-1120,-1121,-1120,-1121,-1122,-1123,-1122,-1121,-1122,-1121,-1122,-1121,-1120,-1119,-1118,-1119,-1118,-1117,-1118,-1119,-1120,-1119,-1120,-1121,-1120,-1119,-1118,-1117,-1118,-1119,-1120,-1121,-1122,-1121,-1120,-1119,-1118,-1117,-1118,-1117,-1116,-1117,-1116,-1115,-1116,-1115,-1114,-1113,-1112,-1111,-1112,-1113,-1114,-1115,-1116,-1117,-1116,-1115,-1114,-1115,-1114,-1113,-1112,-1111,-1112,-1111,-1112,-1113,-1114,-1115,-1114,-1113,-1112,-1113,-1112,-1111,-1110,-1109,-1108,-1109,-1108,-1109,-1108,-1109,-1110,-1111,-1112,-1113,-1112,-1111,-1110,-1111,-1112,-1111,-1110,-1111,-1110,-1111,-1110,-1109,-1108,-1109,-1110,-1109,-1110,-1111,-1110,-1109,-1110,-1109,-1110,-1111,-1112,-1111,-1112,-1113,-1112,-1113,-1114,-1115,-1116,-1117,-1118,-1119,-1120,-1121,-1122,-1123,-1122,-1123,-1124,-1125,-1124,-1125,-1124,-1125,-1126,-1127,-1128,-1127,-1126,-1125,-1126,-1125,-1124,-1123,-1122,-1123,-1124,-1123,-1124,-1125,-1124,-1123,-1122,-1123,-1122,-1123,-1124,-1123,-1122,-1121,-1122,-1121,-1122,-1121,-1122,-1121,-1120,-1119,-1118,-1119,-1120,-1119,-1118,-1119,-1120,-1119,-1120,-1121,-1120,-1119,-1118,-1117,-1118,-1119,-1118,-1117,-1116,-1115,-1116,-1117,-1116,-1117,-1116,-1115,-1116,-1115,-1114,-1115,-1114,-1115,-1116,-1115,-1114,-1115,-1114,-1113,-1114,-1115,-1114,-1115,-1114,-1115,-1116,-1115,-1116,-1117,-1118,-1119,-1120,-1121,-1122,-1121,-1120,-1119,-1120,-1119,-1118,-1119,-1120,-1119,-1120,-1121,-1122,-1123,-1122,-1123,-1122,-1123,-1124,-1125,-1126,-1125,-1124,-1125,-1126,-1125,-1124,-1125,-1124,-1125,-1124,-1125,-1124,-1123,-1124,-1123,-1122,-1123,-1124,-1125,-1126,-1125,-1126,-1127,-1128,-1127,-1126,-1127,-1128,-1127,-1128,-1129,-1128,-1127,-1126,-1127,-1128,-1127,-1126,-1127,-1126,-1125,-1126,-1125,-1124,-1125,-1124,-1123,-1124,-1123,-1124,-1123,-1122,-1121,-1122,-1123,-1124,-1123,-1124,-1125,-1124,-1125,-1126,-1127,-1128,-1127,-1126,-1125,-1124,-1125,-1124,-1125,-1126,-1125,-1124,-1125,-1124,-1125,-1126,-1125,-1126,-1125,-1124,-1123,-1124,-1123,-1122,-1121,-1120,-1119,-1120,-1119,-1118,-1119,-1120,-1119,-1120,-1119,-1120,-1119,-1118,-1117,-1116,-1117,-1118,-1117,-1116,-1115,-1116,-1117,-1116,-1117,-1116,-1115,-1116,-1115,-1114,-1115,-1114,-1113,-1114,-1113,-1114,-1113,-1112,-1113,-1114,-1113,-1114,-1113,-1112,-1111,-1110,-1109,-1110,-1109,-1108,-1107,-1106,-1107,-1106,-1107,-1106,-1105,-1106,-1107,-1108,-1109,-1110,-1109,-1108,-1107,-1108,-1109,-1110,-1109,-1108,-1109,-1110,-1109,-1108,-1107,-1106,-1105,-1104,-1105,-1104,-1103,-1102,-1101,-1102,-1103,-1102,-1101,-1100,-1099,-1098,-1097,-1096,-1097,-1098,-1097,-1098,-1099,-1100,-1099,-1098,-1097,-1098,-1097,-1096,-1095,-1096,-1095,-1094,-1095,-1096,-1097,-1096,-1097,-1098,-1097,-1096,-1095,-1096,-1097,-1098,-1099,-1098,-1099,-1098,-1099,-1098,-1099,-1098,-1099,-1098,-1099,-1100,-1101,-1100,-1099,-1098,-1097,-1096,-1095,-1094,-1095,-1094,-1093,-1092,-1093,-1094,-1095,-1096,-1095,-1096,-1097,-1096,-1095,-1094,-1095,-1094,-1095,-1094,-1095,-1096,-1095,-1096,-1097,-1098,-1097,-1096,-1095,-1094,-1095,-1096,-1095,-1094,-1093,-1094,-1093,-1092,-1091,-1090,-1091,-1090,-1091,-1090,-1091,-1090,-1089,-1088,-1087,-1086,-1085,-1084,-1083,-1082,-1081,-1080,-1081,-1082,-1083,-1082,-1083,-1084,-1085,-1084,-1085,-1086,-1087,-1088,-1087,-1088,-1089,-1090,-1089,-1090,-1091,-1090,-1089,-1088,-1087,-1086,-1087,-1088,-1089,-1088,-1087,-1086,-1085,-1086,-1087,-1088,-1089,-1090,-1091,-1092,-1091,-1092,-1091,-1090,-1089,-1090,-1089,-1088,-1087,-1086,-1085,-1086,-1085,-1084,-1085,-1086,-1087,-1088,-1089,-1088,-1087,-1088,-1089,-1090,-1091,-1092,-1091,-1090,-1091,-1092,-1091,-1092,-1093,-1092,-1091,-1090,-1091,-1092,-1091,-1090,-1091,-1092,-1091,-1092,-1093,-1092,-1091,-1090,-1091,-1090,-1091,-1092,-1091,-1092,-1091,-1092,-1091,-1090,-1089,-1090,-1089,-1088,-1087,-1088,-1087,-1086,-1085,-1084,-1083,-1082,-1081,-1080,-1079,-1080,-1079,-1078,-1077,-1078,-1077,-1078,-1079,-1078,-1079,-1080,-1081,-1080,-1079,-1080,-1079,-1078,-1079,-1078,-1079,-1078,-1079,-1078,-1077,-1078,-1077,-1078,-1079,-1080,-1079,-1080,-1081,-1080,-1081,-1080,-1081,-1080,-1081,-1080,-1079,-1078,-1077,-1078,-1079,-1078,-1077,-1076,-1075,-1074,-1073,-1072,-1071,-1070,-1071,-1072,-1073,-1072,-1071,-1072,-1071,-1070,-1069,-1068,-1067,-1066,-1065,-1064,-1065,-1064,-1065,-1066,-1067,-1066,-1067,-1068,-1069,-1070,-1071,-1072,-1071,-1070,-1069,-1068,-1067,-1068,-1067,-1068,-1069,-1068,-1069,-1068,-1069,-1068,-1069,-1068,-1067,-1066,-1065,-1064,-1065,-1066,-1065,-1066,-1065,-1064,-1065,-1064,-1063,-1062,-1061,-1060,-1059,-1058,-1059,-1058,-1059,-1060,-1061,-1062,-1063,-1064,-1065,-1066,-1067,-1066,-1065,-1064,-1063,-1062,-1061,-1062,-1061,-1062,-1061,-1062,-1061,-1060,-1061,-1062,-1063,-1062,-1063,-1062,-1063,-1064,-1065,-1066,-1065,-1066,-1067,-1066,-1065,-1064,-1065,-1064,-1063,-1062,-1061,-1062,-1061,-1062,-1061,-1060,-1059,-1060,-1061,-1062,-1061,-1060,-1059,-1058,-1057,-1058,-1057,-1058,-1059,-1060,-1061,-1060,-1059,-1060,-1061,-1060,-1059,-1058,-1057,-1058,-1057,-1058,-1057,-1058,-1057,-1056,-1055,-1056,-1055,-1056,-1057,-1056,-1055,-1054,-1055,-1056,-1057,-1056,-1057,-1058,-1057,-1056,-1057,-1058,-1059,-1058,-1057,-1058,-1059,-1060,-1061,-1062,-1063,-1062,-1063,-1062,-1061,-1060,-1059,-1060,-1059,-1060,-1061,-1060,-1061,-1060,-1061,-1060,-1061,-1060,-1059,-1060,-1059,-1060,-1059,-1060,-1061,-1062,-1061,-1060,-1059,-1058,-1059,-1060,-1059,-1058,-1057,-1056,-1055,-1056,-1057,-1058,-1057,-1058,-1057,-1056,-1057,-1056,-1057,-1056,-1057,-1058,-1057,-1058,-1057,-1056,-1057,-1056,-1055,-1056,-1055,-1056,-1057,-1056,-1055,-1054,-1055,-1056,-1057,-1058,-1059,-1060,-1061,-1060,-1059,-1060,-1061,-1062,-1063,-1064,-1065,-1064,-1063,-1062,-1061,-1060,-1059,-1058,-1057,-1058,-1057,-1058,-1057,-1056,-1055,-1056,-1057,-1056,-1057,-1056,-1057,-1056,-1057,-1058,-1059,-1058,-1057,-1056,-1055,-1056,-1057,-1056,-1057,-1058,-1057,-1056,-1055,-1056,-1057,-1056,-1057,-1058,-1057,-1056,-1057,-1058,-1057,-1058,-1057,-1058,-1059,-1058,-1059,-1060,-1059,-1058,-1059,-1060,-1061,-1062,-1061,-1060,-1059,-1058,-1057,-1058,-1057,-1058,-1059,-1058,-1059,-1058,-1057,-1056,-1055,-1056,-1055,-1056,-1055,-1056,-1057,-1056,-1057,-1056,-1055,-1054,-1055,-1054,-1055,-1056,-1055,-1056,-1057,-1056,-1055,-1056,-1057,-1056,-1055,-1056,-1057,-1056,-1057,-1058,-1059,-1058,-1059,-1058,-1057,-1058,-1057,-1056,-1055,-1056,-1057,-1056,-1055,-1054,-1053,-1054,-1053,-1054,-1053,-1052,-1051,-1052,-1053,-1054,-1053,-1052,-1051,-1052,-1051,-1050,-1049,-1050,-1051,-1052,-1053,-1052,-1053,-1052,-1053,-1052,-1051,-1050,-1049,-1048,-1047,-1046,-1047,-1048,-1047,-1048,-1049,-1048,-1049,-1050,-1049,-1050,-1051,-1050,-1049,-1048,-1049,-1048,-1049,-1050,-1051,-1050,-1051,-1052,-1053,-1052,-1053,-1052,-1051,-1050,-1049,-1048,-1047,-1048,-1049,-1048,-1049,-1048,-1047,-1048,-1047,-1048,-1047,-1048,-1047,-1048,-1049,-1050,-1051,-1050,-1049,-1050,-1049,-1048,-1047,-1048,-1049,-1050,-1051,-1052,-1051,-1052,-1051,-1050,-1049,-1050,-1049,-1048,-1049,-1048,-1047,-1048,-1049,-1048,-1049,-1048,-1049,-1050,-1051,-1052,-1051,-1052,-1053,-1054,-1055,-1056,-1055,-1056,-1057,-1056,-1055,-1054,-1053,-1052,-1051,-1052,-1051,-1052,-1051,-1052,-1051,-1052,-1053,-1054,-1055,-1054,-1055,-1054,-1055,-1056,-1057,-1058,-1057,-1058,-1059,-1058,-1057,-1056,-1055,-1054,-1053,-1052,-1053,-1054,-1053,-1054,-1053,-1054,-1053,-1054,-1053,-1052,-1051,-1050,-1051,-1050,-1049,-1050,-1049,-1050,-1049,-1050,-1049,-1048,-1047,-1048,-1049,-1048,-1047,-1048,-1047,-1048,-1049,-1048,-1049,-1050,-1049,-1050,-1051,-1050,-1049,-1048,-1047,-1046,-1045,-1046,-1045,-1046,-1045,-1044,-1043,-1044,-1043,-1044,-1045,-1044,-1043,-1044,-1045,-1046,-1047,-1048,-1049,-1048,-1047,-1046,-1047,-1048,-1049,-1048,-1049,-1050,-1051,-1052,-1053,-1054,-1053,-1052,-1051,-1050,-1049,-1048,-1047,-1046,-1047,-1048,-1047,-1046,-1045,-1046,-1045,-1044,-1045,-1044,-1045,-1044,-1045,-1044,-1045,-1044,-1045,-1044,-1043,-1042,-1043,-1042,-1041,-1042,-1041,-1042,-1041,-1040,-1039,-1040,-1041,-1040,-1039,-1040,-1041,-1042,-1043,-1042,-1041,-1042,-1043,-1042,-1041,-1040,-1041,-1040,-1039,-1040,-1041,-1040,-1039,-1040,-1041,-1040,-1039,-1038,-1039,-1040,-1041,-1040,-1041,-1040,-1041,-1040,-1039,-1040,-1041,-1040,-1039,-1040,-1041,-1040,-1039,-1038,-1037,-1036,-1037,-1036,-1035,-1034,-1035,-1034,-1035,-1034,-1033,-1032,-1033,-1034,-1035,-1034,-1033,-1034,-1035,-1034,-1033,-1034,-1035,-1034,-1033,-1032,-1033,-1034,-1033,-1034,-1033,-1032,-1031,-1030,-1029,-1028,-1027,-1028,-1027,-1028,-1027,-1026,-1027,-1028,-1027,-1028,-1029,-1030,-1031,-1030,-1031,-1032,-1031,-1032,-1033,-1034,-1035,-1036,-1037,-1038,-1039,-1040,-1039,-1040,-1039,-1040,-1041,-1042,-1041,-1040,-1041,-1042,-1043,-1042,-1041,-1040,-1039,-1038,-1039,-1038,-1039,-1038,-1039,-1038,-1037,-1038,-1039,-1040,-1039,-1038,-1037,-1038,-1037,-1038,-1039,-1040,-1039,-1038,-1037,-1036,-1037,-1036,-1035,-1034,-1035,-1034,-1035,-1036,-1035,-1036,-1035,-1036,-1037,-1038,-1039,-1040,-1041,-1040,-1041,-1040,-1041,-1040,-1041,-1042,-1041,-1042,-1043,-1042,-1041,-1042,-1043,-1042,-1043,-1044,-1043,-1044,-1045,-1046,-1047,-1046,-1045,-1046,-1047,-1046,-1047,-1046,-1045,-1046,-1045,-1044,-1045,-1044,-1045,-1044,-1043,-1042,-1043,-1042,-1043,-1044,-1045,-1044,-1043,-1044,-1045,-1044,-1043,-1042,-1043,-1044,-1045,-1046,-1047,-1046,-1047,-1046,-1047,-1046,-1045,-1046,-1047,-1046,-1047,-1048,-1047,-1046,-1045,-1044,-1043,-1042,-1041,-1042,-1043,-1042,-1043,-1042,-1041,-1040,-1039,-1040,-1039,-1040,-1039,-1040,-1041,-1040,-1041,-1042,-1043,-1044,-1045,-1044,-1043,-1042,-1043,-1044,-1045,-1046,-1047,-1046,-1047,-1048,-1049,-1048,-1047,-1048,-1049,-1050,-1049,-1048,-1049,-1050,-1049,-1050,-1049,-1050,-1051,-1052,-1051,-1050,-1049,-1050,-1049,-1050,-1051,-1052,-1051,-1052,-1051,-1050,-1051,-1050,-1049,-1048,-1049,-1050,-1051,-1052,-1051,-1052,-1053,-1052,-1051,-1050,-1051,-1050,-1051,-1050,-1049,-1050,-1049,-1048,-1049,-1050,-1049,-1050,-1051,-1050,-1049,-1048,-1047,-1046,-1045,-1044,-1045,-1046,-1045,-1046,-1047,-1048,-1049,-1048,-1047,-1046,-1045,-1046,-1047,-1046,-1045,-1044,-1043,-1042,-1043,-1042,-1041,-1040,-1041,-1042,-1041,-1042,-1043,-1044,-1043,-1042,-1043,-1044,-1045,-1046,-1047,-1048,-1047,-1046,-1047,-1046,-1045,-1044,-1043,-1042,-1041,-1042,-1043,-1044,-1043,-1044,-1045,-1044,-1043,-1044,-1043,-1044,-1043,-1044,-1045,-1044,-1045,-1046,-1045,-1044,-1045,-1046,-1047,-1048,-1049,-1050,-1049,-1050,-1051,-1050,-1049,-1048,-1047,-1046,-1045,-1044,-1045,-1044,-1045,-1044,-1043,-1042,-1043,-1042,-1043,-1044,-1045,-1044,-1043,-1044,-1045,-1044,-1043,-1042,-1043,-1044,-1043,-1044,-1045,-1044,-1045,-1044,-1043,-1042,-1043,-1044,-1045,-1046,-1045,-1046,-1047,-1048,-1049,-1050,-1051,-1052,-1053,-1052,-1053,-1054,-1055,-1056,-1057,-1058,-1059,-1060,-1061,-1062,-1063,-1064,-1065,-1066,-1067,-1068,-1069,-1070,-1069,-1068,-1067,-1068,-1067,-1066,-1065,-1064,-1065,-1066,-1067,-1068,-1069,-1070,-1069,-1070,-1069,-1070,-1069,-1070,-1069,-1068,-1069,-1070,-1071,-1070,-1071,-1072,-1073,-1072,-1073,-1074,-1075,-1074,-1073,-1074,-1075,-1076,-1077,-1078,-1079,-1080,-1079,-1078,-1079,-1078,-1079,-1080,-1079,-1078,-1079,-1078,-1079,-1078,-1079,-1080,-1079,-1078,-1077,-1076,-1077,-1078,-1077,-1076,-1077,-1078,-1077,-1078,-1077,-1076,-1075,-1076,-1077,-1076,-1077,-1078,-1077,-1076,-1075,-1076,-1075,-1074,-1073,-1072,-1073,-1074,-1075,-1076,-1077,-1076,-1075,-1076,-1075,-1074,-1075,-1076,-1077,-1076,-1077,-1078,-1079,-1078,-1079,-1078,-1077,-1078,-1079,-1078,-1079,-1080,-1079,-1080,-1079,-1078,-1079,-1078,-1079,-1078,-1077,-1076,-1077,-1076,-1075,-1074,-1075,-1074,-1075,-1076,-1077,-1078,-1077,-1078,-1079,-1078,-1079,-1080,-1081,-1082,-1081,-1080,-1079,-1080,-1079,-1078,-1079,-1080,-1079,-1078,-1077,-1078,-1077,-1078,-1079,-1078,-1079,-1078,-1079,-1080,-1081,-1080,-1081,-1080,-1079,-1078,-1079,-1078,-1079,-1078,-1079,-1080,-1081,-1080,-1081,-1082,-1081,-1082,-1081,-1080,-1079,-1080,-1079,-1078,-1079,-1078,-1077,-1076,-1075,-1076,-1077,-1078,-1077,-1078,-1077,-1078,-1077,-1078,-1079,-1080,-1081,-1082,-1083,-1082,-1083,-1082,-1083,-1082,-1081,-1080,-1081,-1080,-1079,-1078,-1079,-1080,-1081,-1080,-1081,-1080,-1081,-1082,-1083,-1082,-1081,-1080,-1079,-1080,-1079,-1080,-1081,-1080,-1081,-1082,-1081,-1080,-1081,-1080,-1079,-1080,-1081,-1080,-1081,-1082,-1081,-1082,-1083,-1084,-1085,-1084,-1085,-1084,-1085,-1084,-1085,-1086,-1085,-1084,-1083,-1082,-1083,-1082,-1081,-1080,-1079,-1080,-1081,-1080,-1079,-1078,-1079,-1080,-1081,-1080,-1081,-1080,-1079,-1078,-1077,-1076,-1077,-1078,-1077,-1078,-1079,-1078,-1077,-1076,-1075,-1076,-1075,-1074,-1075,-1074,-1073,-1072,-1073,-1072,-1071,-1072,-1071,-1070,-1071,-1072,-1071,-1072,-1071,-1072,-1073,-1074,-1073,-1074,-1075,-1076,-1077,-1078,-1077,-1076,-1075,-1074,-1075,-1076,-1075,-1076,-1075,-1074,-1073,-1072,-1073,-1074,-1073,-1074,-1073,-1074,-1073,-1074,-1073,-1074,-1075,-1076,-1077,-1078,-1077,-1076,-1075,-1074,-1075,-1074,-1075,-1076,-1075,-1076,-1077,-1076,-1077,-1076,-1075,-1076,-1075,-1076,-1077,-1078,-1077,-1076,-1077,-1078,-1079,-1080,-1079,-1078,-1079,-1080,-1079,-1080,-1079,-1080,-1079,-1080,-1079,-1080,-1079,-1080,-1079,-1080,-1081,-1080,-1079,-1078,-1079,-1080,-1081,-1082,-1083,-1082,-1081,-1080,-1079,-1080,-1081,-1080,-1081,-1080,-1081,-1080,-1081,-1080,-1081,-1080,-1079,-1078,-1079,-1080,-1079,-1080,-1081,-1080,-1079,-1080,-1081,-1080,-1081,-1080,-1081,-1082,-1081,-1080,-1081,-1080,-1081,-1082,-1081,-1082,-1081,-1080,-1081,-1080,-1079,-1080,-1079,-1078,-1077,-1078,-1079,-1078,-1079,-1078,-1077,-1076,-1075,-1076,-1077,-1078,-1077,-1076,-1075,-1074,-1075,-1074,-1075,-1074,-1073,-1074,-1075,-1076,-1075,-1074,-1073,-1072,-1071,-1070,-1071,-1070,-1069,-1068,-1069,-1070,-1069,-1068,-1069,-1068,-1067,-1066,-1067,-1068,-1067,-1068,-1069,-1070,-1071,-1072,-1071,-1070,-1071,-1072,-1073,-1074,-1073,-1074,-1073,-1072,-1073,-1072,-1071,-1070,-1071,-1070,-1069,-1068,-1067,-1066,-1065,-1064,-1065,-1066,-1067,-1066,-1065,-1066,-1067,-1066,-1067,-1066,-1065,-1066,-1065,-1064,-1063,-1062,-1063,-1062,-1061,-1060,-1059,-1060,-1059,-1060,-1059,-1058,-1057,-1058,-1057,-1056,-1057,-1058,-1059,-1058,-1057,-1058,-1059,-1058,-1057,-1058,-1057,-1058,-1057,-1058,-1059,-1058,-1059,-1058,-1059,-1058,-1057,-1058,-1059,-1058,-1059,-1058,-1059,-1060,-1059,-1058,-1059,-1058,-1057,-1058,-1057,-1056,-1055,-1056,-1055,-1054,-1055,-1054,-1053,-1052,-1051,-1052,-1053,-1054,-1055,-1054,-1053,-1054,-1053,-1052,-1051,-1050,-1051,-1050,-1051,-1052,-1053,-1052,-1051,-1050,-1051,-1050,-1049,-1050,-1049,-1050,-1049,-1048,-1049,-1048,-1049,-1050,-1049,-1048,-1047,-1046,-1045,-1044,-1045,-1046,-1047,-1046,-1047,-1046,-1045,-1044,-1043,-1044,-1045,-1046,-1045,-1044,-1045,-1044,-1043,-1044,-1043,-1044,-1045,-1044,-1045,-1046,-1045,-1044,-1043,-1044,-1043,-1042,-1041,-1042,-1041,-1042,-1041,-1040,-1041,-1040,-1039,-1040,-1041,-1040,-1041,-1040,-1039,-1038,-1039,-1038,-1037,-1038,-1037,-1036,-1037,-1036,-1035,-1036,-1035,-1036,-1035,-1034,-1035,-1034,-1033,-1032,-1033,-1032,-1031,-1030,-1029,-1030,-1031,-1032,-1033,-1032,-1031,-1030,-1029,-1028,-1027,-1028,-1029,-1028,-1027,-1028,-1027,-1026,-1025,-1026,-1027,-1026,-1027,-1026,-1027,-1028,-1027,-1026,-1027,-1026,-1025,-1026,-1025,-1024,-1025,-1024,-1023,-1022,-1021,-1022,-1021,-1020,-1019,-1020,-1019,-1020,-1021,-1020,-1021,-1022,-1021,-1020,-1019,-1018,-1019,-1018,-1017,-1018,-1017,-1016,-1017,-1016,-1015,-1016,-1015,-1014,-1013,-1014,-1013,-1012,-1013,-1012,-1011,-1012,-1011,-1010,-1009,-1010,-1009,-1008,-1009,-1008,-1007,-1008,-1007,-1008,-1007,-1006,-1005,-1006,-1005,-1004,-1005,-1006,-1007,-1006,-1005,-1006,-1005,-1006,-1005,-1004,-1005,-1006,-1007,-1006,-1005,-1006,-1007,-1006,-1005,-1004,-1005,-1004,-1005,-1004,-1003,-1004,-1003,-1002,-1001,-1000,-999,-1000,-999,-998,-997,-996,-995,-994,-993,-992,-991,-992,-993,-994,-995,-994,-995,-994,-995,-994,-993,-994,-993,-992,-991,-992,-991,-992,-991,-992,-991,-990,-991,-990,-991,-992,-991,-992,-993,-992,-993,-992,-991,-990,-991,-990,-991,-992,-991,-990,-989,-988,-989,-988,-989,-990,-989,-990,-989,-990,-989,-988,-987,-988,-987,-986,-987,-988,-989,-990,-989,-988,-989,-988,-989,-988,-987,-988,-987,-986,-987,-986,-985,-984,-985,-984,-983,-984,-983,-982,-981,-982,-981,-980,-979,-978,-977,-976,-975,-974,-973,-972,-971,-970,-969,-968,-967,-966,-965,-966,-965,-964,-963,-962,-961,-960,-959,-958,-957,-956,-955,-954,-953,-954,-953,-954,-955,-956,-955,-954,-953,-954,-953,-952,-951,-950,-949,-948,-947,-946,-945,-944,-943,-942,-943,-944,-945,-944,-943,-944,-943,-942,-943,-944,-945,-946,-945,-946,-945,-944,-943,-942,-943,-942,-941,-940,-941,-940,-939,-938,-937,-936,-935,-934,-933,-932,-931,-930,-931,-930,-931,-932,-931,-930,-929,-928,-927,-926,-925,-924,-923,-922,-921,-920,-921,-920,-919,-918,-919,-918,-917,-918,-919,-918,-917,-918,-917,-916,-917,-918,-919,-920,-919,-920,-921,-920,-919,-920,-919,-918,-919,-918,-917,-918,-919,-918,-917,-916,-915,-916,-917,-918,-919,-918,-919,-918,-917,-916,-917,-916,-915,-914,-913,-912,-913,-912,-911,-912,-911,-910,-909,-908,-907,-906,-905,-904,-903,-902,-903,-902,-901,-900,-901,-900,-901,-900,-901,-902,-901,-900,-899,-900,-901,-902,-903,-904,-903,-904,-905,-904,-903,-904,-903,-904,-905,-904,-903,-902,-903,-902,-901,-900,-901,-900,-899,-900,-901,-902,-903,-902,-903,-904,-905,-904,-905,-904,-905,-904,-903,-902,-903,-902,-901,-902,-901,-902,-901,-900,-899,-900,-899,-898,-899,-898,-897,-898,-899,-900,-901,-900,-899,-900,-901,-902,-901,-900,-901,-900,-901,-900,-899,-900,-901,-900,-899,-900,-899,-898,-899,-898,-899,-900,-899,-898,-899,-898,-897,-896,-897,-896,-895,-894,-893,-894,-893,-894,-893,-894,-895,-896,-895,-894,-893,-894,-895,-894,-895,-894,-895,-896,-897,-898,-897,-896,-897,-898,-897,-896,-895,-894,-895,-894,-895,-894,-893,-894,-895,-894,-895,-896,-895,-896,-897,-898,-897,-896,-897,-898,-897,-898,-897,-898,-897,-896,-897,-898,-899,-900,-899,-898,-899,-898,-899,-898,-899,-898,-899,-898,-897,-898,-897,-898,-899,-898,-897,-898,-899,-900,-901,-902,-901,-900,-901,-900,-901,-900,-899,-898,-899,-900,-899,-898,-897,-898,-897,-896,-895,-894,-895,-896,-895,-894,-893,-892,-893,-892,-891,-890,-889,-888,-889,-888,-889,-888,-889,-890,-891,-890,-889,-890,-889,-888,-889,-888,-889,-890,-889,-888,-887,-888,-889,-890,-889,-888,-889,-888,-887,-886,-885,-884,-885,-884,-883,-884,-885,-886,-885,-884,-885,-884,-885,-884,-883,-884,-883,-884,-885,-884,-885,-886,-887,-886,-885,-886,-885,-886,-885,-884,-885,-886,-885,-886,-885,-886,-885,-884,-883,-884,-883,-884,-885,-884,-883,-882,-881,-880,-881,-882,-881,-882,-881,-882,-881,-882,-881,-880,-881,-882,-881,-880,-881,-882,-881,-880,-879,-880,-881,-880,-879,-878,-877,-878,-877,-878,-879,-878,-879,-880,-881,-880,-879,-880,-879,-878,-877,-878,-877,-878,-877,-876,-875,-874,-873,-874,-873,-872,-871,-870,-871,-872,-871,-870,-869,-870,-869,-870,-869,-870,-871,-872,-871,-870,-871,-870,-871,-870,-869,-870,-869,-868,-869,-870,-871,-870,-869,-870,-869,-868,-869,-870,-871,-870,-869,-868,-867,-868,-867,-868,-867,-868,-867,-866,-865,-866,-865,-864,-863,-862,-861,-860,-859,-858,-859,-860,-859,-858,-857,-856,-855,-854,-853,-852,-851,-850,-849,-848,-847,-846,-845,-844,-843,-842,-841,-840,-839,-838,-837,-836,-835,-834,-833,-832,-831,-830,-831,-830,-829,-830,-831,-830,-829,-828,-829,-828,-827,-826,-825,-824,-825,-824,-823,-824,-823,-822,-823,-824,-823,-822,-823,-822,-821,-820,-819,-818,-817,-818,-819,-818,-817,-816,-817,-816,-817,-816,-817,-816,-815,-816,-817,-816,-815,-816,-817,-818,-819,-818,-817,-816,-815,-816,-817,-816,-815,-814,-813,-814,-813,-812,-813,-812,-811,-812,-813,-812,-811,-812,-813,-812,-811,-810,-809,-808,-809,-808,-807,-808,-807,-806,-805,-806,-807,-808,-809,-810,-809,-808,-809,-808,-807,-806,-807,-808,-807,-806,-805,-804,-803,-802,-803,-804,-805,-806,-805,-804,-803,-802,-803,-804,-805,-804,-803,-804,-805,-806,-805,-804,-803,-804,-805,-806,-805,-804,-805,-806,-807,-808,-809,-810,-811,-812,-813,-814,-815,-816,-815,-814,-813,-814,-815,-816,-817,-816,-815,-814,-813,-814,-813,-814,-815,-816,-815,-816,-817,-818,-817,-816,-815,-816,-815,-814,-815,-816,-815,-816,-815,-814,-813,-812,-813,-814,-815,-814,-815,-814,-813,-814,-813,-812,-813,-814,-813,-812,-811,-812,-813,-812,-811,-810,-809,-810,-811,-810,-811,-812,-813,-812,-813,-812,-811,-810,-811,-810,-809,-808,-807,-808,-807,-808,-809,-808,-807,-808,-809,-810,-811,-812,-811,-810,-809,-810,-811,-810,-809,-810,-809,-810,-811,-812,-811,-812,-813,-812,-813,-812,-813,-814,-813,-814,-815,-816,-815,-816,-815,-816,-815,-814,-813,-812,-811,-812,-811,-812,-813,-812,-813,-812,-813,-812,-813,-814,-813,-812,-813,-814,-813,-812,-811,-810,-811,-812,-811,-812,-811,-810,-809,-810,-811,-810,-809,-808,-807,-806,-807,-808,-809,-808,-807,-808,-807,-806,-805,-806,-807,-808,-809,-810,-809,-808,-809,-808,-809,-810,-811,-810,-809,-810,-811,-810,-809,-808,-807,-808,-807,-806,-807,-806,-805,-804,-803,-804,-805,-804,-805,-804,-805,-806,-805,-806,-805,-804,-805,-804,-805,-804,-805,-806,-807,-806,-805,-804,-805,-806,-807,-808,-809,-808,-807,-808,-807,-806,-807,-808,-809,-808,-809,-808,-809,-810,-809,-808,-809,-808,-809,-808,-809,-810,-809,-808,-807,-808,-807,-808,-809,-808,-809,-808,-809,-808,-807,-806,-807,-806,-807,-806,-805,-804,-805,-804,-803,-802,-801,-800,-799,-798,-797,-796,-795,-794,-793,-792,-791,-792,-791,-790,-789,-788,-789,-790,-789,-788,-787,-786,-785,-784,-783,-782,-781,-782,-783,-784,-783,-782,-783,-782,-783,-784,-783,-782,-781,-782,-783,-784,-785,-784,-785,-784,-783,-784,-785,-784,-785,-786,-787,-788,-787,-786,-787,-786,-787,-788,-787,-788,-789,-788,-787,-786,-785,-786,-787,-786,-787,-788,-787,-786,-787,-788,-787,-788,-787,-786,-787,-786,-785,-784,-785,-786,-785,-784,-785,-786,-785,-784,-785,-784,-785,-784,-783,-784,-785,-784,-785,-786,-787,-788,-789,-790,-789,-788,-787,-786,-785,-784,-783,-784,-785,-784,-785,-784,-785,-786,-785,-786,-785,-784,-785,-786,-787,-786,-785,-786,-785,-784,-783,-784,-783,-782,-781,-780,-779,-778,-777,-776,-775,-774,-773,-772,-771,-770,-769,-768,-767,-768,-769,-770,-771,-772,-771,-772,-771,-770,-771,-770,-769,-768,-767,-768,-769,-770,-771,-772,-771,-770,-771,-772,-773,-772,-771,-772,-773,-772,-773,-772,-773,-774,-773,-774,-775,-776,-777,-776,-775,-774,-773,-774,-775,-774,-775,-774,-775,-776,-777,-776,-775,-776,-775,-776,-777,-778,-777,-776,-775,-774,-775,-774,-773,-772,-771,-770,-771,-772,-773,-774,-775,-774,-773,-774,-773,-772,-773,-772,-771,-772,-771,-770,-769,-768,-767,-768,-767,-766,-767,-766,-765,-764,-765,-764,-763,-764,-765,-766,-765,-764,-765,-766,-765,-766,-765,-764,-765,-764,-763,-764,-763,-762,-763,-762,-761,-762,-761,-760,-759,-760,-759,-760,-761,-762,-761,-760,-761,-762,-761,-762,-761,-762,-763,-764,-763,-762,-763,-764,-765,-766,-767,-766,-765,-766,-767,-768,-767,-766,-765,-764,-763,-762,-761,-762,-761,-760,-761,-762,-761,-760,-761,-760,-759,-760,-759,-758,-759,-758,-757,-758,-757,-756,-757,-756,-757,-758,-757,-758,-759,-758,-757,-756,-757,-756,-755,-754,-755,-754,-753,-754,-753,-752,-753,-752,-751,-750,-751,-750,-751,-752,-753,-754,-753,-754,-753,-754,-753,-754,-753,-752,-753,-752,-751,-752,-751,-752,-753,-752,-751,-750,-751,-750,-751,-752,-751,-752,-751,-752,-753,-752,-751,-750,-749,-748,-749,-750,-749,-750,-751,-752,-753,-752,-751,-750,-749,-748,-749,-750,-749,-748,-749,-748,-747,-748,-747,-746,-747,-746,-745,-744,-743,-742,-743,-742,-741,-740,-739,-740,-739,-740,-741,-740,-739,-740,-741,-740,-739,-738,-737,-738,-739,-738,-737,-736,-735,-736,-735,-734,-733,-732,-731,-730,-731,-730,-729,-728,-727,-726,-725,-726,-725,-726,-725,-724,-723,-724,-723,-722,-721,-720,-721,-720,-719,-718,-717,-718,-717,-716,-715,-716,-717,-716,-715,-714,-715,-716,-717,-718,-717,-718,-719,-718,-719,-720,-719,-720,-719,-718,-719,-720,-719,-718,-719,-718,-719,-720,-721,-722,-721,-720,-719,-718,-717,-716,-715,-714,-715,-714,-715,-716,-717,-716,-717,-718,-719,-720,-719,-718,-719,-720,-719,-718,-719,-718,-719,-720,-721,-722,-723,-722,-723,-722,-721,-722,-723,-724,-725,-724,-723,-722,-723,-724,-723,-724,-725,-726,-727,-726,-727,-728,-727,-728,-729,-728,-729,-730,-731,-732,-733,-734,-735,-736,-735,-734,-735,-736,-737,-738,-737,-736,-737,-736,-737,-736,-737,-738,-737,-738,-737,-738,-737,-736,-737,-738,-739,-740,-739,-740,-741,-740,-739,-740,-739,-740,-741,-740,-739,-738,-739,-740,-741,-740,-739,-740,-739,-740,-741,-740,-739,-738,-739,-738,-739,-740,-739,-738,-739,-740,-739,-740,-741,-742,-743,-744,-745,-746,-745,-746,-747,-746,-747,-746,-747,-748,-747,-746,-747,-746,-745,-744,-743,-742,-743,-742,-743,-744,-743,-744,-743,-742,-743,-744,-745,-746,-745,-744,-745,-744,-745,-746,-745,-744,-743,-742,-741,-740,-741,-740,-739,-738,-737,-738,-739,-738,-739,-740,-739,-740,-741,-742,-741,-742,-743,-742,-741,-740,-741,-742,-741,-740,-741,-740,-739,-738,-739,-738,-739,-738,-739,-738,-739,-740,-739,-738,-739,-740,-739,-738,-737,-738,-739,-738,-737,-736,-737,-736,-735,-736,-737,-738,-739,-738,-739,-740,-741,-742,-743,-742,-741,-740,-739,-740,-741,-740,-741,-742,-743,-744,-745,-746,-747,-746,-745,-746,-745,-744,-745,-744,-743,-742,-741,-742,-743,-742,-741,-740,-741,-740,-739,-740,-739,-740,-739,-738,-737,-738,-737,-738,-739,-738,-739,-740,-741,-742,-741,-740,-739,-738,-737,-738,-739,-738,-737,-738,-739,-738,-737,-738,-739,-738,-739,-740,-739,-740,-739,-738,-739,-738,-739,-740,-739,-740,-739,-740,-739,-738,-739,-738,-737,-738,-739,-738,-737,-738,-737,-738,-739,-738,-739,-738,-737,-738,-739,-738,-737,-736,-735,-736,-737,-736,-737,-736,-735,-734,-733,-732,-733,-734,-735,-734,-735,-736,-735,-736,-737,-738,-739,-740,-741,-740,-739,-738,-739,-738,-737,-738,-737,-736,-735,-734,-735,-736,-735,-736,-737,-738,-739,-738,-739,-738,-739,-740,-741,-740,-741,-742,-743,-742,-741,-742,-743,-742,-741,-740,-739,-740,-741,-740,-741,-740,-741,-742,-743,-742,-743,-744,-745,-746,-747,-746,-747,-746,-747,-748,-749,-750,-751,-750,-751,-752,-751,-752,-751,-750,-751,-750,-749,-748,-747,-748,-749,-750,-751,-752,-751,-750,-751,-750,-749,-748,-747,-746,-745,-744,-743,-744,-745,-746,-747,-746,-745,-746,-745,-744,-745,-746,-747,-746,-747,-746,-745,-746,-747,-746,-747,-748,-749,-748,-747,-746,-747,-746,-747,-748,-749,-750,-751,-752,-753,-752,-751,-750,-751,-750,-749,-748,-749,-750,-749,-750,-751,-750,-749,-748,-747,-746,-747,-746,-747,-748,-747,-748,-749,-750,-749,-748,-749,-750,-749,-748,-747,-746,-747,-746,-747,-748,-747,-746,-745,-746,-747,-748,-747,-748,-747,-746,-747,-748,-747,-746,-745,-746,-747,-746,-747,-746,-745,-746,-747,-748,-747,-746,-745,-744,-745,-746,-745,-746,-747,-748,-749,-750,-749,-750,-751,-752,-753,-754,-753,-752,-751,-750,-749,-748,-749,-750,-751,-752,-751,-752,-751,-750,-749,-748,-749,-748,-749,-750,-751,-752,-753,-754,-753,-754,-753,-752,-751,-750,-751,-752,-751,-750,-751,-750,-749,-748,-747,-748,-749,-748,-747,-746,-745,-744,-743,-742,-743,-742,-741,-742,-743,-742,-743,-742,-741,-740,-739,-738,-739,-740,-739,-740,-741,-740,-739,-738,-739,-738,-737,-736,-735,-734,-733,-734,-735,-736,-735,-736,-737,-738,-737,-738,-739,-740,-739,-738,-737,-738,-737,-738,-739,-740,-741,-740,-741,-742,-743,-744,-743,-742,-741,-740,-739,-740,-739,-740,-741,-742,-743,-742,-743,-744,-745,-746,-745,-746,-747,-748,-747,-748,-747,-746,-745,-744,-743,-742,-741,-740,-739,-738,-737,-736,-737,-736,-735,-734,-733,-732,-733,-734,-735,-734,-733,-732,-731,-730,-731,-730,-731,-730,-731,-730,-731,-732,-731,-730,-731,-732,-731,-732,-733,-732,-733,-734,-735,-736,-737,-738,-739,-738,-737,-738,-737,-738,-737,-736,-737,-736,-735,-736,-737,-736,-737,-738,-737,-736,-735,-734,-733,-734,-733,-732,-731,-732,-731,-732,-733,-734,-733,-734,-735,-734,-735,-736,-737,-738,-737,-738,-737,-738,-739,-738,-737,-738,-737,-738,-739,-740,-741,-740,-741,-742,-743,-742,-741,-742,-743,-742,-741,-742,-743,-742,-741,-742,-741,-740,-739,-738,-737,-738,-739,-738,-737,-736,-735,-736,-735,-736,-737,-738,-739,-740,-741,-740,-739,-738,-737,-738,-737,-736,-735,-736,-737,-738,-739,-740,-739,-740,-741,-742,-741,-740,-739,-740,-741,-740,-741,-742,-741,-742,-743,-742,-741,-740,-741,-742,-741,-740,-739,-738,-739,-740,-741,-740,-739,-738,-739,-740,-739,-738,-739,-738,-737,-738,-737,-738,-739,-740,-741,-742,-741,-740,-739,-738,-739,-738,-737,-738,-739,-740,-741,-742,-743,-744,-743,-742,-743,-744,-743,-742,-741,-742,-741,-742,-741,-740,-739,-740,-741,-742,-743,-742,-743,-742,-741,-740,-741,-742,-743,-744,-745,-744,-743,-744,-743,-742,-743,-742,-743,-744,-745,-746,-747,-748,-747,-746,-745,-746,-747,-746,-745,-746,-747,-746,-745,-746,-745,-746,-747,-748,-749,-748,-747,-748,-749,-750,-749,-750,-751,-752,-753,-752,-753,-752,-753,-752,-753,-754,-755,-754,-753,-754,-753,-752,-751,-752,-753,-754,-753,-752,-753,-752,-753,-754,-755,-754,-755,-754,-755,-756,-755,-754,-753,-752,-753,-754,-753,-752,-751,-752,-751,-750,-749,-750,-751,-752,-751,-752,-751,-750,-751,-752,-751,-752,-753,-754,-755,-756,-755,-756,-757,-756,-755,-756,-755,-754,-755,-754,-755,-756,-757,-758,-757,-756,-757,-758,-759,-758,-759,-760,-761,-762,-761,-760,-759,-758,-757,-758,-757,-756,-755,-754,-755,-756,-755,-754,-753,-754,-753,-754,-753,-754,-755,-754,-753,-752,-753,-752,-753,-754,-755,-754,-755,-754,-755,-754,-755,-756,-755,-756,-755,-756,-757,-758,-759,-758,-757,-756,-755,-754,-755,-756,-755,-756,-755,-756,-755,-754,-755,-756,-755,-756,-757,-756,-755,-756,-757,-756,-757,-756,-757,-756,-757,-758,-757,-756,-755,-756,-757,-756,-757,-758,-759,-758,-757,-756,-757,-756,-757,-756,-755,-754,-755,-756,-757,-758,-757,-756,-757,-758,-757,-756,-755,-754,-753,-752,-751,-750,-751,-752,-751,-750,-749,-750,-751,-752,-753,-754,-753,-752,-751,-752,-753,-752,-753,-752,-753,-752,-751,-752,-753,-754,-755,-756,-757,-756,-755,-754,-753,-754,-753,-752,-751,-750,-751,-750,-751,-752,-751,-750,-751,-752,-751,-750,-751,-752,-753,-754,-753,-752,-751,-750,-749,-748,-747,-748,-747,-748,-747,-746,-745,-744,-743,-742,-743,-742,-741,-742,-741,-740,-739,-740,-741,-740,-739,-738,-737,-736,-737,-738,-739,-740,-741,-740,-739,-740,-741,-740,-741,-740,-739,-740,-739,-738,-737,-736,-737,-736,-735,-734,-735,-736,-737,-736,-735,-734,-733,-734,-735,-736,-737,-738,-739,-738,-737,-736,-735,-736,-737,-736,-735,-736,-735,-734,-733,-732,-733,-732,-733,-734,-733,-734,-735,-734,-733,-734,-733,-732,-733,-734,-735,-734,-735,-736,-737,-738,-737,-736,-735,-736,-737,-738,-739,-740,-741,-742,-741,-740,-739,-738,-739,-740,-739,-740,-741,-740,-739,-738,-739,-740,-739,-738,-739,-738,-737,-738,-739,-738,-737,-736,-737,-738,-737,-738,-739,-738,-737,-736,-735,-734,-733,-732,-731,-730,-729,-728,-729,-730,-729,-728,-727,-728,-727,-728,-727,-726,-727,-728,-727,-726,-725,-724,-725,-726,-725,-724,-723,-722,-721,-722,-721,-722,-721,-720,-719,-718,-717,-718,-717,-718,-719,-720,-721,-722,-723,-722,-723,-722,-723,-724,-725,-726,-725,-724,-723,-722,-723,-722,-721,-722,-721,-722,-723,-724,-723,-722,-723,-722,-721,-722,-721,-720,-721,-722,-723,-724,-723,-722,-723,-722,-723,-724,-723,-722,-723,-724,-725,-724,-723,-724,-725,-726,-725,-724,-725,-724,-723,-724,-723,-724,-725,-724,-723,-722,-723,-724,-723,-724,-725,-726,-725,-724,-723,-722,-723,-724,-725,-724,-725,-726,-725,-726,-725,-724,-725,-724,-725,-726,-727,-728,-729,-728,-727,-728,-727,-728,-727,-726,-725,-724,-725,-726,-725,-724,-723,-722,-723,-722,-723,-722,-723,-724,-725,-726,-725,-724,-725,-724,-725,-724,-723,-722,-721,-720,-719,-718,-719,-718,-717,-716,-715,-716,-717,-716,-717,-718,-717,-718,-719,-720,-719,-720,-719,-720,-721,-722,-723,-724,-725,-724,-723,-722,-723,-722,-723,-724,-725,-724,-723,-722,-723,-724,-725,-726,-725,-726,-725,-724,-723,-724,-723,-722,-721,-720,-721,-722,-721,-722,-723,-724,-725,-724,-725,-724,-725,-724,-725,-724,-723,-724,-725,-726,-725,-724,-723,-722,-723,-724,-723,-722,-723,-724,-723,-724,-725,-724,-725,-724,-723,-724,-725,-726,-725,-726,-725,-726,-727,-728,-729,-730,-729,-728,-727,-726,-727,-726,-727,-726,-725,-724,-723,-722,-723,-722,-723,-724,-723,-724,-725,-726,-725,-724,-725,-724,-723,-722,-721,-720,-721,-722,-723,-722,-723,-724,-723,-724,-723,-722,-723,-722,-723,-724,-725,-724,-725,-724,-725,-726,-725,-724,-725,-726,-725,-726,-725,-724,-723,-722,-721,-722,-723,-724,-725,-724,-723,-722,-723,-722,-723,-722,-723,-724,-725,-726,-727,-726,-727,-728,-729,-728,-727,-726,-727,-726,-725,-724,-725,-726,-727,-726,-725,-724,-725,-724,-725,-724,-723,-722,-721,-722,-721,-720,-719,-718,-717,-716,-715,-714,-715,-714,-713,-714,-715,-714,-713,-712,-711,-712,-713,-712,-711,-712,-713,-712,-711,-710,-709,-708,-709,-710,-709,-710,-709,-708,-709,-710,-711,-710,-709,-708,-707,-706,-707,-706,-707,-706,-707,-708,-707,-708,-709,-708,-709,-710,-711,-712,-711,-710,-711,-710,-709,-708,-707,-708,-709,-708,-707,-708,-707,-708,-709,-708,-709,-708,-707,-708,-707,-706,-705,-706,-705,-706,-707,-708,-709,-708,-707,-706,-707,-706,-705,-704,-703,-702,-701,-700,-701,-702,-703,-702,-701,-702,-701,-702,-701,-700,-701,-702,-701,-702,-701,-702,-701,-700,-699,-700,-699,-700,-699,-698,-697,-698,-697,-698,-697,-696,-695,-694,-693,-694,-695,-694,-695,-696,-695,-696,-697,-698,-699,-698,-699,-698,-699,-698,-697,-698,-697,-696,-695,-696,-697,-696,-697,-696,-697,-696,-695,-694,-695,-696,-695,-694,-693,-694,-695,-696,-695,-694,-693,-692,-691,-692,-693,-692,-693,-694,-693,-694,-695,-696,-697,-696,-695,-694,-695,-694,-693,-694,-695,-696,-695,-694,-693,-694,-695,-694,-695,-694,-695,-696,-697,-698,-697,-696,-697,-696,-695,-694,-693,-694,-695,-696,-695,-696,-695,-696,-697,-696,-697,-696,-695,-694,-693,-692,-693,-692,-691,-690,-691,-690,-689,-690,-691,-690,-689,-688,-687,-688,-687,-688,-687,-686,-685,-686,-687,-686,-685,-684,-683,-682,-683,-682,-681,-680,-679,-678,-679,-678,-679,-680,-681,-680,-679,-678,-679,-680,-679,-680,-681,-680,-679,-678,-677,-676,-675,-674,-675,-674,-673,-674,-675,-674,-673,-672,-673,-672,-671,-670,-669,-668,-667,-668,-667,-666,-665,-664,-663,-662,-661,-662,-661,-662,-661,-660,-659,-660,-659,-660,-661,-662,-663,-664,-663,-664,-665,-664,-663,-662,-661,-662,-661,-660,-661,-660,-659,-658,-657,-656,-655,-654,-655,-656,-657,-658,-657,-658,-657,-656,-657,-658,-659,-658,-657,-656,-655,-654,-655,-656,-655,-654,-655,-656,-655,-654,-655,-656,-655,-656,-657,-658,-659,-660,-659,-658,-657,-656,-655,-656,-657,-658,-659,-658,-657,-656,-657,-658,-659,-658,-657,-656,-655,-654,-653,-652,-651,-650,-649,-650,-649,-650,-651,-650,-649,-648,-649,-648,-647,-646,-645,-646,-647,-648,-647,-648,-649,-650,-651,-652,-653,-654,-653,-652,-651,-652,-653,-654,-655,-656,-657,-656,-657,-656,-657,-656,-657,-658,-659,-660,-659,-658,-659,-658,-657,-658,-657,-656,-657,-656,-655,-654,-653,-654,-653,-654,-653,-654,-655,-654,-655,-654,-653,-654,-655,-656,-657,-656,-655,-654,-655,-656,-657,-658,-659,-658,-659,-658,-659,-660,-659,-658,-659,-658,-657,-656,-657,-658,-657,-656,-655,-654,-655,-654,-653,-652,-651,-650,-649,-648,-647,-646,-645,-644,-645,-646,-645,-646,-645,-644,-643,-642,-643,-642,-643,-642,-643,-642,-643,-644,-645,-644,-643,-642,-643,-642,-643,-642,-641,-642,-641,-642,-643,-644,-643,-644,-645,-644,-643,-642,-641,-640,-639,-640,-639,-638,-637,-636,-635,-636,-637,-636,-635,-636,-637,-636,-637,-638,-639,-638,-637,-636,-635,-634,-635,-634,-635,-636,-635,-634,-633,-634,-635,-636,-637,-638,-639,-638,-639,-638,-637,-638,-639,-640,-641,-642,-643,-644,-645,-646,-645,-646,-645,-646,-647,-646,-647,-648,-649,-650,-649,-648,-647,-646,-645,-646,-645,-644,-643,-642,-641,-640,-639,-640,-639,-640,-641,-642,-641,-642,-641,-642,-641,-640,-639,-640,-641,-642,-643,-642,-643,-644,-643,-644,-643,-642,-641,-640,-641,-642,-641,-642,-643,-644,-643,-642,-643,-642,-643,-644,-645,-646,-647,-646,-645,-644,-645,-644,-645,-646,-645,-646,-645,-644,-645,-646,-647,-648,-647,-648,-649,-650,-649,-648,-647,-648,-649,-648,-649,-650,-649,-650,-649,-648,-647,-648,-647,-646,-645,-646,-647,-646,-645,-646,-647,-646,-645,-644,-643,-644,-645,-644,-645,-646,-647,-646,-647,-648,-649,-650,-651,-652,-651,-652,-653,-652,-651,-652,-651,-652,-651,-652,-651,-652,-653,-652,-653,-654,-655,-654,-655,-654,-653,-652,-651,-652,-651,-650,-649,-648,-647,-646,-645,-646,-645,-646,-645,-646,-645,-644,-643,-642,-641,-642,-643,-644,-643,-644,-643,-644,-645,-644,-643,-644,-645,-644,-643,-642,-643,-642,-641,-642,-643,-644,-643,-644,-645,-646,-645,-646,-645,-646,-645,-644,-643,-642,-643,-642,-643,-644,-643,-642,-641,-640,-639,-640,-641,-640,-641,-640,-639,-640,-641,-642,-643,-642,-641,-640,-641,-640,-639,-638,-637,-636,-635,-634,-635,-634,-635,-636,-635,-636,-637,-638,-637,-638,-637,-636,-637,-636,-637,-636,-635,-636,-637,-638,-639,-638,-637,-636,-635,-634,-635,-634,-633,-634,-635,-634,-635,-634,-633,-632,-631,-630,-631,-632,-631,-630,-631,-632,-631,-630,-629,-628,-629,-630,-631,-630,-631,-630,-631,-630,-629,-630,-629,-630,-629,-628,-627,-626,-627,-628,-629,-628,-627,-628,-627,-628,-627,-628,-629,-628,-629,-630,-631,-632,-633,-632,-631,-630,-631,-630,-629,-628,-629,-628,-627,-628,-629,-628,-627,-626,-627,-626,-625,-624,-623,-622,-621,-620,-619,-620,-619,-618,-617,-618,-619,-618,-617,-616,-617,-618,-619,-620,-619,-618,-617,-616,-615,-614,-615,-614,-615,-614,-615,-616,-615,-614,-613,-612,-611,-612,-611,-612,-611,-612,-611,-612,-611,-612,-613,-612,-613,-612,-613,-614,-613,-614,-613,-612,-611,-610,-609,-608,-607,-606,-607,-608,-607,-606,-605,-604,-605,-604,-603,-602,-603,-602,-603,-604,-605,-606,-607,-608,-609,-610,-611,-610,-609,-610,-611,-610,-609,-608,-609,-610,-611,-612,-613,-614,-615,-614,-615,-614,-613,-614,-613,-612,-613,-612,-611,-612,-613,-612,-613,-614,-613,-612,-613,-614,-615,-614,-613,-614,-615,-616,-615,-614,-613,-612,-611,-612,-611,-610,-611,-610,-611,-612,-613,-614,-615,-616,-615,-614,-613,-612,-613,-614,-615,-616,-615,-616,-615,-616,-615,-614,-613,-612,-611,-610,-609,-608,-607,-608,-607,-608,-607,-606,-605,-604,-605,-606,-607,-608,-607,-608,-609,-608,-607,-606,-607,-608,-607,-606,-607,-608,-609,-610,-609,-608,-607,-608,-607,-606,-605,-604,-603,-602,-601,-600,-599,-598,-597,-596,-595,-594,-595,-594,-595,-596,-597,-596,-595,-594,-595,-596,-595,-594,-593,-594,-595,-596,-595,-594,-595,-594,-595,-596,-597,-596,-595,-594,-593,-594,-593,-592,-591,-590,-589,-588,-587,-586,-585,-584,-583,-584,-585,-584,-583,-582,-581,-582,-583,-582,-583,-584,-583,-584,-583,-582,-581,-580,-579,-578,-579,-580,-581,-580,-579,-578,-577,-576,-577,-578,-577,-578,-579,-580,-579,-578,-577,-578,-579,-578,-577,-576,-577,-576,-575,-574,-573,-572,-571,-570,-571,-572,-571,-572,-573,-572,-573,-572,-571,-572,-571,-570,-569,-568,-567,-566,-567,-566,-565,-564,-563,-562,-563,-564,-565,-566,-567,-566,-567,-566,-565,-566,-567,-568,-567,-566,-565,-564,-565,-564,-563,-562,-561,-560,-559,-560,-561,-560,-561,-560,-561,-562,-563,-562,-563,-564,-565,-566,-565,-564,-563,-562,-563,-562,-563,-564,-563,-564,-565,-566,-565,-566,-567,-566,-565,-564,-563,-562,-563,-562,-563,-564,-565,-564,-563,-562,-561,-560,-561,-562,-563,-562,-561,-560,-559,-560,-561,-560,-559,-558,-557,-556,-557,-556,-555,-554,-555,-556,-555,-554,-555,-556,-557,-558,-559,-560,-559,-560,-561,-560,-561,-560,-561,-560,-559,-560,-561,-562,-563,-562,-563,-562,-561,-560,-559,-560,-561,-560,-559,-558,-557,-556,-555,-554,-555,-556,-557,-556,-557,-556,-555,-554,-555,-556,-557,-556,-557,-556,-555,-556,-557,-558,-557,-558,-559,-558,-557,-558,-559,-558,-557,-556,-555,-556,-557,-556,-557,-558,-557,-558,-559,-560,-559,-558,-559,-558,-559,-558,-559,-560,-559,-558,-559,-560,-559,-560,-561,-562,-561,-562,-561,-562,-563,-562,-563,-562,-563,-564,-565,-566,-565,-566,-565,-566,-565,-566,-567,-568,-569,-568,-567,-568,-569,-568,-569,-568,-567,-566,-565,-564,-565,-564,-565,-564,-565,-566,-567,-566,-567,-568,-569,-568,-569,-570,-571,-570,-571,-572,-571,-570,-569,-568,-569,-568,-569,-570,-569,-570,-571,-572,-571,-570,-569,-570,-571,-570,-569,-568,-569,-568,-569,-570,-569,-568,-567,-566,-567,-566,-565,-564,-563,-564,-565,-564,-563,-562,-563,-564,-565,-564,-565,-566,-567,-568,-567,-568,-569,-568,-567,-566,-565,-564,-565,-564,-565,-566,-567,-568,-567,-568,-569,-568,-567,-566,-565,-566,-565,-566,-567,-566,-565,-564,-565,-566,-565,-564,-563,-562,-561,-560,-559,-558,-557,-556,-555,-556,-557,-556,-555,-556,-555,-556,-555,-554,-553,-554,-553,-552,-551,-550,-551,-552,-551,-550,-551,-552,-551,-550,-549,-548,-549,-548,-549,-548,-549,-548,-547,-546,-545,-546,-547,-548,-547,-546,-547,-546,-545,-544,-545,-546,-547,-546,-547,-548,-547,-548,-549,-550,-549,-548,-549,-548,-547,-546,-545,-544,-543,-542,-541,-542,-543,-542,-543,-542,-543,-542,-541,-540,-539,-538,-537,-538,-539,-538,-537,-536,-535,-534,-535,-536,-537,-538,-539,-540,-539,-540,-539,-540,-541,-542,-543,-544,-543,-544,-545,-546,-547,-548,-549,-550,-549,-548,-549,-550,-551,-552,-553,-554,-553,-554,-555,-556,-555,-554,-553,-552,-551,-550,-549,-550,-551,-550,-549,-550,-549,-550,-549,-550,-549,-548,-549,-550,-551,-552,-551,-550,-549,-548,-549,-550,-551,-552,-551,-552,-553,-554,-555,-556,-555,-556,-557,-558,-557,-558,-559,-560,-561,-562,-563,-562,-561,-560,-561,-560,-561,-560,-559,-560,-561,-560,-561,-560,-559,-558,-557,-556,-555,-554,-553,-554,-555,-556,-555,-554,-553,-554,-553,-552,-553,-552,-551,-550,-549,-548,-549,-548,-547,-548,-549,-550,-549,-548,-547,-548,-549,-548,-549,-548,-547,-546,-547,-548,-549,-550,-549,-548,-549,-550,-551,-550,-549,-548,-547,-546,-545,-544,-543,-544,-545,-546,-547,-548,-549,-550,-551,-552,-551,-550,-549,-548,-549,-550,-549,-550,-549,-548,-547,-546,-545,-544,-543,-542,-543,-542,-541,-542,-541,-542,-543,-544,-543,-542,-541,-540,-539,-538,-539,-538,-537,-538,-539,-538,-537,-538,-537,-536,-535,-534,-533,-532,-531,-530,-531,-532,-533,-532,-531,-530,-531,-530,-531,-530,-529,-528,-527,-526,-525,-524,-523,-522,-523,-522,-521,-522,-521,-522,-523,-524,-525,-526,-527,-528,-527,-528,-527,-528,-529,-530,-531,-530,-529,-530,-529,-528,-529,-528,-529,-530,-531,-532,-533,-534,-535,-534,-533,-532,-531,-530,-529,-530,-531,-532,-533,-532,-533,-534,-535,-534,-533,-532,-531,-532,-533,-534,-535,-534,-533,-532,-531,-532,-531,-530,-529,-528,-529,-530,-531,-532,-533,-534,-535,-534,-533,-532,-531,-530,-529,-528,-527,-526,-525,-524,-523,-524,-525,-524,-525,-524,-523,-524,-523,-524,-525,-526,-527,-526,-525,-524,-525,-524,-525,-526,-525,-526,-527,-526,-527,-526,-525,-526,-527,-526,-525,-524,-523,-524,-523,-524,-523,-524,-525,-526,-527,-526,-525,-526,-525,-526,-527,-526,-525,-524,-523,-522,-523,-524,-523,-524,-523,-522,-523,-524,-523,-524,-523,-524,-523,-524,-523,-522,-523,-522,-521,-520,-519,-518,-519,-520,-521,-520,-519,-518,-517,-516,-515,-514,-513,-514,-513,-514,-513,-512,-511,-510,-509,-510,-511,-512,-513,-512,-511,-510,-509,-508,-509,-510,-509,-510,-509,-510,-509,-510,-511,-510,-509,-510,-511,-510,-509,-508,-507,-508,-509,-510,-509,-510,-511,-510,-509,-510,-509,-508,-509,-510,-511,-510,-509,-508,-507,-506,-505,-506,-505,-506,-507,-506,-507,-508,-509,-508,-507,-506,-507,-508,-509,-510,-511,-510,-511,-510,-511,-510,-511,-512,-513,-512,-513,-514,-513,-514,-515,-516,-517,-516,-515,-514,-515,-514,-513,-512,-511,-510,-509,-508,-507,-506,-505,-504,-503,-502,-501,-502,-503,-504,-505,-504,-503,-502,-503,-504,-505,-506,-507,-508,-509,-510,-509,-508,-507,-508,-509,-510,-511,-510,-511,-512,-513,-514,-515,-516,-515,-514,-513,-512,-513,-514,-513,-514,-513,-512,-513,-514,-513,-512,-511,-510,-509,-508,-507,-506,-505,-504,-503,-502,-501,-500,-499,-500,-499,-498,-497,-498,-497,-496,-495,-496,-495,-496,-495,-496,-495,-494,-493,-494,-495,-494,-495,-494,-493,-492,-493,-494,-493,-492,-493,-494,-495,-496,-497,-496,-495,-496,-497,-496,-495,-494,-495,-496,-497,-498,-497,-496,-495,-496,-495,-494,-495,-496,-497,-498,-497,-498,-497,-496,-497,-498,-497,-496,-497,-496,-495,-496,-497,-496,-497,-496,-495,-494,-493,-492,-491,-490,-489,-488,-487,-488,-487,-488,-489,-488,-489,-488,-487,-486,-485,-484,-483,-482,-483,-484,-485,-486,-487,-486,-485,-484,-483,-482,-481,-480,-481,-482,-483,-484,-483,-482,-481,-482,-483,-484,-483,-484,-485,-486,-487,-488,-489,-488,-487,-486,-487,-486,-485,-484,-485,-484,-483,-482,-481,-480,-479,-480,-481,-480,-479,-478,-477,-478,-479,-480,-481,-482,-483,-482,-483,-484,-485,-486,-487,-488,-489,-490,-491,-490,-489,-488,-489,-490,-489,-488,-487,-486,-485,-486,-487,-486,-487,-486,-487,-488,-489,-488,-489,-488,-489,-490,-489,-488,-487,-486,-485,-486,-487,-486,-485,-486,-487,-486,-487,-486,-487,-488,-489,-488,-489,-490,-491,-492,-491,-490,-489,-488,-487,-488,-487,-486,-487,-486,-487,-488,-487,-486,-485,-484,-485,-486,-485,-486,-487,-488,-487,-488,-487,-488,-489,-490,-491,-490,-491,-490,-491,-492,-491,-490,-489,-488,-487,-488,-487,-488,-487,-486,-487,-486,-487,-486,-487,-488,-487,-488,-489,-490,-489,-488,-487,-486,-487,-486,-487,-488,-489,-488,-489,-490,-489,-488,-487,-486,-485,-484,-483,-482,-483,-484,-483,-482,-481,-482,-483,-484,-483,-482,-481,-480,-481,-482,-483,-484,-483,-482,-483,-482,-483,-484,-485,-484,-483,-484,-483,-484,-483,-484,-485,-486,-487,-486,-485,-486,-485,-486,-485,-484,-485,-486,-487,-488,-489,-488,-489,-490,-489,-490,-489,-488,-487,-486,-487,-486,-485,-484,-485,-484,-483,-482,-481,-482,-481,-480,-481,-480,-481,-480,-481,-482,-483,-482,-481,-482,-483,-484,-483,-482,-483,-482,-481,-482,-483,-482,-481,-480,-479,-478,-479,-480,-481,-482,-483,-484,-485,-484,-485,-486,-487,-486,-485,-484,-485,-486,-485,-486,-485,-486,-487,-488,-487,-488,-489,-488,-489,-488,-487,-488,-487,-486,-487,-488,-489,-488,-489,-488,-487,-486,-487,-486,-485,-484,-483,-482,-481,-482,-481,-480,-481,-482,-483,-484,-483,-482,-481,-482,-481,-482,-483,-482,-481,-480,-479,-478,-477,-476,-475,-474,-475,-476,-477,-476,-477,-476,-477,-478,-477,-476,-475,-476,-477,-478,-479,-480,-479,-480,-481,-480,-479,-478,-477,-478,-479,-480,-479,-480,-479,-478,-477,-478,-479,-480,-479,-480,-479,-478,-479,-480,-481,-480,-479,-478,-479,-478,-477,-476,-477,-478,-477,-478,-477,-476,-475,-474,-475,-474,-475,-474,-473,-472,-473,-472,-471,-470,-469,-468,-467,-466,-465,-464,-463,-464,-465,-466,-467,-466,-467,-466,-467,-466,-467,-468,-469,-468,-467,-468,-467,-468,-467,-468,-469,-470,-471,-470,-471,-470,-471,-470,-471,-470,-471,-472,-471,-470,-469,-468,-469,-468,-469,-468,-469,-470,-471,-470,-471,-470,-471,-470,-471,-470,-471,-472,-473,-474,-473,-474,-473,-474,-475,-474,-475,-474,-475,-476,-475,-474,-473,-472,-471,-472,-473,-472,-471,-472,-473,-472,-471,-472,-471,-472,-473,-472,-473,-472,-471,-472,-473,-474,-473,-474,-473,-474,-475,-476,-475,-476,-475,-476,-477,-478,-477,-478,-477,-476,-475,-474,-475,-476,-477,-476,-477,-478,-479,-478,-477,-476,-477,-476,-477,-478,-477,-476,-477,-478,-477,-478,-477,-478,-479,-480,-481,-482,-483,-484,-483,-484,-483,-484,-483,-484,-483,-484,-485,-486,-485,-484,-483,-484,-485,-486,-487,-486,-487,-488,-487,-486,-485,-484,-485,-486,-487,-486,-485,-486,-487,-488,-487,-488,-489,-488,-489,-490,-489,-490,-491,-492,-491,-492,-493,-494,-493,-494,-493,-494,-493,-494,-493,-492,-493,-492,-493,-492,-493,-494,-495,-494,-495,-494,-493,-494,-495,-494,-495,-496,-495,-494,-493,-492,-493,-494,-495,-496,-497,-496,-497,-498,-497,-498,-499,-498,-499,-498,-497,-496,-497,-498,-497,-496,-497,-498,-497,-496,-497,-498,-499,-498,-497,-498,-499,-500,-501,-502,-503,-504,-505,-504,-503,-504,-505,-506,-507,-506,-507,-508,-509,-508,-507,-508,-509,-510,-511,-512,-511,-510,-509,-508,-507,-508,-507,-506,-505,-506,-505,-504,-503,-504,-503,-504,-503,-504,-505,-506,-507,-506,-505,-506,-505,-504,-503,-502,-503,-504,-505,-506,-507,-508,-507,-506,-505,-506,-505,-504,-503,-502,-501,-500,-501,-502,-501,-500,-499,-498,-499,-500,-501,-500,-501,-502,-503,-504,-503,-504,-505,-504,-503,-502,-501,-500,-499,-498,-499,-500,-499,-498,-499,-500,-501,-500,-501,-500,-499,-500,-501,-500,-501,-502,-501,-500,-499,-498,-499,-500,-501,-500,-501,-500,-499,-500,-501,-502,-503,-502,-503,-504,-503,-502,-501,-500,-501,-500,-501,-500,-501,-500,-499,-498,-499,-500,-499,-498,-497,-498,-497,-496,-497,-498,-499,-498,-499,-500,-499,-498,-497,-498,-499,-498,-499,-500,-501,-502,-503,-504,-503,-502,-503,-504,-505,-506,-507,-508,-507,-508,-507,-508,-507,-508,-507,-508,-507,-506,-507,-508,-509,-510,-511,-510,-511,-510,-511,-512,-511,-512,-513,-514,-515,-514,-515,-514,-513,-512,-511,-512,-513,-514,-513,-514,-515,-514,-515,-514,-515,-516,-515,-516,-517,-516,-515,-514,-515,-516,-515,-514,-513,-514,-515,-514,-513,-512,-513,-514,-513,-514,-515,-516,-517,-516,-515,-516,-517,-518,-517,-516,-517,-518,-517,-516,-517,-516,-517,-516,-517,-518,-519,-518,-519,-520,-519,-520,-521,-520,-519,-520,-519,-518,-517,-516,-515,-516,-515,-516,-517,-518,-517,-518,-519,-520,-519,-520,-519,-520,-519,-520,-519,-520,-519,-518,-517,-518,-519,-518,-517,-516,-517,-516,-515,-516,-517,-518,-519,-518,-517,-518,-519,-518,-519,-520,-521,-522,-523,-522,-523,-524,-523,-524,-525,-524,-523,-522,-523,-524,-523,-524,-523,-524,-523,-524,-525,-524,-525,-526,-525,-526,-525,-524,-525,-526,-525,-526,-527,-526,-525,-524,-523,-524,-525,-526,-527,-528,-529,-530,-529,-528,-527,-528,-529,-528,-527,-528,-529,-530,-531,-530,-531,-532,-533,-534,-535,-536,-535,-536,-537,-536,-535,-534,-535,-536,-537,-536,-537,-538,-539,-540,-539,-540,-541,-540,-541,-542,-541,-540,-541,-540,-539,-538,-539,-540,-539,-540,-539,-540,-541,-540,-541,-542,-543,-544,-545,-546,-547,-548,-549,-550,-551,-552,-553,-554,-553,-554,-553,-552,-551,-552,-551,-552,-553,-552,-553,-554,-555,-554,-553,-552,-553,-554,-555,-554,-553,-552,-551,-550,-549,-548,-547,-546,-547,-548,-547,-548,-547,-546,-545,-544,-543,-542,-541,-540,-539,-538,-537,-536,-535,-534,-533,-532,-531,-530,-531,-532,-533,-532,-531,-530,-529,-528,-527,-528,-529,-530,-531,-530,-531,-530,-529,-528,-527,-528,-527,-528,-529,-528,-527,-526,-525,-524,-525,-526,-527,-526,-525,-524,-525,-524,-523,-522,-523,-522,-521,-522,-521,-520,-521,-520,-521,-520,-519,-518,-517,-518,-519,-518,-519,-518,-517,-518,-519,-518,-517,-516,-515,-514,-513,-512,-513,-514,-513,-512,-513,-514,-515,-514,-513,-512,-511,-510,-511,-510,-509,-510,-511,-512,-511,-510,-509,-508,-509,-510,-511,-512,-513,-512,-511,-512,-511,-512,-511,-510,-509,-510,-511,-510,-511,-512,-513,-514,-515,-516,-517,-516,-515,-514,-513,-512,-511,-512,-513,-514,-515,-516,-515,-516,-517,-516,-515,-514,-515,-516,-517,-516,-515,-516,-517,-518,-519,-518,-517,-516,-517,-518,-519,-518,-517,-516,-517,-516,-515,-514,-513,-514,-515,-516,-517,-516,-517,-518,-517,-516,-517,-518,-519,-518,-519,-518,-517,-518,-519,-520,-521,-522,-521,-522,-523,-524,-525,-524,-525,-526,-527,-526,-527,-528,-529,-528,-527,-526,-527,-528,-529,-528,-527,-528,-529,-528,-527,-526,-527,-528,-527,-526,-527,-528,-529,-530,-529,-530,-531,-530,-529,-528,-529,-530,-531,-532,-531,-530,-529,-530,-529,-528,-529,-528,-529,-528,-527,-526,-527,-528,-527,-528,-529,-530,-529,-528,-527,-526,-525,-524,-523,-522,-523,-522,-523,-522,-521,-520,-519,-520,-521,-522,-523,-524,-523,-524,-523,-524,-523,-524,-525,-524,-525,-524,-523,-522,-521,-520,-519,-520,-521,-522,-523,-522,-521,-520,-519,-520,-521,-522,-523,-522,-521,-522,-523,-524,-523,-522,-523,-524,-523,-524,-525,-524,-525,-526,-527,-528,-527,-526,-527,-528,-527,-526,-525,-524,-523,-524,-525,-524,-523,-522,-523,-522,-521,-522,-521,-520,-519,-518,-517,-518,-517,-516,-515,-514,-513,-514,-513,-512,-513,-514,-513,-514,-513,-514,-515,-514,-515,-516,-517,-516,-515,-516,-517,-516,-515,-514,-513,-514,-515,-514,-513,-512,-511,-510,-509,-508,-509,-510,-511,-510,-509,-508,-507,-506,-505,-504,-505,-506,-507,-506,-507,-506,-507,-508,-509,-508,-509,-510,-511,-510,-511,-512,-511,-510,-511,-512,-513,-512,-513,-514,-515,-514,-513,-512,-511,-510,-511,-510,-511,-512,-511,-510,-509,-510,-511,-512,-513,-514,-515,-516,-515,-516,-517,-518,-517,-516,-517,-518,-519,-518,-519,-520,-519,-518,-517,-518,-519,-518,-517,-518,-519,-520,-521,-522,-521,-522,-523,-522,-523,-524,-525,-524,-525,-526,-527,-528,-527,-528,-527,-526,-527,-526,-527,-526,-527,-528,-529,-528,-527,-526,-525,-526,-525,-524,-523,-522,-521,-520,-519,-518,-517,-518,-517,-516,-515,-514,-513,-512,-511,-510,-511,-510,-509,-510,-511,-510,-509,-508,-507,-508,-507,-506,-507,-506,-505,-504,-505,-506,-505,-504,-503,-502,-501,-500,-501,-500,-501,-502,-503,-504,-505,-504,-505,-506,-507,-508,-509,-508,-509,-510,-509,-508,-507,-506,-507,-506,-507,-508,-509,-508,-509,-510,-511,-510,-509,-510,-509,-510,-509,-508,-509,-510,-511,-510,-511,-512,-511,-510,-509,-508,-507,-506,-505,-506,-507,-508,-507,-508,-509,-508,-509,-508,-509,-510,-511,-512,-511,-510,-511,-512,-513,-512,-511,-512,-511,-512,-511,-510,-509,-508,-509,-508,-507,-506,-507,-506,-505,-504,-503,-504,-505,-506,-507,-508,-509,-510,-511,-510,-511,-512,-513,-514,-513,-512,-511,-510,-509,-508,-507,-508,-507,-506,-505,-506,-505,-504,-503,-502,-503,-504,-505,-504,-503,-502,-501,-500,-499,-498,-499,-500,-501,-502,-501,-502,-501,-500,-499,-498,-497,-498,-497,-496,-497,-498,-499,-500,-499,-498,-497,-496,-495,-494,-493,-492,-491,-490,-491,-490,-491,-492,-493,-494,-493,-492,-493,-494,-495,-496,-497,-496,-495,-494,-493,-494,-493,-492,-493,-494,-493,-492,-493,-492,-493,-494,-495,-496,-495,-496,-497,-496,-497,-498,-497,-496,-495,-494,-493,-494,-495,-496,-495,-494,-493,-492,-491,-490,-489,-488,-489,-488,-489,-488,-487,-486,-485,-486,-487,-488,-487,-488,-489,-488,-489,-490,-491,-490,-489,-490,-489,-490,-491,-492,-493,-494,-495,-494,-493,-492,-493,-492,-491,-492,-491,-490,-491,-490,-491,-490,-489,-490,-489,-488,-487,-486,-485,-484,-485,-484,-485,-486,-487,-488,-489,-490,-491,-490,-489,-490,-489,-490,-491,-492,-491,-490,-491,-492,-493,-494,-493,-492,-491,-490,-489,-488,-489,-490,-489,-490,-489,-488,-489,-490,-489,-488,-487,-488,-487,-486,-487,-488,-487,-488,-489,-490,-491,-492,-493,-492,-491,-492,-493,-494,-495,-496,-497,-496,-497,-496,-495,-496,-497,-498,-499,-500,-499,-498,-499,-498,-499,-498,-497,-496,-495,-494,-495,-496,-497,-496,-497,-498,-497,-498,-499,-498,-499,-500,-499,-500,-501,-500,-499,-498,-499,-498,-499,-500,-499,-498,-499,-498,-497,-496,-495,-494,-495,-494,-493,-494,-495,-496,-497,-498,-497,-496,-495,-494,-495,-494,-493,-492,-491,-492,-493,-494,-493,-494,-495,-496,-497,-498,-497,-496,-497,-498,-497,-496,-495,-494,-493,-492,-493,-492,-491,-490,-489,-490,-489,-490,-489,-488,-487,-488,-487,-486,-487,-488,-489,-488,-489,-490,-491,-492,-491,-492,-491,-492,-491,-490,-491,-492,-493,-494,-495,-494,-495,-496,-495,-496,-497,-498,-499,-500,-499,-500,-501,-502,-501,-500,-499,-498,-499,-498,-499,-498,-497,-498,-499,-500,-501,-502,-503,-504,-503,-504,-505,-506,-507,-506,-505,-504,-505,-506,-507,-508,-507,-506,-505,-506,-507,-508,-509,-510,-509,-508,-507,-506,-507,-506,-505,-504,-505,-506,-505,-506,-505,-504,-505,-504,-503,-504,-505,-506,-505,-506,-505,-504,-505,-504,-503,-504,-505,-506,-505,-506,-507,-506,-507,-506,-505,-506,-507,-508,-509,-510,-509,-510,-509,-508,-507,-506,-507,-508,-509,-510,-509,-508,-507,-506,-505,-504,-505,-504,-505,-506,-505,-504,-503,-504,-505,-504,-505,-506,-505,-506,-507,-506,-507,-506,-505,-506,-507,-508,-507,-506,-505,-506,-507,-508,-507,-508,-507,-508,-509,-508,-507,-506,-505,-504,-505,-506,-505,-506,-505,-504,-503,-504,-503,-502,-501,-500,-499,-498,-499,-498,-497,-496,-495,-494,-493,-492,-491,-490,-489,-488,-487,-486,-485,-484,-485,-484,-483,-482,-483,-482,-481,-482,-481,-480,-479,-478,-477,-476,-477,-478,-477,-476,-477,-476,-477,-478,-477,-478,-479,-480,-481,-480,-479,-478,-477,-478,-479,-480,-481,-482,-483,-482,-483,-482,-481,-482,-483,-484,-483,-484,-485,-486,-485,-486,-487,-486,-485,-484,-483,-484,-483,-484,-483,-484,-483,-482,-481,-480,-479,-480,-479,-478,-479,-478,-479,-480,-479,-478,-479,-480,-481,-482,-483,-484,-483,-484,-483,-484,-485,-486,-485,-486,-487,-488,-489,-490,-489,-488,-489,-488,-487,-486,-485,-486,-487,-488,-487,-486,-485,-486,-485,-486,-485,-484,-483,-482,-481,-482,-481,-480,-481,-480,-479,-478,-479,-478,-479,-478,-477,-476,-477,-478,-477,-478,-479,-478,-477,-476,-475,-474,-475,-476,-475,-476,-475,-476,-475,-476,-475,-474,-475,-476,-477,-476,-475,-474,-473,-472,-473,-474,-475,-476,-475,-474,-473,-474,-475,-474,-475,-476,-477,-476,-477,-478,-477,-476,-477,-478,-479,-478,-477,-478,-479,-480,-481,-482,-481,-482,-483,-484,-485,-486,-487,-488,-487,-486,-487,-486,-487,-486,-485,-486,-485,-486,-487,-486,-487,-488,-487,-486,-485,-486,-487,-488,-489,-488,-489,-488,-487,-486,-485,-486,-487,-486,-487,-486,-485,-486,-485,-486,-485,-486,-485,-486,-485,-486,-487,-488,-487,-488,-489,-488,-489,-488,-489,-490,-491,-492,-491,-490,-491,-490,-489,-488,-489,-490,-489,-490,-489,-488,-489,-490,-491,-492,-491,-492,-493,-492,-491,-492,-491,-490,-489,-488,-487,-486,-487,-486,-487,-486,-487,-488,-489,-490,-491,-490,-491,-490,-491,-492,-491,-490,-489,-488,-489,-488,-487,-486,-485,-484,-483,-484,-485,-484,-485,-486,-487,-486,-485,-484,-483,-482,-481,-482,-481,-480,-481,-482,-483,-484,-483,-482,-481,-482,-483,-484,-483,-482,-483,-482,-483,-484,-485,-484,-483,-482,-483,-484,-485,-484,-485,-484,-485,-486,-485,-484,-483,-482,-481,-480,-481,-482,-483,-482,-483,-484,-485,-484,-485,-486,-485,-486,-485,-484,-485,-486,-487,-488,-487,-486,-485,-484,-483,-482,-483,-482,-481,-480,-481,-482,-483,-484,-483,-482,-483,-484,-485,-486,-485,-486,-485,-486,-485,-486,-485,-484,-485,-486,-487,-486,-487,-488,-487,-488,-489,-490,-489,-490,-489,-490,-491,-490,-491,-492,-493,-494,-493,-494,-495,-494,-495,-494,-495,-496,-497,-496,-497,-498,-497,-496,-497,-498,-497,-498,-497,-496,-495,-494,-495,-496,-495,-494,-493,-494,-493,-494,-493,-494,-493,-494,-495,-496,-495,-494,-493,-494,-493,-494,-493,-492,-491,-490,-489,-490,-491,-490,-491,-492,-493,-492,-491,-490,-489,-490,-491,-492,-493,-492,-491,-492,-493,-492,-493,-492,-493,-492,-491,-490,-491,-492,-493,-492,-491,-490,-489,-490,-491,-492,-493,-494,-495,-496,-497,-496,-495,-494,-493,-494,-493,-492,-491,-492,-491,-492,-493,-492,-491,-492,-491,-492,-491,-492,-493,-492,-491,-490,-491,-492,-491,-490,-489,-490,-489,-488,-489,-490,-491,-492,-493,-494,-495,-494,-495,-496,-495,-494,-495,-496,-495,-494,-493,-492,-493,-494,-495,-496,-495,-494,-495,-494,-493,-492,-491,-490,-491,-492,-491,-490,-489,-490,-489,-488,-489,-490,-491,-492,-493,-494,-495,-494,-493,-494,-493,-494,-495,-496,-495,-496,-495,-496,-495,-494,-493,-492,-493,-494,-493,-492,-491,-490,-489,-490,-491,-490,-489,-490,-491,-490,-491,-490,-491,-492,-493,-492,-493,-494,-495,-496,-497,-498,-499,-498,-499,-500,-499,-500,-499,-500,-501,-500,-499,-500,-499,-500,-501,-500,-499,-500,-501,-502,-501,-502,-501,-500,-499,-500,-499,-498,-499,-498,-497,-498,-499,-500,-499,-500,-499,-498,-497,-496,-495,-496,-497,-496,-495,-496,-497,-496,-497,-498,-499,-498,-499,-498,-497,-496,-495,-496,-495,-494,-493,-492,-493,-494,-495,-494,-493,-492,-491,-492,-491,-490,-489,-488,-487,-488,-489,-488,-487,-486,-485,-486,-485,-486,-485,-484,-485,-484,-485,-486,-485,-486,-485,-486,-485,-486,-487,-486,-485,-484,-485,-484,-485,-486,-487,-486,-485,-484,-485,-484,-485,-484,-485,-486,-485,-484,-483,-484,-483,-484,-483,-484,-483,-484,-485,-484,-483,-482,-481,-480,-479,-480,-479,-480,-479,-478,-479,-478,-477,-476,-477,-478,-477,-476,-477,-476,-475,-474,-475,-476,-477,-476,-475,-476,-475,-476,-477,-478,-477,-476,-475,-476,-475,-474,-473,-474,-475,-476,-475,-476,-477,-478,-477,-478,-477,-476,-475,-476,-477,-478,-479,-478,-479,-480,-481,-482,-483,-484,-483,-484,-483,-484,-483,-482,-483,-484,-485,-484,-483,-482,-481,-482,-481,-482,-481,-480,-481,-482,-483,-484,-485,-486,-485,-486,-487,-488,-489,-488,-487,-488,-489,-488,-489,-488,-487,-488,-487,-486,-485,-486,-485,-486,-485,-484,-483,-484,-483,-484,-483,-482,-483,-484,-483,-484,-485,-484,-485,-484,-485,-484,-483,-484,-483,-482,-483,-482,-481,-482,-483,-482,-481,-480,-479,-480,-481,-480,-479,-480,-479,-478,-477,-476,-477,-476,-477,-478,-477,-478,-477,-478,-477,-478,-479,-478,-477,-476,-475,-476,-475,-474,-475,-474,-473,-472,-473,-474,-475,-476,-475,-474,-475,-476,-477,-476,-477,-478,-477,-478,-479,-478,-477,-476,-475,-474,-473,-474,-475,-474,-473,-474,-473,-472,-471,-470,-469,-470,-469,-468,-469,-470,-469,-468,-469,-468,-469,-468,-469,-468,-469,-468,-467,-466,-465,-464,-465,-464,-463,-462,-461,-462,-461,-462,-463,-464,-465,-464,-465,-466,-465,-466,-465,-466,-467,-466,-467,-466,-467,-466,-467,-468,-469,-468,-467,-466,-467,-468,-469,-468,-467,-468,-469,-470,-469,-470,-469,-468,-467,-466,-465,-466,-465,-464,-463,-462,-461,-462,-463,-464,-463,-462,-463,-464,-465,-464,-463,-462,-463,-464,-463,-464,-465,-466,-465,-466,-467,-468,-469,-470,-471,-470,-471,-470,-469,-470,-471,-470,-469,-470,-469,-468,-467,-466,-467,-468,-467,-468,-469,-470,-469,-468,-469,-470,-471,-470,-471,-470,-471,-472,-471,-472,-473,-472,-473,-472,-473,-474,-473,-472,-471,-472,-471,-470,-471,-470,-469,-468,-469,-468,-467,-466,-465,-466,-467,-466,-467,-466,-465,-466,-465,-464,-463,-462,-463,-462,-461,-462,-461,-462,-461,-460,-459,-458,-459,-458,-459,-460,-459,-458,-459,-460,-459,-460,-461,-460,-459,-458,-457,-456,-457,-456,-457,-458,-459,-458,-459,-460,-459,-460,-461,-460,-461,-460,-461,-460,-461,-460,-459,-458,-459,-458,-457,-456,-457,-456,-455,-456,-455,-456,-455,-456,-457,-458,-459,-460,-459,-458,-459,-460,-461,-462,-461,-460,-459,-458,-457,-456,-455,-456,-457,-456,-457,-456,-457,-458,-459,-458,-457,-458,-459,-460,-459,-458,-459,-458,-457,-456,-455,-456,-457,-456,-455,-454,-453,-452,-453,-454,-455,-454,-453,-454,-455,-456,-455,-454,-453,-452,-451,-452,-453,-454,-453,-452,-453,-454,-453,-452,-453,-452,-453,-454,-455,-456,-457,-456,-455,-456,-455,-454,-455,-456,-455,-454,-453,-454,-455,-456,-457,-456,-457,-456,-455,-456,-457,-456,-455,-454,-455,-454,-453,-454,-455,-454,-455,-454,-455,-454,-455,-456,-457,-456,-455,-454,-453,-452,-453,-452,-451,-450,-449,-448,-447,-446,-447,-446,-445,-444,-445,-446,-447,-448,-449,-450,-449,-450,-449,-450,-451,-450,-449,-448,-449,-448,-447,-446,-447,-448,-449,-448,-447,-448,-449,-448,-447,-446,-447,-446,-447,-448,-447,-446,-447,-446,-447,-446,-447,-448,-449,-448,-447,-448,-449,-450,-451,-450,-451,-452,-451,-450,-451,-450,-449,-450,-449,-450,-449,-448,-449,-450,-451,-452,-451,-452,-451,-450,-449,-450,-451,-452,-453,-454,-455,-454,-453,-452,-451,-450,-449,-450,-449,-450,-449,-448,-449,-450,-449,-450,-451,-450,-449,-448,-447,-448,-447,-446,-447,-448,-449,-448,-447,-448,-449,-448,-449,-450,-451,-450,-451,-452,-453,-454,-453,-454,-455,-454,-455,-456,-455,-454,-453,-454,-455,-454,-453,-452,-453,-454,-453,-454,-455,-454,-453,-452,-453,-452,-451,-450,-449,-450,-451,-452,-453,-452,-453,-454,-455,-456,-455,-454,-455,-456,-455,-454,-453,-452,-451,-450,-449,-448,-447,-448,-447,-448,-447,-446,-445,-444,-443,-442,-443,-442,-441,-442,-441,-440,-439,-438,-439,-438,-437,-436,-437,-438,-439,-440,-441,-442,-443,-442,-443,-444,-445,-446,-447,-448,-449,-448,-449,-450,-451,-450,-451,-452,-453,-452,-453,-454,-453,-454,-455,-454,-453,-454,-455,-456,-455,-456,-457,-458,-459,-460,-459,-460,-461,-460,-461,-460,-461,-462,-463,-464,-463,-462,-461,-462,-461,-460,-461,-460,-459,-460,-459,-458,-459,-460,-459,-460,-461,-462,-463,-464,-463,-464,-463,-462,-461,-460,-461,-462,-463,-464,-463,-462,-463,-462,-461,-462,-461,-460,-461,-460,-461,-460,-459,-460,-459,-458,-459,-460,-461,-462,-461,-460,-461,-460,-461,-462,-463,-464,-465,-464,-465,-464,-465,-464,-465,-464,-465,-464,-463,-464,-465,-466,-467,-466,-467,-466,-467,-468,-469,-470,-469,-470,-471,-470,-471,-470,-471,-472,-473,-472,-473,-474,-475,-476,-475,-476,-475,-474,-475,-476,-477,-476,-477,-478,-477,-478,-479,-478,-477,-476,-477,-476,-475,-474,-473,-474,-475,-474,-475,-474,-473,-474,-473,-474,-475,-476,-475,-474,-475,-476,-477,-478,-477,-478,-479,-478,-477,-478,-477,-476,-477,-478,-477,-478,-477,-478,-479,-478,-477,-476,-477,-478,-477,-476,-475,-476,-477,-478,-477,-476,-475,-474,-473,-472,-473,-474,-473,-472,-473,-472,-471,-470,-471,-472,-471,-472,-473,-474,-475,-476,-475,-476,-477,-478,-477,-476,-475,-476,-475,-476,-475,-474,-475,-476,-477,-476,-475,-476,-477,-478,-479,-480,-479,-478,-477,-476,-477,-476,-475,-474,-473,-474,-475,-476,-475,-474,-473,-474,-473,-474,-475,-476,-475,-474,-473,-474,-475,-474,-473,-472,-471,-472,-471,-470,-471,-472,-473,-472,-471,-470,-471,-470,-469,-470,-471,-472,-473,-472,-473,-474,-473,-474,-473,-474,-475,-474,-473,-472,-473,-472,-471,-472,-471,-470,-471,-472,-471,-472,-471,-472,-473,-474,-475,-474,-473,-474,-475,-474,-473,-472,-471,-472,-473,-474,-475,-474,-473,-474,-473,-474,-475,-476,-475,-476,-475,-474,-475,-474,-473,-474,-473,-474,-475,-474,-475,-474,-475,-474,-475,-476,-477,-476,-477,-478,-477,-478,-477,-478,-477,-476,-475,-474,-475,-476,-477,-478,-479,-480,-481,-482,-483,-482,-483,-484,-485,-486,-487,-486,-487,-488,-487,-488,-487,-488,-489,-490,-489,-488,-489,-490,-489,-488,-487,-488,-489,-488,-489,-488,-489,-490,-489,-488,-487,-488,-489,-488,-489,-490,-491,-490,-491,-490,-491,-492,-491,-492,-493,-492,-493,-494,-495,-494,-495,-496,-495,-496,-497,-496,-497,-498,-499,-498,-499,-500,-499,-500,-501,-500,-501,-502,-501,-502,-503,-504,-505,-504,-503,-504,-503,-502,-503,-502,-503,-504,-505,-504,-505,-506,-507,-508,-507,-508,-509,-508,-509,-510,-509,-510,-511,-510,-509,-510,-509,-510,-509,-508,-509,-510,-511,-510,-511,-512,-511,-510,-511,-512,-513,-514,-515,-516,-515,-514,-513,-512,-513,-514,-513,-514,-513,-514,-515,-516,-515,-516,-517,-516,-517,-516,-517,-518,-517,-518,-519,-518,-519,-520,-519,-520,-521,-522,-521,-522,-521,-520,-521,-522,-521,-522,-523,-522,-523,-522,-523,-524,-525,-524,-525,-526,-527,-526,-525,-526,-525,-524,-525,-524,-525,-526,-525,-526,-527,-526,-525,-524,-525,-526,-527,-528,-527,-528,-527,-526,-525,-526,-527,-528,-529,-530,-531,-530,-529,-530,-529,-530,-531,-530,-531,-530,-531,-532,-531,-532,-533,-534,-533,-532,-531,-532,-531,-532,-533,-534,-535,-534,-535,-536,-535,-534,-533,-532,-533,-534,-535,-536,-535,-536,-537,-536,-537,-538,-539,-538,-539,-540,-539,-540,-541,-540,-539,-540,-539,-540,-539,-538,-539,-540,-539,-540,-539,-540,-539,-538,-539,-538,-539,-538,-539,-540,-539,-538,-539,-540,-539,-538,-537,-538,-539,-538,-539,-540,-541,-540,-541,-540,-541,-542,-543,-544,-543,-544,-545,-546,-547,-546,-547,-548,-547,-548,-547,-546,-547,-548,-547,-546,-545,-546,-547,-548,-549,-550,-551,-552,-551,-552,-553,-554,-553,-554,-555,-554,-555,-554,-553,-552,-551,-552,-553,-552,-551,-550,-549,-548,-549,-548,-547,-548,-549,-550,-549,-550,-551,-550,-549,-550,-551,-552,-551,-552,-553,-554,-555,-556,-557,-556,-555,-554,-555,-556,-555,-556,-555,-556,-557,-558,-559,-558,-557,-556,-557,-558,-559,-560,-559,-560,-559,-558,-559,-560,-561,-560,-561,-562,-561,-562,-563,-562,-563,-562,-561,-562,-561,-562,-563,-562,-561,-562,-561,-562,-561,-560,-561,-562,-561,-560,-561,-560,-559,-560,-561,-562,-561,-562,-561,-562,-561,-562,-561,-562,-561,-560,-561,-562,-563,-564,-563,-562,-561,-560,-559,-560,-561,-562,-561,-560,-561,-560,-561,-560,-561,-560,-561,-560,-561,-560,-561,-560,-559,-560,-561,-560,-559,-558,-557,-558,-559,-558,-557,-556,-557,-556,-557,-558,-557,-558,-557,-556,-557,-556,-555,-556,-555,-556,-557,-558,-559,-558,-557,-556,-555,-554,-555,-554,-555,-554,-555,-554,-555,-554,-553,-554,-555,-556,-557,-556,-557,-556,-555,-556,-557,-558,-559,-558,-557,-556,-555,-554,-555,-554,-553,-552,-553,-552,-553,-552,-551,-552,-553,-552,-553,-554,-553,-554,-555,-556,-555,-556,-557,-556,-557,-558,-559,-560,-559,-558,-559,-558,-557,-558,-559,-560,-561,-562,-561,-562,-561,-560,-559,-560,-561,-562,-561,-560,-561,-562,-563,-564,-563,-564,-565,-566,-567,-566,-565,-566,-565,-566,-565,-566,-565,-564,-563,-562,-563,-562,-561,-562,-561,-560,-561,-562,-561,-562,-563,-562,-561,-562,-561,-560,-561,-560,-561,-562,-563,-564,-563,-562,-561,-562,-561,-562,-561,-560,-559,-560,-561,-562,-561,-562,-563,-564,-563,-564,-563,-564,-563,-562,-561,-560,-559,-558,-559,-558,-559,-558,-559,-558,-557,-556,-557,-558,-559,-560,-559,-560,-561,-560,-561,-562,-563,-562,-563,-562,-561,-562,-561,-560,-559,-560,-559,-560,-559,-560,-561,-562,-561,-562,-561,-560,-559,-560,-559,-560,-559,-558,-559,-558,-559,-560,-561,-560,-559,-560,-561,-560,-561,-562,-563,-562,-563,-562,-561,-562,-561,-560,-561,-560,-559,-558,-557,-558,-557,-558,-559,-560,-559,-560,-561,-562,-561,-562,-561,-562,-563,-562,-563,-562,-561,-562,-561,-560,-561,-562,-561,-562,-561,-560,-559,-560,-559,-558,-557,-558,-559,-558,-559,-560,-559,-558,-557,-556,-555,-556,-557,-558,-559,-558,-559,-560,-561,-560,-559,-560,-559,-558,-559,-560,-561,-560,-561,-560,-559,-560,-561,-560,-559,-560,-561,-562,-563,-562,-561,-562,-561,-562,-561,-562,-563,-562,-561,-562,-561,-562,-563,-562,-561,-560,-559,-558,-557,-556,-557,-558,-557,-556,-555,-556,-555,-554,-553,-554,-553,-552,-551,-552,-553,-552,-553,-552,-553,-552,-553,-552,-551,-550,-549,-548,-547,-546,-547,-548,-549,-548,-549,-550,-551,-550,-549,-548,-547,-546,-545,-544,-543,-542,-541,-540,-539,-538,-537,-536,-535,-534,-533,-534,-533,-532,-531,-530,-529,-528,-529,-528,-529,-528,-527,-526,-525,-526,-527,-528,-527,-528,-527,-526,-527,-526,-525,-526,-527,-528,-527,-526,-527,-528,-527,-526,-525,-526,-525,-526,-527,-528,-527,-528,-527,-528,-529,-530,-531,-532,-533,-534,-533,-532,-533,-532,-531,-530,-529,-528,-527,-528,-529,-528,-527,-528,-527,-526,-527,-526,-527,-526,-527,-528,-527,-526,-527,-526,-525,-524,-525,-526,-527,-528,-529,-530,-529,-530,-531,-530,-529,-530,-529,-528,-527,-528,-529,-528,-527,-526,-527,-526,-525,-526,-527,-528,-527,-528,-529,-530,-531,-532,-531,-530,-531,-532,-533,-534,-533,-532,-531,-530,-531,-530,-529,-530,-531,-532,-533,-534,-535,-536,-535,-534,-535,-534,-533,-534,-535,-534,-535,-536,-535,-536,-535,-536,-537,-538,-537,-536,-537,-536,-535,-534,-533,-534,-535,-536,-535,-536,-537,-536,-537,-536,-535,-534,-535,-534,-535,-536,-537,-536,-535,-534,-535,-534,-535,-534,-533,-534,-535,-534,-535,-534,-535,-536,-535,-534,-533,-534,-533,-532,-531,-530,-529,-530,-531,-532,-531,-530,-529,-528,-527,-528,-527,-526,-527,-526,-527,-526,-527,-528,-529,-530,-529,-530,-529,-528,-529,-530,-531,-532,-533,-534,-535,-534,-533,-534,-533,-532,-533,-534,-533,-534,-533,-534,-533,-532,-531,-530,-529,-530,-531,-532,-531,-530,-531,-532,-531,-530,-529,-530,-529,-530,-531,-532,-531,-532,-531,-532,-533,-532,-533,-534,-533,-534,-533,-532,-533,-534,-533,-532,-531,-530,-531,-530,-529,-530,-529,-528,-529,-530,-529,-528,-529,-528,-527,-528,-527,-528,-527,-528,-527,-526,-525,-524,-523,-522,-521,-520,-521,-520,-519,-520,-519,-520,-521,-522,-521,-522,-523,-524,-525,-524,-523,-522,-523,-522,-523,-524,-525,-524,-523,-522,-523,-524,-523,-524,-523,-524,-523,-524,-525,-526,-527,-528,-527,-526,-525,-526,-527,-526,-525,-524,-525,-524,-525,-524,-523,-522,-521,-520,-521,-520,-519,-518,-519,-518,-517,-518,-517,-516,-515,-514,-515,-514,-513,-514,-515,-514,-515,-514,-515,-516,-517,-518,-519,-520,-521,-520,-521,-520,-519,-520,-521,-522,-521,-520,-521,-522,-521,-520,-521,-522,-521,-520,-519,-520,-521,-522,-521,-522,-521,-522,-523,-524,-523,-524,-525,-526,-527,-528,-527,-526,-527,-528,-527,-526,-527,-528,-527,-528,-527,-528,-527,-526,-525,-526,-527,-528,-527,-526,-527,-528,-527,-526,-527,-528,-527,-528,-529,-530,-529,-528,-529,-530,-529,-528,-527,-526,-527,-528,-527,-526,-527,-528,-529,-528,-529,-528,-529,-530,-529,-530,-531,-532,-531,-532,-531,-532,-531,-532,-531,-532,-531,-532,-533,-532,-533,-534,-535,-534,-533,-534,-535,-536,-537,-538,-539,-540,-541,-540,-539,-538,-537,-536,-535,-536,-535,-534,-533,-534,-535,-536,-535,-534,-533,-532,-531,-530,-531,-532,-531,-530,-531,-530,-531,-532,-533,-532,-533,-532,-533,-534,-535,-536,-537,-538,-537,-536,-537,-536,-535,-536,-535,-534,-535,-534,-535,-536,-535,-534,-535,-536,-537,-536,-537,-536,-537,-536,-537,-538,-537,-538,-539,-540,-541,-540,-541,-540,-541,-540,-541,-540,-539,-540,-541,-542,-543,-544,-545,-546,-545,-544,-545,-544,-543,-542,-541,-542,-541,-542,-541,-540,-539,-538,-539,-538,-539,-538,-539,-538,-539,-540,-541,-542,-543,-544,-543,-542,-543,-542,-541,-540,-539,-538,-539,-538,-537,-536,-535,-536,-535,-536,-535,-534,-535,-536,-535,-536,-537,-536,-537,-538,-539,-538,-539,-538,-537,-536,-535,-534,-535,-536,-537,-536,-537,-538,-537,-536,-535,-534,-535,-534,-535,-534,-535,-534,-535,-536,-535,-536,-535,-534,-535,-536,-537,-538,-539,-540,-539,-540,-539,-538,-537,-538,-537,-536,-535,-536,-535,-536,-537,-538,-537,-536,-537,-536,-535,-536,-535,-534,-535,-534,-533,-534,-535,-536,-537,-538,-539,-540,-539,-540,-539,-540,-539,-538,-537,-536,-537,-538,-539,-538,-539,-540,-541,-540,-539,-538,-539,-540,-541,-540,-541,-540,-541,-542,-543,-544,-543,-542,-543,-544,-545,-544,-545,-546,-545,-546,-545,-544,-543,-544,-543,-542,-543,-544,-543,-542,-543,-544,-543,-542,-543,-542,-541,-542,-541,-542,-543,-544,-543,-544,-543,-542,-543,-542,-543,-542,-543,-544,-545,-546,-545,-546,-545,-544,-545,-544,-545,-546,-547,-548,-549,-548,-547,-546,-545,-546,-547,-546,-545,-546,-545,-544,-545,-544,-545,-544,-543,-544,-545,-544,-543,-544,-543,-542,-543,-544,-545,-544,-545,-546,-545,-544,-545,-546,-547,-548,-547,-546,-545,-546,-545,-546,-545,-546,-545,-544,-545,-546,-547,-546,-547,-546,-547,-548,-549,-550,-551,-552,-553,-554,-553,-552,-551,-550,-549,-548,-549,-550,-549,-548,-547,-546,-545,-544,-543,-544,-545,-546,-545,-544,-545,-544,-545,-546,-545,-546,-547,-546,-547,-546,-545,-546,-545,-546,-545,-546,-547,-546,-547,-546,-545,-544,-545,-546,-547,-548,-549,-548,-547,-548,-549,-550,-551,-550,-549,-548,-549,-548,-549,-548,-549,-550,-549,-550,-549,-550,-549,-550,-549,-548,-549,-548,-549,-550,-551,-552,-551,-552,-551,-550,-549,-548,-547,-546,-547,-548,-547,-546,-545,-546,-547,-546,-545,-546,-545,-544,-543,-544,-545,-546,-545,-544,-545,-544,-545,-546,-547,-546,-547,-546,-547,-546,-547,-548,-549,-550,-549,-548,-549,-550,-549,-548,-547,-546,-547,-546,-547,-548,-549,-550,-551,-550,-549,-548,-549,-550,-551,-550,-551,-550,-551,-552,-553,-554,-553,-554,-555,-556,-555,-554,-555,-554,-553,-552,-551,-552,-551,-552,-551,-550,-549,-550,-551,-550,-551,-550,-551,-550,-551,-552,-553,-554,-555,-556,-557,-556,-555,-554,-553,-552,-551,-550,-549,-550,-549,-550,-551,-552,-553,-554,-555,-556,-555,-556,-557,-556,-557,-556,-555,-556,-557,-558,-559,-560,-559,-560,-559,-560,-559,-560,-559,-558,-559,-558,-559,-560,-561,-562,-563,-562,-561,-560,-559,-558,-557,-558,-557,-556,-555,-556,-555,-556,-557,-558,-559,-560,-561,-562,-563,-562,-563,-564,-563,-562,-561,-562,-563,-564,-565,-566,-567,-568,-569,-570,-569,-568,-569,-570,-571,-572,-571,-572,-571,-572,-571,-572,-571,-570,-571,-570,-569,-568,-569,-568,-569,-570,-569,-570,-569,-570,-569,-570,-571,-570,-571,-572,-571,-570,-569,-570,-569,-568,-569,-568,-569,-570,-571,-570,-571,-572,-573,-574,-575,-576,-577,-578,-579,-578,-579,-580,-581,-580,-581,-582,-583,-582,-583,-582,-583,-582,-581,-582,-581,-582,-583,-584,-583,-582,-583,-582,-581,-582,-583,-582,-581,-582,-583,-584,-583,-582,-583,-582,-581,-582,-583,-582,-581,-580,-579,-578,-579,-580,-579,-578,-577,-576,-575,-576,-577,-576,-577,-578,-579,-580,-581,-580,-581,-582,-583,-582,-583,-582,-581,-580,-579,-578,-577,-576,-577,-578,-579,-580,-579,-578,-577,-578,-579,-580,-581,-582,-581,-580,-581,-580,-579,-578,-579,-578,-577,-576,-575,-576,-575,-574,-573,-574,-573,-572,-571,-572,-573,-574,-575,-576,-577,-578,-579,-580,-581,-582,-581,-582,-581,-582,-581,-582,-583,-584,-585,-584,-585,-586,-587,-586,-585,-586,-587,-588,-589,-588,-587,-586,-587,-586,-585,-586,-585,-586,-585,-586,-587,-588,-587,-586,-587,-586,-585,-584,-583,-584,-585,-586,-585,-586,-587,-588,-589,-590,-591,-592,-591,-590,-589,-590,-589,-590,-589,-590,-589,-590,-589,-590,-589,-590,-589,-588,-589,-590,-591,-590,-589,-590,-589,-588,-587,-588,-589,-588,-589,-590,-591,-590,-591,-592,-593,-592,-591,-590,-591,-590,-591,-592,-593,-594,-595,-596,-597,-598,-597,-596,-597,-598,-599,-600,-599,-600,-601,-602,-603,-604,-605,-604,-603,-604,-605,-604,-603,-602,-603,-604,-605,-604,-603,-602,-601,-600,-601,-602,-601,-602,-601,-602,-603,-604,-605,-604,-605,-606,-607,-608,-609,-608,-609,-608,-607,-608,-609,-608,-609,-608,-609,-610,-609,-610,-611,-610,-611,-612,-611,-612,-611,-610,-611,-612,-613,-612,-611,-612,-613,-614,-615,-614,-615,-614,-615,-614,-613,-614,-615,-614,-615,-616,-617,-618,-619,-618,-619,-620,-621,-620,-621,-620,-619,-620,-619,-620,-621,-620,-619,-620,-619,-620,-621,-622,-623,-622,-621,-620,-619,-620,-619,-618,-619,-618,-617,-616,-617,-618,-619,-618,-619,-618,-619,-620,-619,-620,-621,-620,-621,-622,-621,-622,-623,-622,-621,-622,-623,-624,-623,-622,-623,-622,-621,-622,-623,-622,-621,-620,-621,-620,-619,-618,-617,-618,-619,-618,-617,-618,-617,-618,-617,-618,-617,-618,-619,-618,-617,-618,-619,-618,-617,-616,-615,-616,-615,-616,-615,-614,-613,-612,-613,-612,-611,-612,-613,-612,-613,-614,-615,-614,-613,-612,-611,-610,-609,-608,-609,-608,-607,-608,-607,-608,-607,-606,-607,-608,-607,-608,-607,-606,-605,-606,-605,-606,-607,-606,-607,-608,-607,-608,-607,-606,-607,-608,-609,-610,-609,-608,-609,-610,-611,-612,-611,-610,-611,-610,-609,-610,-611,-610,-609,-610,-611,-612,-613,-612,-613,-612,-613,-612,-613,-614,-615,-614,-613,-614,-613,-614,-615,-616,-615,-614,-615,-614,-613,-614,-615,-616,-617,-616,-617,-618,-619,-618,-617,-616,-615,-616,-615,-616,-615,-614,-613,-614,-613,-612,-611,-610,-609,-608,-607,-606,-605,-604,-603,-604,-603,-602,-603,-602,-601,-600,-601,-600,-601,-602,-601,-600,-601,-600,-599,-600,-601,-602,-601,-602,-601,-602,-603,-602,-601,-602,-601,-602,-601,-600,-599,-598,-597,-598,-597,-598,-597,-598,-599,-600,-601,-602,-601,-602,-603,-604,-603,-602,-601,-600,-601,-600,-601,-602,-603,-604,-603,-604,-605,-606,-605,-604,-603,-602,-601,-600,-601,-602,-603,-604,-605,-604,-605,-606,-605,-606,-607,-606,-607,-608,-609,-610,-611,-610,-609,-608,-607,-606,-607,-608,-609,-610,-609,-608,-609,-608,-607,-606,-607,-608,-607,-608,-609,-610,-611,-610,-611,-610,-611,-612,-611,-610,-609,-610,-609,-610,-609,-610,-611,-612,-613,-612,-613,-612,-611,-610,-609,-608,-609,-610,-611,-612,-611,-612,-611,-610,-611,-610,-609,-608,-609,-610,-611,-612,-613,-612,-611,-612,-613,-612,-613,-614,-615,-614,-615,-616,-617,-618,-617,-616,-615,-614,-613,-614,-613,-614,-615,-616,-615,-616,-615,-614,-613,-614,-615,-616,-617,-616,-615,-616,-617,-616,-615,-616,-617,-618,-617,-616,-615,-616,-617,-616,-615,-614,-613,-612,-611,-610,-609,-610,-609,-610,-609,-610,-609,-608,-609,-610,-611,-610,-611,-610,-609,-608,-609,-608,-607,-606,-605,-606,-607,-606,-607,-606,-607,-608,-607,-608,-609,-610,-611,-612,-611,-612,-611,-610,-609,-608,-609,-608,-609,-608,-607,-606,-605,-606,-607,-606,-605,-606,-605,-606,-605,-606,-607,-606,-605,-606,-607,-606,-607,-606,-607,-608,-609,-608,-609,-608,-607,-608,-609,-608,-609,-608,-607,-606,-607,-606,-605,-606,-607,-608,-607,-606,-605,-606,-607,-608,-609,-610,-611,-610,-611,-610,-611,-610,-609,-610,-609,-608,-609,-610,-609,-608,-607,-608,-609,-610,-609,-608,-607,-606,-605,-606,-605,-604,-603,-602,-601,-602,-601,-600,-599,-600,-601,-600,-599,-598,-597,-598,-599,-600,-599,-598,-599,-598,-597,-598,-599,-600,-599,-600,-601,-600,-599,-600,-599,-598,-599,-600,-601,-600,-601,-602,-603,-602,-601,-600,-601,-600,-599,-600,-601,-602,-603,-602,-603,-604,-605,-604,-603,-602,-603,-602,-603,-604,-605,-606,-607,-608,-607,-608,-607,-608,-609,-610,-611,-612,-611,-612,-611,-612,-613,-614,-615,-616,-615,-616,-617,-618,-617,-616,-617,-616,-615,-614,-613,-612,-613,-612,-613,-614,-615,-614,-613,-612,-611,-612,-613,-614,-613,-614,-613,-614,-615,-616,-615,-616,-617,-616,-615,-616,-615,-614,-613,-612,-613,-612,-611,-610,-611,-610,-611,-612,-611,-612,-613,-614,-613,-614,-613,-612,-611,-610,-611,-610,-611,-612,-611,-610,-611,-612,-611,-610,-611,-612,-611,-610,-609,-608,-609,-608,-609,-610,-611,-610,-611,-612,-611,-612,-613,-614,-613,-612,-613,-614,-615,-616,-615,-614,-615,-616,-617,-618,-617,-618,-619,-620,-621,-620,-621,-622,-621,-620,-619,-620,-621,-622,-621,-622,-621,-622,-623,-622,-621,-622,-623,-624,-625,-626,-627,-628,-629,-630,-629,-630,-631,-632,-631,-632,-633,-632,-631,-630,-631,-632,-633,-634,-633,-632,-633,-634,-633,-634,-633,-632,-631,-632,-631,-630,-629,-630,-631,-632,-631,-632,-633,-634,-635,-636,-635,-636,-637,-638,-637,-636,-637,-638,-639,-640,-639,-638,-639,-640,-639,-638,-637,-636,-635,-636,-637,-636,-637,-636,-635,-634,-635,-634,-633,-632,-631,-632,-633,-632,-633,-632,-631,-632,-631,-632,-633,-632,-631,-630,-631,-632,-633,-634,-633,-634,-633,-632,-631,-632,-631,-632,-633,-632,-631,-632,-633,-634,-633,-632,-633,-632,-631,-632,-631,-632,-633,-634,-635,-636,-635,-634,-635,-636,-635,-636,-637,-638,-639,-640,-641,-642,-641,-642,-641,-640,-639,-640,-639,-638,-637,-638,-637,-638,-639,-640,-641,-642,-641,-642,-643,-644,-645,-644,-645,-646,-645,-646,-645,-646,-647,-648,-649,-648,-647,-648,-647,-646,-645,-646,-645,-644,-643,-642,-641,-642,-643,-642,-641,-640,-639,-640,-639,-640,-641,-642,-643,-642,-643,-644,-645,-644,-645,-646,-647,-646,-645,-644,-643,-644,-643,-644,-643,-642,-643,-642,-643,-642,-643,-644,-643,-642,-643,-642,-643,-642,-641,-642,-643,-642,-643,-644,-643,-644,-645,-646,-645,-646,-645,-646,-647,-648,-649,-650,-649,-650,-649,-650,-649,-650,-651,-650,-651,-652,-653,-654,-655,-656,-657,-656,-655,-656,-655,-656,-655,-656,-657,-656,-657,-656,-657,-658,-659,-658,-659,-658,-657,-658,-657,-658,-659,-658,-657,-658,-657,-658,-657,-658,-657,-658,-657,-658,-657,-656,-655,-654,-653,-654,-653,-652,-651,-652,-653,-654,-655,-654,-653,-654,-655,-656,-655,-656,-655,-656,-655,-656,-655,-656,-657,-656,-657,-656,-657,-656,-657,-658,-659,-658,-657,-658,-659,-660,-661,-660,-661,-662,-663,-664,-665,-664,-663,-662,-661,-660,-661,-660,-659,-658,-659,-658,-659,-658,-657,-658,-657,-656,-657,-658,-659,-658,-657,-658,-657,-658,-659,-660,-661,-662,-663,-662,-663,-664,-665,-666,-665,-664,-663,-664,-665,-664,-665,-666,-667,-666,-665,-664,-665,-664,-663,-662,-663,-664,-665,-666,-665,-666,-665,-666,-665,-666,-665,-666,-667,-668,-669,-668,-669,-670,-671,-670,-669,-668,-667,-666,-665,-666,-665,-664,-663,-662,-661,-662,-661,-662,-663,-662,-663,-664,-665,-666,-667,-666,-665,-664,-665,-666,-665,-666,-667,-668,-669,-668,-669,-670,-671,-670,-669,-668,-667,-668,-669,-670,-669,-668,-667,-666,-665,-664,-663,-664,-663,-662,-663,-664,-665,-664,-663,-664,-665,-666,-665,-666,-667,-668,-667,-668,-669,-668,-669,-670,-669,-668,-669,-668,-669,-670,-671,-672,-671,-670,-669,-670,-671,-672,-673,-674,-673,-674,-673,-674,-675,-674,-675,-676,-675,-676,-677,-678,-679,-678,-679,-680,-679,-678,-677,-678,-679,-680,-679,-680,-681,-680,-681,-680,-679,-678,-677,-678,-679,-680,-681,-682,-681,-680,-681,-682,-681,-680,-681,-680,-679,-678,-677,-678,-679,-678,-677,-676,-677,-676,-677,-678,-677,-678,-677,-678,-679,-678,-679,-680,-679,-678,-679,-678,-679,-678,-677,-676,-677,-678,-679,-678,-677,-678,-677,-678,-677,-678,-677,-676,-675,-676,-675,-674,-673,-674,-675,-674,-675,-676,-675,-676,-677,-676,-677,-676,-675,-674,-675,-676,-677,-678,-677,-676,-677,-676,-675,-674,-673,-672,-671,-670,-669,-670,-671,-670,-669,-668,-669,-670,-669,-668,-669,-670,-671,-672,-673,-674,-675,-674,-673,-674,-675,-676,-677,-676,-675,-674,-673,-672,-673,-672,-673,-674,-673,-672,-673,-672,-671,-672,-673,-672,-671,-670,-669,-668,-667,-668,-669,-670,-671,-672,-671,-670,-669,-668,-669,-668,-669,-670,-671,-670,-671,-670,-671,-672,-671,-672,-671,-672,-673,-674,-675,-676,-675,-674,-673,-672,-673,-674,-675,-674,-675,-676,-677,-676,-675,-674,-675,-676,-677,-676,-677,-676,-675,-674,-673,-674,-673,-674,-675,-676,-677,-676,-675,-674,-673,-672,-671,-672,-673,-674,-673,-674,-673,-674,-673,-674,-673,-674,-673,-672,-673,-674,-673,-672,-671,-670,-671,-670,-671,-672,-671,-672,-673,-674,-673,-674,-675,-676,-677,-678,-677,-676,-675,-674,-675,-676,-675,-674,-673,-672,-673,-672,-673,-674,-673,-674,-675,-676,-677,-676,-677,-676,-677,-676,-677,-676,-677,-678,-679,-680,-681,-682,-683,-684,-685,-686,-687,-686,-687,-688,-687,-686,-687,-688,-689,-688,-689,-690,-689,-688,-687,-686,-685,-684,-683,-682,-683,-682,-683,-684,-685,-686,-687,-688,-687,-688,-687,-688,-689,-690,-689,-690,-691,-692,-691,-690,-689,-688,-689,-688,-687,-688,-689,-690,-689,-688,-687,-686,-685,-684,-683,-684,-683,-682,-683,-682,-681,-680,-681,-680,-679,-680,-679,-680,-679,-678,-677,-678,-679,-678,-677,-678,-677,-676,-675,-674,-675,-674,-675,-674,-673,-672,-673,-672,-671,-670,-671,-672,-673,-674,-673,-672,-673,-674,-675,-674,-673,-674,-675,-674,-675,-674,-673,-672,-671,-670,-671,-670,-669,-668,-667,-666,-667,-668,-669,-670,-671,-672,-673,-672,-671,-670,-669,-670,-671,-672,-671,-670,-669,-670,-671,-672,-671,-672,-671,-670,-671,-672,-673,-672,-671,-670,-671,-670,-671,-670,-669,-670,-671,-672,-673,-674,-675,-674,-675,-676,-675,-676,-675,-674,-673,-674,-675,-674,-673,-672,-673,-674,-675,-676,-675,-676,-677,-678,-679,-680,-681,-680,-681,-682,-681,-682,-683,-682,-683,-684,-685,-686,-685,-686,-685,-686,-687,-688,-687,-688,-689,-690,-691,-690,-691,-692,-693,-692,-693,-694,-693,-694,-693,-692,-691,-690,-691,-690,-691,-692,-693,-692,-693,-694,-695,-694,-693,-694,-695,-696,-697,-698,-697,-698,-697,-696,-697,-696,-697,-698,-699,-700,-699,-700,-701,-702,-703,-702,-701,-700,-701,-700,-701,-700,-699,-700,-699,-700,-701,-700,-699,-698,-699,-700,-701,-702,-701,-700,-699,-700,-701,-702,-703,-702,-703,-704,-705,-704,-705,-706,-707,-708,-707,-706,-705,-704,-705,-706,-705,-706,-707,-706,-705,-704,-705,-706,-707,-708,-709,-710,-711,-712,-711,-712,-711,-712,-711,-710,-711,-712,-711,-710,-711,-710,-711,-712,-713,-712,-711,-712,-713,-714,-713,-712,-711,-712,-713,-714,-715,-714,-715,-714,-713,-712,-711,-712,-713,-714,-715,-716,-717,-718,-719,-718,-719,-720,-721,-722,-721,-720,-719,-718,-717,-716,-717,-718,-719,-718,-717,-718,-717,-716,-715,-714,-713,-712,-711,-710,-711,-710,-709,-708,-709,-708,-707,-706,-707,-706,-705,-706,-705,-706,-707,-708,-707,-708,-707,-706,-705,-704,-703,-704,-705,-704,-703,-704,-705,-704,-703,-704,-705,-706,-707,-706,-705,-704,-705,-704,-703,-702,-703,-702,-701,-702,-703,-702,-703,-704,-705,-706,-707,-708,-709,-708,-709,-710,-711,-710,-711,-710,-711,-712,-711,-712,-713,-714,-713,-712,-711,-710,-711,-712,-713,-712,-711,-712,-713,-712,-711,-712,-711,-710,-709,-708,-709,-708,-707,-708,-709,-710,-711,-712,-713,-714,-713,-712,-711,-712,-713,-712,-713,-714,-713,-714,-715,-716,-715,-714,-713,-714,-715,-716,-715,-714,-713,-714,-715,-714,-713,-712,-711,-710,-709,-708,-709,-710,-711,-710,-711,-710,-709,-710,-709,-710,-711,-712,-713,-714,-715,-716,-717,-718,-719,-720,-719,-720,-721,-720,-721,-722,-723,-722,-723,-724,-725,-726,-727,-728,-729,-730,-729,-730,-729,-730,-731,-732,-733,-734,-735,-736,-737,-738,-737,-736,-737,-738,-737,-738,-737,-738,-737,-738,-739,-740,-741,-742,-743,-744,-745,-746,-745,-744,-745,-744,-743,-742,-743,-744,-745,-744,-745,-746,-747,-746,-747,-748,-747,-748,-749,-750,-751,-750,-749,-748,-749,-750,-749,-748,-747,-746,-745,-744,-745,-744,-745,-744,-745,-746,-745,-746,-747,-746,-747,-748,-747,-746,-745,-744,-743,-742,-741,-740,-739,-738,-737,-738,-739,-738,-737,-738,-739,-740,-741,-740,-741,-742,-743,-744,-745,-744,-745,-746,-745,-746,-747,-748,-749,-750,-749,-750,-749,-748,-749,-750,-749,-750,-749,-750,-749,-750,-751,-752,-753,-754,-753,-752,-753,-754,-753,-754,-755,-754,-755,-754,-753,-754,-753,-754,-753,-754,-753,-754,-755,-754,-755,-754,-753,-754,-755,-754,-755,-756,-755,-754,-753,-752,-753,-752,-753,-754,-753,-754,-755,-756,-757,-758,-757,-758,-759,-760,-759,-760,-759,-760,-761,-760,-761,-762,-761,-760,-759,-758,-759,-760,-759,-758,-759,-760,-761,-760,-761,-762,-763,-764,-765,-764,-763,-764,-765,-764,-763,-762,-761,-760,-761,-760,-761,-760,-761,-760,-759,-758,-757,-756,-755,-756,-757,-758,-759,-760,-761,-762,-761,-760,-759,-758,-757,-756,-755,-756,-755,-754,-755,-754,-753,-752,-751,-750,-751,-750,-749,-748,-749,-750,-751,-750,-749,-748,-749,-750,-749,-750,-749,-748,-749,-748,-749,-748,-747,-748,-747,-746,-745,-746,-747,-746,-747,-746,-747,-748,-749,-748,-749,-748,-747,-748,-749,-750,-751,-752,-751,-750,-751,-752,-751,-750,-749,-748,-749,-750,-749,-750,-751,-752,-751,-750,-749,-750,-749,-750,-751,-752,-753,-752,-751,-750,-751,-752,-753,-754,-755,-756,-755,-754,-753,-754,-753,-754,-755,-754,-755,-756,-757,-758,-759,-758,-759,-760,-759,-760,-759,-760,-761,-762,-761,-762,-761,-760,-759,-760,-759,-760,-761,-762,-763,-762,-763,-764,-765,-766,-767,-768,-769,-770,-771,-772,-773,-774,-773,-774,-775,-774,-775,-774,-775,-776,-775,-776,-777,-778,-779,-778,-779,-780,-779,-780,-779,-778,-779,-778,-779,-778,-779,-778,-777,-776,-775,-774,-773,-774,-773,-772,-771,-770,-769,-768,-769,-770,-771,-770,-771,-770,-771,-772,-773,-772,-771,-772,-771,-772,-773,-774,-775,-776,-777,-778,-779,-780,-781,-782,-781,-780,-779,-778,-777,-776,-777,-778,-779,-780,-781,-782,-783,-782,-783,-784,-785,-784,-785,-784,-783,-782,-783,-784,-785,-786,-787,-786,-785,-784,-785,-786,-787,-786,-785,-784,-785,-786,-787,-786,-787,-788,-787,-788,-789,-788,-789,-790,-791,-792,-793,-794,-793,-794,-795,-796,-797,-798,-799,-800,-801,-800,-801,-802,-803,-804,-803,-802,-801,-802,-803,-804,-803,-802,-801,-802,-803,-804,-803,-804,-805,-806,-807,-806,-805,-804,-805,-806,-807,-808,-809,-810,-811,-812,-811,-810,-809,-808,-807,-806,-807,-806,-807,-808,-809,-810,-809,-808,-807,-806,-807,-808,-809,-810,-811,-812,-811,-810,-809,-810,-811,-812,-813,-814,-813,-812,-813,-814,-815,-814,-815,-816,-817,-818,-817,-818,-817,-816,-815,-814,-813,-812,-811,-810,-811,-810,-811,-812,-813,-812,-811,-810,-811,-810,-809,-808,-807,-808,-807,-806,-805,-804,-803,-802,-801,-800,-801,-802,-801,-802,-803,-802,-801,-802,-801,-800,-801,-800,-799,-800,-799,-798,-797,-796,-797,-798,-797,-798,-797,-798,-799,-800,-799,-800,-801,-802,-803,-804,-805,-806,-807,-806,-805,-806,-805,-806,-807,-806,-805,-804,-803,-804,-803,-802,-801,-802,-801,-800,-801,-800,-799,-798,-799,-800,-801,-800,-799,-798,-797,-796,-795,-794,-795,-796,-797,-796,-797,-796,-797,-796,-795,-794,-793,-794,-793,-792,-793,-794,-795,-796,-795,-794,-793,-792,-791,-792,-793,-794,-795,-794,-793,-794,-793,-794,-793,-792,-793,-794,-793,-794,-795,-794,-795,-794,-795,-796,-797,-798,-799,-798,-799,-800,-799,-800,-799,-798,-799,-798,-797,-796,-797,-796,-797,-798,-799,-800,-801,-802,-801,-802,-803,-804,-803,-804,-805,-806,-805,-806,-807,-808,-807,-808,-809,-810,-809,-808,-809,-808,-807,-806,-807,-808,-807,-808,-807,-808,-807,-806,-805,-804,-805,-806,-807,-806,-807,-808,-809,-810,-811,-812,-813,-814,-813,-812,-811,-810,-809,-808,-809,-808,-809,-808,-809,-810,-809,-808,-809,-810,-809,-808,-807,-808,-809,-810,-809,-808,-809,-808,-809,-808,-809,-808,-809,-810,-811,-812,-813,-814,-815,-816,-817,-818,-817,-816,-815,-814,-813,-814,-815,-816,-815,-816,-815,-814,-813,-812,-811,-812,-813,-814,-815,-816,-817,-816,-817,-818,-819,-820,-819,-818,-819,-818,-819,-818,-819,-818,-819,-820,-819,-818,-817,-818,-817,-816,-817,-816,-815,-816,-815,-816,-817,-816,-817,-816,-815,-816,-817,-816,-815,-816,-817,-818,-817,-818,-817,-818,-819,-818,-817,-818,-819,-820,-821,-820,-819,-820,-819,-818,-819,-820,-819,-818,-817,-818,-817,-818,-817,-818,-817,-818,-819,-820,-819,-818,-817,-818,-819,-818,-817,-818,-819,-820,-821,-822,-823,-824,-825,-826,-827,-828,-827,-826,-825,-824,-823,-822,-823,-824,-823,-822,-823,-824,-823,-822,-821,-822,-821,-820,-819,-818,-819,-820,-821,-820,-821,-822,-821,-822,-823,-824,-823,-822,-823,-822,-823,-822,-823,-824,-825,-826,-827,-826,-825,-824,-823,-822,-823,-824,-823,-822,-823,-822,-821,-820,-821,-822,-821,-822,-823,-822,-823,-824,-825,-826,-827,-828,-829,-830,-829,-828,-827,-826,-825,-826,-825,-824,-823,-824,-823,-824,-823,-824,-825,-826,-825,-826,-825,-826,-827,-826,-825,-826,-825,-824,-823,-824,-823,-822,-821,-822,-821,-820,-821,-822,-821,-822,-821,-820,-821,-822,-823,-822,-823,-822,-823,-824,-823,-824,-823,-824,-823,-822,-823,-824,-823,-822,-823,-824,-823,-822,-823,-822,-821,-820,-821,-820,-819,-820,-819,-818,-817,-818,-819,-818,-819,-818,-819,-820,-821,-820,-819,-818,-819,-818,-817,-818,-819,-820,-819,-818,-819,-820,-819,-818,-817,-816,-815,-816,-815,-816,-815,-816,-817,-816,-815,-814,-815,-814,-815,-814,-813,-812,-811,-812,-811,-812,-813,-814,-813,-812,-811,-812,-811,-810,-809,-808,-809,-808,-807,-808,-809,-808,-809,-810,-811,-812,-813,-814,-815,-816,-815,-814,-813,-814,-815,-816,-817,-818,-817,-816,-817,-818,-819,-820,-819,-820,-819,-820,-821,-820,-819,-820,-821,-822,-823,-824,-823,-824,-825,-826,-827,-828,-827,-826,-825,-824,-823,-824,-823,-822,-823,-824,-823,-822,-821,-822,-823,-824,-825,-824,-823,-822,-821,-820,-821,-822,-823,-824,-825,-824,-825,-826,-827,-828,-829,-828,-827,-828,-827,-828,-827,-826,-825,-824,-823,-822,-823,-822,-821,-820,-821,-820,-821,-822,-823,-824,-825,-826,-827,-828,-829,-830,-831,-832,-833,-834,-833,-834,-835,-834,-835,-834,-835,-834,-833,-834,-835,-836,-835,-836,-835,-836,-835,-836,-837,-838,-837,-838,-839,-838,-839,-840,-839,-838,-839,-838,-837,-838,-839,-840,-839,-838,-839,-840,-841,-840,-839,-838,-839,-840,-841,-842,-843,-842,-841,-840,-841,-840,-841,-840,-841,-840,-839,-838,-839,-840,-841,-840,-841,-840,-839,-838,-837,-838,-837,-836,-835,-836,-837,-836,-835,-834,-835,-836,-837,-836,-835,-834,-835,-836,-837,-838,-837,-836,-835,-836,-835,-836,-837,-838,-837,-836,-837,-838,-839,-840,-841,-840,-841,-842,-841,-840,-839,-840,-841,-842,-843,-842,-843,-842,-841,-840,-839,-840,-841,-840,-839,-840,-841,-840,-841,-840,-839,-840,-839,-840,-841,-842,-843,-844,-845,-844,-843,-842,-841,-842,-843,-844,-843,-842,-841,-842,-841,-842,-841,-840,-839,-840,-841,-842,-843,-842,-843,-844,-845,-846,-847,-848,-849,-850,-849,-850,-849,-850,-851,-852,-851,-850,-849,-850,-851,-852,-853,-852,-851,-852,-853,-854,-855,-856,-857,-856,-855,-856,-855,-854,-855,-856,-855,-856,-857,-858,-859,-860,-861,-862,-861,-862,-863,-864,-865,-866,-865,-866,-865,-866,-865,-864,-863,-862,-861,-862,-861,-862,-861,-862,-861,-862,-863,-864,-863,-862,-863,-862,-863,-864,-863,-864,-863,-862,-861,-862,-861,-862,-861,-860,-859,-858,-857,-856,-857,-856,-855,-856,-855,-854,-855,-854,-853,-852,-853,-854,-855,-854,-855,-856,-855,-856,-855,-856,-855,-856,-857,-858,-859,-860,-861,-862,-861,-860,-859,-858,-857,-858,-857,-858,-857,-856,-855,-854,-855,-854,-855,-854,-853,-852,-851,-852,-853,-854,-855,-856,-857,-858,-859,-858,-857,-856,-857,-858,-859,-858,-859,-860,-859,-860,-861,-860,-859,-858,-857,-858,-859,-858,-857,-856,-855,-856,-857,-856,-855,-854,-853,-852,-853,-852,-851,-852,-853,-852,-853,-852,-851,-852,-851,-852,-851,-852,-851,-850,-849,-850,-851,-850,-849,-848,-847,-846,-847,-846,-847,-848,-847,-848,-847,-846,-847,-848,-849,-850,-851,-850,-851,-852,-851,-852,-851,-850,-851,-850,-849,-848,-847,-846,-847,-848,-849,-850,-851,-850,-849,-848,-847,-846,-845,-846,-847,-848,-849,-850,-851,-850,-851,-852,-851,-852,-853,-852,-853,-852,-853,-852,-853,-852,-851,-850,-849,-848,-849,-848,-849,-848,-847,-848,-849,-850,-851,-852,-853,-854,-853,-852,-853,-854,-853,-854,-855,-854,-855,-856,-855,-854,-855,-856,-855,-856,-855,-854,-853,-852,-851,-852,-853,-854,-855,-856,-857,-858,-859,-860,-861,-862,-863,-864,-865,-866,-867,-866,-867,-868,-867,-866,-865,-864,-863,-864,-863,-862,-861,-860,-859,-860,-861,-862,-863,-864,-865,-864,-863,-864,-865,-866,-865,-866,-867,-866,-865,-864,-865,-866,-867,-868,-869,-868,-867,-868,-869,-870,-871,-872,-873,-874,-875,-876,-875,-874,-873,-872,-871,-872,-873,-872,-871,-870,-871,-872,-873,-872,-873,-874,-875,-876,-877,-876,-875,-876,-877,-876,-875,-874,-873,-872,-871,-872,-871,-872,-873,-874,-873,-874,-875,-874,-873,-874,-875,-874,-875,-874,-875,-874,-873,-872,-873,-872,-873,-874,-875,-876,-877,-876,-875,-876,-875,-874,-873,-874,-875,-874,-875,-874,-873,-874,-875,-876,-875,-876,-877,-876,-875,-874,-873,-874,-875,-874,-875,-876,-877,-878,-879,-878,-879,-878,-877,-876,-877,-878,-879,-880,-879,-878,-877,-878,-879,-878,-877,-876,-877,-876,-877,-878,-877,-876,-875,-874,-875,-876,-877,-876,-877,-876,-875,-876,-877,-878,-879,-878,-879,-880,-879,-880,-881,-882,-881,-880,-881,-882,-883,-884,-883,-884,-883,-882,-883,-882,-881,-882,-881,-880,-881,-880,-879,-878,-877,-878,-877,-878,-879,-880,-879,-880,-881,-880,-881,-880,-879,-878,-879,-878,-879,-880,-879,-878,-879,-878,-879,-880,-879,-878,-877,-876,-877,-878,-879,-880,-881,-880,-881,-880,-881,-882,-883,-882,-883,-884,-883,-884,-883,-882,-881,-882,-883,-882,-883,-882,-881,-882,-881,-882,-881,-882,-883,-884,-885,-884,-885,-884,-885,-884,-885,-884,-883,-882,-883,-884,-883,-882,-881,-882,-883,-884,-883,-884,-885,-884,-883,-884,-885,-884,-885,-886,-887,-888,-889,-888,-887,-888,-887,-888,-887,-886,-887,-886,-887,-888,-889,-888,-887,-886,-887,-888,-887,-888,-889,-888,-889,-890,-891,-890,-889,-888,-887,-888,-889,-890,-891,-892,-891,-890,-889,-890,-891,-890,-889,-888,-887,-886,-887,-886,-885,-884,-885,-886,-887,-886,-887,-886,-885,-886,-885,-884,-883,-884,-883,-882,-881,-882,-881,-882,-883,-884,-885,-884,-883,-882,-881,-880,-879,-880,-879,-878,-877,-876,-877,-878,-879,-880,-879,-880,-881,-882,-883,-884,-885,-886,-887,-886,-885,-886,-887,-888,-889,-890,-889,-888,-887,-886,-887,-886,-885,-884,-883,-882,-881,-882,-883,-884,-885,-886,-885,-886,-885,-886,-885,-886,-887,-886,-885,-886,-885,-884,-885,-886,-887,-888,-887,-888,-889,-888,-889,-888,-889,-890,-891,-892,-893,-894,-893,-894,-893,-894,-893,-892,-891,-890,-891,-890,-891,-892,-893,-894,-895,-896,-897,-896,-897,-898,-899,-900,-901,-902,-903,-902,-901,-900,-899,-898,-899,-900,-901,-900,-901,-902,-903,-904,-905,-906,-907,-908,-907,-908,-909,-910,-909,-908,-907,-906,-907,-906,-907,-908,-907,-906,-907,-908,-907,-906,-907,-908,-909,-908,-909,-910,-909,-908,-909,-910,-911,-912,-911,-912,-913,-914,-913,-914,-915,-916,-917,-916,-915,-916,-917,-918,-919,-918,-919,-920,-921,-920,-919,-918,-919,-920,-921,-922,-923,-922,-921,-920,-921,-920,-919,-918,-919,-920,-921,-920,-921,-920,-921,-920,-919,-920,-921,-922,-921,-922,-923,-924,-925,-924,-925,-926,-925,-926,-927,-926,-927,-928,-927,-926,-925,-924,-925,-926,-925,-926,-927,-926,-927,-928,-927,-928,-929,-930,-929,-928,-927,-926,-927,-926,-925,-926,-925,-926,-925,-926,-927,-928,-927,-926,-925,-924,-923,-924,-925,-926,-927,-928,-929,-928,-927,-926,-927,-926,-927,-928,-929,-928,-929,-930,-931,-932,-933,-934,-935,-936,-937,-938,-939,-940,-941,-942,-941,-942,-943,-942,-943,-942,-941,-940,-939,-940,-939,-938,-937,-938,-937,-938,-937,-936,-937,-936,-937,-938,-939,-938,-939,-940,-939,-938,-937,-936,-935,-934,-933,-932,-931,-932,-931,-932,-933,-932,-931,-932,-933,-934,-933,-934,-935,-934,-933,-932,-931,-930,-931,-932,-931,-930,-929,-928,-929,-928,-927,-928,-927,-926,-925,-926,-927,-928,-929,-930,-931,-930,-931,-932,-931,-932,-933,-932,-931,-930,-929,-930,-931,-930,-929,-928,-927,-926,-927,-926,-925,-924,-923,-924,-923,-922,-923,-924,-925,-924,-923,-922,-923,-924,-925,-926,-925,-926,-927,-928,-929,-930,-931,-932,-933,-934,-933,-932,-931,-930,-931,-930,-931,-930,-931,-932,-933,-934,-933,-934,-935,-936,-937,-938,-939,-938,-939,-940,-941,-942,-943,-944,-945,-944,-945,-944,-943,-942,-943,-944,-945,-946,-947,-948,-949,-950,-951,-952,-953,-954,-955,-956,-957,-958,-959,-960,-961,-962,-963,-964,-963,-964,-963,-964,-965,-966,-967,-968,-969,-970,-971,-972,-973,-974,-975,-976,-977,-976,-975,-976,-977,-976,-977,-978,-979,-980,-981,-980,-981,-982,-981,-982,-983,-982,-981,-980,-979,-980,-979,-980,-981,-980,-981,-980,-981,-982,-981,-982,-981,-980,-979,-978,-979,-978,-977,-978,-979,-978,-977,-978,-979,-980,-981,-980,-981,-982,-981,-982,-981,-982,-983,-984,-983,-982,-981,-980,-981,-980,-981,-980,-979,-978,-979,-978,-979,-980,-981,-982,-983,-984,-985,-986,-987,-988,-987,-988,-989,-990,-991,-990,-991,-992,-993,-994,-995,-994,-995,-996,-995,-994,-993,-992,-993,-992,-993,-994,-995,-996,-997,-998,-997,-998,-997,-998,-999,-1000,-1001,-1002,-1003,-1004,-1003,-1002,-1003,-1002,-1003,-1002,-1001,-1002,-1003,-1004,-1005,-1004,-1003,-1002,-1003,-1004,-1003,-1004,-1005,-1006,-1005,-1004,-1005,-1004,-1003,-1004,-1003,-1002,-1001,-1000,-999,-1000,-1001,-1000,-1001,-1002,-1003,-1004,-1003,-1004,-1005,-1006,-1007,-1008,-1007,-1008,-1009,-1010,-1009,-1008,-1009,-1010,-1011,-1010,-1009,-1010,-1011,-1010,-1011,-1012,-1013,-1014,-1015,-1014,-1015,-1016,-1017,-1016,-1017,-1016,-1017,-1018,-1017,-1018,-1019,-1020,-1021,-1020,-1021,-1022,-1023,-1022,-1021,-1022,-1021,-1020,-1021,-1020,-1021,-1022,-1023,-1024,-1025,-1026,-1027,-1026,-1027,-1028,-1027,-1028,-1029,-1030,-1029,-1030,-1031,-1030,-1031,-1032,-1033,-1034,-1033,-1032,-1031,-1030,-1029,-1030,-1029,-1028,-1029,-1028,-1027,-1026,-1027,-1028,-1027,-1026,-1025,-1024,-1025,-1026,-1027,-1026,-1027,-1026,-1025,-1024,-1025,-1024,-1023,-1022,-1023,-1022,-1023,-1022,-1021,-1020,-1019,-1020,-1021,-1020,-1021,-1022,-1023,-1022,-1021,-1022,-1021,-1022,-1021,-1022,-1023,-1022,-1023,-1024,-1023,-1022,-1023,-1022,-1023,-1022,-1023,-1024,-1025,-1026,-1025,-1026,-1027,-1028,-1029,-1030,-1031,-1032,-1031,-1030,-1031,-1032,-1031,-1032,-1033,-1032,-1033,-1032,-1033,-1032,-1033,-1034,-1035,-1034,-1035,-1036,-1037,-1036,-1037,-1036,-1035,-1034,-1035,-1036,-1037,-1038,-1039,-1040,-1039,-1038,-1037,-1038,-1037,-1038,-1039,-1040,-1041,-1042,-1043,-1044,-1043,-1042,-1041,-1042,-1041,-1042,-1043,-1042,-1043,-1044,-1045,-1046,-1047,-1046,-1047,-1046,-1047,-1046,-1047,-1048,-1049,-1048,-1047,-1046,-1045,-1046,-1047,-1048,-1049,-1050,-1049,-1050,-1049,-1048,-1047,-1048,-1047,-1046,-1045,-1044,-1045,-1046,-1047,-1046,-1047,-1046,-1045,-1044,-1043,-1044,-1043,-1042,-1041,-1040,-1039,-1040,-1041,-1040,-1039,-1040,-1039,-1038,-1039,-1038,-1037,-1038,-1037,-1036,-1035,-1034,-1033,-1032,-1033,-1034,-1035,-1034,-1033,-1032,-1033,-1032,-1033,-1032,-1031,-1030,-1031,-1032,-1031,-1030,-1029,-1030,-1029,-1028,-1029,-1028,-1029,-1030,-1029,-1030,-1029,-1028,-1029,-1030,-1031,-1030,-1031,-1032,-1033,-1032,-1033,-1034,-1035,-1036,-1035,-1036,-1035,-1036,-1035,-1036,-1037,-1038,-1037,-1038,-1037,-1036,-1037,-1038,-1039,-1040,-1041,-1040,-1039,-1040,-1041,-1042,-1043,-1042,-1043,-1044,-1043,-1042,-1043,-1044,-1043,-1042,-1041,-1040,-1041,-1042,-1043,-1044,-1043,-1042,-1041,-1042,-1043,-1044,-1043,-1044,-1045,-1044,-1045,-1044,-1045,-1044,-1045,-1046,-1047,-1046,-1047,-1046,-1047,-1048,-1047,-1046,-1047,-1048,-1049,-1050,-1051,-1052,-1053,-1054,-1055,-1056,-1057,-1058,-1057,-1056,-1057,-1058,-1057,-1058,-1057,-1056,-1057,-1056,-1055,-1054,-1055,-1056,-1057,-1058,-1059,-1060,-1061,-1060,-1059,-1060,-1061,-1062,-1061,-1062,-1063,-1064,-1065,-1066,-1067,-1066,-1067,-1068,-1067,-1066,-1067,-1068,-1069,-1070,-1069,-1070,-1071,-1072,-1073,-1072,-1071,-1072,-1071,-1070,-1071,-1072,-1071,-1072,-1071,-1070,-1071,-1070,-1069,-1070,-1069,-1070,-1071,-1070,-1071,-1072,-1073,-1074,-1075,-1076,-1077,-1078,-1077,-1078,-1077,-1078,-1077,-1076,-1077,-1076,-1077,-1078,-1079,-1080,-1079,-1078,-1077,-1076,-1075,-1076,-1075,-1076,-1077,-1078,-1079,-1078,-1079,-1078,-1079,-1080,-1081,-1080,-1081,-1082,-1083,-1082,-1081,-1082,-1081,-1082,-1083,-1082,-1083,-1084,-1085,-1084,-1083,-1082,-1083,-1084,-1083,-1084,-1085,-1086,-1085,-1086,-1087,-1088,-1089,-1088,-1089,-1090,-1089,-1090,-1089,-1090,-1091,-1092,-1091,-1092,-1093,-1094,-1095,-1096,-1095,-1096,-1095,-1096,-1095,-1094,-1095,-1094,-1093,-1094,-1093,-1094,-1095,-1094,-1093,-1094,-1093,-1092,-1091,-1090,-1091,-1090,-1089,-1090,-1089,-1088,-1089,-1088,-1087,-1088,-1089,-1090,-1089,-1090,-1089,-1090,-1089,1,0,1,2,1,0,-1,-2,-3,-2,-1,0,-1,0,-1,0,-1,0,-1,0,-1,-2,-1,-2,-3,-4,-3,-4,-3,-2,-3,-2,-3,-4,-5,-4,-5,-4,-5,-6,-7,-8,-9,-8,-7,-8,-9,-10,-9,-10,-9,-8,-7,-6,-5,-4,-3,-4,-3,-4,-5,-6,-5,-6,-5,-6,-7,-6,-5,-6,-7,-6,-5,-6,-5,-6,-7,-6,-7,-8,-7,-6,-7,-6,-7,-8,-7,-6,-7,-6,-5,-6,-5,-6,-5,-4,-3,-2,-1,-2,-3,-4,-3,-2,-1,0,-1,0,-1,0,-1,0,-1,0,-1,-2,-1,-2,-3,-4,-5,-6,-7,-8,-9,-10,-9,-10,-11,-10,-11,-10,-9,-10,-9,-8,-9,-8,-7,-8,-9,-10,-9,-10,-11,-12,-13,-12,-13,-14,-13,-14,-13,-14,-13,-12,-11,-12,-13,-14,-13,-14,-13,-14,-13,-12,-11,-12,-11,-10,-11,-10,-9,-10,-11,-12,-13,-14,-13,-14,-13,-12,-13,-12,-11,-12,-13,-12,-13,-12,-11,-12,-11,-12,-11,-12,-11,-12,-11,-10,-11,-12,-13,-14,-15,-14,-15,-14,-13,-12,-13,-12,-13,-14,-15,-16,-15,-16,-15,-16,-17,-16,-17,-16,-17,-18,-17,-16,-15,-14,-15,-14,-15,-14,-13,-12,-11,-12,-13,-14,-13,-12,-11,-12,-11,-12,-13,-14,-15,-16,-17,-16,-15,-14,-13,-14,-15,-16,-15,-14,-15,-14,-15,-14,-15,-14,-15,-16,-15,-16,-17,-16,-17,-16,-17,-16,-15,-16,-17,-16,-17,-16,-17,-16,-17,-18,-19,-18,-17,-18,-17,-18,-17,-18,-19,-20,-21,-20,-19,-18,-17,-16,-15,-16,-17,-18,-17,-16,-17,-16,-15,-16,-17,-16,-17,-16,-17,-18,-17,-16,-17,-18,-19,-18,-19,-20,-21,-22,-23,-22,-23,-22,-21,-20,-19,-20,-19,-20,-19,-18,-19,-18,-19,-18,-17,-16,-17,-16,-15,-16,-15,-14,-15,-16,-15,-16,-17,-16,-15,-14,-13,-12,-13,-14,-13,-14,-15,-14,-13,-12,-13,-14,-13,-14,-13,-12,-11,-10,-11,-12,-13,-14,-13,-14,-15,-16,-15,-16,-15,-16,-15,-14,-15,-16,-15,-16,-15,-16,-15,-16,-15,-16,-15,-16,-17,-18,-19,-18,-19,-18,-17,-18,-19,-20,-21,-22,-23,-24,-25,-24,-23,-24,-23,-22,-21,-20,-21,-20,-21,-20,-21,-22,-23,-24,-23,-24,-25,-24,-23,-24,-23,-24,-23,-22,-23,-24,-25,-24,-23,-22,-21,-20,-21,-20,-19,-20,-19,-20,-19,-18,-17,-16,-15,-14,-13,-14,-13,-12,-11,-12,-13,-14,-13,-12,-13,-12,-11,-10,-11,-10,-9,-10,-11,-10,-9,-8,-9,-8,-7,-8,-7,-6,-7,-8,-7,-6,-5,-6,-5,-4,-3,-4,-5,-6,-7,-6,-5,-4,-5,-4,-5,-4,-5,-4,-3,-2,-1,0,-1,-2,-3,-2,-3,-2,-1,-2,-1,0,1,2,3,2,3,4,3,2,3,4,5,4,3,4,3,4,3,2,3,4,5,4,5,4,3,4,5,4,5,4,3,2,3,2,3,4,5,4,5,6,5,4,5,6,7,6,7,8,7,8,7,8,9,10,9,8,9,8,7,8,9,8,7,8,7,6,7,8,9,10,11,10,11,12,11,10,11,12,13,12,13,12,11,10,11,10,11,12,11,12,11,10,11,12,11,10,11,10,9,8,9,10,11,12,11,12,13,14,15,14,15,14,15,14,15,14,13,12,13,14,15,14,15,16,15,16,17,18,17,18,17,16,17,16,15,16,17,18,19,20,21,22,23,22,23,24,25,24,25,24,23,24,23,22,21,20,19,20,21,20,21,20,19,18,19,18,17,18,19,20,19,18,17,16,15,16,17,16,17,18,17,16,15,16,15,16,17,16,17,16,15,16,17,16,15,16,17,16,15,16,15,14,13,14,13,14,13,14,13,12,11,12,11,10,11,12,13,12,13,14,13,14,15,16,17,16,15,16,17,16,15,16,17,18,17,18,19,18,19,20,19,18,19,18,19,20,21,20,21,20,21,22,21,22,21,22,23,22,21,20,21,20,19,18,17,16,17,18,19,20,21,20,21,22,23,24,25,24,25,26,27,26,27,28,29,30,31,32,33,32,33,34,33,32,33,34,35,36,37,36,35,36,37,36,37,36,37,38,39,40,39,40,39,38,39,38,37,38,39,40,41,42,43,44,45,46,45,44,43,42,43,44,43,44,43,44,45,46,47,46,45,44,43,44,43,42,41,40,39,38,37,38,39,38,39,38,39,38,39,40,41,42,43,44,43,42,43,42,43,44,45,44,45,46,45,46,45,46,47,48,49,50,51,52,51,52,53,54,53,54,53,54,53,52,53,54,53,54,55,54,55,56,57,58,57,56,57,56,55,56,55,54,53,52,53,52,51,52,53,52,51,52,51,50,49,50,49,50,49,48,49,48,47,48,47,46,45,46,45,44,43,42,43,44,45,46,47,48,49,50,51,52,51,52,53,52,53,52,53,54,53,52,51,50,49,50,49,50,49,50,49,48,49,48,47,48,49,50,49,50,49,50,49,50,49,50,51,50,49,50,49,48,47,46,47,48,49,50,51,52,51,52,53,52,53,54,55,56,55,56,57,56,55,54,55,54,53,54,55,56,57,58,59,58,57,56,55,54,53,52,51,50,51,50,51,50,51,50,51,50,51,52,51,52,53,54,55,56,55,56,57,56,55,54,55,54,53,52,53,52,51,50,51,50,51,50,49,50,49,48,49,48,49,48,49,50,51,52,53,52,51,52,51,52,53,54,55,56,57,56,55,56,57,58,59,60,61,60,61,60,61,62,63,64,65,66,67,68,67,66,67,68,67,66,67,66,67,68,67,68,67,68,69,70,69,68,67,68,69,70,71,70,71,72,73,74,75,74,73,72,73,74,73,72,71,70,71,72,71,70,69,70,69,68,69,68,69,68,67,68,69,70,71,72,73,74,75,74,73,74,73,72,71,70,69,68,67,66,65,64,63,62,63,64,63,62,61,62,61,62,61,60,61,62,61,60,59,60,59,58,57,56,55,56,55,56,55,56,55,54,55,56,57,56,57,56,57,58,59,58,57,58,57,56,57,56,55,56,55,54,53,54,55,54,55,56,57,58,59,58,59,60,59,58,59,58,59,58,59,58,57,58,59,60,61,62,61,60,61,62,63,62,61,62,63,62,63,62,63,62,61,60,59,58,57,58,57,56,57,58,59,60,59,60,61,62,63,62,61,60,59,58,59,58,57,58,57,58,57,56,55,56,55,56,57,56,57,56,55,56,57,58,57,56,55,56,57,56,55,54,55,56,57,58,59,58,59,60,59,60,61,60,59,58,57,58,59,60,59,58,59,58,57,58,59,58,59,58,57,58,57,56,57,56,57,56,55,56,57,58,57,58,59,60,61,62,61,62,61,60,59,60,61,62,63,64,63,64,65,66,65,64,65,66,67,68,67,66,65,66,65,64,63,62,61,62,63,64,65,66,67,68,69,68,69,68,69,68,69,68,69,70,71,72,71,72,71,70,71,70,69,68,67,66,65,64,63,64,65,64,65,64,65,66,65,64,65,66,65,66,67,66,65,64,63,64,63,64,65,64,65,64,63,62,63,62,63,62,63,62,61,62,63,64,63,64,63,62,63,64,65,66,65,66,67,68,69,70,71,72,71,72,71,72,71,70,71,70,69,68,67,66,67,68,69,70,71,72,73,74,75,76,77,78,79,80,81,80,81,82,81,80,79,80,79,78,79,80,79,80,81,82,81,80,79,78,77,76,75,76,77,76,77,78,77,78,79,78,79,80,81,82,83,84,83,82,83,82,83,82,81,82,83,84,83,82,81,82,83,82,83,84,85,84,85,84,83,82,83,82,83,82,81,82,83,82,81,82,83,84,85,84,85,86,87,88,87,86,87,88,87,88,87,86,87,86,87,86,87,88,87,86,87,86,87,88,89,88,89,88,87,86,87,88,89,90,91,92,93,92,93,92,91,90,89,88,89,90,91,90,89,90,89,90,89,90,91,92,93,92,93,94,95,94,93,92,91,90,89,88,87,86,85,86,87,86,87,86,85,84,83,84,83,84,85,84,83,82,83,84,85,86,85,84,85,86,87,88,89,90,91,90,91,92,91,92,91,92,93,94,95,96,97,98,99,100,99,98,97,96,95,94,95,94,95,96,97,96,97,96,95,94,93,94,93,92,91,92,91,92,93,94,95,96,95,96,97,98,99,100,101,100,99,98,97,98,97,98,97,98,97,98,97,96,95,96,95,96,95,96,95,94,93,94,93,94,95,94,95,96,97,98,99,98,99,98,97,98,99,100,101,102,103,102,103,104,105,104,105,106,107,108,109,110,111,112,113,112,113,112,113,114,115,116,117,116,115,114,115,114,113,112,113,112,113,114,115,114,113,112,111,110,109,110,109,108,109,110,111,112,111,110,111,110,111,112,113,114,115,114,113,112,113,114,113,114,115,116,115,116,117,118,119,120,119,118,117,116,115,114,115,114,113,114,115,116,117,118,117,116,115,116,115,114,115,114,113,112,111,110,109,110,111,112,111,112,113,114,115,116,117,118,117,116,115,116,117,118,117,116,115,116,115,116,117,118,119,120,119,120,119,120,121,122,123,122,121,120,121,122,121,122,123,124,125,126,125,126,127,126,125,124,123,124,123,122,121,122,121,120,121,120,121,120,121,120,119,118,117,118,119,120,119,118,117,116,115,116,115,116,115,114,115,116,115,116,115,116,117,118,119,120,121,120,119,118,117,116,117,116,117,118,117,118,117,118,117,118,119,120,119,118,119,120,121,122,123,124,125,126,127,126,127,126,127,128,129,130,131,130,129,130,131,132,133,134,135,136,137,138,137,138,137,136,137,138,137,136,135,134,133,132,131,132,131,132,133,134,135,136,137,138,139,140,141,142,143,144,143,144,145,144,145,146,145,146,147,148,149,150,151,152,153,154,153,154,155,156,157,158,159,160,159,160,161,162,163,162,163,164,163,162,161,162,161,162,161,162,163,164,165,164,163,164,165,164,165,166,167,168,167,168,167,168,167,166,165,166,167,168,169,170,171,170,171,170,171,172,173,172,171,172,171,172,171,172,173,174,175,174,175,176,177,176,177,178,179,180,181,180,181,180,181,180,181,180,181,182,183,182,181,180,181,180,179,178,177,178,177,178,179,180,179,180,179,178,177,176,175,174,175,174,175,176,175,174,175,174,175,176,175,174,173,174,173,172,173,172,171,170,171,172,171,170,171,170,169,168,167,166,165,164,165,166,165,166,167,166,167,168,169,168,167,166,165,166,167,166,167,166,165,164,163,162,163,164,165,164,163,162,161,162,161,162,161,162,163,164,165,166,167,166,165,166,167,166,167,166,167,166,165,166,165,164,165,164,163,162,161,160,161,160,161,162,163,164,165,166,167,168,167,166,167,168,167,166,167,168,169,168,167,168,167,166,165,166,167,166,165,166,165,164,163,164,163,162,161,160,159,158,159,160,161,162,163,164,165,164,165,166,167,166,165,166,167,168,167,166,165,166,165,166,167,166,165,164,165,166,165,164,163,162,163,162,161,162,161,162,161,162,163,162,161,162,163,162,163,164,163,162,161,160,159,160,159,160,161,160,161,162,161,162,163,164,163,162,161,160,161,162,163,164,163,164,165,164,163,162,163,162,161,160,159,158,157,156,157,156,157,158,159,160,159,158,159,160,161,162,161,160,159,160,161,160,159,158,157,158,159,160,161,162,163,162,161,162,163,164,163,162,163,164,163,162,161,160,161,162,163,164,165,166,165,166,167,166,167,168,169,168,167,166,165,164,165,164,165,164,163,162,163,164,165,166,165,166,167,166,167,166,167,168,169,168,169,168,167,168,167,166,165,166,165,166,165,164,165,166,165,166,167,168,167,166,165,164,165,164,165,164,163,162,163,162,161,162,161,160,159,158,157,156,157,156,157,158,159,160,159,158,159,160,161,160,159,160,159,158,157,156,155,156,157,156,155,154,153,154,153,154,155,154,153,154,155,154,155,156,155,156,157,156,155,156,155,156,155,154,155,156,157,156,157,156,157,156,157,156,155,156,157,158,157,156,155,156,157,158,159,158,157,156,155,156,157,156,157,156,155,156,155,154,153,154,155,156,157,158,159,158,157,158,159,160,159,158,159,160,159,158,157,156,157,158,159,160,161,162,161,162,163,164,163,164,163,164,165,164,165,166,165,164,163,162,161,162,161,160,159,160,161,162,163,164,163,164,165,166,167,168,167,168,167,166,165,166,167,168,169,170,169,170,169,170,169,168,167,166,167,166,167,168,167,166,165,164,163,164,163,164,163,164,165,166,165,164,165,164,165,166,167,166,167,168,167,168,169,170,169,168,169,168,167,168,169,170,171,172,173,174,173,174,175,176,175,174,173,174,175,174,175,176,175,174,175,174,175,174,175,176,177,178,177,176,177,178,179,178,177,176,175,174,175,176,177,176,175,176,175,174,173,172,173,174,175,174,173,174,173,172,173,174,175,174,175,174,173,172,171,170,171,172,173,174,175,174,173,172,173,174,175,176,177,176,175,176,175,176,175,176,177,176,177,176,175,174,173,172,171,170,169,168,169,170,171,170,169,170,171,170,171,172,173,174,175,176,177,178,179,180,181,180,181,180,181,180,181,182,183,182,181,180,181,182,183,184,185,184,183,182,183,184,185,186,185,184,183,184,185,186,185,184,183,182,183,182,181,182,183,184,183,184,185,186,187,186,187,186,187,186,185,186,187,186,187,186,187,186,185,184,183,182,181,182,183,182,181,182,181,180,181,182,183,184,183,184,185,184,185,184,183,182,181,180,181,182,183,182,181,180,181,180,181,180,179,178,177,176,175,176,177,178,179,180,179,180,179,178,179,180,181,180,179,178,177,176,177,178,179,178,177,176,177,178,179,178,179,180,179,178,179,178,179,178,179,178,179,178,177,178,179,180,181,182,183,184,185,186,187,188,189,188,187,186,187,188,189,190,191,192,193,192,193,192,193,194,193,192,193,192,193,194,195,196,197,198,197,198,197,196,195,194,193,194,193,192,193,194,195,196,195,196,195,196,197,198,197,198,197,196,197,196,197,198,199,200,199,198,197,198,199,200,201,202,201,202,203,204,205,206,207,206,207,208,209,210,211,210,209,210,211,210,209,208,209,210,209,208,207,208,209,208,209,208,207,206,207,206,205,204,203,204,205,206,207,206,205,206,205,204,205,204,205,206,205,206,207,208,207,208,209,208,209,208,209,208,209,210,209,210,211,212,213,212,211,210,209,210,209,210,211,210,211,212,211,212,213,212,213,212,211,212,211,210,211,212,211,212,211,210,209,210,209,210,211,212,213,214,213,212,211,212,211,210,211,210,211,212,211,212,211,212,211,210,209,210,209,208,209,210,211,210,211,212,211,212,211,212,211,212,213,212,211,210,211,212,211,212,211,210,209,210,211,210,209,208,209,208,209,210,211,210,211,212,211,210,211,212,213,212,213,212,213,212,213,212,211,210,209,208,207,206,205,204,203,202,201,200,199,198,197,196,195,194,193,192,193,192,191,192,191,192,193,194,195,196,197,198,199,198,197,198,199,198,197,198,199,198,199,200,201,202,201,200,199,198,197,196,197,196,197,198,197,196,195,194,193,192,193,194,195,196,195,194,193,192,193,192,191,192,193,192,191,192,193,194,195,194,195,194,193,194,193,194,193,192,191,190,189,190,191,192,193,194,195,196,197,196,195,194,195,196,197,198,199,198,197,196,195,194,195,194,193,192,191,192,193,194,195,196,195,196,197,196,195,194,195,196,195,194,193,194,193,194,193,192,191,192,191,192,193,192,191,190,191,192,191,190,191,192,193,194,195,196,195,196,197,196,195,196,197,198,199,198,199,198,197,198,197,198,197,198,197,196,195,196,197,196,195,194,195,196,197,198,199,200,199,198,197,198,197,196,195,194,195,194,195,196,195,194,193,192,191,190,191,190,191,190,189,188,187,186,187,188,189,190,191,190,191,192,193,192,191,190,189,190,189,188,189,188,187,186,185,186,187,186,187,186,187,186,187,188,187,186,187,186,187,188,187,188,187,186,187,186,187,186,187,186,185,184,185,186,185,184,183,184,185,186,185,184,185,184,183,182,181,180,179,178,177,178,179,178,177,176,175,174,173,172,171,172,171,172,171,170,169,170,171,170,171,172,173,174,173,174,173,174,173,172,173,172,173,172,171,172,173,172,171,170,171,172,173,174,173,174,173,174,175,174,173,174,175,176,177,176,177,176,175,176,175,176,175,174,173,172,171,172,173,172,171,170,171,172,173,174,175,176,177,178,179,178,177,176,177,178,177,178,177,178,179,178,179,180,181,180,181,182,183,182,183,184,185,184,183,184,185,186,187,188,189,188,189,190,191,192,193,194,193,194,195,196,195,194,195,196,195,196,197,198,197,198,199,198,199,198,199,200,199,200,201,200,201,200,201,202,201,202,201,202,201,202,201,202,203,202,203,202,203,204,203,204,205,204,205,206,207,208,207,208,209,210,211,212,213,212,213,214,215,216,215,216,217,218,219,220,219,220,221,220,221,222,221,220,221,222,221,222,223,224,223,224,223,224,225,224,225,224,225,224,225,226,225,226,227,228,227,228,229,228,229,230,231,232,231,232,231,230,231,230,231,232,231,232,231,232,231,230,231,230,231,232,231,230,229,230,229,230,229,228,227,228,229,228,229,230,231,232,233,234,233,234,233,234,233,234,233,234,235,236,237,238,237,236,237,238,237,238,237,238,237,236,237,238,237,236,235,236,235,234,235,236,237,238,237,238,237,238,237,236,237,238,237,238,237,236,237,236,237,236,237,236,237,238,237,238,239,240,241,240,241,242,243,244,243,244,243,242,243,242,241,240,241,242,243,244,243,244,243,244,245,246,245,246,245,246,245,246,245,244,245,244,243,244,245,246,247,246,247,246,247,246,245,246,245,244,243,242,241,242,241,240,241,240,241,240,239,238,237,238,237,236,235,236,235,234,233,232,231,230,231,230,231,232,231,230,231,232,233,234,235,236,237,238,239,238,239,238,237,238,239,240,241,240,241,242,243,244,245,246,247,246,247,246,245,244,245,244,243,242,243,244,243,244,243,244,243,242,241,242,241,240,239,240,241,242,241,240,239,240,241,240,239,238,239,238,237,236,235,236,237,236,235,234,233,234,233,232,231,230,229,228,229,228,227,226,225,226,227,228,227,228,227,226,227,226,227,226,225,226,225,224,223,224,225,224,225,224,225,226,227,228,229,230,229,228,229,230,229,230,231,232,231,232,233,234,235,236,237,238,239,240,241,240,241,242,243,242,241,240,239,238,239,240,241,240,241,242,243,244,243,244,243,244,243,244,243,244,243,244,245,246,247,248,249,250,251,252,253,252,251,250,251,252,253,254,253,252,253,252,251,250,251,252,253,254,253,254,255,254,253,254,253,254,255,254,253,252,253,252,253,254,255,256,257,256,257,256,257,256,255,254,255,256,255,254,255,256,255,254,253,252,251,252,253,254,255,256,257,258,259,260,259,258,257,258,259,260,261,262,263,262,261,262,263,262,261,260,261,262,263,264,263,264,263,262,261,262,261,260,259,258,259,260,259,260,261,262,261,262,263,262,263,264,263,264,263,264,263,264,265,264,265,266,265,264,265,264,263,264,265,264,263,264,265,264,263,264,265,264,263,262,261,260,261,260,259,260,259,258,259,260,261,260,259,260,261,260,259,258,257,256,257,256,255,256,257,258,257,256,257,258,259,260,259,258,259,260,261,260,259,258,257,258,257,256,257,258,257,256,255,256,257,256,257,256,255,256,257,258,259,260,259,260,261,262,263,262,263,264,265,266,265,264,265,266,267,266,265,264,263,262,263,264,265,266,265,264,265,264,265,264,263,262,261,262,261,260,261,262,261,260,259,260,261,260,261,260,259,260,261,262,263,264,265,264,263,264,265,266,265,266,267,268,269,270,269,270,269,270,269,268,269,268,269,270,269,268,267,266,267,266,265,264,265,266,265,266,267,266,265,266,267,268,267,266,265,264,263,264,265,264,263,262,263,262,263,264,263,262,263,264,265,266,267,266,265,266,267,268,269,270,271,272,273,272,271,272,273,274,273,272,273,272,273,274,273,272,273,274,275,276,277,276,275,276,277,278,277,278,279,280,281,282,281,282,283,282,283,282,283,282,283,284,285,286,285,284,285,286,287,286,285,286,287,288,289,290,291,292,293,294,295,296,297,298,297,296,295,296,297,298,299,300,301,300,301,300,299,300,299,298,299,298,299,300,301,302,303,302,301,300,301,302,303,304,305,304,305,306,307,306,307,308,309,308,307,306,305,304,305,304,303,302,301,302,301,302,301,300,301,302,303,304,303,304,305,306,307,308,309,310,311,310,309,308,307,306,305,304,303,302,303,302,301,300,301,300,301,302,303,302,303,302,303,302,301,302,301,302,301,300,301,302,303,304,305,306,307,306,307,306,307,308,307,308,309,310,309,310,309,310,309,310,309,310,309,310,311,310,311,312,313,314,313,314,313,312,313,312,313,314,315,316,317,316,315,314,315,316,317,318,319,318,317,316,315,314,315,314,313,314,313,312,311,312,313,314,315,316,315,314,315,314,315,316,317,318,317,318,317,318,317,316,317,316,315,316,317,318,317,316,317,316,317,316,315,314,313,312,311,310,311,310,309,310,311,310,309,308,309,308,307,308,307,306,307,306,305,304,305,306,307,306,307,308,307,308,307,306,307,306,305,304,305,306,305,304,305,306,307,306,305,304,305,304,303,302,301,300,299,298,297,296,297,298,297,298,299,298,297,296,295,294,293,294,295,296,297,296,295,296,297,298,297,296,297,298,297,296,295,294,293,292,291,290,289,290,291,290,289,288,287,286,285,286,287,288,287,286,285,286,285,284,285,284,285,286,287,286,287,288,287,288,287,286,285,284,283,284,285,286,285,284,283,284,283,284,283,282,283,284,283,282,283,282,281,282,281,280,281,282,281,280,279,278,279,280,279,280,281,282,283,284,285,286,285,284,285,286,287,288,289,288,289,288,287,288,289,288,289,290,291,290,289,288,287,286,287,286,285,286,287,286,285,284,283,284,285,286,287,288,289,290,289,290,291,292,293,294,295,296,297,298,299,300,301,300,301,300,301,302,301,300,301,300,299,300,299,300,299,300,299,300,299,298,297,296,295,296,295,294,295,294,295,294,295,296,295,296,295,296,295,294,295,296,295,296,295,296,297,296,297,298,297,298,297,296,295,294,295,294,295,296,295,294,295,296,297,296,295,294,295,294,295,296,297,296,297,296,295,294,295,296,295,296,297,296,295,296,297,296,297,298,297,296,295,294,295,296,295,296,297,296,295,296,295,296,297,296,297,296,295,294,293,292,293,292,291,290,291,292,293,292,293,292,293,294,293,292,293,292,293,294,293,294,295,294,295,296,295,296,295,294,293,292,293,294,293,294,293,292,291,292,293,294,293,294,293,294,293,292,293,292,291,292,293,294,295,294,295,294,295,294,293,292,293,294,295,294,295,294,293,294,295,296,297,298,299,298,297,296,295,294,295,296,297,296,297,298,297,296,295,294,295,294,293,294,293,294,295,296,297,296,295,294,295,294,295,296,295,296,297,296,297,296,297,296,295,294,293,292,291,290,289,290,289,288,287,286,287,288,289,290,289,290,291,292,293,294,295,296,297,296,297,296,295,294,295,294,295,296,297,296,297,298,299,298,299,300,299,298,297,298,299,298,299,298,299,300,299,300,301,300,301,302,303,304,305,304,303,304,305,304,305,306,307,308,309,310,311,310,309,310,311,312,313,312,311,312,313,312,311,312,311,312,311,312,313,312,311,312,313,314,315,314,315,314,315,314,313,314,315,314,313,314,313,312,313,312,311,312,311,312,311,310,309,308,309,308,307,308,309,308,309,310,311,312,311,310,309,308,309,308,309,308,307,306,305,304,303,302,301,300,301,300,299,298,297,298,299,298,299,298,299,300,301,302,303,302,303,302,301,300,301,300,299,298,299,298,299,298,297,298,297,296,297,296,297,298,299,300,299,300,301,300,299,298,297,296,295,294,295,296,297,298,297,298,299,300,301,300,299,298,297,296,297,298,297,298,299,300,299,300,299,300,299,300,301,300,299,300,299,300,301,302,301,300,299,298,297,296,297,298,299,300,299,300,301,300,299,298,297,296,295,296,295,296,297,298,299,300,301,302,303,304,303,304,303,302,303,304,303,304,303,302,301,302,303,302,303,304,305,306,307,306,305,304,305,304,305,306,307,306,307,306,305,304,305,304,305,306,305,306,307,306,307,308,307,308,307,308,307,308,309,310,309,308,309,308,307,306,305,304,303,304,303,302,303,304,303,304,303,304,305,304,305,304,305,306,305,304,305,304,303,302,301,302,303,302,303,304,303,304,303,302,303,302,301,302,303,304,303,304,305,306,307,308,309,310,309,308,309,310,311,312,313,312,313,312,313,314,315,314,315,314,313,314,313,312,311,310,311,310,311,310,309,308,307,306,305,304,305,306,305,304,305,306,305,304,305,306,305,304,303,304,305,304,303,304,303,304,303,302,303,302,301,302,303,304,305,306,307,308,309,310,311,310,309,308,309,310,309,308,307,306,305,304,303,302,301,302,303,302,303,304,305,304,303,302,301,300,299,300,299,298,297,296,295,294,293,292,293,294,293,292,293,294,293,292,293,292,291,292,293,292,293,294,295,294,295,294,293,292,293,294,293,294,295,294,293,294,295,296,295,294,295,294,295,296,297,296,295,296,297,296,295,294,293,292,291,290,291,292,293,292,291,290,291,290,291,290,291,292,293,294,293,292,293,292,291,292,291,292,293,294,295,294,295,296,297,298,299,298,299,298,297,296,297,298,299,298,299,298,299,298,299,298,299,300,299,298,299,298,297,298,299,298,297,298,297,298,299,298,297,298,297,296,295,294,293,292,293,294,295,294,293,292,293,292,291,292,291,290,289,290,291,292,293,294,295,296,295,296,297,298,297,296,295,296,297,298,297,298,299,300,301,302,303,304,303,302,301,302,301,302,301,302,301,300,299,300,299,300,299,298,299,298,299,300,301,302,303,304,303,302,301,302,301,300,301,300,299,300,301,302,303,304,305,306,305,304,303,302,303,302,301,302,301,302,303,304,305,306,305,306,305,306,307,306,307,308,309,310,311,310,309,308,307,308,307,308,307,308,307,308,309,308,307,306,307,306,307,308,307,306,305,304,305,304,303,304,303,304,303,302,301,300,301,302,303,302,301,300,299,300,301,302,301,300,301,302,303,302,301,300,299,300,301,300,301,302,303,304,303,304,303,302,301,300,301,300,299,300,301,302,303,304,303,302,301,300,299,298,299,298,299,298,297,296,295,296,295,294,293,294,295,296,297,296,297,298,297,296,295,294,293,292,291,290,291,292,291,290,289,288,287,286,287,288,289,288,287,286,285,284,283,282,281,282,281,280,279,278,279,280,279,280,279,278,279,280,279,278,277,276,275,274,275,276,275,276,277,276,275,276,275,274,275,276,275,276,277,278,279,278,277,276,275,274,273,272,273,274,273,272,273,274,273,272,271,272,271,270,271,272,271,270,271,272,271,270,269,268,269,270,269,268,269,268,269,268,269,268,269,268,269,270,269,270,269,270,269,268,267,268,269,268,269,268,269,270,269,268,267,268,267,268,267,266,265,264,263,264,265,266,267,266,267,268,267,266,267,266,265,264,263,264,263,264,265,266,265,266,267,266,265,264,263,262,263,264,263,262,263,262,261,262,263,262,263,264,265,266,267,268,267,268,269,270,271,270,271,270,269,268,267,268,269,268,267,266,267,268,267,268,267,268,267,268,269,268,267,268,267,266,265,264,265,266,267,266,265,266,267,268,267,268,267,268,267,268,267,266,267,266,267,266,267,266,267,268,267,268,267,268,267,266,267,266,267,266,265,264,265,264,263,262,263,262,263,264,263,264,265,266,265,264,265,264,265,266,265,264,263,262,263,262,263,264,265,264,265,266,267,266,265,266,265,264,265,264,263,262,261,260,259,258,259,258,259,260,259,260,259,258,257,256,257,258,257,256,255,254,253,254,253,252,251,252,253,254,255,254,255,256,255,256,255,256,255,256,255,254,255,254,255,256,255,256,255,256,255,254,255,256,255,256,255,256,255,254,255,256,255,256,257,256,257,256,257,256,255,254,253,252,251,252,253,252,253,252,251,252,251,250,249,248,247,246,245,244,245,246,245,244,243,242,243,242,241,240,239,240,241,242,243,244,245,246,245,246,247,246,245,244,243,242,241,240,239,238,237,238,237,238,239,240,241,240,239,238,239,238,237,236,237,236,237,238,237,236,237,236,237,238,239,240,241,242,243,244,245,244,245,246,245,244,243,242,243,242,243,244,243,244,243,242,243,242,241,240,239,238,239,238,239,240,241,240,241,240,241,240,239,240,239,238,237,238,237,238,237,238,237,238,237,238,237,238,237,236,237,236,235,234,235,234,235,236,237,236,235,234,233,232,233,234,233,232,231,230,229,230,229,228,229,228,229,230,231,230,231,230,231,230,229,230,231,232,233,232,233,232,231,230,229,230,229,228,227,226,227,228,227,226,227,226,225,224,225,224,223,222,221,220,219,220,221,222,223,224,225,226,227,226,225,226,225,224,223,222,221,222,223,222,221,222,223,224,223,222,221,220,219,220,221,220,221,222,221,220,221,220,219,220,219,220,219,218,219,220,221,222,221,222,221,220,221,220,219,218,217,218,219,218,217,216,215,214,213,214,215,216,217,216,215,214,213,212,211,212,213,212,211,212,213,212,211,210,209,210,211,210,209,208,207,208,209,210,211,212,211,212,211,210,209,208,207,208,209,208,207,206,205,204,205,204,203,202,201,202,203,204,205,206,207,208,207,208,207,208,207,208,209,210,211,212,211,212,213,214,215,214,213,214,215,216,217,216,215,216,217,216,215,216,215,216,217,218,219,218,219,220,221,220,221,220,221,222,223,224,225,224,225,226,227,228,227,226,227,226,227,228,229,228,229,230,229,230,231,232,233,232,233,234,233,232,233,234,235,236,237,236,235,236,237,236,237,238,239,240,239,240,239,240,239,238,239,240,241,242,241,242,241,242,243,242,241,242,241,242,241,242,243,244,243,244,243,242,243,242,243,244,243,242,243,244,245,244,243,244,243,244,245,246,247,248,249,248,249,250,249,248,247,248,249,248,249,248,247,248,249,248,249,248,249,250,251,252,251,252,251,252,253,254,253,254,253,254,253,254,253,254,253,254,255,256,255,256,255,256,255,256,255,256,255,256,255,256,255,254,255,256,257,256,255,256,255,254,255,256,257,258,259,258,257,256,257,258,257,256,257,256,257,258,259,258,259,258,259,258,259,258,259,260,261,260,261,260,261,260,261,260,261,260,261,260,259,258,259,258,259,260,261,260,259,258,259,260,261,260,259,260,259,260,259,260,261,262,261,260,261,260,261,262,261,262,261,262,261,260,259,258,257,258,259,260,261,262,263,262,263,262,261,260,261,262,263,264,263,262,261,262,261,260,261,260,261,260,261,260,259,258,257,258,257,256,257,256,255,254,253,252,253,254,253,252,253,254,255,254,253,252,253,254,253,252,251,250,251,250,251,252,253,254,255,254,255,256,255,256,255,256,255,256,255,256,257,258,257,256,255,256,257,258,257,256,257,256,257,256,255,254,255,254,255,256,257,256,257,258,259,258,259,260,261,260,259,260,261,262,263,262,261,262,261,260,259,260,259,260,259,258,259,260,261,260,259,260,261,260,261,262,263,262,263,264,265,266,267,268,269,268,269,270,271,272,271,272,271,272,273,274,273,272,273,272,271,272,271,272,271,272,273,274,275,274,275,276,277,276,275,274,275,276,277,278,277,278,277,278,279,280,281,282,283,284,285,284,285,284,285,286,285,286,287,286,285,284,285,286,287,288,289,290,289,290,289,288,289,290,289,290,291,290,291,290,291,290,291,292,293,292,293,292,293,292,291,292,293,294,295,296,295,296,297,296,297,298,299,298,297,298,297,298,299,298,299,300,299,298,299,298,299,300,301,302,301,302,301,302,303,304,303,302,301,300,299,300,301,300,299,298,299,300,301,300,301,300,301,300,301,300,301,300,301,302,301,300,301,302,303,304,305,304,305,304,305,306,307,308,307,308,309,308,309,310,311,312,311,312,311,312,311,312,311,310,311,310,311,312,311,312,311,310,309,308,309,308,309,310,311,312,313,314,313,312,313,314,315,316,317,316,315,316,317,318,319,320,319,318,317,318,319,320,321,320,321,320,319,318,319,318,319,320,321,320,319,318,317,316,315,316,315,314,315,316,317,318,317,316,315,316,315,316,317,316,315,316,315,316,317,316,315,314,313,314,313,314,313,312,313,314,313,314,313,312,313,312,311,310,311,312,311,312,313,312,311,310,311,310,311,310,311,310,311,312,311,310,309,308,309,308,307,306,307,308,307,308,307,306,305,306,305,306,307,308,307,306,305,306,305,306,305,304,303,304,305,306,307,308,307,308,307,306,307,306,305,304,305,306,307,306,305,304,303,302,303,304,305,306,307,308,307,308,309,310,309,310,309,308,309,308,309,310,311,310,311,310,311,310,311,312,313,314,313,312,313,314,313,312,313,312,313,312,313,312,313,314,315,314,315,316,315,314,315,316,317,316,317,318,319,320,321,320,319,320,321,322,321,320,321,322,321,320,319,320,319,320,321,322,323,322,321,322,321,320,319,320,321,320,319,320,319,318,319,320,321,320,321,322,323,322,323,322,321,322,323,322,321,322,321,322,323,324,325,324,323,322,321,320,319,320,319,320,321,322,323,322,323,322,323,322,323,324,325,326,325,324,323,322,323,322,321,322,323,322,321,320,321,322,321,322,321,320,321,322,323,324,323,324,325,326,325,324,323,324,323,322,321,322,321,322,323,324,323,322,321,322,321,322,323,324,323,324,323,324,325,326,325,326,325,326,325,324,325,326,327,328,329,330,329,330,331,330,329,330,329,330,331,332,333,334,333,332,333,332,333,334,335,336,337,338,337,338,337,338,337,338,337,338,337,338,339,340,339,340,341,340,341,342,343,344,343,344,345,344,343,344,343,344,345,346,345,346,347,348,349,348,349,350,349,350,349,348,349,348,349,348,347,348,347,348,349,348,349,348,349,350,349,350,351,352,351,350,351,350,349,350,349,348,349,350,349,348,347,346,347,348,349,350,351,350,349,348,347,348,347,346,347,346,347,348,349,350,349,350,351,350,349,350,351,350,351,350,349,350,351,350,351,350,351,350,351,352,353,352,353,354,353,354,355,354,355,354,355,356,357,356,355,356,355,356,357,358,357,358,357,356,357,356,357,356,357,358,359,358,359,358,359,358,359,360,359,358,357,358,359,358,359,360,361,360,359,358,359,360,361,360,361,362,361,360,359,360,361,360,361,360,361,362,363,364,365,366,367,368,369,368,369,368,367,366,367,366,367,366,365,364,363,364,365,366,365,366,365,366,365,364,363,364,365,364,365,364,365,364,365,364,365,364,365,366,367,368,369,368,369,368,367,366,367,368,369,368,369,370,371,372,373,372,373,374,375,374,373,372,373,374,375,374,375,374,373,372,371,372,373,372,373,374,375,374,375,374,375,376,377,376,377,376,377,376,377,376,377,376,377,376,377,376,375,374,375,374,375,374,375,374,375,376,377,378,377,378,377,378,377,378,377,378,379,378,379,378,379,380,379,380,381,382,381,380,379,380,379,378,377,376,377,376,377,376,377,376,375,376,377,376,375,374,373,374,373,374,373,372,373,374,375,376,377,376,377,376,377,378,379,380,381,380,379,380,379,378,377,378,377,376,375,376,375,374,373,372,371,372,371,370,371,372,373,372,373,372,373,374,375,376,375,376,375,374,373,372,371,372,373,372,371,370,371,372,373,372,373,374,375,376,377,378,377,378,379,378,377,378,379,380,379,378,377,376,375,374,373,374,373,374,373,372,371,372,373,372,371,372,373,374,375,374,373,372,373,374,373,374,373,372,371,372,373,374,375,374,373,372,373,374,375,376,377,376,375,374,375,376,375,374,373,372,373,374,375,374,375,374,373,374,373,374,375,374,375,376,375,374,375,374,375,376,377,376,377,378,377,376,375,376,377,376,377,376,375,374,373,372,373,374,373,372,373,374,373,374,375,376,377,376,375,374,373,372,371,372,371,370,369,370,371,370,371,372,373,372,371,370,369,368,369,370,369,370,369,368,369,370,371,370,371,372,373,374,375,374,373,372,373,372,371,370,371,370,369,370,371,372,373,372,371,370,371,372,373,374,375,374,373,372,371,372,373,372,373,372,373,374,373,372,373,372,371,372,371,372,371,370,369,368,367,368,369,370,369,370,371,372,373,372,371,370,369,368,367,368,369,370,369,368,369,370,369,368,367,368,367,366,367,368,369,370,369,368,369,368,369,370,369,368,367,366,365,366,365,364,365,364,363,362,363,364,363,364,363,362,363,364,365,364,365,366,365,366,365,366,365,366,365,364,363,364,363,362,361,360,359,360,359,358,357,358,357,356,355,356,357,356,357,358,359,360,359,360,361,362,361,362,363,364,365,364,363,364,363,364,365,366,367,366,365,366,365,366,365,366,365,364,363,364,365,364,365,366,365,364,363,362,361,362,363,364,365,364,363,362,361,360,361,360,361,360,359,360,361,360,359,360,359,360,359,358,357,358,357,356,357,358,359,358,357,358,357,356,355,356,357,356,357,356,357,356,355,354,353,354,353,354,355,354,353,352,351,350,351,352,351,350,351,352,353,352,353,352,353,354,355,356,355,356,357,358,357,356,355,356,357,358,357,358,357,356,357,356,355,356,355,354,353,354,355,356,355,356,355,356,357,356,355,356,357,358,357,358,357,356,357,356,355,354,355,356,357,356,357,358,359,360,361,360,361,360,361,360,359,358,357,358,359,360,361,360,359,360,361,360,359,358,359,360,359,358,357,358,357,356,355,354,355,354,355,354,353,352,353,354,353,352,351,350,351,350,351,352,351,350,349,348,349,350,349,348,349,350,349,348,349,348,349,350,351,350,349,350,349,348,347,348,347,346,347,346,345,344,343,342,341,342,343,342,341,340,339,340,341,340,341,340,339,338,337,338,337,338,339,340,341,340,339,338,337,336,335,334,335,336,337,336,335,334,333,332,331,330,329,328,327,326,327,326,327,326,325,326,327,326,325,324,323,322,323,324,323,322,321,322,323,324,325,326,325,324,323,324,323,322,321,322,323,322,321,322,323,324,323,324,323,324,323,324,323,322,321,322,321,320,319,320,319,320,321,322,323,324,323,324,323,322,323,322,321,322,321,320,321,320,319,318,317,318,319,318,317,318,317,316,315,314,313,312,311,310,309,308,307,306,307,306,307,308,309,308,309,310,311,310,309,310,309,310,311,310,311,312,313,314,315,314,313,312,311,310,311,312,311,310,311,312,313,312,311,310,309,310,311,310,311,310,309,310,311,312,313,314,313,312,313,312,311,310,311,312,311,312,313,314,313,314,315,314,313,312,313,312,311,312,311,310,311,312,313,312,311,310,311,312,313,312,313,314,313,312,313,314,313,312,311,312,311,310,311,312,313,314,315,314,315,316,315,314,315,314,313,312,313,314,313,314,313,312,313,312,313,312,313,312,311,312,313,314,313,312,313,312,313,314,313,312,311,310,309,308,309,310,311,310,309,308,307,306,305,304,303,302,303,302,303,304,303,302,301,300,299,300,299,300,301,300,299,298,297,296,297,296,297,298,297,296,297,298,297,296,297,298,299,298,297,296,297,298,297,298,299,300,299,298,299,300,301,302,301,300,301,300,299,298,297,298,299,300,301,300,299,298,299,298,297,298,297,298,299,298,299,298,299,300,299,298,297,296,297,296,297,298,297,296,297,296,295,296,295,294,293,292,293,294,293,292,293,292,293,292,291,290,289,288,289,288,289,290,291,290,289,290,291,290,289,288,287,286,287,286,287,288,287,286,287,288,287,286,285,284,283,284,285,284,283,284,283,282,283,284,285,284,285,284,285,286,285,284,285,286,285,284,285,286,287,286,285,284,283,284,285,284,283,282,283,282,281,280,281,282,283,284,285,286,287,286,285,284,285,284,285,286,285,286,285,284,285,286,287,288,289,290,291,290,289,290,289,288,287,286,285,284,285,286,285,284,283,282,283,284,283,284,285,286,285,284,285,284,285,284,283,284,283,282,283,284,283,282,283,282,283,282,281,282,283,284,285,284,283,282,281,280,279,278,277,276,277,276,275,274,273,272,273,272,271,270,269,270,271,270,269,270,269,268,267,268,269,268,267,268,269,270,269,268,267,266,265,264,265,264,263,262,261,260,261,262,261,262,261,260,259,260,259,260,259,260,259,260,259,258,259,260,261,262,261,260,259,258,257,256,255,254,255,254,255,254,255,256,257,258,257,258,257,258,257,256,255,254,253,252,251,250,251,252,251,252,251,250,249,248,249,248,249,250,249,248,247,248,249,250,251,250,249,250,251,252,253,254,255,256,255,256,257,256,257,256,257,258,259,260,261,262,263,264,265,264,263,262,261,260,259,260,261,260,259,258,257,256,257,256,255,256,255,254,253,254,253,254,255,254,253,254,253,254,253,254,253,254,253,254,253,252,251,250,249,250,251,252,253,254,255,256,255,254,255,254,255,256,257,258,257,258,259,260,261,262,263,264,265,264,265,266,267,268,269,270,271,270,271,272,273,274,273,274,273,274,273,272,271,270,271,270,271,272,271,270,269,268,267,266,265,266,265,264,265,266,267,266,265,266,265,266,267,268,269,270,269,268,267,268,269,268,269,270,271,270,271,272,273,274,273,272,271,270,269,268,267,268,269,268,269,270,271,272,273,272,271,270,271,270,269,270,269,268,267,266,265,264,265,266,267,266,267,268,269,270,271,272,273,272,271,270,271,272,273,272,271,270,271,270,271,272,273,274,273,272,273,272,273,274,275,276,275,274,273,274,275,274,275,276,277,278,279,278,279,280,279,278,277,276,277,276,275,274,273,274,273,272,273,272,273,272,273,272,271,270,269,270,271,272,271,270,269,268,267,268,267,268,267,266,267,268,267,266,265,266,267,268,269,270,271,270,269,268,267,266,267,266,265,266,265,266,265,266,265,266,267,268,267,266,267,268,269,270,269,270,271,272,271,272,271,272,273,274,273,272,271,270,271,272,273,272,273,274,275,276,277,276,277,276,275,276,275,274,273,274,273,272,271,270,271,272,271,272,273,274,275,276,277,278,279,280,281,282,283,284,283,284,285,284,285,286,285,286,287,288,287,288,289,290,291,292,293,292,293,294,295,296,297,298,299,298,299,300,301,302,301,302,303,302,301,300,301,300,301,300,301,302,303,304,305,304,303,304,305,304,305,306,307,308,309,310,309,310,309,308,307,308,309,310,309,310,311,312,313,312,313,314,315,314,313,314,313,314,313,314,315,316,317,316,317,318,319,318,319,320,321,322,323,322,321,320,321,320,321,320,321,322,323,322,321,320,321,322,323,322,321,322,321,322,323,322,321,322,321,320,319,318,317,316,317,318,317,318,319,318,317,318,317,316,317,316,315,316,315,316,317,318,319,318,317,318,317,316,317,316,315,314,313,312,311,310,311,312,311,312,313,312,313,314,315,314,313,314,313,314,315,314,315,314,313,312,311,310,311,312,313,312,311,310,309,310,309,310,309,310,311,312,313,314,315,314,313,314,315,314,315,314,315,314,313,314,313,314,315,314,313,312,311,310,311,312,311,312,313,314,315,316,317,318,317,316,317,318,317,316,317,318,319,318,317,318,317,316,315,316,317,316,315,316,315,314,313,314,313,312,311,310,309,308,309,308,309,310,311,312,311,310,311,312,313,312,311,312,313,312,311,310,309,310,309,310,311,312,313,314,313,312,313,314,315,316,317,318,319,320,319,318,317,316,317,318,317,316,315,316,317,316,315,314,313,314,313,312,311,312,311,310,309,310,311,310,309,310,311,312,311,310,311,312,313,312,311,312,311,312,313,312,313,314,313,314,315,316,315,314,313,312,313,314,315,316,315,314,315,314,313,312,313,312,311,310,309,308,307,306,307,306,307,308,309,310,309,308,309,310,311,312,311,310,309,310,309,308,307,306,305,304,303,304,305,306,307,306,305,306,307,308,309,310,309,308,309,310,311,310,309,310,311,310,309,308,307,308,309,310,311,312,313,312,311,312,311,312,313,314,313,312,311,310,309,310,309,308,307,306,305,306,307,308,309,308,309,308,307,308,307,308,309,310,311,312,311,310,311,310,309,308,307,306,307,306,307,308,309,308,309,310,311,310,309,308,307,308,307,308,307,308,307,308,307,306,307,308,307,306,305,304,303,304,303,304,305,306,307,306,305,306,307,308,307,306,307,308,307,306,305,304,305,306,305,304,305,304,305,304,305,306,305,304,305,306,307,308,309,308,309,310,311,312,313,312,311,310,309,308,309,310,311,310,311,310,311,310,309,308,307,308,309,310,309,308,307,308,307,308,309,308,307,308,307,308,309,310,311,310,311,312,311,310,309,310,309,310,311,312,313,312,311,312,313,314,315,314,315,314,315,316,315,314,313,312,313,314,315,316,317,318,319,318,317,318,319,320,319,318,319,320,319,318,317,316,315,314,315,316,317,316,317,318,317,316,315,314,313,312,311,312,311,310,311,310,309,308,307,308,307,306,307,308,309,310,309,310,309,308,309,310,311,310,311,310,311,310,309,308,309,310,311,310,311,310,309,308,307,306,307,306,305,304,303,304,305,304,303,302,301,300,301,300,301,300,301,302,303,302,301,302,301,300,299,300,301,302,301,300,301,302,301,300,301,300,299,300,301,302,303,304,305,306,307,308,309,310,311,310,309,308,309,310,309,310,311,310,309,310,309,310,309,310,311,312,313,314,313,314,315,316,315,314,315,314,313,312,311,310,309,310,309,308,307,306,307,308,309,308,307,308,309,308,307,308,309,308,309,310,309,308,307,306,305,306,307,306,307,306,307,308,307,308,309,310,311,312,313,314,313,312,313,314,313,314,313,312,311,310,309,308,307,306,307,308,309,310,309,308,309,310,309,310,311,312,313,314,315,316,317,316,317,316,317,318,317,318,317,318,319,320,319,318,317,318,319,320,321,322,321,320,319,320,321,320,321,320,319,318,319,320,321,320,319,318,319,320,321,320,321,320,321,322,323,324,325,324,323,322,321,320,319,318,317,316,317,316,315,314,315,314,313,314,315,316,317,318,319,320,321,320,321,322,323,324,325,326,325,326,327,328,329,330,331,332,331,332,331,332,333,332,331,330,331,332,333,334,335,334,335,336,337,336,335,336,337,338,337,336,335,336,335,336,337,338,339,340,341,342,343,342,343,342,341,342,341,340,339,338,339,340,341,342,341,342,341,340,339,338,339,340,341,340,341,340,339,338,337,336,337,336,337,336,335,334,335,334,333,332,331,332,333,334,335,336,337,338,337,336,335,334,333,332,331,330,329,328,327,326,325,324,325,326,327,328,327,328,329,330,331,330,329,330,331,330,329,328,327,328,329,328,329,328,329,328,329,328,329,330,329,330,331,332,333,334,335,336,337,338,339,338,337,336,335,334,333,332,331,330,331,332,333,334,335,336,335,336,335,336,335,336,335,336,337,336,337,338,339,340,339,340,339,338,339,340,341,342,343,342,341,342,341,340,341,342,341,342,341,342,341,342,343,344,345,346,347,346,347,348,349,350,351,350,349,348,347,348,349,350,351,350,349,350,351,350,351,352,353,354,355,356,355,354,355,354,355,356,357,358,359,360,361,362,361,362,361,362,363,364,365,366,367,366,365,364,363,362,363,364,365,366,365,366,367,366,367,366,365,366,365,366,365,364,363,364,365,366,367,368,367,368,369,370,371,372,371,370,369,370,369,370,371,372,371,372,371,372,373,372,373,372,371,370,369,370,371,372,373,374,373,372,373,372,373,374,375,374,373,372,371,370,371,370,371,370,369,370,369,370,371,372,371,370,369,368,369,368,367,366,365,364,365,366,365,364,365,366,365,364,363,364,363,364,365,366,367,368,367,366,365,364,363,364,365,364,363,364,365,364,365,366,367,368,369,370,371,372,373,372,371,370,371,370,371,372,371,370,371,370,369,368,367,368,369,370,369,368,367,366,367,368,369,370,371,372,373,372,371,370,371,372,371,372,373,374,375,376,377,378,379,378,377,376,375,374,375,376,375,374,375,376,375,376,375,376,377,378,379,380,381,380,379,380,381,382,381,382,383,382,383,382,383,384,383,384,383,384,383,384,383,382,383,384,385,384,383,382,381,382,381,380,379,380,381,380,381,382,383,384,383,384,383,382,381,382,383,382,381,380,379,380,381,380,379,380,379,378,377,376,377,378,377,376,375,374,375,374,375,376,375,374,373,374,375,376,377,376,375,374,375,376,377,376,375,374,375,376,377,376,375,376,377,378,379,378,377,376,375,376,375,374,375,374,375,376,377,376,375,376,377,376,375,376,377,378,379,378,379,380,381,382,383,384,385,386,387,386,385,384,383,384,383,382,383,382,383,384,385,386,385,384,385,384,385,386,387,386,385,384,383,382,383,384,385,386,387,386,385,386,385,386,387,388,389,390,389,390,391,392,391,392,391,390,389,388,389,390,389,388,389,390,389,390,391,392,393,394,395,394,393,392,393,394,393,392,391,390,389,390,389,388,387,388,389,388,387,386,385,386,385,386,387,388,387,386,385,386,387,388,389,390,391,390,389,388,389,388,389,390,391,392,393,392,393,394,393,392,393,394,395,394,395,396,397,398,399,400,399,400,399,400,401,400,401,402,401,400,399,400,401,400,399,400,401,400,399,400,401,402,401,400,399,400,399,400,401,402,401,400,399,400,401,400,401,402,403,404,405,406,407,408,407,406,407,408,407,406,407,406,407,406,407,408,409,408,409,410,411,410,411,412,413,414,413,412,411,412,413,412,411,410,411,412,411,412,411,412,413,412,413,414,415,414,413,412,413,412,413,412,413,414,415,414,415,416,415,416,417,416,417,418,419,418,419,420,421,422,423,422,421,420,419,418,417,418,417,418,419,418,419,418,419,420,421,420,419,420,419,418,417,416,415,416,417,418,417,418,417,418,417,418,417,416,417,416,417,416,417,416,415,414,413,412,413,412,413,412,411,410,409,410,409,410,411,410,411,410,411,410,411,412,413,414,415,414,413,414,413,414,413,414,413,414,413,414,415,416,415,414,413,412,411,412,411,410,409,408,407,406,405,406,405,406,405,406,407,408,409,410,411,410,409,408,409,408,407,408,409,408,407,408,407,406,405,406,405,406,405,404,403,402,403,402,401,402,401,400,399,400,399,398,399,398,397,396,395,394,393,394,395,396,397,398,397,396,397,396,395,396,395,396,397,396,397,398,399,398,397,398,397,396,397,398,397,396,397,398,399,398,399,398,399,400,399,398,397,396,397,398,399,400,399,400,399,398,399,398,397,396,395,394,395,396,395,394,393,392,393,392,393,394,393,394,393,392,391,390,391,390,391,392,393,394,395,394,393,394,395,396,397,396,397,396,395,394,393,392,391,390,391,392,393,394,395,394,395,396,397,398,399,398,397,398,397,396,395,394,395,394,395,394,395,396,397,398,399,400,399,398,397,398,399,398,399,400,399,400,401,402,403,404,403,402,403,404,403,404,403,402,403,404,403,404,405,404,405,404,403,402,401,400,401,400,399,398,397,396,397,398,399,400,399,398,399,398,397,396,395,394,393,392,391,390,391,390,389,390,389,390,391,392,391,392,393,394,395,394,395,396,397,398,399,400,399,398,397,398,399,400,399,398,399,400,399,400,399,398,399,400,399,398,397,396,397,398,399,398,397,398,399,400,399,400,401,400,399,398,399,400,399,400,399,398,399,400,399,400,399,400,401,402,403,404,403,402,401,402,403,402,403,404,405,404,405,406,405,406,407,406,407,406,405,406,405,404,405,404,403,404,403,402,403,402,403,404,405,406,405,406,407,408,407,406,407,408,409,410,409,408,407,408,407,408,409,410,411,412,411,410,409,408,407,408,407,408,409,410,411,410,411,410,411,412,413,412,413,414,413,414,415,416,415,414,415,414,413,414,413,414,415,416,417,416,417,418,419,418,419,418,419,418,419,420,419,420,421,420,419,420,419,420,419,418,419,420,421,420,419,420,421,422,423,424,425,424,423,422,421,422,423,424,425,424,425,426,427,426,425,424,423,424,423,424,423,422,423,422,421,420,421,422,423,422,423,422,423,422,421,422,423,422,421,422,421,420,421,422,421,422,423,422,423,422,421,422,421,422,423,422,423,424,423,424,423,424,425,424,423,422,423,422,423,424,423,424,423,424,425,426,427,426,427,428,429,428,429,430,431,430,431,432,433,432,431,432,431,430,431,430,431,430,431,432,431,432,431,432,433,434,433,432,431,432,431,430,431,432,431,430,429,428,427,428,427,428,429,430,431,432,431,432,433,432,431,432,433,434,433,434,435,434,433,432,431,430,429,428,429,428,427,426,427,426,427,428,429,428,427,426,427,428,427,426,427,426,425,424,423,424,425,426,427,426,425,424,423,422,421,420,421,420,419,420,419,420,419,418,417,418,417,416,415,414,413,412,411,410,411,412,413,412,413,412,411,412,413,414,415,414,415,416,415,414,415,416,417,416,417,418,419,420,421,420,421,422,421,422,421,422,421,420,419,420,419,418,417,418,419,418,417,418,417,416,415,414,415,414,413,412,413,412,411,412,411,412,413,412,413,414,413,412,411,410,409,410,411,412,411,410,409,410,411,410,409,408,407,406,405,404,403,402,403,402,401,400,401,400,399,400,401,402,401,400,401,400,399,400,401,400,399,400,399,398,397,396,395,394,393,394,393,392,391,392,391,392,393,392,393,394,393,392,393,394,393,392,391,390,389,390,391,392,391,392,391,392,391,392,393,394,393,392,393,394,395,396,397,396,397,396,397,396,397,396,397,398,397,398,397,396,395,396,395,394,395,396,395,394,393,394,395,396,395,394,395,396,397,396,395,394,393,394,395,396,397,398,399,400,401,400,399,400,401,400,399,398,399,398,397,396,395,396,397,396,397,396,397,398,397,398,397,396,397,396,395,394,393,392,391,390,391,392,393,394,395,396,395,394,395,396,395,394,393,394,393,392,391,392,393,394,393,394,393,392,393,394,395,396,397,396,397,396,397,398,399,398,397,396,397,396,395,396,395,396,395,394,393,394,395,394,393,392,391,390,391,390,389,390,391,392,393,392,393,394,393,394,393,392,393,394,395,396,397,398,399,400,401,400,401,400,399,400,401,400,401,402,403,402,401,400,399,398,397,398,399,398,399,398,397,398,399,400,399,400,399,398,399,400,401,402,403,404,403,402,401,402,401,400,401,400,399,400,399,398,399,400,399,398,399,398,397,398,399,400,399,400,401,400,399,398,397,398,397,396,395,396,395,396,395,394,395,396,395,396,395,396,395,394,393,392,393,394,393,394,393,392,393,392,391,390,389,390,389,390,391,392,393,394,395,396,397,398,397,398,397,396,395,396,395,394,395,394,393,392,391,390,389,388,387,388,387,386,387,388,387,388,387,386,387,386,387,386,387,386,387,386,385,386,387,386,387,388,389,388,389,388,389,388,389,390,389,388,389,388,387,388,387,386,387,386,387,388,389,388,387,388,387,388,387,388,389,388,389,390,391,390,391,390,389,388,387,386,387,386,385,386,385,384,383,382,381,382,381,382,383,382,381,380,379,378,379,378,377,378,377,378,377,378,377,378,377,378,379,378,377,378,377,376,377,378,379,378,379,378,379,380,379,380,379,378,377,378,377,378,379,380,379,378,379,380,381,380,381,380,379,380,381,382,383,384,385,386,387,388,389,388,389,388,389,388,389,390,389,388,389,390,389,390,391,392,393,394,393,394,393,392,393,394,395,394,393,392,393,394,395,394,393,392,391,390,391,392,391,392,391,392,391,390,391,390,391,392,393,392,393,392,391,392,393,394,395,396,397,396,395,396,395,396,397,396,395,394,395,394,395,394,395,394,393,394,393,392,391,392,393,394,393,394,395,396,397,398,397,398,397,398,397,396,397,396,395,394,395,396,397,398,399,398,397,398,399,398,399,400,399,400,399,398,397,396,397,396,395,394,395,396,397,398,399,398,397,396,397,398,399,400,401,400,401,402,403,404,403,404,405,404,405,406,407,408,409,410,411,412,413,414,413,412,413,412,411,412,413,414,415,416,417,416,417,416,415,414,413,414,415,416,417,416,415,416,415,414,415,416,417,416,417,418,419,418,417,416,415,416,417,418,419,420,421,422,421,420,421,420,421,422,423,424,423,424,423,424,425,426,427,428,427,428,429,428,429,428,427,428,429,430,431,430,431,432,431,430,429,428,429,430,431,432,433,434,433,434,433,434,435,434,435,434,435,434,435,434,433,434,435,436,435,434,435,434,433,434,435,434,435,436,437,438,437,438,439,440,441,440,441,442,441,440,441,440,441,442,443,442,443,442,443,442,443,444,445,444,443,444,445,446,447,448,447,448,447,446,445,446,445,446,445,446,447,448,447,448,447,446,447,448,449,450,451,452,451,452,451,452,453,452,453,452,451,450,449,448,449,450,449,448,447,446,445,444,445,444,445,446,447,446,445,446,445,446,447,448,447,448,449,448,447,446,445,446,447,448,449,450,451,450,449,448,449,448,447,448,449,448,447,448,447,448,449,448,449,448,449,450,449,450,451,452,451,452,451,452,451,450,449,450,449,450,451,452,451,452,453,452,453,452,451,450,449,448,449,450,449,450,451,452,451,450,449,450,451,450,449,448,449,448,449,448,449,450,449,448,447,446,445,446,445,444,445,446,445,446,445,446,447,448,447,446,445,444,445,444,445,446,445,444,445,444,445,446,445,446,447,446,447,446,447,446,445,444,443,444,443,442,443,442,441,442,441,440,439,438,437,438,439,438,437,438,439,440,439,438,439,438,439,440,439,440,439,440,439,440,441,442,443,442,443,444,445,444,443,442,441,440,439,438,439,438,439,440,441,440,439,438,437,438,439,440,441,442,443,442,443,444,443,442,443,444,443,444,445,446,445,446,445,446,445,444,443,442,443,442,443,442,443,444,443,442,441,440,441,440,441,440,441,440,439,440,439,440,441,442,443,444,443,444,445,446,447,446,445,446,447,446,445,444,443,444,445,446,447,448,449,448,449,448,449,450,449,448,447,446,447,448,449,450,451,450,451,452,453,454,455,456,457,456,457,456,457,456,457,458,457,458,457,458,457,456,455,454,453,452,453,454,455,454,453,452,451,450,451,450,451,450,449,448,447,446,445,444,445,446,445,446,447,448,449,450,451,452,451,450,451,452,453,452,453,454,453,454,453,452,451,450,451,452,453,452,453,452,453,454,453,454,455,456,457,456,455,454,455,456,455,456,457,458,457,456,455,456,457,456,457,458,457,456,455,456,457,458,457,458,457,458,459,458,457,458,459,458,457,458,459,460,461,460,459,460,461,460,459,458,459,460,461,460,459,458,459,458,459,460,459,458,459,458,457,458,459,460,459,458,457,456,455,456,455,456,455,454,453,454,455,456,457,456,457,456,455,454,455,456,455,454,453,452,453,454,453,452,453,452,453,454,455,456,457,458,457,458,457,458,459,458,457,458,459,460,461,462,461,460,459,458,457,456,457,456,455,456,457,456,457,458,459,458,457,456,457,458,457,458,457,456,455,454,455,456,457,458,459,458,459,460,461,462,461,460,459,458,457,456,455,454,453,452,453,452,453,454,455,454,455,454,455,456,457,458,457,456,455,456,455,454,453,454,455,454,455,456,455,456,457,456,457,458,459,458,457,456,455,454,455,456,457,458,459,460,459,458,457,458,459,458,459,458,459,460,461,460,459,458,459,460,459,460,459,460,459,460,459,458,457,456,457,458,457,458,459,458,459,460,461,460,459,458,459,458,459,460,461,462,463,462,461,462,463,462,463,464,463,464,463,462,463,464,465,464,463,462,463,464,465,464,465,466,467,466,467,468,467,468,467,468,467,466,467,468,467,466,465,464,465,464,463,464,463,462,463,462,463,464,465,464,463,462,461,462,463,462,463,464,463,464,465,466,467,468,467,468,469,470,469,470,469,468,467,466,467,468,469,470,471,470,471,470,469,470,469,468,469,468,469,470,471,472,473,472,471,472,471,470,471,472,473,474,473,472,471,470,471,472,471,470,471,470,469,470,469,468,469,468,467,468,467,466,465,464,465,464,465,466,465,464,465,466,467,468,469,468,467,468,469,468,467,468,469,470,469,470,471,472,473,474,475,476,477,478,477,476,477,476,475,474,473,474,475,476,475,476,477,478,477,478,477,478,477,478,477,478,479,480,479,480,481,482,481,480,481,482,481,480,479,478,477,476,475,476,477,478,477,476,475,476,477,476,475,474,475,476,475,474,475,474,473,474,473,472,473,472,471,472,471,472,473,472,471,470,469,470,471,472,471,470,471,472,471,472,471,470,469,468,467,468,469,468,467,466,465,466,467,466,467,466,465,466,467,466,465,466,467,468,469,468,469,470,471,472,473,472,473,474,473,472,473,472,473,474,475,476,477,476,477,478,479,480,481,480,481,482,483,484,485,484,485,486,485,486,487,486,487,488,487,488,487,486,487,486,487,486,487,488,489,490,491,490,491,490,491,490,491,490,491,492,493,494,495,496,495,494,493,492,493,492,491,490,489,488,489,488,489,490,489,488,489,488,487,486,485,484,483,482,483,482,483,484,483,482,481,480,479,478,477,476,475,474,475,476,475,474,475,474,473,472,473,474,473,474,475,476,475,474,475,474,475,476,477,476,475,474,473,472,471,470,471,472,473,472,471,472,473,472,473,474,473,472,473,474,473,472,473,474,473,472,473,472,473,472,471,472,473,472,473,474,475,476,475,476,477,478,477,478,479,480,481,480,481,482,483,482,481,480,481,482,483,482,481,480,479,480,479,480,479,478,477,478,479,478,479,480,481,480,481,482,483,484,483,484,485,484,483,482,483,484,483,482,481,480,479,480,481,480,481,480,481,480,479,478,479,480,479,480,481,480,481,482,483,482,481,482,481,482,483,484,485,486,485,486,485,486,485,486,487,488,489,488,487,488,487,488,487,488,489,488,489,490,489,490,491,490,489,490,489,488,489,490,491,490,489,490,491,490,491,490,489,488,489,488,489,488,489,490,489,488,489,488,489,488,487,488,489,488,489,490,489,490,489,490,489,490,489,490,491,492,493,494,495,494,493,492,491,490,489,490,489,490,489,490,491,492,491,490,489,488,487,488,489,488,487,486,485,484,485,486,487,488,487,486,487,486,485,484,483,484,483,482,481,482,481,482,481,480,479,478,479,478,477,476,477,476,475,474,475,474,475,474,473,472,471,470,469,468,467,466,467,468,469,470,469,470,469,470,471,470,471,470,471,472,473,474,473,474,473,472,471,470,469,470,469,468,469,470,471,470,469,470,471,472,471,472,473,472,471,470,469,468,469,470,471,472,473,472,471,472,473,472,471,470,469,470,469,470,471,470,471,472,473,472,471,472,473,472,471,472,471,472,471,470,471,470,471,470,471,472,473,474,475,476,477,476,475,476,477,478,477,476,475,474,475,476,475,476,477,478,479,480,479,478,479,480,481,480,481,482,483,482,483,484,483,484,483,484,483,484,483,482,483,484,483,484,485,486,487,486,485,486,487,488,489,488,487,488,489,490,489,488,489,488,489,490,491,490,489,490,491,492,493,494,495,496,495,496,495,496,497,498,497,498,497,498,497,496,495,494,493,494,493,492,493,494,495,496,495,496,495,496,497,498,499,498,499,500,501,502,501,502,503,504,503,504,503,502,503,504,505,506,507,508,509,508,507,508,509,508,507,506,507,508,507,508,507,506,507,506,505,506,507,508,509,508,509,510,509,508,509,510,511,510,509,510,511,512,513,512,513,512,511,512,511,510,509,508,507,506,507,508,509,510,511,510,509,510,511,510,511,512,511,512,513,512,511,510,509,508,509,508,509,510,509,508,507,508,509,508,509,508,507,508,509,510,509,510,511,512,513,512,513,514,515,514,513,512,513,514,515,514,515,516,517,518,519,518,519,518,519,518,519,518,517,518,517,516,517,518,517,518,519,518,517,518,519,520,521,522,521,522,523,524,523,524,525,524,525,526,525,524,525,524,525,526,525,526,527,526,527,528,527,528,529,528,529,528,527,526,525,524,523,522,521,522,523,524,525,526,525,526,525,526,527,528,527,526,527,528,529,530,531,532,533,532,531,530,529,528,529,530,531,530,531,530,529,528,529,530,529,528,529,530,531,532,531,530,531,532,533,532,533,534,535,534,535,536,537,538,539,540,539,538,537,538,539,538,539,538,539,538,539,538,539,540,541,542,541,540,539,540,541,542,543,542,541,542,541,540,541,542,543,544,545,546,545,546,547,548,547,546,547,546,545,546,545,544,545,544,545,546,545,546,547,546,547,548,547,548,549,548,549,548,549,548,549,550,549,548,549,550,551,552,551,550,549,548,547,546,547,546,545,546,545,544,545,544,545,546,545,546,547,546,547,546,547,548,549,548,549,548,549,548,549,550,551,550,549,550,551,550,551,550,549,548,547,546,545,544,545,544,543,542,541,540,539,538,537,536,535,534,533,532,531,530,531,532,533,534,535,536,535,536,537,538,537,538,537,538,537,536,537,536,535,534,533,534,533,534,535,536,535,536,537,538,537,536,535,534,533,532,533,534,535,534,533,532,531,530,531,532,533,534,533,532,533,534,533,532,531,530,529,530,531,530,531,530,531,530,529,530,531,530,529,530,529,530,531,532,531,532,531,530,529,530,531,530,531,530,531,530,531,532,531,532,533,532,533,534,535,534,533,532,531,532,531,532,533,534,535,536,537,536,535,534,533,532,533,532,533,534,533,532,533,534,535,536,537,536,535,534,533,532,531,532,531,532,533,532,533,532,533,534,533,534,535,536,537,538,537,536,537,538,539,540,539,538,537,536,535,536,537,536,537,536,537,536,535,534,535,534,535,536,535,536,537,536,535,534,535,534,535,536,537,536,537,538,537,536,537,536,537,538,537,536,537,536,537,536,535,536,535,536,535,536,537,536,537,538,537,538,539,538,539,538,537,538,537,538,539,538,539,538,539,538,537,536,535,534,533,534,533,534,535,534,533,532,533,534,535,534,533,532,533,534,535,536,537,536,537,538,539,540,541,542,543,544,543,544,545,546,545,544,543,544,543,544,543,542,543,544,545,544,545,546,545,544,545,546,547,548,549,550,551,552,553,554,555,554,555,556,557,558,559,558,557,558,559,560,561,562,561,562,561,562,561,560,561,562,563,562,561,560,561,562,563,562,563,562,563,562,563,564,563,562,561,562,561,562,563,564,565,564,565,566,565,564,563,562,563,562,561,562,563,564,565,564,563,564,565,564,565,566,567,566,565,566,567,568,569,570,569,570,571,570,569,570,571,570,569,570,569,568,567,566,567,566,565,564,565,566,567,566,567,568,569,568,567,566,565,566,567,568,569,570,571,572,573,572,573,574,575,576,575,574,575,576,575,574,573,572,573,572,573,574,575,576,577,576,575,576,575,576,577,576,575,574,575,574,575,574,573,572,573,572,571,570,569,570,571,572,573,572,571,572,571,570,571,570,569,568,569,570,569,568,567,566,567,568,569,568,569,570,569,568,567,568,569,568,569,568,567,568,567,566,567,568,569,568,569,568,567,566,567,568,569,570,569,570,569,568,567,568,567,568,567,566,565,566,565,564,563,562,561,560,559,560,559,558,559,560,559,558,557,558,559,560,561,562,561,562,561,560,559,560,561,562,563,564,565,564,563,562,563,564,565,566,567,568,569,570,569,568,569,570,569,570,571,570,569,570,569,568,569,570,571,572,571,570,569,568,567,568,567,568,569,570,569,568,569,568,569,570,571,572,573,574,575,576,575,576,577,578,579,580,579,578,577,578,577,576,575,574,573,572,573,574,575,576,577,578,579,580,581,582,583,584,585,586,585,586,587,588,587,588,587,586,587,586,587,588,587,588,589,590,589,588,587,586,587,586,587,588,589,588,589,590,591,592,591,590,591,592,591,590,591,592,593,592,593,592,593,592,593,592,593,592,591,590,591,590,591,590,591,592,593,594,595,594,595,596,597,596,597,596,597,598,597,596,597,596,597,598,599,598,599,598,599,598,599,600,599,600,601,600,601,602,603,602,603,604,605,604,605,606,605,606,605,606,607,606,607,606,607,608,609,608,607,606,607,608,607,608,609,608,609,608,607,608,607,606,607,608,607,608,607,608,609,610,611,612,611,610,611,612,611,612,613,612,611,612,611,610,609,610,611,610,609,610,611,612,613,612,613,614,613,612,611,610,609,610,611,612,611,612,613,614,615,614,615,616,615,616,617,618,619,618,617,618,619,618,617,616,617,618,619,620,619,618,619,620,621,620,621,622,621,622,623,624,625,624,625,626,627,626,627,628,627,626,625,624,625,624,623,624,625,626,627,626,627,626,627,628,627,628,627,628,627,628,629,630,631,632,631,630,629,630,629,628,629,630,629,630,631,632,633,634,635,634,633,632,631,632,631,630,629,630,631,630,629,630,631,632,633,634,633,634,633,632,631,630,629,630,631,630,629,630,631,630,631,630,631,632,631,632,631,630,629,628,627,628,629,628,629,630,629,630,629,628,627,626,625,626,625,624,623,624,623,624,623,622,621,620,619,620,619,620,621,622,621,622,623,622,621,622,621,622,623,622,623,622,623,624,623,622,621,622,621,622,623,622,621,622,623,624,623,624,625,624,623,622,621,622,621,622,621,620,621,620,619,620,621,620,621,620,619,618,619,620,621,620,619,618,619,618,617,616,617,616,615,614,613,614,613,614,613,612,611,612,611,610,609,608,607,606,607,606,607,606,605,604,603,604,603,602,601,600,599,598,599,600,601,600,601,602,601,602,603,604,605,604,603,602,601,600,599,600,601,600,601,600,599,598,597,598,599,600,601,602,603,602,601,602,601,600,599,600,601,602,603,604,603,602,603,604,605,604,603,602,601,600,599,598,597,598,599,600,599,598,597,596,595,596,597,596,595,596,595,596,595,596,597,596,597,596,595,596,595,596,595,594,595,596,595,594,593,592,591,590,589,588,587,586,587,588,589,590,589,590,591,592,593,594,593,592,593,592,593,592,591,592,591,590,589,590,589,590,591,592,593,594,595,596,595,594,595,596,597,598,599,600,599,598,597,596,595,594,593,594,595,596,597,596,595,594,593,594,595,596,597,596,595,594,595,596,597,596,597,598,599,598,599,598,599,598,597,598,599,598,597,598,597,596,595,594,593,592,593,592,591,590,591,590,589,588,589,588,587,588,589,588,587,586,585,584,585,584,583,582,581,580,579,578,577,576,575,576,577,576,575,574,575,576,577,578,577,576,577,578,577,578,579,578,579,578,577,578,577,576,577,576,575,574,573,574,575,576,577,578,579,580,579,580,581,582,583,582,583,584,585,584,585,584,585,586,585,584,583,584,583,582,581,580,581,582,581,580,579,580,579,578,577,578,577,576,577,576,575,574,573,574,573,574,575,576,575,574,573,574,575,576,575,574,575,576,577,578,579,580,581,580,579,580,581,582,581,580,579,580,579,580,581,580,581,582,583,582,581,580,579,578,579,578,577,576,575,576,577,578,579,580,579,578,577,578,579,580,581,582,583,582,583,584,583,584,583,582,581,582,583,582,583,582,581,580,579,578,579,580,579,580,581,580,579,578,579,578,577,578,579,578,579,580,581,582,583,584,585,586,587,586,585,586,587,586,585,586,585,586,587,588,589,590,589,588,587,586,585,584,583,582,581,580,579,578,577,576,575,576,575,576,577,576,575,574,573,572,571,570,569,570,569,568,567,566,565,564,563,564,563,562,561,560,559,558,559,558,559,558,559,560,559,558,557,556,555,556,557,556,555,554,553,552,551,550,551,550,549,550,551,552,553,552,553,554,555,556,555,554,553,554,553,554,555,554,555,556,555,554,555,554,553,552,551,552,551,552,553,552,553,554,555,556,557,558,557,556,555,554,555,554,553,554,553,554,553,554,553,552,551,550,549,550,549,550,549,548,547,548,549,550,549,550,551,552,551,550,549,550,551,550,551,552,551,550,551,552,553,554,553,554,555,556,557,558,559,560,561,560,561,560,559,558,557,556,555,556,557,558,557,558,557,556,555,554,553,554,555,554,555,556,555,554,553,552,553,554,553,554,555,556,557,556,555,554,553,554,555,556,555,554,553,552,551,552,551,550,549,550,549,550,549,548,549,550,549,550,551,550,551,550,549,548,547,548,549,550,551,550,551,552,553,552,551,550,551,552,553,554,555,556,557,556,557,558,559,558,557,558,559,558,557,556,555,554,553,552,551,552,553,554,553,554,553,554,553,552,551,550,549,550,551,552,553,552,551,550,549,548,549,550,551,552,553,552,553,552,553,554,553,552,553,552,551,550,549,548,549,548,549,548,549,550,551,552,551,550,551,550,551,552,553,554,555,554,553,552,551,550,551,550,551,552,553,554,555,554,555,554,553,554,555,556,557,556,557,556,555,554,555,556,557,558,557,558,557,556,555,554,553,554,553,554,555,556,555,556,555,554,555,554,553,552,553,552,553,552,551,550,549,548,547,546,547,548,549,550,551,552,553,554,555,556,557,556,555,556,557,558,557,558,559,558,559,560,561,562,563,562,563,564,565,564,563,562,561,560,561,560,559,558,559,560,559,560,561,562,561,562,561,560,559,558,557,556,555,554,555,554,555,554,553,552,551,550,551,552,551,552,553,552,551,552,551,550,549,548,549,550,551,550,549,550,549,548,547,548,547,548,547,546,547,546,545,546,547,548,549,550,551,550,549,550,549,548,547,546,545,546,547,546,547,548,549,548,547,546,545,544,545,544,543,544,545,544,545,546,547,548,549,550,549,550,551,550,549,548,549,548,547,548,549,548,547,548,547,546,547,548,549,548,547,546,547,546,545,544,543,544,545,546,547,546,545,544,545,546,547,548,547,548,549,548,549,548,547,546,547,548,547,548,549,550,549,548,547,546,545,544,545,544,543,542,543,544,545,546,545,546,547,546,545,544,543,544,545,546,547,548,547,548,547,546,547,548,549,550,549,548,547,546,545,544,545,544,543,542,543,544,545,546,547,548,547,548,549,550,549,550,549,550,549,550,551,550,549,548,549,548,549,550,551,552,553,554,553,552,551,550,549,550,551,550,551,550,549,550,551,550,549,548,547,548,547,546,547,546,547,546,545,546,547,548,547,546,545,546,547,548,549,550,551,552,553,554,555,556,557,558,557,558,559,558,557,558,557,556,555,554,555,554,553,554,553,554,555,556,557,558,557,558,557,556,555,556,557,556,555,556,557,558,557,558,557,556,555,554,553,554,555,556,557,558,557,556,555,556,557,558,557,558,559,560,559,560,561,560,559,560,561,562,563,562,561,560,559,558,557,558,557,558,557,556,557,556,555,556,557,558,557,556,557,556,555,556,555,556,555,556,555,556,555,554,553,554,555,554,553,554,553,554,553,552,551,550,551,550,549,548,547,546,545,544,543,544,543,542,541,540,539,538,539,538,537,538,537,538,537,538,537,538,537,536,535,536,537,538,539,538,539,538,539,538,537,536,537,538,537,536,537,536,537,536,537,536,535,534,535,534,533,532,531,532,531,530,529,530,531,530,529,530,531,532,533,532,533,532,533,532,531,530,531,532,533,534,533,532,531,532,531,532,533,532,531,532,531,530,529,528,527,526,527,528,527,528,527,526,527,526,525,526,525,524,525,524,523,522,521,520,519,518,519,520,519,518,519,520,521,522,523,522,523,524,525,524,523,524,523,524,523,524,523,522,521,520,519,520,521,522,521,522,523,524,525,524,523,522,523,524,525,524,523,522,521,522,521,522,521,520,521,522,521,520,519,518,517,516,515,516,517,518,517,518,517,518,517,518,519,518,517,516,515,514,513,514,515,516,517,518,517,516,517,518,517,518,517,516,517,518,519,520,519,518,517,516,515,516,517,516,515,514,513,514,513,512,513,514,515,516,515,514,513,514,515,516,517,516,517,518,519,518,519,520,519,518,519,518,517,516,515,514,513,512,511,510,511,512,513,512,513,514,513,512,513,512,513,514,515,514,513,512,511,512,513,512,511,510,511,512,511,512,511,512,513,512,511,512,511,512,513,512,513,514,513,514,515,514,513,514,513,514,513,512,513,514,513,514,513,514,513,514,513,512,511,510,511,510,511,510,509,510,511,512,513,512,513,512,511,510,509,508,507,508,507,508,509,510,509,510,509,508,509,508,509,510,511,512,511,510,509,508,507,506,505,506,507,506,505,504,503,502,501,500,499,498,499,500,501,500,499,500,499,498,497,496,497,496,495,494,495,496,495,494,493,494,493,494,495,494,493,492,491,490,491,492,491,490,489,488,489,488,489,488,487,486,485,484,483,484,485,484,485,484,483,484,485,486,487,486,487,488,489,488,487,488,489,490,489,488,487,488,489,490,491,492,491,492,493,492,491,490,489,490,489,488,487,486,487,486,487,486,487,488,487,486,485,484,485,484,483,482,481,480,479,480,479,480,479,478,477,478,477,478,479,478,479,480,479,480,479,478,477,476,475,474,473,474,473,474,475,474,473,474,475,474,475,474,475,474,473,472,473,472,471,470,471,470,471,470,469,470,469,470,469,468,467,468,467,466,465,464,463,464,465,466,465,464,463,464,463,462,463,462,461,462,461,460,459,460,461,460,459,458,457,456,457,456,457,456,457,458,457,458,457,456,455,454,455,454,455,456,455,454,455,454,453,452,453,452,451,450,451,450,451,450,449,448,449,448,447,446,447,448,449,450,449,450,449,450,449,450,449,448,449,448,449,450,451,452,453,452,451,450,449,450,449,450,449,448,447,446,447,446,445,446,445,444,445,446,447,446,445,444,443,442,443,444,445,446,447,446,447,446,447,448,449,450,451,452,453,452,451,452,451,452,453,454,455,454,453,452,451,452,451,452,453,452,453,452,451,450,449,450,451,452,453,454,455,454,455,456,455,454,455,454,455,454,455,454,453,454,453,452,451,450,451,452,451,450,449,450,451,452,453,452,453,452,451,452,453,452,451,450,451,450,451,450,451,452,451,452,453,454,453,452,453,452,451,450,449,450,451,452,451,450,449,450,451,450,451,450,451,450,449,448,449,450,449,450,449,448,447,448,447,446,445,446,445,446,445,446,445,444,445,444,443,442,443,442,443,444,445,446,447,446,447,448,447,446,445,446,445,444,443,444,445,446,445,446,445,444,445,446,447,448,449,450,449,450,449,450,449,450,451,452,453,454,455,456,457,458,459,458,457,458,459,460,461,460,459,460,461,460,459,458,459,460,461,462,463,462,461,462,463,464,463,462,461,462,461,462,461,460,459,460,459,460,461,462,463,462,461,460,459,458,459,460,461,460,459,458,457,456,455,454,455,456,457,456,457,456,455,454,453,452,451,452,451,450,451,452,453,454,455,454,453,452,451,450,449,448,447,448,447,448,447,448,449,450,451,450,451,450,449,448,447,446,445,444,443,442,441,440,439,438,439,440,441,440,441,440,441,442,443,444,443,442,441,440,441,442,443,444,445,444,443,444,443,442,443,442,443,442,441,440,441,440,439,438,437,438,437,436,435,434,433,434,433,432,431,430,429,428,427,428,429,428,427,428,427,428,427,428,427,428,429,430,429,430,429,430,429,430,429,430,429,430,429,430,429,430,429,430,429,430,429,430,429,430,431,432,433,432,431,432,433,432,431,432,433,432,431,430,431,430,429,428,427,426,425,424,423,422,421,422,421,422,423,424,423,422,421,420,419,420,419,418,417,416,415,414,415,416,417,418,419,418,417,416,417,418,417,416,417,418,419,420,421,422,423,422,421,420,421,420,419,418,417,416,417,416,417,418,419,418,417,416,417,418,417,416,417,418,417,416,415,414,413,412,411,410,409,410,411,412,411,412,411,410,411,412,413,412,413,414,413,412,411,410,409,408,407,408,409,410,411,410,409,408,407,408,407,406,407,406,405,406,405,404,403,404,405,406,407,408,407,408,407,408,409,410,411,412,413,412,411,410,409,408,407,406,405,404,405,406,405,406,405,406,405,404,403,402,401,402,403,404,403,404,403,404,403,402,401,402,401,402,401,400,399,398,397,396,395,396,397,398,399,400,399,398,399,398,397,396,397,398,399,400,401,400,399,398,399,398,397,398,399,398,397,396,397,398,399,400,401,402,401,400,399,398,397,396,397,396,395,394,393,392,391,392,391,390,389,388,387,388,387,386,385,386,387,386,385,386,385,386,387,388,389,388,389,388,387,386,385,384,383,384,385,386,387,388,389,388,387,386,385,386,385,386,387,388,389,388,387,386,385,386,385,384,385,384,383,382,381,382,381,382,383,382,381,382,383,382,381,380,379,378,377,378,379,380,381,382,383,382,381,380,379,380,379,380,381,382,383,382,381,382,383,382,381,382,381,380,381,382,383,384,385,384,383,382,381,380,379,380,379,380,379,380,379,380,381,382,381,380,379,378,379,380,381,382,383,384,383,382,383,382,381,380,379,378,377,378,379,380,381,380,379,378,377,376,377,376,377,376,377,376,377,378,379,378,379,378,377,376,375,374,373,372,371,372,371,370,371,370,371,372,373,372,371,372,373,372,371,370,369,370,369,370,369,368,367,366,367,366,365,364,363,364,363,362,361,360,359,360,361,362,361,360,361,360,359,358,357,358,359,360,361,360,361,360,361,360,359,360,359,358,359,358,357,358,359,358,357,356,357,358,357,356,357,356,355,354,353,352,353,352,351,352,351,350,349,348,349,350,351,350,351,352,351,352,351,350,351,352,351,350,349,348,347,348,347,346,347,346,345,346,347,348,349,350,351,350,349,348,349,348,347,346,347,346,347,346,345,346,345,346,345,346,345,344,343,344,343,344,345,346,345,344,343,342,343,342,341,340,339,340,339,340,339,338,339,338,339,338,337,338,337,336,335,336,335,336,337,336,335,336,335,336,335,336,335,334,335,334,335,334,333,334,333,334,333,334,333,334,333,332,333,332,333,332,331,332,331,330,331,332,331,330,329,330,331,330,331,332,331,330,329,328,329,330,329,330,329,330,329,328,327,328,329,328,327,326,327,328,327,326,327,326,325,326,325,326,325,326,325,324,325,324,325,324,325,324,323,324,323,322,321,322,321,320,321,320,321,320,321,320,321,320,321,320,319,320,321,320,319,318,317,316,315,314,313,312,313,314,313,314,313,312,313,312,313,312,313,314,315,316,315,316,315,316,315,314,313,312,311,310,309,308,309,310,309,310,309,308,307,306,307,306,307,308,307,306,305,304,305,306,307,308,307,306,305,306,307,308,309,308,307,308,309,308,309,310,311,312,313,314,315,316,315,316,315,314,313,314,313,312,313,312,311,312,311,310,309,310,309,310,311,312,313,314,313,314,315,314,313,314,315,316,317,316,315,314,313,314,313,312,313,312,313,312,313,312,311,312,311,310,311,310,311,312,313,314,315,316,317,318,319,320,321,322,321,320,321,322,323,324,325,326,327,326,325,326,325,326,325,326,327,328,327,328,329,330,331,330,331,330,331,330,329,328,329,330,331,332,331,330,329,328,327,326,325,326,325,326,327,328,327,326,325,324,323,322,323,322,321,322,323,324,325,324,325,326,327,328,329,330,329,330,329,328,327,328,329,328,329,330,329,330,331,332,333,332,331,330,329,328,327,326,327,326,325,326,327,328,329,330,331,330,329,330,331,330,331,330,329,328,327,326,325,326,327,328,327,328,329,330,331,332,333,334,333,334,333,334,335,336,335,336,335,334,333,334,335,336,337,338,337,338,339,340,341,342,343,342,341,340,341,342,341,342,343,344,345,346,345,344,343,342,341,340,339,338,337,338,337,336,335,336,335,334,333,334,335,334,335,334,335,334,335,336,337,336,335,334,333,332,333,332,333,332,331,332,333,332,333,332,333,334,335,336,337,338,337,336,335,334,333,334,333,334,335,334,335,334,335,334,335,336,337,336,335,336,337,338,339,340,339,340,339,338,337,336,337,338,339,340,341,342,341,342,343,342,343,344,345,346,347,348,347,346,347,348,347,346,345,346,345,344,345,346,345,344,345,344,345,346,347,348,347,348,349,350,351,352,353,354,353,354,355,356,357,358,359,360,359,360,359,360,361,362,363,362,363,364,365,366,365,366,367,368,369,370,371,372,373,374,375,376,377,376,377,378,379,380,381,380,381,382,381,380,381,382,381,382,381,382,383,384,385,386,385,386,387,386,387,386,387,388,389,390,391,390,391,390,391,392,393,392,391,392,391,392,391,392,393,394,395,394,395,396,397,396,397,396,397,398,397,396,395,396,395,396,397,398,399,400,399,398,397,398,397,398,399,400,399,400,401,400,399,398,399,398,397,396,395,394,395,394,393,392,393,392,393,394,395,394,395,394,393,392,393,392,393,394,395,394,393,394,395,394,393,394,393,392,391,390,389,390,389,388,389,388,389,390,389,390,391,392,391,390,391,390,391,392,391,392,391,390,389,388,387,388,389,390,389,388,387,386,387,386,387,386,387,388,389,390,391,392,391,390,391,392,391,392,391,392,391,390,391,390,391,392,391,390,389,388,389,388,389,388,389,390,391,390,391,390,389,388,387,388,389,388,387,388,389,390,389,388,389,388,387,386,387,388,387,386,387,386,385,384,383,382,383,384,383,384,383,384,383,384,385,386,387,386,385,386,387,388,387,386,387,388,387,386,385,384,385,386,387,388,389,390,391,390,389,390,391,392,393,392,391,390,391,392,391,390,389,388,389,390,389,390,389,388,387,388,387,386,385,386,387,386,385,386,385,384,383,382,381,382,381,380,381,380,381,382,381,382,383,384,383,382,381,380,379,380,379,380,381,380,379,378,377,378,377,378,379,378,377,376,375,374,375,374,375,376,377,378,377,376,377,378,379,378,377,378,379,378,377,376,375,376,377,378,379,380,379,380,381,382,381,382,383,384,385,384,383,382,381,382,381,382,383,382,383,384,385,386,385,384,383,382,383,382,383,382,383,382,383,384,383,384,383,384,383,384,383,384,385,384,385,386,385,386,387,388,387,386,385,384,383,384,383,384,383,382,383,384,383,384,385,386,385,384,383,382,381,382,381,382,383,384,385,384,383,384,385,386,385,384,385,386,385,384,383,382,383,384,385,386,387,386,385,384,385,386,387,386,385,386,387,386,385,384,383,384,385,384,383,384,383,384,383,384,385,384,383,384,385,386,387,388,387,386,385,386,387,386,385,384,385,384,383,384,385,386,385,386,385,386,385,386,387,388,389,390,391,390,389,388,389,388,389,390,389,388,389,388,389,390,391,390,391,392,391,390,389,390,391,392,393,394,395,394,393,394,395,396,397,396,395,394,395,396,395,394,393,392,393,394,395,396,397,398,399,398,397,398,399,398,397,396,397,398,397,396,395,394,395,396,397,398,399,400,399,400,401,402,403,404,403,404,403,402,401,402,401,400,399,398,397,398,397,396,397,398,399,400,401,402,403,402,403,402,403,402,403,402,403,402,403,402,403,404,405,406,405,404,403,402,401,400,399,398,399,398,399,400,399,398,397,396,395,396,397,398,397,398,399,400,399,398,399,398,399,400,401,402,403,404,405,406,407,408,407,406,407,406,405,406,405,404,405,406,407,408,409,410,411,412,411,410,409,410,411,410,411,412,411,410,411,410,409,410,409,410,411,412,413,414,413,414,415,416,415,414,413,414,413,414,415,414,413,412,413,412,411,410,409,408,409,410,409,408,407,406,405,406,407,408,409,410,411,410,409,408,407,408,409,410,411,410,409,410,409,408,409,410,411,410,409,408,407,406,405,404,403,402,403,404,405,406,405,406,407,408,407,408,409,410,411,412,413,414,415,416,417,418,417,416,417,416,417,418,419,418,417,416,417,418,419,420,421,420,419,418,419,420,421,422,421,420,419,420,421,422,421,420,419,420,421,422,421,422,421,422,423,424,425,426,425,424,423,422,421,420,419,418,417,418,417,416,415,416,415,414,415,416,417,418,419,420,421,422,423,422,423,422,423,424,425,424,425,426,427,426,425,426,425,426,425,426,427,428,427,426,425,426,427,428,429,430,429,430,431,432,431,430,431,432,433,434,433,434,435,434,435,436,437,436,437,438,439,440,439,438,437,436,435,434,433,432,431,432,433,432,433,434,433,434,433,432,431,430,429,430,431,430,431,430,431,430,429,428,429,428,429,430,429,428,429,428,427,426,425,426,427,428,429,430,431,432,431,430,429,428,427,426,425,424,423,422,421,420,419,418,419,420,421,422,421,422,423,424,425,426,425,426,427,428,427,426,425,426,427,426,427,426,427,426,427,426,427,428,427,426,427,428,429,430,431,432,433,434,435,436,435,434,433,432,431,432,433,434,435,436,435,436,437,438,437,438,437,438,437,438,437,438,437,436,435,436,437,438,437,438,437,438,439,440,439,438,437,438,437,438,439,440,441,440,441,440,439,438,439,440,441,442,443,444,445,444,445,446,447,448,449,448,447,446,445,444,443,444,445,446,445,446,447,446,445,446,447,446,447,448,447,446,447,446,447,448,449,450,451,452,453,454,453,454,453,454,455,456,457,458,459,458,457,456,455,454,455,456,457,458,457,458,459,458,459,458,459,460,461,462,463,464,465,466,465,466,465,464,465,464,463,462,461,460,461,462,463,464,465,466,467,468,469,470,471,472,471,472,471,472,473,474,473,474,473,472,473,472,473,474,475,474,475,474,475,476,477,476,475,474,473,472,473,472,473,472,471,472,471,472,473,474,473,472,471,472,471,470,469,470,469,468,467,466,465,466,467,466,465,466,465,464,463,462,463,462,463,464,465,466,467,466,465,464,463,462,463,464,463,462,463,464,463,464,465,466,467,468,469,470,471,472,471,470,469,470,469,470,469,470,469,468,467,466,465,464,465,466,467,466,465,464,465,466,467,468,469,470,471,470,469,468,469,470,469,470,471,472,473,474,475,476,477,478,477,478,477,476,477,478,479,480,479,480,481,480,481,480,479,480,481,482,483,482,481,482,483,484,483,484,485,484,485,484,483,484,485,484,485,486,485,486,485,484,485,486,487,486,485,484,483,484,485,484,485,486,485,484,483,484,485,484,485,484,483,482,483,484,483,484,485,484,485,484,483,482,483,484,483,482,481,480,481,482,481,480,481,480,479,478,479,480,479,478,477,476,477,478,479,480,479,478,477,478,479,480,481,480,479,478,477,478,479,480,479,478,477,478,479,480,479,478,477,476,477,478,477,476,475,474,475,474,475,476,475,476,477,478,477,476,477,478,477,478,479,480,481,482,481,482,483,484,483,484,485,486,487,488,489,488,487,486,487,486,485,486,485,486,487,488,489,488,487,486,485,486,487,488,487,486,485,484,483,484,483,484,485,486,487,486,487,486,487,488,489,490,491,490,491,492,493,492,491,490,489,488,487,488,489,488,489,490,491,490,489,488,489,490,491,492,491,490,489,490,491,490,489,488,487,488,489,488,487,486,487,488,489,488,487,486,487,486,485,484,485,484,483,482,481,482,483,484,485,486,485,484,483,484,483,484,485,486,487,488,487,488,489,490,489,490,491,492,493,494,495,496,497,498,499,500,499,498,499,500,499,500,501,500,499,500,501,502,503,502,501,502,501,502,503,504,505,504,503,504,505,504,505,506,507,506,507,508,509,508,507,506,507,506,505,506,505,506,505,506,507,508,507,508,509,510,509,510,511,512,513,512,511,510,511,512,511,510,509,510,511,510,511,510,511,512,511,512,513,514,513,512,511,512,511,512,511,512,513,514,513,514,515,514,513,514,515,516,515,514,513,514,515,516,517,518,517,516,515,516,515,514,515,514,515,516,515,516,515,516,517,518,517,516,517,516,515,514,513,512,513,514,515,514,515,514,515,514,515,514,513,514,513,514,513,514,513,512,511,510,509,510,509,510,509,508,509,508,509,508,509,510,511,512,511,510,511,512,513,514,515,516,515,514,515,514,515,514,515,514,515,514,515,516,517,516,515,514,513,512,513,512,511,510,509,508,507,506,507,506,507,506,507,508,509,508,509,510,509,508,507,508,507,506,505,506,505,504,505,504,503,502,503,502,503,502,501,500,499,500,499,498,497,496,495,494,495,494,493,494,493,492,491,490,489,488,489,490,491,492,493,492,491,492,491,490,491,490,491,492,493,492,493,494,493,492,493,492,491,492,491,492,491,492,493,494,493,494,493,494,495,494,493,494,493,494,495,496,497,496,497,496,495,496,495,494,493,492,491,492,493,492,491,490,489,490,489,490,491,492,493,492,491,490,489,490,489,490,491,492,493,494,493,492,493,494,495,494,493,494,493,492,491,490,489,488,487,488,489,488,489,490,489,490,491,492,493,494,493,492,493,492,491,490,489,490,489,490,489,490,491,492,493,494,495,494,493,492,493,494,493,492,493,492,491,492,493,494,495,494,493,494,495,494,493,492,491,492,493,492,493,492,491,492,491,490,489,488,487,488,487,488,487,486,485,486,487,488,489,490,489,490,491,490,489,488,487,486,485,484,483,484,483,482,483,482,483,484,485,484,485,486,487,486,485,486,487,488,489,490,491,490,489,488,489,490,491,490,489,490,491,490,491,492,491,492,493,492,491,490,489,490,491,492,491,490,491,492,493,494,493,494,493,492,491,492,493,492,491,490,489,490,491,490,491,490,491,490,491,492,493,492,491,492,493,494,493,494,495,496,495,496,497,496,497,496,495,496,495,494,495,494,493,494,493,494,495,496,495,496,495,496,497,498,499,498,499,500,501,500,499,500,501,502,503,502,501,500,501,500,501,502,503,504,505,504,503,502,501,500,501,500,501,502,503,504,503,504,503,504,505,506,505,506,507,508,509,510,511,510,509,510,509,508,509,508,509,508,509,510,509,510,511,512,511,512,511,512,511,512,513,512,513,514,513,512,513,512,513,512,511,512,513,514,515,514,515,516,517,518,517,518,519,518,517,516,517,518,519,520,519,520,521,520,519,520,519,518,519,518,519,518,517,518,517,516,515,516,517,518,517,518,517,518,517,518,519,520,521,522,523,522,521,522,523,522,523,524,523,524,523,524,525,524,525,526,525,526,527,526,527,526,527,528,527,526,525,526,525,526,527,526,527,526,527,528,529,530,529,530,531,532,531,532,533,534,533,532,533,534,535,534,535,536,537,538,537,538,537,538,539,538,539,538,539,540,541,540,539,538,539,538,537,538,537,536,535,534,533,532,533,532,533,534,535,536,535,536,537,538,537,536,537,538,539,538,539,540,539,538,537,538,537,536,535,536,535,534,533,534,533,532,531,530,529,528,527,528,529,528,527,528,527,526,525,524,525,526,527,528,527,528,527,526,527,526,525,526,525,524,523,522,523,522,521,520,521,520,519,518,517,518,517,516,517,518,517,516,517,518,517,518,519,520,521,522,523,524,525,524,525,524,523,522,523,522,523,524,525,526,525,526,525,524,523,522,521,520,519,518,519,520,519,518,519,518,517,516,515,516,515,514,515,514,515,514,513,514,515,514,513,512,511,512,513,514,513,514,515,514,513,512,513,512,511,510,509,510,511,510,511,512,513,512,511,510,509,510,511,512,513,514,515,516,515,514,515,516,515,514,515,514,515,514,513,514,515,516,515,516,515,516,517,518,519,518,519,520,519,520,519,520,521,522,521,522,521,522,521,522,523,522,521,520,521,520,521,522,521,520,521,522,521,522,523,524,525,526,525,524,525,524,525,526,527,528,527,528,527,526,527,528,529,530,531,530,531,532,531,530,529,528,527,526,525,524,525,524,523,524,523,524,525,526,527,528,529,530,529,530,529,528,529,528,527,526,527,528,527,528,527,528,529,530,529,530,531,532,531,530,529,528,527,528,529,530,531,532,533,534,535,536,537,536,537,536,537,538,539,540,541,540,541,542,543,544,545,544,543,544,543,542,543,542,541,542,543,544,545,546,545,546,545,544,543,542,541,542,541,542,541,540,541,540,539,538,539,540,541,542,543,544,545,544,543,542,543,544,545,544,545,546,545,544,545,544,545,546,547,546,545,546,547,548,549,550,549,548,549,548,549,548,549,550,549,548,549,550,549,548,549,550,549,550,551,552,553,552,551,552,551,552,551,550,549,548,547,546,547,546,545,544,545,544,543,544,545,544,543,544,545,546,545,546,545,546,545,546,545,546,547,546,545,546,545,546,545,546,545,546,545,544,545,546,547,548,549,550,549,548,547,546,545,546,545,544,543,542,541,542,543,544,543,542,541,542,543,542,543,544,543,544,543,544,545,544,545,546,547,546,545,546,545,544,543,542,541,542,541,542,543,544,545,544,543,544,545,546,547,548,547,548,549,548,549,550,549,548,549,550,549,548,547,546,547,548,549,548,547,546,545,546,545,544,545,546,547,546,547,546,547,546,547,546,545,546,547,548,549,548,549,550,551,550,549,548,547,546,547,548,547,548,549,550,551,550,549,550,551,552,551,552,553,552,551,550,549,548,549,548,549,548,547,548,549,548,549,548,547,548,547,548,547,548,549,550,551,552,551,552,553,552,553,554,553,552,551,552,553,552,553,552,553,552,553,554,553,554,553,554,555,556,557,558,557,556,557,556,557,558,559,560,561,560,559,560,559,560,561,560,561,562,563,564,563,562,563,564,565,566,567,568,569,568,567,568,567,568,569,568,567,566,565,564,565,566,565,566,567,568,569,568,567,566,565,564,565,566,567,568,569,570,569,568,569,568,569,568,569,570,569,568,567,566,565,566,567,566,567,566,565,566,567,568,569,570,571,570,571,572,571,570,569,570,569,570,569,568,569,568,567,566,565,564,563,562,561,560,559,560,559,558,559,560,561,562,563,564,565,566,567,566,565,564,563,562,561,562,563,564,565,566,567,568,569,570,569,568,567,566,565,566,565,564,565,564,563,564,565,564,565,564,563,564,565,566,567,568,569,568,567,566,567,568,569,570,571,572,571,570,571,572,571,570,571,572,571,572,571,570,569,570,571,570,569,568,567,566,565,564,565,564,565,564,565,566,565,566,565,564,563,564,565,566,565,564,565,566,567,568,569,570,571,572,573,574,573,572,573,574,573,572,573,572,573,572,573,572,573,574,575,574,573,574,575,574,575,574,573,574,573,574,575,576,577,576,577,578,579,580,579,578,579,578,579,580,581,580,581,580,581,582,581,582,581,582,583,584,585,586,585,584,585,584,583,584,585,584,583,584,583,584,585,586,587,588,589,590,591,590,589,588,589,590,589,590,591,590,591,590,591,590,591,590,591,590,591,590,589,590,589,588,587,588,589,588,589,590,591,590,589,588,589,588,589,590,589,590,589,590,591,592,593,594,595,596,597,598,597,596,595,594,593,592,593,592,593,594,595,594,593,594,593,592,593,592,593,594,595,594,593,592,591,592,593,592,593,594,593,592,591,592,591,590,589,590,591,592,591,590,589,588,587,586,585,584,583,584,583,582,581,580,581,582,581,580,579,578,577,578,577,578,577,576,577,576,575,576,577,576,577,578,579,578,577,578,579,580,579,578,579,578,579,580,579,580,579,578,577,576,575,576,575,576,577,578,579,580,579,578,577,578,577,578,579,580,581,582,581,582,583,582,583,584,583,582,583,582,583,584,583,584,585,584,585,584,583,582,583,582,581,580,579,578,577,576,575,576,575,574,575,576,577,578,579,578,577,576,575,574,573,574,573,572,573,574,573,574,575,574,573,572,571,572,573,572,573,572,573,572,571,570,571,572,571,572,571,570,569,568,567,568,569,568,567,566,565,564,565,566,565,566,567,568,569,568,569,568,569,570,569,570,569,570,569,570,571,572,571,570,569,568,567,568,567,568,569,568,567,566,567,566,565,566,567,566,565,564,563,562,563,564,565,564,563,564,563,562,563,562,561,562,563,562,563,562,563,564,565,564,565,566,565,566,567,568,569,570,569,570,571,572,573,574,575,576,575,574,573,574,573,574,573,574,573,572,571,570,571,570,571,570,571,572,573,572,571,572,571,570,571,570,571,572,571,572,573,574,575,574,575,576,577,578,579,578,577,578,577,578,577,578,577,578,577,578,579,578,577,578,579,580,581,582,583,584,585,586,587,588,587,588,587,586,587,586,585,584,583,582,581,580,581,582,581,582,583,582,583,582,583,582,583,584,583,584,585,584,583,582,581,580,581,580,579,578,577,578,577,576,577,578,577,578,579,580,581,580,581,582,583,584,585,586,587,588,589,590,591,590,589,590,589,590,591,590,589,590,589,588,587,586,585,584,585,584,585,586,587,588,589,588,587,586,585,586,587,586,585,586,587,586,587,588,589,590,589,588,589,588,587,588,589,590,589,590,589,590,591,590,589,588,589,588,589,590,589,588,587,588,589,588,589,590,591,592,593,594,595,596,597,596,597,596,597,598,599,600,599,600,601,600,601,602,603,604,605,604,603,602,601,600,599,598,597,596,595,594,595,596,597,596,597,596,595,596,595,594,595,594,595,594,595,596,595,596,597,596,597,598,597,596,597,596,595,596,595,594,593,594,593,592,593,592,591,592,591,592,591,590,591,592,591,590,589,590,589,590,591,592,593,592,591,590,589,588,589,588,587,586,587,586,585,584,583,584,585,586,585,586,587,586,585,584,583,582,583,584,585,586,585,586,585,584,583,584,583,584,585,586,587,588,589,590,589,590,589,590,589,590,589,588,587,586,585,584,585,584,583,582,583,584,585,584,585,584,585,586,587,588,587,588,589,588,589,588,587,588,589,588,587,586,587,588,589,588,587,586,587,586,587,586,587,588,587,588,587,586,587,588,587,586,585,584,585,584,583,584,585,584,585,584,585,584,585,586,587,588,589,590,591,592,593,592,591,590,589,588,587,586,585,584,583,582,581,580,579,578,577,578,577,576,575,576,575,576,575,574,575,574,575,576,577,576,575,574,573,572,573,572,571,570,571,570,571,572,573,572,571,572,571,570,571,570,569,570,571,572,571,570,569,570,571,570,571,572,571,572,573,574,575,574,573,572,573,574,573,572,571,570,571,570,569,568,569,570,571,570,571,570,569,570,571,572,573,574,573,572,571,570,571,570,571,570,569,570,569,568,569,568,569,568,567,566,565,564,565,566,567,568,567,566,565,566,565,566,565,566,567,568,569,570,569,570,569,568,567,566,565,564,565,564,565,564,565,564,565,566,565,564,565,564,563,564,565,564,565,564,565,564,563,562,563,562,561,560,559,560,561,562,561,560,559,558,557,556,555,554,555,556,555,556,557,556,555,556,555,556,557,556,555,556,557,558,559,560,561,560,561,562,563,564,565,566,567,568,569,568,567,566,567,568,567,568,567,566,565,566,567,568,569,568,567,568,569,568,569,570,571,572,573,574,573,574,575,576,575,576,577,578,579,580,581,580,581,582,581,580,581,582,581,580,581,582,581,582,583,582,583,582,581,582,581,580,581,580,581,580,581,580,579,580,579,580,579,578,577,576,575,576,577,576,577,578,577,578,577,576,575,576,577,578,577,578,577,576,575,576,575,576,577,576,577,576,577,578,579,578,579,578,577,576,577,576,575,574,575,574,573,572,571,570,569,570,571,570,571,572,573,574,573,572,573,572,571,570,571,570,569,568,567,568,567,566,567,566,567,566,567,568,567,568,569,570,571,572,571,570,569,568,567,566,567,568,569,568,567,568,567,566,565,566,567,568,569,568,569,568,567,568,569,568,569,570,569,568,567,568,567,568,567,568,567,566,565,564,563,564,563,564,565,564,563,562,563,564,565,566,565,564,565,564,563,562,563,564,565,566,567,566,567,566,567,568,569,568,567,566,565,564,565,564,565,566,567,566,565,564,565,564,565,566,565,566,565,564,563,562,561,562,563,562,563,562,561,562,561,560,561,562,561,562,563,564,565,566,567,568,567,566,565,564,565,564,565,566,565,566,565,564,565,564,565,564,563,564,565,566,567,568,567,568,569,570,569,570,571,572,573,572,571,572,571,572,571,570,571,570,569,570,569,570,571,572,571,570,571,572,571,572,573,572,571,572,573,572,573,572,573,572,573,574,575,574,573,574,575,574,575,576,575,576,575,574,573,572,571,572,573,574,575,576,575,576,577,578,579,578,579,580,579,578,579,580,581,580,579,578,577,576,577,578,577,576,577,576,577,578,577,578,579,580,581,582,583,582,581,582,583,584,583,582,583,582,583,584,583,582,583,584,585,586,587,586,587,588,589,588,587,588,587,586,587,586,587,588,589,588,589,590,591,590,591,592,593,594,595,594,595,594,595,596,597,596,595,594,593,592,591,592,593,592,593,592,593,594,595,594,593,592,593,592,593,592,593,594,593,594,593,594,593,592,591,592,593,592,593,594,593,592,591,592,593,592,593,594,595,596,595,596,595,596,597,598,599,600,601,600,599,600,599,600,599,600,601,602,603,602,603,602,603,604,603,604,605,606,607,606,607,608,609,610,611,612,613,614,613,612,611,612,611,612,611,612,611,612,611,612,611,610,609,610,609,610,609,608,609,608,607,608,609,610,609,610,609,610,611,612,611,610,609,608,609,610,611,610,611,612,613,614,615,614,613,612,611,612,613,614,613,612,611,612,613,612,611,610,611,610,609,610,611,612,613,612,613,614,615,616,615,616,617,616,617,616,615,616,615,614,613,614,615,614,615,614,613,612,611,610,611,612,611,612,613,612,611,610,609,608,607,606,605,604,605,606,605,604,605,604,603,604,603,602,601,600,601,602,603,604,603,604,603,602,603,602,601,602,601,602,603,604,605,606,605,604,605,606,605,606,605,604,603,602,601,600,599,598,597,598,599,598,599,600,599,600,599,598,597,598,597,598,597,598,599,598,599,600,601,600,601,600,599,598,599,600,601,602,603,604,605,604,603,604,603,602,603,604,603,604,605,606,607,608,607,606,607,608,609,608,607,608,609,610,611,610,609,608,609,608,607,608,607,606,605,604,603,602,603,602,601,602,601,600,599,600,601,602,603,604,605,606,605,606,605,604,603,602,601,600,599,598,597,598,599,598,599,600,601,602,601,600,599,598,599,598,597,598,599,600,601,602,601,600,599,598,599,598,597,598,597,596,595,596,597,598,599,600,601,602,601,600,601,602,603,602,601,600,599,598,599,598,599,598,599,600,601,600,599,598,599,600,599,598,597,596,595,596,597,598,599,598,599,600,599,598,597,596,597,596,597,596,597,598,599,600,599,600,599,600,599,598,599,600,599,600,599,600,601,600,599,598,599,598,599,600,601,602,603,602,603,602,603,604,605,606,605,604,605,606,605,606,607,606,605,604,605,606,607,606,607,608,607,606,607,606,607,606,607,606,605,604,603,604,603,604,605,604,603,602,601,602,603,602,601,602,603,604,603,602,601,602,603,602,603,602,601,602,603,604,605,604,603,602,603,604,605,606,607,608,607,606,605,606,605,606,607,606,607,606,605,606,607,606,607,606,605,606,607,608,609,610,611,612,611,612,611,612,611,612,613,612,613,612,613,614,615,614,615,614,615,614,613,612,613,614,615,616,615,614,615,616,615,616,615,616,615,614,615,616,615,616,617,618,617,618,617,618,619,618,619,620,621,622,623,624,623,622,621,622,623,622,621,622,621,622,621,620,621,622,623,624,625,624,625,626,625,626,627,626,627,628,627,628,629,628,627,628,629,630,631,632,631,632,631,630,631,630,631,632,631,632,633,632,631,630,631,630,629,630,629,630,629,630,631,630,629,630,629,630,631,632,631,632,633,634,635,634,633,634,633,632,631,630,629,630,629,628,627,626,625,626,625,626,627,628,627,628,629,628,629,628,629,630,631,630,631,630,629,628,627,628,629,628,627,628,629,630,629,628,627,628,627,628,629,628,627,626,625,626,625,624,623,622,623,622,621,620,619,620,619,618,619,618,617,618,617,616,615,616,615,614,613,612,611,612,613,612,611,610,611,610,609,608,607,608,607,606,607,606,607,606,607,606,605,604,605,606,607,608,609,610,611,610,609,610,611,612,611,612,613,612,611,612,613,612,611,610,611,610,609,608,607,606,605,604,605,604,605,606,607,608,609,608,609,608,607,606,605,606,605,604,605,606,605,606,607,608,607,606,605,606,607,608,609,608,607,606,605,606,607,608,607,606,607,606,607,608,609,610,609,608,609,608,609,608,607,606,605,604,605,604,605,604,603,604,603,602,603,604,603,602,601,600,599,598,599,600,599,598,599,600,599,600,601,600,601,600,601,602,603,604,603,602,603,604,603,602,603,602,601,602,603,604,605,604,603,604,603,604,605,606,605,604,603,602,603,604,605,604,605,604,603,602,601,600,599,600,601,602,601,602,603,604,605,604,605,606,605,606,607,608,607,606,605,606,607,608,609,610,609,610,609,608,607,608,609,610,611,612,611,612,611,610,611,612,613,614,615,614,615,614,613,614,615,614,615,614,613,612,611,612,611,612,613,614,615,616,617,616,617,616,615,614,615,614,615,614,613,612,613,614,613,614,613,614,613,614,613,612,611,612,611,612,613,614,613,612,613,612,613,614,613,612,613,614,615,616,615,616,617,616,617,618,617,616,617,618,617,616,617,616,617,618,617,616,617,618,617,618,617,618,617,618,619,620,619,618,617,616,617,616,617,618,617,616,615,616,617,618,617,618,619,618,619,618,619,618,617,616,617,618,619,620,621,620,621,622,623,622,623,624,623,622,621,622,623,622,621,620,621,620,619,618,617,618,619,620,619,618,619,618,619,620,621,620,621,622,621,622,623,622,623,622,621,620,619,618,617,616,615,616,617,616,617,616,617,618,619,620,621,620,619,618,617,616,617,618,617,616,617,616,617,616,615,616,617,616,617,616,617,618,619,620,619,618,617,618,619,620,621,620,619,618,617,616,615,614,613,614,613,614,615,614,615,616,615,616,615,616,615,616,617,616,615,614,613,614,615,614,613,614,615,616,617,616,617,618,617,618,619,620,619,620,621,622,621,620,621,622,621,620,621,622,621,622,621,620,621,620,621,622,623,624,623,622,621,622,621,620,619,620,619,620,619,620,621,622,623,622,623,624,625,624,623,622,623,624,625,626,627,628,629,628,629,628,629,628,627,628,629,628,629,628,629,628,627,626,627,626,625,626,627,626,627,628,629,628,629,628,629,630,629,630,631,630,631,632,631,630,631,632,631,632,631,632,633,632,633,634,633,634,635,634,635,636,635,634,633,632,633,634,633,632,631,630,629,628,627,626,627,626,625,626,627,628,627,628,629,630,629,628,627,626,625,626,625,626,627,626,625,626,625,626,627,628,627,626,627,626,625,626,627,626,625,624,623,622,621,622,623,622,623,622,623,622,621,620,619,618,617,618,619,618,619,618,617,616,617,616,615,616,615,614,613,612,611,610,609,610,611,610,609,610,609,608,607,606,605,606,605,604,605,604,605,604,603,604,605,604,603,604,605,604,603,604,603,604,603,602,603,602,601,602,601,600,601,600,599,600,601,600,601,602,603,604,605,604,605,606,605,606,605,604,605,606,607,608,609,608,609,610,609,608,609,610,611,612,613,612,611,610,609,608,607,608,609,608,609,608,609,610,611,610,609,610,609,610,611,610,609,610,609,608,607,606,607,606,605,606,607,606,605,606,605,604,605,604,603,602,601,602,603,604,603,602,601,600,599,598,597,598,599,600,601,600,599,598,597,598,599,598,597,596,595,596,597,598,597,598,597,598,599,598,597,598,597,598,597,596,595,594,595,596,595,594,593,594,593,594,593,594,593,594,595,596,597,596,595,596,597,598,599,600,599,600,599,598,599,600,601,602,603,604,605,604,603,602,603,604,603,604,605,604,603,604,603,604,603,604,603,602,603,604,605,606,605,604,603,602,601,602,601,600,599,598,597,598,597,596,595,594,593,592,591,590,591,590,589,590,591,592,593,592,591,590,589,588,589,590,591,590,589,588,587,588,587,586,585,586,587,586,585,586,585,584,583,584,585,584,585,584,585,584,583,582,583,582,581,582,581,580,581,580,581,580,581,582,583,582,583,582,583,582,581,582,583,582,583,584,583,582,581,582,581,580,581,582,581,580,581,582,581,582,583,582,583,584,585,586,585,584,583,582,581,582,583,584,585,586,585,584,583,584,583,584,583,582,581,582,581,582,581,582,583,582,581,582,581,580,579,580,579,578,577,576,575,574,573,572,571,572,573,572,571,570,571,570,571,570,571,572,573,574,573,572,571,570,569,568,569,568,567,568,567,568,569,568,567,566,567,566,565,564,563,564,565,566,567,566,565,566,567,568,567,566,567,566,565,566,565,564,565,566,567,568,567,566,567,566,567,566,567,566,567,568,567,568,569,568,567,566,567,566,567,568,567,568,569,568,567,568,567,568,569,570,569,570,569,570,571,572,573,574,575,576,575,574,575,576,577,578,579,578,579,580,581,580,579,580,579,578,579,578,577,576,577,576,577,578,579,578,579,578,577,576,575,574,573,572,573,574,575,574,575,574,573,574,573,572,571,570,571,572,571,570,571,572,571,572,571,570,569,568,567,568,569,570,571,572,571,572,571,570,569,568,567,568,567,568,569,570,569,568,569,570,571,570,569,570,571,572,571,570,571,572,573,572,571,572,571,572,573,572,571,572,571,570,571,570,571,572,573,572,573,574,573,572,573,572,571,570,569,568,569,570,569,568,569,570,571,570,571,572,573,572,571,570,571,570,569,570,569,568,567,568,567,568,567,568,569,568,567,568,567,566,565,564,563,562,561,560,561,560,559,560,559,558,557,556,557,556,555,554,555,554,555,556,555,554,553,552,551,550,551,550,549,548,547,546,545,544,543,542,541,540,539,540,539,540,541,540,541,540,541,542,543,544,543,542,543,542,543,544,543,542,541,542,543,544,545,544,545,544,545,546,547,546,547,546,547,546,547,546,547,548,549,548,549,548,549,550,551,552,553,554,553,554,555,556,555,556,555,554,553,552,551,550,551,550,551,552,553,552,551,550,549,550,551,550,549,550,551,550,549,548,549,550,551,550,551,552,551,550,551,550,551,550,551,550,551,550,549,548,549,548,547,546,545,546,545,546,547,548,549,548,549,548,549,548,547,548,547,546,545,544,545,546,545,544,543,542,543,544,545,546,545,546,547,546,547,546,547,548,549,550,549,548,549,548,547,546,545,546,547,546,547,548,547,548,549,550,549,548,549,550,551,552,553,554,553,554,553,552,553,552,553,554,555,556,557,558,559,560,561,560,559,560,559,558,559,558,559,558,557,556,555,554,555,556,555,554,553,552,551,552,551,550,551,552,551,552,551,550,549,548,549,550,549,548,547,548,547,548,549,550,551,552,551,552,551,550,551,552,551,552,551,552,553,552,553,552,553,552,553,552,553,554,555,556,555,554,553,554,555,554,553,554,555,556,557,556,555,554,555,556,557,558,559,560,559,560,559,560,561,562,563,562,563,562,561,562,561,562,561,560,561,560,559,558,559,558,559,558,559,558,559,560,561,562,561,560,559,558,559,560,559,560,559,558,559,560,559,558,557,556,555,554,553,552,553,552,553,554,555,556,557,558,557,558,559,558,557,558,557,556,557,558,557,558,557,558,559,560,559,560,561,562,563,562,561,560,561,560,559,560,559,558,557,556,555,554,555,556,557,558,557,556,555,554,555,556,555,554,553,554,553,554,553,554,555,556,557,556,555,556,555,556,557,556,555,554,553,552,553,554,553,552,551,550,551,550,549,550,551,550,551,552,551,552,551,552,551,550,551,550,549,550,551,552,553,554,553,554,555,556,557,556,555,554,555,554,555,556,555,554,555,556,557,558,557,556,557,556,555,554,555,554,553,552,551,550,549,550,549,548,549,548,547,548,547,546,545,544,543,544,543,542,543,542,541,540,539,538,539,540,539,538,537,536,535,534,533,534,535,534,535,536,535,534,533,532,533,534,533,534,535,534,535,534,535,534,533,532,533,532,531,532,531,530,531,530,529,530,529,530,531,532,533,532,533,532,533,534,533,532,531,532,531,530,531,530,529,530,529,528,527,526,527,526,525,526,525,524,525,524,523,524,523,522,523,524,525,526,525,526,525,524,523,522,523,522,521,520,519,518,517,516,515,516,517,518,517,518,517,518,519,520,519,520,519,518,519,518,517,516,517,516,515,516,515,514,513,512,513,514,513,514,515,514,513,512,511,510,511,510,511,510,509,508,507,508,507,506,507,508,507,506,507,508,507,508,509,508,509,510,509,508,507,506,507,508,507,506,505,506,505,506,507,508,509,510,509,510,511,512,513,512,511,510,511,512,513,512,511,512,511,510,511,510,511,512,513,512,513,512,513,512,511,512,511,510,509,510,509,508,507,506,507,506,505,506,507,508,507,506,505,506,505,504,503,504,505,504,505,504,505,506,507,506,505,506,505,506,507,506,507,506,507,508,509,510,511,510,509,508,509,508,509,508,509,510,511,512,511,512,511,512,511,510,509,508,507,506,505,504,503,504,505,504,505,504,503,502,501,502,501,502,503,502,503,502,501,502,503,504,505,504,503,502,503,504,505,506,505,504,505,506,505,506,507,508,509,510,511,512,513,512,513,512,511,510,511,510,509,510,509,508,509,508,507,506,507,506,507,508,509,510,511,510,511,512,511,510,511,512,513,514,513,512,511,510,511,510,509,510,509,510,509,510,509,508,509,508,507,508,507,508,509,510,511,512,513,514,515,516,517,518,519,518,517,518,519,520,521,522,523,524,523,522,523,522,523,522,523,524,525,524,525,526,527,528,527,528,527,528,527,526,525,526,527,528,529,528,527,526,525,524,523,522,523,522,523,524,525,524,523,522,521,520,519,520,519,518,519,520,521,522,521,522,523,524,525,526,527,526,527,526,525,524,525,526,525,526,527,526,527,528,529,530,529,528,527,526,525,524,523,524,523,522,523,524,525,526,527,526,525,524,525,526,525,526,525,524,523,522,521,520,521,522,523,522,523,524,525,526,527,528,529,528,529,528,529,530,531,530,531,532,531,530,531,532,533,534,535,534,535,536,537,538,539,540,539,538,537,538,539,538,539,540,541,542,543,542,541,540,539,538,537,536,535,534,535,534,533,532,533,532,531,530,531,532,531,532,531,532,531,532,533,534,533,532,531,530,529,530,529,530,529,528,529,530,529,530,529,530,531,532,533,534,535,534,533,532,531,530,531,530,531,532,531,532,531,532,531,532,533,534,533,532,533,534,535,536,537,536,537,536,535,534,533,534,535,536,537,538,539,538,539,540,539,540,541,542,543,542,543,542,541,542,543,542,541,540,541,540,539,540,541,540,539,540,539,540,541,542,543,542,543,544,545,546,547,548,549,548,549,550,551,552,553,554,555,554,555,554,555,556,557,558,557,558,559,560,561,560,561,562,561,562,563,564,565,566,567,568,569,570,569,570,571,572,573,574,573,574,575,574,573,574,575,574,575,574,575,576,577,578,579,578,579,580,579,580,579,580,581,582,583,584,583,584,583,584,585,586,585,584,585,584,585,584,585,586,587,588,587,588,589,590,589,590,589,590,591,590,589,588,589,588,589,590,591,592,593,592,591,590,591,590,591,592,593,592,593,594,593,592,591,592,591,590,589,588,587,588,587,586,585,586,585,586,587,588,587,588,587,586,585,586,585,586,587,588,587,586,587,588,587,586,587,586,585,584,583,582,583,582,581,582,581,582,583,582,583,584,585,584,583,584,583,584,585,584,585,584,583,582,581,580,581,582,581,580,579,578,577,578,577,578,577,578,579,580,581,582,583,582,581,582,583,582,583,582,583,582,581,582,581,582,583,582,581,580,579,580,579,580,579,580,581,582,581,582,583,584,583,582,583,584,583,582,583,584,585,584,583,584,583,582,581,582,583,582,581,582,581,580,579,578,577,578,579,578,577,576,577,576,577,578,579,580,579,578,579,580,581,580,579,580,581,580,579,578,577,578,579,580,581,582,583,584,585,584,585,586,587,588,587,586,585,586,587,586,585,584,583,584,585,584,585,584,583,582,583,582,581,580,581,582,581,580,581,580,579,578,577,576,577,576,575,576,575,576,577,576,577,578,579,578,577,576,575,574,575,574,575,576,575,574,573,572,573,572,573,574,573,572,571,570,569,570,569,570,571,572,573,574,573,574,575,576,577,576,575,574,575,576,575,574,573,572,573,574,575,576,577,578,579,578,579,580,581,580,579,580,581,580,579,578,577,578,579,580,581,582,581,582,583,584,583,584,585,586,585,584,583,582,583,584,583,584,583,582,583,584,585,586,585,584,583,582,583,582,583,582,583,582,583,584,583,584,583,584,583,584,583,584,585,584,585,586,585,586,587,588,587,586,585,584,583,584,585,586,585,584,585,586,585,586,587,588,587,586,585,584,583,584,583,584,585,586,587,586,585,586,587,588,587,586,587,588,587,586,585,584,585,586,587,588,587,588,587,586,587,588,589,588,587,588,589,588,587,586,585,586,587,586,585,586,585,586,585,584,585,584,583,584,585,584,585,586,585,584,583,584,585,584,583,582,583,582,581,582,581,582,581,582,581,582,581,582,581,582,583,584,585,584,583,582,583,582,583,584,583,582,583,582,583,584,585,584,585,586,585,584,583,584,585,586,587,588,589,588,587,588,589,590,591,590,589,588,589,590,589,588,587,586,587,588,589,590,591,592,593,592,591,592,593,594,595,594,593,592,593,594,593,592,591,590,591,592,593,594,595,596,595,596,597,598,597,598,597,598,597,596,595,596,595,594,593,592,591,592,591,590,591,592,593,594,595,596,597,596,597,596,597,596,597,596,597,596,597,596,597,598,599,600,599,598,597,596,595,594,593,592,593,592,593,594,593,592,591,590,589,590,591,592,591,592,593,594,593,592,593,592,593,594,595,596,597,598,599,600,601,602,601,600,601,600,599,600,599,598,599,600,601,602,603,604,605,606,605,606,605,606,607,606,607,608,607,606,607,606,605,606,605,606,607,608,609,610,609,610,611,612,611,610,609,610,609,610,611,610,609,608,609,608,607,606,607,606,607,608,607,606,605,604,603,604,605,606,607,608,609,608,607,606,605,606,607,608,609,608,607,608,607,606,607,608,609,608,607,606,605,604,603,602,601,600,601,602,603,604,603,604,605,606,605,606,607,608,609,610,611,612,613,614,615,616,615,614,615,614,615,616,617,616,615,614,615,616,617,618,619,618,617,616,617,618,619,620,619,618,617,618,619,620,619,618,617,618,619,618,619,618,617,618,617,616,617,616,617,616,617,618,619,618,617,618,617,618,617,618,617,616,617,616,617,616,617,616,615,616,615,614,615,614,613,612,611,612,611,610,609,608,607,608,607,606,605,604,603,602,603,602,601,602,603,602,601,602,601,600,599,598,597,598,597,596,597,596,595,594,593,594,595,596,597,596,597,596,595,594,593,592,593,594,595,596,597,598,597,596,597,596,595,594,595,594,593,592,591,590,589,590,589,588,587,586,587,586,585,584,583,582,581,580,579,578,577,576,575,574,573,574,573,572,571,572,571,570,569,568,569,568,567,566,565,566,567,568,569,568,567,566,565,564,565,566,567,566,567,568,569,568,569,568,567,568,569,570,571,570,571,572,573,574,575,574,575,576,575,574,575,576,575,576,577,576,577,578,577,578,579,580,581,582,583,584,585,586,587,586,585,586,585,584,583,584,583,584,585,586,585,586,587,588,589,588,589,588,587,588,589,588,587,586,585,584,585,584,585,586,585,586,587,586,587,586,585,584,585,584,583,584,583,584,583,582,583,582,581,580,581,580,579,578,577,578,579,578,577,576,575,576,577,576,575,574,575,576,575,576,577,576,577,578,579,578,577,578,577,578,577,576,577,578,579,578,579,578,577,578,579,580,581,582,581,580,581,582,581,580,581,580,579,580,579,580,581,582,581,582,583,584,585,586,587,586,587,588,587,586,585,586,585,586,587,586,585,586,587,588,587,588,589,590,589,590,591,592,593,594,595,596,597,598,597,596,597,598,599,598,597,596,597,598,599,600,599,598,597,598,597,596,597,596,597,598,597,598,599,600,599,600,601,602,603,602,601,602,601,600,601,602,603,602,603,604,605,604,603,602,603,602,601,602,601,600,599,598,597,598,597,596,595,596,597,596,595,596,595,594,593,592,593,594,593,594,593,592,591,590,591,592,593,594,595,596,595,596,595,596,597,598,599,600,599,600,599,598,599,600,601,602,603,602,603,604,603,604,603,604,603,602,603,604,603,604,603,604,603,604,603,602,603,602,601,602,603,604,603,602,603,602,603,602,603,604,605,604,605,606,607,606,607,608,609,608,607,606,607,606,607,606,607,608,609,608,607,606,605,604,603,604,603,602,601,600,599,600,599,598,597,596,597,596,595,596,595,594,593,594,595,596,597,598,597,596,597,598,599,598,599,598,597,598,597,598,599,600,601,600,599,600,601,600,599,600,599,600,599,598,599,598,597,596,595,594,593,594,593,592,593,592,593,592,593,594,595,596,597,598,597,596,597,598,597,598,599,600,601,602,601,602,603,602,601,600,599,600,599,600,599,598,599,600,599,600,601,600,601,602,601,602,603,602,601,602,601,602,603,604,603,602,601,600,599,598,597,596,597,596,595,596,595,594,593,594,593,592,593,592,591,590,589,588,587,586,585,584,583,584,585,584,583,584,583,582,583,584,585,586,585,584,585,584,583,584,583,582,583,582,581,580,581,580,579,578,577,576,575,576,575,576,575,576,577,576,575,574,573,574,573,572,571,570,569,568,569,570,569,568,569,568,569,568,569,570,569,570,571,570,571,570,569,568,567,568,567,566,567,568,567,566,567,566,565,564,565,566,565,564,565,564,565,566,565,566,567,568,567,568,569,570,571,570,571,570,569,568,569,568,567,566,565,566,565,564,563,564,563,562,561,560,561,560,561,560,559,560,561,562,563,562,561,560,559,560,559,558,557,558,559,560,561,562,563,562,561,560,559,558,559,558,557,558,557,556,555,554,553,552,553,552,551,550,549,548,547,546,545,546,545,544,543,544,543,544,543,544,545,544,545,544,545,544,545,544,543,544,545,544,545,544,543,542,543,542,541,540,541,540,539,540,539,538,539,538,537,536,535,534,533,532,531,530,531,530,531,532,533,532,531,530,529,528,527,526,525,524,523,522,521,522,521,520,519,518,517,518,517,516,515,514,513,512,511,510,509,510,509,508,507,506,505,506,507,506,507,508,507,508,509,508,507,506,507,506,507,508,509,510,511,512,513,512,511,510,509,510,511,510,511,510,509,510,511,510,509,508,507,506,505,504,503,502,501,502,501,500,501,502,503,502,503,502,501,502,501,500,501,502,503,504,505,506,505,504,503,502,501,500,499,498,497,498,499,498,497,496,495,494,493,492,491,492,493,492,493,492,491,490,491,492,491,490,489,490,489,488,489,490,489,490,491,490,489,490,489,490,489,490,489,490,489,488,487,488,487,488,487,488,487,486,485,484,483,482,483,482,483,484,483,482,481,482,481,480,479,480,481,482,481,482,481,480,481,480,481,482,481,480,481,482,483,482,481,480,481,482,483,482,483,484,483,482,483,484,483,482,483,484,485,484,483,484,485,486,485,484,485,486,487,488,489,488,487,486,487,486,487,486,487,488,489,488,489,490,489,488,487,488,487,486,485,486,487,486,485,484,485,484,483,482,483,482,481,480,481,482,481,480,479,478,477,478,479,480,479,478,477,476,475,476,477,478,477,476,475,474,473,472,471,470,469,470,469,468,467,466,467,468,469,468,467,468,467,466,467,468,469,470,469,470,469,468,469,468,467,468,467,466,467,468,469,470,469,468,467,466,465,464,465,466,467,466,465,466,467,466,467,466,465,466,467,468,467,468,469,470,469,470,471,472,471,470,469,470,471,472,473,474,473,474,473,472,471,470,469,468,467,466,467,466,465,466,465,464,463,462,461,460,461,460,459,458,457,458,459,458,459,460,459,458,457,456,455,456,455,454,453,452,451,452,453,452,451,450,449,448,447,446,447,448,447,448,449,448,447,446,445,446,447,448,447,446,447,448,447,448,449,450,451,450,451,452,453,454,453,452,451,452,453,452,451,452,451,450,449,450,449,448,449,448,449,448,449,450,449,450,449,448,449,448,449,448,447,448,447,446,445,444,443,442,443,442,441,440,439,438,437,438,437,438,439,440,439,438,437,436,435,436,435,434,433,432,431,432,431,430,431,432,433,432,433,434,435,436,435,436,437,438,439,438,439,440,439,438,437,436,437,436,435,436,435,434,433,432,431,430,429,428,429,428,427,426,425,426,427,428,427,426,425,426,425,424,425,424,423,424,425,424,423,422,423,422,421,420,419,418,419,418,419,420,421,422,421,420,421,422,421,420,421,422,423,422,423,422,423,424,425,424,425,426,427,428,429,430,431,432,433,434,433,432,431,430,431,430,431,432,431,430,429,430,431,432,431,432,431,430,431,430,429,428,427,426,425,424,423,422,421,420,419,418,417,416,415,416,417,416,417,418,417,416,415,414,413,412,411,410,411,410,409,408,409,410,409,408,407,408,407,406,405,404,405,406,405,406,407,406,407,406,405,404,403,402,401,402,401,400,399,400,401,402,401,400,399,398,397,396,395,394,393,392,391,392,393,392,391,390,389,390,391,392,393,394,395,396,397,398,399,398,399,398,397,398,397,396,395,394,395,396,397,396,395,396,397,396,395,396,397,398,397,398,399,400,399,398,397,396,397,396,395,394,393,394,395,396,395,394,395,396,397,398,397,396,395,396,395,394,395,396,397,396,397,396,395,394,395,394,393,392,391,390,391,390,389,388,389,390,389,390,391,390,389,388,389,390,389,388,387,388,389,390,391,392,393,392,391,390,389,388,387,388,387,388,389,390,389,388,389,390,391,390,391,390,389,390,389,390,389,390,389,390,389,390,391,390,391,390,391,392,393,394,395,396,397,398,397,398,397,398,397,398,397,398,399,398,397,396,395,394,393,394,395,396,395,396,395,396,395,396,397,398,397,396,397,396,395,396,397,398,397,396,395,394,393,392,393,394,395,396,397,398,397,396,397,398,399,400,401,402,403,402,403,404,405,406,407,408,409,410,411,412,411,412,413,412,411,410,411,412,413,414,413,414,415,414,415,416,417,418,417,418,419,420,421,422,423,422,423,422,421,422,423,424,425,426,427,426,427,426,427,428,429,428,429,430,431,432,431,430,431,432,433,432,433,434,435,436,437,438,437,438,437,438,439,438,439,440,441,442,443,444,445,444,445,446,447,446,445,444,445,444,443,442,441,442,441,440,441,442,441,440,441,442,441,440,441,442,443,444,445,444,443,444,445,446,445,446,445,444,443,444,445,444,445,444,443,442,443,444,445,446,447,448,449,448,447,446,447,446,445,446,445,446,445,444,445,444,443,442,441,440,439,438,437,436,437,436,437,436,435,434,433,432,431,432,433,434,435,434,433,432,431,432,431,430,431,432,431,432,433,432,431,432,433,432,433,432,433,432,431,432,431,432,433,434,435,434,435,436,437,436,435,436,437,436,437,436,435,436,435,436,437,436,437,438,439,438,439,440,441,442,443,442,441,442,441,442,441,442,441,442,443,444,445,444,445,444,443,444,445,446,447,448,449,450,449,448,449,448,447,446,445,446,447,448,447,446,447,448,449,450,451,450,451,450,449,448,449,450,451,450,451,452,451,452,451,452,453,454,455,456,457,456,457,458,459,458,457,456,455,454,455,456,455,456,455,456,455,454,455,454,455,456,457,456,455,456,455,456,457,458,459,460,461,462,463,462,461,462,461,462,461,460,461,460,461,462,463,462,461,460,459,458,457,456,455,454,455,456,455,454,455,454,455,456,455,456,457,458,457,458,459,460,461,462,461,460,461,462,461,460,461,460,461,462,463,462,461,462,461,462,461,462,463,462,461,462,461,462,461,462,461,462,463,464,465,466,465,464,463,462,461,462,463,464,463,464,463,464,463,464,465,466,465,464,463,464,463,464,463,464,463,462,463,464,465,466,467,468,467,466,467,466,465,464,465,466,467,466,467,468,469,470,469,468,467,466,467,466,465,466,467,468,469,470,471,472,473,474,473,472,473,472,473,474,473,474,475,474,473,474,475,476,475,474,473,472,471,472,471,472,471,472,471,472,473,474,473,474,473,472,473,472,471,470,471,470,469,470,469,470,471,472,473,474,475,476,477,476,477,476,477,478,477,478,477,478,479,478,479,478,479,480,479,480,479,480,479,480,481,482,483,482,483,484,485,484,485,484,485,484,485,484,483,484,483,484,485,486,487,486,487,486,485,486,487,486,487,488,487,488,489,490,489,490,489,490,491,492,491,492,493,492,493,492,493,494,495,496,497,496,497,498,499,500,501,502,501,502,503,502,501,502,503,504,505,504,505,506,505,506,505,506,505,506,507,508,507,506,505,504,505,504,505,506,507,506,507,508,509,510,511,512,513,514,513,512,513,512,511,510,511,512,511,512,511,510,509,508,507,506,507,506,507,508,507,508,509,510,509,510,509,510,511,510,511,510,509,508,509,510,509,510,509,508,507,506,507,506,507,506,507,506,505,506,505,506,507,508,507,506,507,506,505,504,505,504,503,504,503,502,501,502,503,504,503,504,503,502,501,500,501,500,499,500,501,502,501,500,499,500,501,502,501,502,503,502,503,502,501,500,501,500,499,498,499,498,499,500,499,500,499,498,497,498,499,498,497,496,497,496,495,496,495,496,497,496,495,494,493,494,495,496,497,496,495,496,495,494,495,494,495,494,495,496,497,498,499,500,501,502,501,502,503,502,503,504,505,506,505,506,507,506,507,506,505,504,503,504,505,506,507,506,507,508,509,510,509,510,509,510,511,510,511,510,509,508,507,506,505,506,505,506,505,506,507,508,507,506,507,508,507,506,505,504,503,502,503,502,501,500,501,500,499,500,501,502,503,502,503,502,503,502,503,504,503,502,503,502,501,500,499,500,501,502,501,502,503,502,501,502,503,502,501,500,501,500,499,498,499,500,501,500,499,498,499,498,499,500,501,500,501,502,501,502,501,502,501,502,501,502,503,504,503,504,505,504,503,502,503,504,505,506,505,504,503,504,503,502,501,500,501,500,501,502,503,504,505,504,503,504,503,502,501,502,503,504,505,506,507,508,507,506,505,504,505,504,505,506,505,504,503,504,505,504,505,504,505,506,505,504,503,502,501,502,503,502,503,502,503,502,501,502,501,500,499,498,497,496,497,498,499,498,497,498,497,498,497,496,495,494,493,494,495,496,497,498,499,500,499,500,499,498,497,496,495,496,497,496,495,496,497,498,499,500,499,498,497,496,497,498,497,498,497,498,497,498,499,500,501,502,501,502,503,504,505,506,505,504,505,506,505,506,507,506,507,506,507,506,505,506,507,508,507,508,509,510,509,510,509,508,509,508,509,508,507,508,509,510,511,510,511,510,509,510,511,512,513,512,511,512,511,512,513,514,515,514,515,516,517,518,519,520,519,518,517,518,517,516,517,518,519,520,519,518,517,518,517,516,517,518,517,518,519,520,521,520,519,520,521,522,521,522,521,522,523,524,525,526,527,526,525,526,527,528,527,528,529,530,529,530,531,532,533,534,533,532,533,534,533,534,533,532,533,534,535,534,533,532,531,530,529,530,529,530,531,532,531,532,531,532,533,532,533,532,533,534,533,534,535,536,535,534,533,534,533,532,531,532,533,532,533,534,533,534,535,534,535,536,537,536,535,536,537,536,537,536,535,536,537,538,539,538,537,538,537,536,537,536,537,538,539,540,541,540,539,540,541,540,541,542,543,542,541,540,539,538,539,538,539,538,539,540,541,540,539,540,539,538,537,536,537,536,535,534,533,534,533,534,533,532,533,534,535,534,533,532,531,530,529,528,529,530,531,532,533,534,533,534,535,534,533,534,535,536,535,534,533,532,533,534,535,536,537,536,535,534,533,534,533,532,533,532,533,534,533,532,531,530,529,530,529,530,531,530,529,530,531,530,531,532,531,530,529,528,529,528,527,526,525,524,523,524,525,526,527,528,527,526,525,524,525,524,523,524,525,526,527,528,529,530,531,532,531,530,529,530,529,528,529,530,529,530,531,530,531,532,531,530,529,528,527,528,529,528,529,530,531,532,533,532,531,532,531,530,531,532,533,534,533,532,533,534,535,536,537,538,539,538,537,536,537,536,537,538,537,538,537,536,537,536,537,538,539,540,541,542,543,544,545,546,545,544,545,546,545,544,543,544,545,546,547,548,549,550,549,548,549,550,549,550,551,552,553,554,555,556,555,554,553,552,553,554,553,554,553,554,555,554,555,554,553,554,553,554,553,552,551,552,551,550,549,550,549,548,547,548,549,550,549,550,549,548,549,550,551,550,549,548,549,550,551,550,549,550,549,550,551,550,549,548,547,548,547,546,547,546,545,546,547,548,547,546,547,546,545,546,545,546,547,546,547,548,549,550,549,548,547,548,547,548,549,550,549,550,551,550,551,552,551,552,551,552,551,552,553,552,551,550,549,548,549,550,551,552,551,552,551,550,551,552,551,552,551,552,551,550,549,548,549,550,551,552,553,552,551,550,551,552,553,554,555,556,557,558,557,558,559,558,557,556,555,556,555,556,557,558,559,558,559,558,559,558,559,560,559,558,557,556,555,556,555,554,555,556,557,558,559,560,561,562,563,562,561,562,563,564,565,566,567,566,565,566,567,566,567,566,565,564,563,564,563,562,561,560,561,560,561,560,559,558,559,558,559,560,561,562,561,562,561,560,561,560,559,560,559,558,557,558,559,560,561,562,563,564,563,564,565,566,567,566,565,566,567,566,567,568,567,568,569,568,569,570,571,572,573,574,575,576,575,576,577,576,575,574,573,572,573,572,573,574,575,574,575,576,575,576,575,574,573,572,571,570,571,570,569,570,571,572,573,574,573,572,571,570,569,568,569,568,567,566,567,568,569,568,567,568,567,568,569,570,571,570,571,572,571,572,573,572,571,572,573,574,575,576,577,576,575,574,575,576,577,576,575,574,573,572,571,570,569,570,571,572,573,574,575,576,577,576,577,578,579,578,579,578,579,580,581,582,583,582,583,582,581,580,581,582,583,584,583,584,583,582,581,582,583,582,581,580,581,582,581,580,579,578,577,578,579,580,579,578,579,580,581,580,581,582,581,582,583,584,585,584,585,586,587,586,587,586,587,588,587,586,587,588,589,590,591,592,591,592,593,594,593,594,593,594,595,596,595,594,595,594,595,594,595,596,597,596,597,596,595,594,593,592,591,590,591,592,593,592,591,590,589,588,587,588,589,590,589,588,587,586,585,584,583,584,585,586,585,586,587,588,587,586,585,584,585,586,587,588,587,586,587,588,587,588,587,586,587,588,587,586,587,588,587,588,587,586,585,584,583,582,583,584,585,586,587,586,587,586,585,584,583,582,583,584,585,586,587,588,589,590,589,590,591,590,589,588,589,590,591,592,591,590,591,592,593,594,593,592,591,590,589,588,587,588,589,590,589,588,589,590,589,590,589,590,591,590,591,592,591,592,591,590,589,590,589,588,587,588,589,588,587,588,589,588,589,590,591,590,589,588,589,590,589,588,587,586,585,586,585,586,587,588,587,588,587,588,589,588,589,588,589,588,589,590,589,590,591,590,589,588,589,590,591,590,589,590,589,590,591,590,589,590,591,592,593,592,591,590,589,588,587,588,587,588,589,590,589,588,589,590,589,590,591,590,589,588,587,586,585,586,587,588,589,588,587,586,587,586,587,586,587,588,589,588,589,588,587,586,587,588,589,590,591,590,589,590,591,592,593,592,591,590,589,588,589,590,589,590,589,590,589,590,589,590,591,592,593,594,595,594,595,596,595,596,597,598,599,598,597,596,597,596,595,596,597,598,597,596,595,596,595,594,593,592,591,590,589,588,587,588,587,588,589,590,591,592,593,592,593,592,591,592,591,590,591,592,591,592,591,590,589,590,589,590,591,590,589,590,591,592,593,592,591,590,591,592,591,590,589,590,589,588,589,588,587,586,587,588,589,590,591,590,589,588,589,588,587,586,585,586,585,584,585,586,587,588,587,586,587,586,587,586,585,586,587,586,587,586,585,584,585,584,583,582,583,582,581,582,581,580,581,582,583,582,583,584,583,584,583,584,583,584,585,586,587,588,589,590,589,588,589,590,589,590,589,590,591,592,593,594,595,596,597,598,599,600,601,602,603,604,603,604,605,604,605,606,607,608,609,610,611,612,613,614,615,616,617,616,617,618,619,618,619,620,621,622,621,622,623,624,625,626,627,626,625,626,627,628,629,630,629,630,631,630,629,630,631,632,631,632,631,632,633,634,635,634,633,634,635,634,635,636,635,636,637,638,637,638,639,640,641,640,641,642,643,644,643,642,641,640,639,638,637,636,635,636,637,638,639,640,641,642,643,642,641,642,643,644,645,646,647,648,649,648,647,646,645,644,645,644,645,646,645,646,647,648,649,650,649,648,647,648,647,646,647,646,645,644,643,642,641,642,643,644,645,646,647,646,645,646,645,644,643,644,643,644,643,644,643,644,645,644,643,642,643,642,641,642,643,644,645,646,647,646,647,648,649,648,647,648,647,648,647,646,647,648,647,648,647,646,647,646,647,646,645,646,647,646,645,646,647,648,649,648,649,648,649,650,651,652,653,652,653,652,651,652,651,650,649,648,649,650,651,652,653,654,653,652,651,652,653,652,653,652,651,650,649,650,649,650,651,652,653,654,653,652,653,654,653,654,653,652,651,650,651,650,651,650,649,648,649,648,649,650,649,650,649,648,649,650,649,648,647,646,645,644,645,644,645,646,647,648,647,646,645,644,645,644,645,646,647,648,649,648,649,648,647,648,649,650,651,652,651,650,649,648,647,648,649,650,651,650,649,648,647,648,647,648,649,650,651,650,651,650,651,650,651,652,651,650,649,650,649,650,649,650,649,650,649,650,651,650,649,648,647,648,647,646,645,644,643,644,643,644,645,644,645,646,645,646,647,648,647,646,645,646,645,644,645,646,645,644,643,642,643,642,643,644,643,644,645,644,643,644,643,642,641,642,641,642,643,642,643,642,641,642,641,642,643,644,643,644,643,642,641,640,639,640,641,642,643,644,645,644,645,646,647,646,645,646,645,644,645,646,647,648,649,648,647,648,649,648,649,648,649,648,649,650,649,648,649,648,649,650,651,650,651,650,649,648,647,646,645,646,645,644,643,642,643,644,645,646,645,646,645,646,647,646,645,646,645,644,645,644,643,644,645,646,647,648,649,650,649,650,649,648,647,648,647,646,647,648,649,650,649,648,647,648,647,646,647,646,647,646,647,646,645,646,645,644,643,644,645,644,643,644,645,646,645,644,643,642,643,642,641,642,643,644,645,646,645,646,647,646,645,646,645,646,645,644,643,642,643,642,641,640,639,638,639,638,637,638,637,638,639,640,639,638,639,640,641,640,639,638,639,640,639,640,639,640,639,638,637,636,637,636,635,636,637,636,637,638,639,638,639,638,639,638,639,638,639,640,641,642,643,644,645,646,647,646,647,646,647,646,647,648,649,650,649,650,651,652,653,652,651,652,651,650,651,650,649,650,651,652,651,652,653,654,655,654,653,654,655,656,657,658,657,658,659,658,657,656,657,658,657,656,657,656,655,654,653,654,653,652,653,652,651,650,651,650,649,650,651,652,653,654,655,654,655,656,655,654,653,654,655,656,657,658,657,658,657,658,657,658,659,660,659,660,661,660,661,660,659,660,661,662,661,662,663,662,661,660,659,658,659,658,657,658,659,660,659,658,659,658,657,658,659,658,657,658,659,658,659,660,659,660,659,660,659,660,661,662,663,664,663,662,661,660,659,660,661,662,663,664,665,666,665,666,665,666,667,668,667,668,667,668,669,668,667,668,669,670,669,670,669,668,667,666,667,666,665,666,665,666,665,664,665,666,667,666,667,668,667,666,667,668,667,668,667,668,667,666,667,666,665,664,663,662,663,662,661,660,661,662,663,662,661,660,661,660,659,658,657,658,657,658,659,660,661,662,661,662,661,660,661,662,663,662,663,662,663,662,663,662,661,660,661,662,663,664,663,662,663,664,663,664,663,662,663,662,663,662,661,662,663,662,661,660,659,660,659,658,657,656,657,656,655,656,657,658,657,658,657,656,655,654,653,652,651,652,651,650,649,650,649,648,649,650,649,650,649,648,649,648,649,648,649,650,651,650,649,650,651,650,649,650,651,650,651,652,653,652,651,652,651,652,651,652,653,652,651,652,651,650,651,650,651,652,653,654,653,652,651,652,651,652,651,650,651,652,653,652,653,652,651,652,653,652,651,650,649,650,651,650,649,648,647,648,647,648,647,646,645,646,647,646,645,646,645,644,645,644,645,644,645,646,645,644,645,646,647,648,649,648,649,648,649,648,649,650,649,648,649,650,649,650,649,648,647,646,645,646,647,648,647,648,647,646,647,646,647,648,647,646,647,646,645,646,647,648,649,650,649,650,649,648,649,648,647,646,645,646,647,648,647,646,645,646,645,646,647,648,649,650,651,652,651,650,651,650,651,650,651,652,651,650,651,650,649,648,649,648,647,648,649,648,649,650,651,652,653,652,653,652,653,654,655,656,657,656,657,658,657,658,657,658,659,660,659,658,657,656,655,654,655,654,653,654,653,654,655,656,657,658,657,658,657,656,657,656,657,656,657,656,655,656,657,656,655,656,657,658,657,656,657,656,655,656,655,656,657,658,657,656,657,656,657,658,657,658,657,656,655,656,655,654,653,652,651,650,651,650,651,652,651,650,649,650,649,648,647,646,647,646,647,648,649,648,647,646,647,648,647,646,645,644,643,642,643,644,643,642,643,642,643,644,645,644,643,642,641,640,639,640,639,638,637,636,637,636,635,636,637,636,635,634,635,636,637,638,637,636,637,638,637,638,637,636,637,636,637,636,637,638,637,636,637,638,637,636,635,634,635,636,637,636,635,636,637,636,637,638,639,638,637,636,635,636,637,636,635,634,633,634,635,634,635,636,637,638,637,638,637,636,637,638,637,636,635,634,633,634,633,632,633,632,631,632,633,634,633,634,635,636,635,634,635,634,635,636,635,634,633,632,633,634,633,634,633,632,633,632,633,634,635,634,635,634,633,632,633,632,631,630,629,630,629,630,629,630,631,630,629,630,629,628,629,630,629,630,631,632,631,630,629,630,629,628,629,628,629,630,631,632,633,632,631,632,633,634,635,636,637,636,637,636,637,638,639,638,637,636,635,634,635,636,635,634,635,636,637,638,637,638,639,638,637,636,635,636,637,638,639,638,637,638,639,640,641,640,641,642,641,642,641,640,641,642,643,644,645,644,643,644,643,642,641,640,639,640,641,642,643,644,645,646,647,646,647,648,649,648,649,648,649,650,651,650,651,652,653,654,653,654,653,652,651,650,651,652,653,652,651,652,653,654,655,654,655,654,653,652,653,652,651,650,651,652,651,652,651,650,649,650,649,650,649,648,647,648,647,648,649,648,647,646,645,644,645,644,645,646,645,644,645,644,645,646,647,648,647,648,649,648,649,650,649,650,651,650,649,648,647,648,649,650,651,650,649,650,649,648,647,646,647,646,647,646,645,644,645,644,643,644,643,644,643,642,641,640,639,638,637,636,637,638,639,640,639,638,639,638,639,640,641,640,641,640,641,642,641,642,641,642,641,642,643,644,645,644,645,646,645,646,647,648,649,648,647,646,647,648,647,648,647,648,649,650,651,650,651,650,651,652,651,652,653,654,653,654,653,652,653,654,655,656,657,656,657,656,657,658,659,658,659,658,659,660,661,660,661,660,659,660,661,662,663,664,663,664,663,662,663,662,661,660,661,660,661,662,663,664,663,664,665,666,665,666,667,666,665,664,663,662,661,660,659,658,659,660,659,660,659,660,661,662,661,660,659,658,657,656,655,654,655,656,655,654,653,654,653,652,651,652,651,650,651,650,651,650,651,650,651,650,649,648,647,648,647,648,649,648,649,648,647,648,647,648,647,646,647,646,645,644,643,644,645,646,645,644,643,642,643,642,641,640,639,638,637,636,635,634,633,632,631,630,631,630,631,630,629,630,629,630,631,630,629,628,627,626,627,628,627,628,629,628,629,630,631,630,629,630,629,628,627,628,627,628,627,626,627,626,627,626,625,624,623,624,625,624,623,624,623,622,621,620,619,618,619,620,621,620,621,620,621,620,619,620,621,622,623,622,621,620,619,618,619,620,619,620,621,620,621,620,619,618,619,620,619,618,617,618,619,618,617,618,617,618,617,618,619,620,621,622,623,624,623,622,621,620,621,620,619,620,619,618,619,620,621,620,619,620,619,620,621,620,621,620,621,622,623,624,623,622,621,622,621,622,621,620,619,618,619,618,619,620,621,622,621,620,621,622,621,622,621,622,623,622,623,624,623,624,625,624,625,626,625,624,625,624,625,624,625,624,623,624,623,624,623,622,623,622,621,622,621,620,619,618,617,616,617,616,615,614,615,614,613,612,611,612,611,612,613,612,613,612,611,612,611,612,613,614,615,614,613,612,611,612,613,614,615,614,615,614,615,614,615,614,613,612,611,610,609,610,609,608,609,608,609,608,607,606,605,604,603,602,603,604,605,606,605,606,605,606,605,606,605,606,607,606,607,606,605,606,605,604,603,604,603,602,603,602,601,600,601,600,599,600,599,598,597,596,595,596,595,594,593,592,593,594,595,594,593,594,593,592,593,592,591,590,589,588,589,590,589,588,587,586,585,584,585,584,583,584,585,586,585,584,585,586,585,584,585,584,585,584,583,582,583,582,583,582,583,582,581,580,581,580,581,582,583,582,583,584,583,584,583,584,585,586,585,584,583,584,583,584,583,584,583,584,583,584,585,586,585,584,583,584,583,584,583,584,583,582,581,582,581,580,579,580,579,580,579,580,579,578,577,576,577,578,577,578,579,578,577,578,577,576,575,576,575,576,577,576,575,576,575,576,575,576,575,574,575,574,575,574,575,574,575,574,573,574,575,574,573,574,573,574,573,574,573,574,575,576,577,578,579,580,579,580,579,578,577,576,577,576,575,576,577,576,575,574,575,576,577,576,575,574,575,574,573,572,571,570,571,570,571,572,573,572,573,574,575,574,573,572,573,572,571,572,573,572,571,570,571,572,571,570,571,572,571,570,569,570,569,568,569,568,569,568,567,568,569,568,567,566,565,566,565,566,565,566,567,568,567,568,567,568,569,568,567,566,565,564,565,566,567,566,567,566,567,568,569,568,567,568,569,570,569,570,569,570,571,572,571,572,573,574,575,576,575,576,575,576,577,578,577,576,577,578,579,578,579,578,579,580,581,580,579,580,579,580,579,578,577,576,575,574,575,574,573,574,573,572,573,572,571,572,571,570,569,568,569,568,569,568,567,566,567,566,567,568,567,566,567,566,567,566,565,564,563,562,561,560,561,562,561,560,559,560,559,560,559,560,559,560,559,558,557,556,557,556,557,556,555,556,555,554,553,552,553,554,553,552,551,550,551,550,551,550,549,548,549,548,549,548,547,548,547,546,545,544,543,544,543,544,543,544,543,544,545,546,545,546,545,544,543,542,541,540,539,538,539,538,537,538,537,538,539,540,539,538,539,540,539,538,537,536,537,536,537,536,535,534,533,534,533,532,531,532,531,530,529,528,527,528,529,530,529,528,529,528,527,526,525,526,527,526,527,526,527,526,527,528,527,528,527,526,527,526,525,526,527,526,525,524,525,526,525,524,525,524,523,522,521,520,521,520,519,520,519,518,517,516,517,516,517,516,515,516,515,516,515,514,515,516,515,514,513,512,511,512,511,510,511,510,509,508,509,510,511,512,513,512,511,510,511,510,509,508,509,508,509,508,507,508,507,508,507,508,507,506,505,506,505,504,505,506,505,504,503,502,503,502,501,500,499,500,499,500,499,498,499,498,499,498,497,498,497,496,495,496,495,496,497,496,495,496,495,496,495,494,493,492,493,492,491,490,489,490,489,490,489,490,489,490,489,488,489,488,489,488,487,488,487,486,487,488,487,486,485,486,487,486,487,488,487,486,485,484,485,486,485,486,487,488,487,486,485,486,487,486,485,484,485,486,485,484,485,486,485,486,485,486,485,486,485,484,485,484,485,484,485,484,483,484,483,482,481,482,481,480,481,480,481,480,481,480,481,480,479,478,477,476,477,476,475,474,473,472,471,470,469,468,469,468,467,468,467,466,467,466,467,466,467,468,469,468,467,468,467,468,469,470,469,468,469,468,469,468,469,468,469,470,469,468,469,468,467,466,465,466,465,464,463,462,461,462,461,460,459,458,457,456,457,456,455,454,455,454,453,454,453,452,451,450,449,450,449,448,449,448,447,446,445,446,447,448,449,448,449,448,447,446,445,444,445,446,447,448,449,450,449,448,449,448,447,446,447,446,445,444,443,442,441,442,441,440,439,438,439,438,437,436,435,434,433,434,433,432,431,430,429,428,429,428,427,426,425,426,427,428,429,428,427,426,427,426,427,428,429,428,429,430,431,430,431,430,429,430,431,432,433,432,433,434,435,436,437,436,437,438,439,440,439,438,439,440,439,440,441,440,441,442,441,442,443,444,445,446,447,448,449,450,451,450,449,450,449,448,447,448,447,448,449,450,449,450,451,452,453,452,453,452,451,452,453,452,451,450,449,448,449,448,449,450,449,450,451,450,451,450,449,448,449,448,447,448,447,448,447,446,447,446,445,444,445,444,443,444,443,442,441,440,441,442,443,444,445,446,447,448,447,448,449,450,451,450,451,452,451,450,449,450,449,448,449,448,447,446,447,448,449,448,449,450,451,450,451,450,451,452,453,454,455,456,455,454,453,452,453,452,453,452,453,454,455,454,455,456,457,456,457,458,457,456,457,458,459,460,461,462,461,460,461,462,463,462,461,462,461,460,459,460,461,460,459,460,459,458,459,458,459,460,459,458,459,458,457,456,455,456,457,456,455,456,457,458,457,456,455,454,455,456,457,456,457,458,457,456,457,456,455,454,453,452,453,452,453,454,453,452,453,454,453,454,453,454,455,454,453,454,455,454,455,454,455,456,455,456,457,456,457,456,457,456,457,458,459,458,457,458,457,458,459,458,459,460,459,458,457,456,455,456,455,456,457,456,457,458,459,458,459,460,459,460,459,460,461,460,459,458,459,460,461,460,459,460,459,460,461,462,463,464,465,466,465,464,465,466,465,464,463,464,465,466,465,466,467,468,469,468,469,470,471,472,471,470,471,470,469,468,467,466,465,466,467,468,469,470,469,468,467,468,467,468,467,468,467,468,469,468,469,468,467,468,467,466,467,468,467,466,467,468,467,466,467,468,469,468,469,468,469,468,469,470,471,470,469,470,471,470,471,472,473,474,473,474,475,474,475,474,473,474,475,474,475,476,477,478,479,478,477,476,475,474,475,476,475,474,475,476,477,478,477,478,479,478,479,478,479,480,479,480,481,482,483,484,483,484,483,484,483,482,483,484,483,482,483,482,481,480,479,478,477,478,479,478,479,480,481,482,481,482,483,482,483,484,485,486,485,484,483,482,483,484,485,486,487,488,487,488,489,488,489,490,489,490,491,492,491,490,489,490,489,490,489,488,487,486,485,484,485,484,485,486,485,486,487,488,489,490,491,490,491,492,491,492,493,492,493,494,493,494,495,494,493,494,495,496,497,498,499,500,501,502,501,502,503,504,505,506,507,506,505,504,503,504,505,506,507,508,507,508,509,508,509,508,507,508,509,510,511,512,511,512,513,512,513,514,513,514,515,514,515,516,515,516,517,516,515,516,515,516,515,516,517,518,517,516,517,518,519,520,519,518,519,518,519,520,521,522,521,520,519,518,517,516,515,516,517,518,519,518,517,518,517,516,517,518,519,520,521,522,523,522,521,522,523,524,523,522,523,522,521,522,523,524,525,524,525,526,525,524,523,524,525,526,525,526,525,524,525,526,527,528,529,528,529,530,529,530,529,528,529,530,529,528,527,526,527,528,527,528,529,528,527,526,525,526,527,526,527,528,527,528,529,528,529,530,531,530,529,530,531,532,531,532,531,532,533,534,533,534,535,534,533,532,531,532,533,534,533,532,531,532,531,530,531,532,531,530,529,530,531,530,529,530,529,530,531,532,533,532,531,532,533,534,535,536,537,538,539,538,537,536,537,536,535,536,535,536,535,534,535,536,537,536,537,536,535,534,535,534,535,536,537,538,539,538,537,538,537,536,535,536,537,536,535,534,533,534,533,534,533,532,531,532,533,534,533,532,531,530,529,528,529,530,529,528,529,528,529,530,529,528,529,528,529,528,527,526,525,524,525,524,523,522,521,520,519,520,519,518,519,518,517,516,515,514,515,516,515,516,517,518,519,520,521,520,519,518,517,516,517,516,517,518,517,516,517,518,519,520,521,522,521,520,519,520,519,518,517,518,519,520,521,520,519,518,517,518,519,520,519,518,517,518,519,518,517,516,515,516,517,518,519,520,521,522,523,524,525,526,525,524,523,522,521,520,519,520,519,518,519,520,521,522,521,522,521,522,523,524,525,526,527,528,529,528,527,528,527,526,527,528,527,526,525,524,523,522,523,524,525,526,527,526,527,526,527,528,527,528,527,528,529,530,529,530,529,530,531,532,533,532,531,532,533,534,535,536,535,534,535,536,535,536,535,534,533,532,531,532,531,530,529,528,529,530,529,528,527,526,527,528,529,530,531,532,533,534,535,534,535,534,535,534,533,532,533,532,533,534,533,532,531,530,531,530,529,528,527,528,527,528,527,526,525,524,523,522,523,522,523,522,523,524,523,524,525,524,525,524,523,522,523,524,523,522,523,522,521,520,519,518,517,518,517,518,519,520,519,520,521,522,523,524,525,526,525,526,525,524,523,522,523,522,521,520,521,520,519,518,519,518,519,520,519,520,521,522,521,522,521,522,523,524,523,524,523,524,525,526,525,524,525,526,527,526,527,528,529,530,529,528,527,526,525,526,525,524,523,524,523,524,523,524,523,524,525,526,527,526,525,526,525,526,525,526,525,526,527,528,529,528,529,530,531,532,531,530,529,528,527,526,525,526,527,528,529,528,527,526,527,526,525,524,523,522,523,524,523,522,523,522,521,520,521,520,519,520,519,520,519,520,521,520,521,522,523,524,525,524,523,522,523,524,525,526,527,526,527,526,527,528,529,530,529,528,527,526,525,526,525,524,523,522,523,524,523,524,525,526,527,528,527,528,527,526,525,524,523,522,523,524,525,524,523,524,523,522,523,524,523,522,521,520,521,522,521,520,519,520,519,518,519,520,521,522,523,522,521,522,523,524,523,524,523,524,525,526,525,526,525,526,525,524,523,524,525,526,527,528,527,528,527,528,529,528,527,526,527,528,529,530,531,532,531,530,529,530,531,530,529,530,529,530,531,530,531,530,531,530,531,532,533,534,533,534,533,534,535,536,537,536,537,536,537,536,535,536,535,534,535,536,535,536,537,538,539,540,539,538,539,538,537,536,535,534,535,536,535,536,537,538,537,536,537,538,539,540,541,540,541,542,543,542,541,540,541,542,543,542,543,544,543,542,541,540,539,538,537,538,539,540,541,540,539,538,537,536,535,534,535,534,533,534,533,534,535,536,537,538,537,536,537,538,537,536,537,536,537,538,537,536,535,534,535,534,535,534,533,532,533,534,535,534,535,536,535,534,533,532,531,532,531,530,529,530,531,530,531,532,533,534,535,534,533,534,533,532,533,532,533,532,531,530,529,528,529,528,529,530,529,528,527,526,525,524,523,522,521,522,523,522,523,524,525,524,525,526,527,526,527,526,527,528,529,528,527,528,529,528,527,526,527,528,529,530,529,530,531,532,531,532,533,534,535,536,537,536,537,538,539,540,541,542,541,542,541,542,543,544,543,542,543,542,541,540,541,540,539,538,537,538,537,536,535,534,533,532,533,532,533,534,533,532,531,532,531,530,531,530,529,530,529,530,531,532,533,534,533,532,531,530,529,530,529,530,531,532,533,532,533,532,533,532,533,532,533,532,531,532,531,532,531,532,533,532,531,530,529,530,531,532,533,534,535,536,535,536,535,534,535,536,535,536,535,536,537,536,537,538,539,540,541,540,539,538,539,538,539,538,537,538,539,540,541,542,541,542,543,542,541,542,543,542,541,542,541,542,541,542,543,544,545,544,545,544,545,544,543,542,541,542,541,540,539,540,539,538,539,538,537,536,535,534,533,532,531,530,529,530,529,528,527,528,527,526,525,524,523,522,521,522,521,520,521,522,523,524,525,524,523,524,525,526,527,526,527,528,527,526,527,526,525,524,525,526,525,524,523,524,525,526,525,524,525,524,523,524,525,526,525,526,527,526,525,526,525,524,523,524,523,522,523,524,525,524,525,526,525,524,523,522,523,524,525,526,525,524,523,524,523,522,521,520,519,520,519,518,517,516,515,516,517,516,515,514,515,514,513,514,513,514,513,512,513,512,511,510,509,508,507,508,507,506,507,508,509,510,509,510,511,510,509,510,511,510,511,512,511,512,511,512,513,512,513,514,515,516,517,518,519,520,519,518,517,516,517,518,517,518,519,518,517,516,517,518,517,516,517,518,517,518,517,518,519,518,517,518,517,516,515,516,517,518,519,520,521,522,521,522,521,520,519,520,519,518,519,520,521,522,521,520,519,518,517,518,517,518,519,520,519,518,517,516,517,518,517,516,517,516,515,514,515,514,513,514,515,514,513,514,513,514,513,512,513,514,515,514,513,514,513,512,511,510,509,508,509,510,511,512,513,514,515,514,513,512,513,512,513,514,513,512,513,512,511,510,509,510,509,510,509,510,511,510,509,508,507,508,507,508,509,508,507,508,507,508,509,508,507,506,507,508,509,510,509,510,509,508,507,506,507,506,505,504,505,504,503,502,501,502,503,504,505,506,507,506,507,506,507,508,507,508,509,510,509,508,507,508,507,506,507,508,507,508,507,506,507,508,507,508,507,506,505,504,503,504,503,502,501,500,501,500,499,498,497,498,499,498,497,496,495,496,495,494,495,494,495,494,495,496,495,496,495,494,493,494,493,492,493,494,493,492,493,492,491,490,491,490,491,492,493,492,493,494,493,492,491,492,493,494,495,494,495,496,497,498,497,496,497,498,497,496,497,498,499,498,497,496,495,496,497,498,499,500,501,500,499,498,499,498,497,498,499,500,499,498,499,498,497,498,497,496,495,494,495,494,495,496,497,498,499,500,499,498,497,496,495,496,497,496,497,496,495,496,497,496,495,494,495,496,495,496,497,496,495,494,493,494,493,492,493,494,493,494,495,494,495,494,493,494,495,496,497,498,499,500,501,502,503,504,503,502,501,500,501,500,499,498,499,498,497,498,499,500,501,500,499,500,501,502,503,504,505,506,507,508,509,508,509,510,511,510,509,508,507,508,509,508,507,506,505,506,505,504,503,502,501,502,501,500,501,500,499,500,501,500,499,498,499,498,497,496,495,496,495,494,493,492,491,492,491,490,489,488,487,488,487,486,485,486,485,484,485,486,487,486,487,486,487,488,489,490,489,490,489,488,489,490,489,488,487,488,487,486,487,486,485,486,485,484,485,484,485,484,485,484,485,486,487,486,487,488,487,486,487,488,489,490,491,490,489,490,489,490,491,490,491,492,493,492,493,494,495,496,495,496,497,498,499,500,499,498,499,498,499,498,497,496,497,498,497,496,495,494,495,496,495,496,495,494,493,492,491,490,489,490,491,490,489,490,489,490,489,488,489,490,489,490,489,490,489,488,487,488,487,488,489,490,491,490,491,492,491,490,489,490,489,488,487,486,487,486,487,486,487,488,489,488,487,486,487,488,489,490,489,490,489,490,491,492,493,492,491,492,491,492,493,494,495,496,495,496,495,494,495,494,495,496,497,498,497,498,499,500,499,500,499,498,499,500,501,500,501,502,501,500,501,502,501,502,501,502,501,500,501,502,503,504,503,502,503,502,501,502,503,502,503,502,501,502,501,502,501,500,499,498,497,496,495,496,495,494,493,494,495,494,495,496,497,496,495,496,497,496,497,496,495,496,495,494,493,492,491,492,493,492,491,490,491,492,491,490,491,492,493,494,493,494,495,494,493,492,493,494,495,496,495,496,497,498,499,498,497,496,495,494,493,494,493,494,495,494,495,494,493,494,495,494,493,492,493,492,493,494,493,494,495,496,495,494,495,494,495,496,495,494,493,494,495,496,495,494,493,492,493,492,491,492,491,492,493,492,491,490,491,490,489,490,491,492,491,492,491,490,489,490,491,492,493,494,495,496,495,494,493,492,493,492,493,492,491,492,493,492,491,490,489,488,489,490,491,490,491,490,489,490,491,492,493,492,491,490,491,492,491,490,489,488,487,486,485,486,485,484,485,486,485,484,483,482,483,482,481,480,481,482,481,480,479,480,479,480,479,480,479,480,479,478,477,476,475,476,477,478,479,480,481,482,483,482,481,482,483,484,485,484,485,484,485,486,487,488,487,488,487,486,487,488,487,486,485,486,487,488,489,490,491,490,489,488,489,488,487,488,487,488,489,488,487,486,485,484,483,482,483,484,483,482,481,480,481,480,481,482,483,482,481,482,483,484,483,482,483,482,483,484,485,484,485,486,485,486,487,486,485,486,487,486,487,486,487,488,489,488,489,490,491,492,491,490,489,490,489,488,489,490,489,488,489,490,489,488,489,490,491,490,491,492,493,492,491,490,491,492,491,490,489,488,489,488,487,486,485,484,483,482,481,482,481,482,481,482,481,482,481,480,479,478,477,476,475,474,473,474,475,476,477,478,477,476,477,478,479,480,479,478,479,478,479,478,479,480,479,480,481,482,481,482,483,482,483,482,483,484,483,484,483,484,483,482,483,484,483,484,483,484,485,486,487,486,485,484,485,486,487,488,487,486,485,486,485,486,487,488,487,486,487,488,489,490,491,490,489,488,487,488,487,488,489,490,491,492,493,494,495,494,493,492,493,492,493,494,493,492,493,492,493,492,493,494,493,494,493,494,493,492,491,492,491,492,491,490,489,488,487,486,485,486,487,488,489,488,489,490,489,488,489,490,489,490,489,488,487,488,489,490,489,488,487,488,489,490,491,490,489,490,491,492,491,492,491,492,491,490,491,490,489,488,487,486,487,488,489,490,489,488,487,488,487,488,487,488,487,486,487,486,487,488,489,490,489,490,489,490,489,488,489,490,491,490,489,488,489,490,489,488,489,490,491,490,491,490,489,490,491,492,491,490,489,488,489,490,491,492,493,494,495,494,493,494,495,496,497,496,497,498,499,500,499,500,499,498,497,496,497,498,499,498,497,496,495,496,495,494,495,496,497,496,495,494,493,494,495,494,493,492,493,494,493,492,491,492,491,492,491,490,491,490,489,490,489,488,489,490,491,492,493,494,493,494,495,496,495,496,497,498,497,496,497,498,499,500,501,500,499,500,499,498,499,500,501,500,499,498,497,496,497,496,495,496,495,494,493,492,491,490,491,492,493,492,493,492,491,490,491,492,493,494,495,494,495,496,495,494,495,494,495,496,495,494,493,494,493,492,491,492,493,494,493,492,491,492,493,494,495,496,497,498,499,500,501,502,503,504,503,502,503,504,505,504,505,504,505,506,505,504,505,504,503,504,505,504,505,504,505,504,505,504,505,506,507,506,505,504,505,506,507,508,507,508,507,508,507,506,505,506,505,504,505,504,503,504,505,504,503,502,503,504,503,504,505,506,507,508,509,508,509,510,509,510,509,510,509,508,509,508,509,510,509,510,511,512,511,512,511,510,511,510,511,512,513,514,515,514,513,512,511,510,509,508,509,510,511,510,511,510,509,508,507,506,505,504,505,504,505,506,507,506,505,504,505,506,505,504,505,506,505,506,507,506,505,504,503,502,501,502,503,504,505,506,505,504,503,504,505,504,505,506,505,506,507,506,507,506,507,508,507,508,509,508,509,510,511,512,511,512,513,514,515,516,517,518,519,520,519,520,519,518,517,518,519,520,519,520,521,522,521,522,523,524,523,522,521,520,521,522,523,524,525,526,525,526,525,524,523,522,521,520,521,522,521,522,523,524,523,522,521,520,521,522,521,520,519,520,521,520,519,518,517,516,517,518,517,518,519,520,521,520,521,522,523,522,523,524,525,526,525,526,525,524,523,522,521,522,523,524,525,524,523,522,521,522,521,520,519,520,521,520,519,518,517,518,517,516,517,516,515,514,513,512,513,514,513,514,513,514,515,514,515,516,517,518,517,518,517,518,517,516,517,516,515,516,515,516,515,514,515,514,515,516,517,516,517,516,515,514,515,516,517,518,517,516,515,514,513,514,515,514,515,514,513,512,513,512,513,512,513,512,511,512,511,512,513,512,513,512,511,512,513,512,513,514,515,516,517,518,517,518,517,516,517,518,517,516,515,514,513,514,513,514,515,516,515,516,517,516,515,516,515,516,517,518,517,516,515,516,517,518,517,518,517,516,515,514,513,512,513,514,515,514,515,514,513,512,511,510,509,508,509,508,507,506,507,506,505,506,507,506,507,506,505,506,507,508,509,508,507,506,507,508,507,506,505,504,503,504,503,502,503,504,505,506,507,506,507,508,509,508,507,508,507,508,509,508,509,508,507,508,507,508,509,508,507,508,509,510,509,508,509,510,511,512,513,512,513,512,513,512,513,512,513,514,513,512,513,514,515,516,515,516,515,514,515,514,513,514,515,514,515,516,515,516,515,516,517,518,517,516,515,516,515,516,515,514,513,512,511,510,511,510,511,510,511,512,511,510,509,508,507,508,507,508,507,506,507,508,507,506,505,506,505,506,507,508,509,510,511,512,513,514,515,514,513,512,511,510,511,512,513,514,513,514,513,514,513,512,513,512,511,512,513,512,511,512,513,512,511,510,511,512,513,512,511,510,511,510,511,510,511,512,511,512,511,512,511,512,513,514,513,512,513,514,515,516,515,516,517,516,517,516,517,516,517,518,519,518,517,518,519,518,519,518,517,516,515,514,513,514,515,516,517,516,515,516,515,516,517,516,517,516,517,518,519,518,517,516,517,518,517,516,515,514,515,516,517,518,519,520,521,520,521,522,521,520,519,520,521,520,521,520,519,518,517,518,519,518,517,516,515,514,513,512,511,510,511,512,513,512,511,510,511,510,511,510,511,512,511,512,511,510,511,510,509,510,511,512,511,510,509,508,507,506,507,506,507,508,507,508,509,510,511,512,513,512,511,512,513,512,511,510,511,510,511,512,513,512,511,512,511,512,513,514,513,514,515,516,515,514,513,514,513,514,513,514,513,514,513,514,515,516,515,516,517,516,515,514,513,514,515,514,515,514,515,516,517,516,517,516,515,516,517,518,519,520,519,518,519,520,521,520,519,518,519,518,517,516,515,516,515,516,517,516,517,518,517,516,517,516,517,516,517,516,517,518,519,520,521,522,521,522,521,522,523,524,523,522,521,522,523,524,523,524,525,524,525,526,525,524,523,524,523,524,525,526,527,526,525,526,527,526,525,524,523,524,523,522,523,524,525,526,527,526,525,526,527,526,527,528,527,528,529,528,529,530,529,530,529,530,531,532,531,530,529,528,529,528,529,530,531,530,531,530,529,530,529,528,527,526,527,526,527,526,525,526,525,526,527,528,527,528,527,526,527,528,529,530,529,530,531,530,529,528,529,528,527,528,529,530,531,532,533,532,531,532,531,530,531,530,529,528,529,530,529,528,529,530,531,532,533,534,535,536,537,538,539,540,541,542,543,544,545,546,547,548,549,550,551,550,549,550,551,552,551,550,549,548,549,550,549,550,551,552,553,552,551,552,551,552,553,552,553,554,555,556,557,558,557,556,557,556,557,556,557,558,559,560,561,560,559,560,559,560,559,558,559,558,559,560,559,558,557,556,555,554,555,556,555,554,553,552,553,554,555,554,553,554,555,556,557,558,557,556,557,558,557,556,557,558,557,556,557,556,555,556,557,556,555,554,553,554,555,556,557,556,557,556,557,558,557,556,557,558,559,558,557,558,557,558,559,558,559,558,559,560,559,558,557,558,559,560,561,562,561,562,561,562,563,564,565,564,563,562,563,562,561,562,561,562,563,562,563,564,565,564,563,562,561,562,561,562,563,564,565,566,567,568,567,568,567,566,565,566,567,566,565,566,565,564,565,564,565,566,567,568,569,570,569,570,569,570,569,570,569,568,569,570,569,570,569,568,569,570,569,570,571,572,573,572,573,572,573,572,571,570,571,572,571,572,571,572,571,570,571,572,571,570,569,570,571,570,569,568,567,566,565,566,565,564,563,564,563,562,561,562,563,564,565,566,567,566,567,568,567,566,565,564,563,562,563,564,565,566,565,564,563,564,563,564,563,564,563,564,565,566,567,568,569,568,567,566,565,564,565,566,565,566,567,566,565,566,567,566,565,564,563,564,563,564,565,566,567,566,565,564,563,562,561,562,563,564,565,566,567,566,565,566,567,566,565,566,565,566,567,568,569,568,569,570,569,570,571,572,573,572,571,570,569,570,569,570,571,572,573,572,571,570,569,568,567,568,569,570,571,572,573,572,573,572,571,570,569,570,569,570,571,570,569,570,571,572,571,572,573,574,575,576,575,576,577,578,579,580,581,580,581,582,583,584,585,586,585,584,583,582,581,580,581,582,583,582,581,582,583,582,583,584,585,584,583,582,581,580,581,582,583,582,583,584,583,582,581,580,579,580,581,582,583,584,585,586,585,586,585,586,587,588,587,588,587,588,587,586,585,586,587,588,589,590,589,590,589,590,589,588,589,590,591,592,593,594,595,596,597,596,595,594,593,592,591,592,591,592,591,590,589,588,587,588,589,590,589,590,591,590,591,592,591,592,593,594,595,594,593,592,591,592,593,594,595,596,597,598,597,596,597,596,595,594,595,596,595,596,595,594,593,594,595,596,597,598,599,600,601,602,601,600,601,602,601,600,601,602,603,602,601,600,601,600,601,602,603,604,605,604,605,606,607,606,605,604,603,602,601,600,601,602,601,600,601,602,603,602,601,600,599,598,599,600,601,602,603,604,603,604,605,606,607,608,607,606,605,606,605,606,607,608,609,610,611,612,613,614,615,614,615,616,617,616,615,616,617,616,615,616,617,616,615,614,613,614,613,614,613,614,613,614,613,614,613,614,613,614,613,614,613,614,613,614,613,614,613,612,611,612,611,612,611,612,611,612,613,612,611,612,613,614,615,616,617,618,617,618,619,620,621,622,621,622,623,624,625,624,625,626,627,626,627,626,627,628,627,628,629,628,627,626,625,624,625,626,627,628,627,626,625,624,625,624,625,624,623,622,623,624,625,626,627,628,629,630,631,632,633,634,635,634,635,634,633,632,631,632,631,632,631,632,633,634,635,636,637,638,639,638,637,636,635,634,635,636,635,636,637,638,639,640,641,640,641,640,639,638,639,640,641,642,643,644,645,644,643,642,643,644,645,646,647,646,645,644,643,644,643,644,645,646,645,646,645,646,647,648,647,646,645,646,647,646,645,644,643,642,643,644,645,644,643,644,645,644,643,642,641,642,643,642,641,640,639,638,637,636,635,634,633,634,633,634,633,634,633,632,631,630,629,628,629,630,629,630,629,628,627,628,629,630,629,630,631,632,631,630,631,630,629,628,627,626,625,624,625,626,627,626,627,628,627,628,627,628,627,628,629,630,629,630,631,632,631,632,631,630,631,632,633,632,633,632,633,632,631,632,633,634,633,632,631,632,633,634,635,634,635,636,637,636,635,636,635,634,635,634,635,634,635,636,637,636,637,638,639,638,639,638,637,636,635,636,637,638,637,636,637,638,639,640,639,640,641,640,641,640,641,640,641,642,641,640,641,640,639,638,637,636,635,636,637,638,639,638,639,638,637,638,637,638,639,640,639,638,637,636,635,636,635,636,637,636,635,634,633,632,631,630,631,630,631,630,629,628,627,626,627,628,629,630,631,630,629,628,629,630,629,630,631,630,631,632,633,634,633,634,633,634,635,636,637,636,635,634,633,632,633,632,633,634,633,634,633,634,633,634,633,632,631,630,631,632,633,632,633,634,635,634,635,634,635,636,637,636,637,638,639,638,639,638,639,638,637,636,637,638,639,640,641,642,641,640,641,640,641,640,641,642,643,644,645,644,643,644,645,646,645,646,647,646,647,648,647,648,649,650,649,648,647,648,649,650,649,650,649,650,651,652,651,652,651,652,653,652,653,652,653,654,655,654,655,656,657,656,657,656,657,656,655,654,655,654,653,654,653,654,655,656,657,658,659,660,659,660,659,658,659,660,659,660,659,660,661,662,661,662,661,662,663,664,665,666,667,666,667,668,669,670,669,668,669,668,669,668,669,670,671,672,671,672,673,674,675,674,673,674,673,672,671,670,669,670,671,672,671,670,669,670,671,672,671,670,671,670,669,668,667,668,669,668,669,668,669,668,669,670,671,672,673,672,673,672,673,674,675,676,675,674,675,676,675,676,677,676,675,676,675,676,677,678,677,676,677,678,679,678,679,680,681,682,681,682,683,682,681,680,681,682,683,684,685,686,687,688,689,688,687,688,689,690,691,692,693,694,693,694,693,692,693,692,691,692,691,692,691,690,689,690,689,690,691,692,693,694,695,694,695,694,693,692,691,692,693,692,693,692,693,692,693,694,693,694,693,694,693,694,693,692,693,694,693,694,693,694,695,694,693,694,693,692,693,692,691,692,691,692,693,692,691,692,691,692,691,690,691,692,693,692,691,692,693,694,695,694,693,692,693,692,693,694,693,692,693,692,691,690,691,692,693,694,695,696,697,698,699,698,699,700,699,698,699,698,697,696,697,696,695,694,693,694,695,696,695,694,693,692,693,694,693,692,693,694,693,692,691,692,693,694,695,696,695,694,693,692,693,694,693,694,693,692,693,694,693,692,691,690,689,690,691,692,693,694,695,694,693,694,693,694,693,694,695,694,693,694,695,696,697,698,699,698,697,696,697,698,697,698,697,698,699,700,701,700,699,698,699,700,701,700,699,698,697,698,697,696,695,696,697,698,699,700,699,700,699,700,699,700,701,700,699,698,699,698,697,696,695,694,695,696,695,696,697,698,699,700,701,702,703,702,703,704,703,704,705,704,705,706,705,706,705,704,705,706,707,708,709,710,709,710,711,710,709,710,709,710,711,712,711,710,709,708,709,710,711,710,711,710,711,710,711,710,709,710,711,710,709,710,711,712,711,712,713,714,715,714,715,716,715,714,715,714,715,714,715,716,715,714,715,716,717,716,717,716,717,716,715,714,713,714,715,716,715,716,717,718,717,718,717,718,719,718,719,720,721,722,721,722,721,722,723,724,725,726,727,728,729,728,729,730,731,732,731,732,731,732,733,732,731,732,733,734,733,734,733,734,733,734,733,734,735,734,735,736,735,734,733,734,735,734,735,736,735,736,735,736,737,738,739,740,741,740,739,738,737,738,739,738,737,738,737,736,735,736,735,734,733,734,735,736,735,736,735,734,733,734,735,736,737,738,737,738,737,736,735,736,737,736,735,736,737,738,737,738,737,736,735,734,733,734,733,734,735,734,735,736,737,738,737,738,739,738,737,738,737,736,735,734,733,732,731,730,729,728,727,726,725,724,725,726,727,726,725,724,723,724,723,724,723,724,725,724,725,726,727,728,727,726,727,728,727,728,727,726,727,728,729,728,729,728,727,726,725,724,723,724,723,724,725,726,725,724,725,724,725,724,725,724,723,722,723,722,721,720,719,718,717,718,719,720,719,720,721,722,723,724,725,724,723,722,721,722,723,722,723,722,721,720,719,718,719,720,721,722,721,720,721,720,719,718,717,718,719,720,719,720,721,722,723,724,725,724,723,722,723,722,721,722,723,724,723,724,723,722,723,722,721,720,719,720,721,722,721,720,719,718,719,720,721,720,719,720,721,722,721,720,719,720,721,720,721,722,721,720,721,722,721,722,723,724,723,722,723,722,721,720,719,718,717,718,717,716,717,718,717,718,719,720,721,722,721,720,719,720,719,718,719,720,721,722,723,724,725,726,725,724,723,722,721,720,721,722,721,722,723,722,723,722,723,724,725,724,725,726,725,724,723,724,725,726,727,726,727,728,727,726,727,726,725,726,727,728,729,730,729,730,729,730,731,732,733,734,735,736,737,736,737,736,735,734,735,736,735,736,737,738,737,738,739,740,741,742,741,740,739,740,739,738,737,736,735,736,735,734,735,734,733,732,733,734,733,732,731,730,729,728,727,726,725,724,723,724,725,726,727,728,729,730,729,730,729,730,731,732,731,732,733,732,733,732,731,730,731,730,731,732,733,734,735,734,735,734,733,732,731,732,733,734,733,734,733,732,731,730,731,732,731,732,731,730,729,728,727,728,727,728,729,730,731,732,731,730,729,728,727,728,727,728,729,728,727,726,725,726,725,726,725,726,727,728,729,730,729,730,731,730,729,730,729,730,729,728,727,726,725,726,727,728,729,730,729,728,727,726,727,728,729,730,731,730,731,730,731,730,729,728,729,730,731,732,733,734,735,736,735,734,735,736,735,734,733,734,733,732,731,730,729,728,727,728,729,730,729,728,727,728,727,726,725,724,725,726,727,728,727,728,727,726,727,726,725,726,727,726,727,726,727,728,729,728,729,730,731,732,733,732,731,730,731,732,733,734,733,732,731,730,731,730,729,730,731,732,733,732,731,732,731,730,731,732,733,734,735,734,735,734,733,732,733,734,735,736,737,738,739,740,739,738,737,736,735,734,733,732,733,732,731,730,729,730,731,730,729,730,729,728,729,730,731,730,729,728,729,728,727,726,727,728,729,728,729,728,729,730,731,732,733,732,733,732,733,732,733,734,733,734,735,736,737,736,735,734,733,732,731,732,731,730,731,730,731,732,733,734,733,734,735,734,733,734,733,732,733,732,733,734,735,734,733,732,731,732,731,730,729,728,729,730,729,730,731,732,733,734,735,736,735,734,735,736,737,738,739,738,737,738,737,738,737,738,739,740,741,742,743,742,743,744,745,746,747,748,749,748,749,750,751,752,753,754,755,756,755,754,755,754,755,756,757,758,759,760,761,762,763,764,765,766,767,768,769,768,767,766,765,764,765,764,765,766,765,764,765,766,765,764,765,764,763,762,761,760,759,760,759,758,759,760,759,760,761,762,761,760,761,760,759,760,761,762,763,764,763,764,763,762,763,764,765,764,765,764,763,764,763,762,761,760,759,758,759,760,761,760,759,758,757,756,757,758,759,760,759,760,761,762,763,764,763,762,761,762,761,760,761,760,761,762,763,762,761,760,761,762,761,760,759,758,757,756,755,756,757,756,755,754,755,756,757,756,755,754,755,754,755,756,757,758,757,758,759,758,759,760,761,760,761,762,763,762,761,762,763,764,765,764,765,766,767,766,765,766,765,766,765,764,763,764,763,762,761,760,761,760,759,758,757,756,755,754,755,756,757,758,757,758,759,758,759,760,759,760,759,758,759,758,757,758,759,758,757,756,755,756,755,756,755,754,755,756,757,758,759,760,761,762,763,764,763,764,765,766,767,768,767,766,767,768,767,768,769,770,769,770,771,772,771,772,773,774,775,776,777,776,777,778,777,776,777,778,777,778,777,778,777,776,775,776,775,774,773,774,775,776,775,774,773,772,773,774,775,776,775,774,773,772,773,774,775,776,777,778,779,778,777,776,775,774,773,774,775,774,773,772,771,770,769,768,769,768,769,770,771,770,771,772,771,772,771,772,773,772,771,770,769,768,769,768,767,766,765,766,767,768,769,770,771,772,773,774,775,774,773,774,775,774,775,774,775,776,775,776,775,774,775,774,775,774,775,776,775,774,775,776,777,778,779,778,777,776,777,778,779,780,781,782,783,784,783,782,781,782,783,782,781,780,779,778,779,780,781,780,781,782,781,780,779,778,777,776,777,778,779,780,779,780,779,778,779,780,781,782,783,784,785,784,785,784,785,784,783,784,783,782,781,782,783,784,785,786,787,786,787,788,789,790,789,790,789,790,791,792,793,794,795,794,795,796,797,796,797,796,797,798,799,800,799,800,801,802,801,802,803,804,803,802,801,802,803,804,803,804,803,802,803,804,803,804,805,804,805,806,807,808,809,810,809,808,809,808,807,806,805,806,807,806,807,808,807,808,807,808,809,810,811,812,811,810,809,810,809,810,811,812,811,810,809,808,809,810,811,812,811,810,811,812,813,812,813,812,813,812,813,812,813,812,811,812,813,814,813,814,815,816,817,818,817,816,817,818,819,818,819,818,817,818,819,818,819,818,819,820,821,820,821,820,821,822,823,824,825,826,827,826,827,826,827,828,829,828,829,828,829,830,829,828,827,828,827,828,829,828,829,830,829,830,831,832,833,834,835,834,833,834,835,836,837,836,837,838,839,840,839,838,839,838,837,838,839,840,841,842,841,842,843,844,845,846,847,846,847,848,847,846,845,844,845,844,845,846,845,844,845,846,847,846,845,846,845,844,843,842,841,840,841,840,839,840,839,840,839,838,839,838,839,840,839,840,841,840,839,838,837,838,837,836,837,838,839,838,839,840,839,838,839,840,841,842,843,842,843,844,843,842,843,844,845,844,845,846,847,846,845,844,843,844,845,844,843,842,843,844,843,842,841,842,841,842,841,842,841,842,843,842,841,840,841,842,843,844,843,842,841,842,841,840,841,842,841,840,841,840,841,840,839,840,841,840,839,840,841,840,841,840,839,838,839,840,839,840,841,840,841,842,843,842,841,842,841,842,841,840,841,840,841,842,841,840,841,840,839,838,839,838,839,840,841,842,841,840,841,840,841,842,843,842,843,844,845,846,847,846,847,846,845,846,845,844,845,846,847,848,849,848,849,848,847,848,847,848,847,846,847,848,847,846,847,848,849,850,851,850,851,850,849,848,847,846,847,848,847,846,847,848,849,848,849,850,851,852,851,850,849,848,847,846,847,846,845,846,847,846,847,848,849,850,849,850,849,848,849,848,849,848,849,848,847,848,847,848,847,846,845,844,845,846,845,846,847,848,849,848,847,848,847,846,845,846,845,844,843,842,843,842,841,842,841,840,839,840,841,840,839,838,837,838,839,840,839,838,839,840,839,838,837,836,837,836,835,836,835,834,833,832,833,832,831,830,831,832,833,834,835,834,833,834,833,832,831,830,831,832,831,830,831,832,833,832,833,834,833,832,833,832,831,832,833,832,831,830,829,828,829,828,829,828,827,828,829,828,829,830,829,830,829,828,829,828,827,828,829,830,829,828,827,828,827,828,827,826,827,826,827,826,825,826,825,824,823,824,823,822,821,822,821,820,821,820,819,820,819,820,819,820,819,818,817,818,817,818,819,818,817,818,817,818,817,816,815,816,815,814,813,812,811,812,811,812,811,812,813,814,813,814,813,814,813,814,813,814,813,812,811,812,813,812,811,812,813,812,811,810,809,810,809,808,807,808,807,808,809,810,811,810,809,808,809,808,807,808,807,808,807,806,807,806,805,804,805,804,803,802,801,800,799,798,797,796,795,794,793,792,791,792,793,794,795,796,797,796,797,798,799,798,799,798,797,796,797,796,795,794,793,792,791,790,789,790,789,790,789,788,787,786,787,786,787,788,789,790,791,790,789,788,787,788,789,788,789,790,789,788,789,788,787,788,789,788,787,786,785,784,783,782,781,782,783,784,783,782,781,780,779,778,779,780,781,780,781,780,779,778,777,776,777,778,779,778,777,778,779,778,779,780,781,782,783,784,785,784,785,786,787,788,789,788,789,790,791,790,791,790,789,788,787,788,789,790,789,790,789,788,787,788,789,788,789,790,789,790,789,788,789,790,791,790,789,790,789,788,787,788,789,790,791,790,789,790,791,792,791,792,793,792,793,794,793,792,791,790,791,792,793,794,793,794,795,796,795,796,795,796,797,798,797,796,797,796,797,798,797,796,795,794,793,794,793,794,795,796,797,796,795,796,797,796,795,794,793,794,793,792,791,790,789,788,787,786,787,788,789,790,789,788,787,788,787,786,785,786,787,788,787,786,787,788,789,788,789,790,789,788,789,790,789,788,789,788,787,786,785,784,785,786,785,784,783,784,783,782,783,784,783,782,781,780,781,782,781,782,783,784,785,784,783,784,783,782,781,780,781,780,781,782,783,782,781,782,781,782,781,780,779,778,777,778,779,780,779,778,777,778,779,778,779,778,779,778,777,776,775,774,775,776,775,774,773,772,771,772,771,770,769,770,769,768,767,766,765,764,763,764,765,764,763,764,763,762,761,762,763,762,763,762,763,764,765,764,763,762,763,762,761,760,759,758,757,756,755,756,755,754,753,752,751,752,753,754,753,752,751,752,753,754,753,752,753,752,753,754,755,756,757,758,757,758,757,758,757,756,757,756,757,758,757,758,757,756,757,756,755,756,755,754,755,754,755,754,755,756,755,756,755,756,757,756,755,756,755,756,757,756,755,756,755,754,753,754,753,754,755,756,755,754,755,754,753,754,753,754,755,756,755,754,753,754,753,752,753,754,755,756,757,756,755,754,753,754,755,754,753,752,751,750,751,750,749,750,749,750,749,748,749,748,749,750,751,752,753,754,753,752,751,750,749,750,751,750,749,750,749,750,751,752,753,754,753,752,751,750,749,748,749,748,749,750,751,752,751,750,749,750,749,748,749,748,747,748,747,748,747,748,747,746,747,748,749,748,749,748,747,746,747,746,747,748,747,746,747,748,747,748,747,748,747,746,747,748,749,750,751,750,749,750,751,750,749,748,747,748,749,750,751,752,751,750,749,750,751,752,753,754,755,754,753,752,753,752,751,750,751,750,751,752,753,754,753,754,755,754,755,754,755,754,753,752,753,752,751,750,749,748,747,748,749,750,751,752,753,754,755,756,757,758,759,760,761,762,761,762,763,764,765,766,767,768,767,768,767,766,767,768,767,766,765,766,765,766,765,766,765,764,763,764,763,764,763,762,763,762,761,762,761,762,763,762,763,764,763,764,765,766,767,768,769,768,767,766,765,766,767,766,765,766,765,766,765,766,765,764,765,764,763,764,763,762,763,762,761,762,761,762,763,762,763,764,763,764,765,764,763,762,763,762,763,762,761,760,759,760,761,760,761,762,761,760,759,758,759,760,761,760,759,758,757,758,757,758,757,756,755,756,755,754,755,756,757,756,755,754,753,752,751,752,751,750,749,750,749,748,747,748,749,748,747,746,745,746,747,746,745,746,747,748,747,748,747,746,745,746,747,748,749,750,749,748,747,746,745,744,743,744,745,744,745,744,745,744,745,744,743,742,741,740,741,742,743,744,745,746,747,748,747,748,747,746,747,746,745,746,745,744,745,744,743,744,743,744,745,744,743,744,743,742,743,742,741,740,741,740,739,738,737,738,739,740,739,738,739,738,737,738,739,740,741,742,741,742,741,742,741,742,741,740,739,738,737,738,737,736,735,736,737,738,737,736,735,736,735,734,733,732,733,732,731,730,731,732,731,732,731,730,731,732,733,732,731,732,731,732,733,734,735,736,735,734,735,734,733,734,735,734,735,736,735,734,733,732,731,732,733,734,735,736,737,736,737,738,737,738,737,736,735,734,735,736,735,734,733,734,735,734,735,736,735,734,733,732,733,734,733,734,735,734,735,734,733,734,735,736,735,734,735,736,735,734,733,732,731,730,729,730,731,730,731,730,729,728,729,728,727,726,725,726,725,724,723,722,723,722,723,722,721,720,719,720,721,720,721,722,723,724,725,724,725,724,725,724,723,722,723,722,723,722,721,720,719,718,717,716,717,718,717,716,715,716,715,716,717,716,715,714,715,716,715,714,713,712,713,714,713,712,711,710,711,710,709,710,711,710,711,710,711,710,711,712,711,712,711,710,709,710,709,708,707,708,709,708,707,706,705,704,705,704,703,704,705,706,707,706,705,704,705,706,705,704,703,702,701,700,699,700,699,700,699,700,701,700,701,700,701,702,701,700,701,702,701,700,699,700,699,698,699,698,697,698,699,700,699,698,699,700,699,698,697,696,695,696,697,696,697,698,697,696,697,696,695,694,695,696,695,694,693,694,695,694,695,696,697,698,699,700,701,702,703,702,703,704,703,704,703,704,705,706,705,706,705,706,707,708,709,708,707,708,709,710,709,708,709,710,711,712,713,712,713,714,715,716,717,718,717,718,719,718,719,720,719,718,717,718,719,720,721,720,721,722,723,724,725,724,725,726,725,726,727,726,725,726,727,726,727,728,729,728,729,730,729,730,729,728,729,728,729,728,729,728,729,730,729,728,727,728,729,730,731,730,731,732,731,732,731,732,733,732,733,734,735,736,737,738,737,738,737,738,737,738,737,736,735,734,735,736,737,738,737,736,735,734,735,734,735,736,735,736,735,734,735,734,735,734,735,736,735,736,737,738,737,738,739,740,741,742,743,742,743,744,743,744,745,744,745,744,745,746,745,746,745,746,745,746,747,746,745,746,747,746,747,746,745,746,745,744,745,744,745,744,743,744,745,744,743,742,741,742,741,742,743,744,745,744,745,744,745,746,747,746,745,744,743,744,743,744,743,742,743,742,743,744,743,742,741,742,743,742,743,744,743,744,745,746,747,746,745,744,743,742,741,740,741,740,741,740,741,742,741,740,741,742,743,744,743,744,745,746,745,746,745,744,745,744,743,744,745,746,747,748,749,748,747,746,747,748,747,748,747,748,747,746,745,746,747,748,749,750,751,752,753,754,753,752,753,754,755,756,755,756,755,756,757,756,757,756,757,758,759,758,759,760,759,758,757,758,757,756,757,756,755,756,757,758,759,760,759,758,759,758,759,758,757,758,757,758,759,760,761,762,763,764,765,766,767,768,769,770,769,770,771,772,773,772,771,770,771,772,773,774,773,774,775,774,775,774,775,776,775,776,775,776,777,776,777,778,779,780,779,780,779,780,779,780,779,780,781,780,781,782,783,782,783,784,785,784,783,784,785,786,787,788,789,790,791,790,789,788,789,788,789,788,787,788,789,790,791,792,793,794,795,796,795,796,797,796,795,794,795,794,793,792,791,792,791,792,793,794,793,794,795,794,795,794,793,792,791,790,791,792,791,792,791,790,789,790,789,790,789,788,787,788,787,788,787,786,785,784,783,784,785,784,785,784,783,782,783,782,781,782,781,782,781,780,779,778,777,776,777,776,775,776,777,778,777,776,775,774,775,774,773,774,773,772,771,770,771,770,771,770,771,770,769,770,769,770,769,770,769,770,769,770,769,768,767,766,765,766,767,768,769,770,771,772,773,772,773,772,773,774,775,776,777,778,777,778,779,780,781,780,781,780,781,782,781,780,779,778,779,780,781,782,781,780,779,778,777,778,777,776,777,776,775,774,773,774,773,774,775,774,773,774,773,774,775,776,777,778,777,776,777,776,777,778,779,778,777,776,777,778,779,778,779,778,777,778,779,780,779,780,781,782,781,782,781,780,779,778,779,780,779,778,777,778,779,780,781,780,781,780,779,778,777,778,777,776,775,776,775,776,775,774,773,774,773,772,771,770,769,768,767,766,767,768,769,770,771,770,771,772,771,770,769,768,767,768,767,766,767,766,765,766,765,764,763,762,763,764,763,762,761,760,761,762,763,764,763,762,763,762,761,760,759,760,761,760,759,760,761,762,763,764,763,762,761,762,761,762,761,762,761,760,759,758,759,760,759,758,757,756,757,758,757,758,759,758,759,760,761,760,759,758,759,758,757,758,759,758,759,760,759,758,759,758,759,758,759,760,761,762,761,762,763,762,761,762,763,762,761,762,761,762,763,762,763,762,761,762,763,764,765,764,763,764,763,764,765,764,763,762,763,762,761,760,761,762,761,762,763,762,763,764,765,766,767,766,765,766,767,766,767,766,765,764,763,764,763,762,763,764,765,766,765,764,765,766,765,766,765,764,763,764,763,762,763,764,763,762,761,762,763,764,765,764,763,764,765,764,763,764,763,764,763,764,765,764,765,764,763,764,765,764,765,764,763,764,765,766,765,764,765,766,765,764,765,766,767,766,767,768,769,770,771,772,771,770,769,770,769,770,771,770,769,770,771,772,773,774,775,776,775,776,777,778,777,776,775,776,775,776,777,778,779,778,779,780,781,780,779,780,779,780,781,782,783,784,785,784,785,786,787,786,785,784,783,784,783,784,785,784,783,782,783,782,783,784,783,784,785,784,783,782,783,784,783,782,783,784,783,784,783,784,783,784,785,784,785,784,783,782,781,780,781,780,781,782,781,782,783,784,785,786,787,786,785,784,785,784,785,784,783,784,783,782,781,780,779,780,779,780,779,778,777,776,775,776,775,774,775,776,775,776,777,776,775,776,777,776,775,776,775,776,775,776,777,776,775,774,773,772,771,770,771,770,771,772,773,772,771,770,771,772,773,774,773,774,775,774,775,774,773,772,771,770,771,772,771,772,773,772,771,772,771,770,771,770,771,770,769,768,769,770,771,772,773,772,773,772,771,772,773,772,771,772,771,772,771,772,771,770,769,768,767,768,769,768,767,768,767,768,767,768,767,766,765,766,765,764,765,766,767,766,767,766,767,768,769,770,769,768,769,770,771,772,771,770,771,772,771,772,771,770,769,770,771,770,771,770,771,772,773,772,771,770,769,770,769,770,771,770,771,772,771,770,771,770,771,770,771,772,771,770,769,770,769,768,769,770,769,768,769,770,769,768,767,768,767,768,767,768,769,768,769,768,767,768,769,768,769,770,771,770,771,772,773,774,775,776,777,776,777,776,775,774,775,776,775,776,777,778,779,778,779,780,781,782,781,780,781,782,783,784,783,784,785,784,785,784,783,784,785,784,783,782,781,782,783,784,783,784,783,784,783,784,783,782,781,782,783,782,783,782,783,782,781,780,781,780,781,782,783,784,783,784,785,786,785,784,783,784,785,786,785,786,785,786,787,788,787,788,789,788,789,788,789,788,787,788,789,788,787,788,787,786,785,786,787,786,787,786,787,788,787,788,789,790,791,790,791,790,789,788,789,790,789,788,789,788,789,788,787,786,787,786,787,786,785,784,783,782,781,780,781,782,783,784,785,784,783,782,781,780,781,780,781,780,781,780,779,780,779,778,779,780,779,778,779,780,779,780,781,780,779,778,779,780,779,780,781,782,783,784,783,782,783,782,781,780,781,782,781,782,781,780,781,780,779,778,779,778,779,778,779,778,777,776,775,774,775,776,777,776,775,776,775,774,773,772,771,770,771,772,771,772,773,774,773,774,775,774,775,776,777,778,777,778,779,778,777,778,779,780,779,778,779,778,777,776,775,774,775,776,775,774,773,772,773,772,771,770,771,772,771,772,773,772,773,774,773,772,771,770,771,770,769,768,767,768,767,768,767,768,767,766,765,764,763,762,761,760,759,760,759,760,759,760,759,760,759,758,757,758,757,756,757,758,757,758,759,760,761,760,761,760,761,760,761,762,763,764,763,762,761,762,763,762,761,760,761,760,761,762,761,762,763,764,765,766,765,766,767,768,769,768,769,768,769,770,769,768,769,768,767,766,765,764,765,766,765,766,767,768,769,768,767,766,767,768,767,766,767,768,769,768,769,770,769,770,769,770,769,770,771,770,771,772,773,772,771,770,769,770,771,770,771,772,773,772,773,774,773,772,771,770,769,768,769,770,769,770,771,770,771,772,771,770,771,770,771,770,769,768,767,768,769,770,771,770,771,772,773,774,775,776,775,776,775,774,773,774,773,774,775,774,773,774,773,774,773,774,773,772,773,774,773,772,771,770,769,770,771,770,771,772,771,770,769,770,769,768,767,766,765,764,765,766,767,768,769,768,769,768,767,766,767,766,767,768,767,768,767,766,767,766,767,768,769,768,769,770,769,768,769,768,767,768,767,768,769,770,771,770,769,770,771,770,771,772,773,772,771,770,771,770,769,770,769,768,769,768,769,770,771,772,771,770,771,772,773,774,773,772,773,772,773,772,773,772,773,772,773,774,775,774,773,774,773,774,773,774,773,772,771,770,771,770,771,772,773,774,773,772,771,770,771,772,773,774,775,774,773,772,771,770,771,772,771,772,771,770,769,768,767,768,767,768,769,770,771,770,769,768,767,768,767,768,769,770,771,772,773,772,771,772,773,772,773,772,771,772,771,772,773,774,773,774,773,774,775,776,777,776,777,776,775,776,777,776,775,774,773,772,773,772,773,774,775,776,775,776,775,774,775,776,777,776,775,774,773,772,771,772,773,774,775,774,775,776,775,776,775,774,773,772,771,772,771,772,771,770,769,768,769,770,769,768,769,770,769,770,769,770,771,770,771,770,769,770,771,770,771,770,771,772,771,770,769,770,769,768,767,766,765,764,765,766,765,766,767,768,767,766,767,766,767,766,767,766,767,768,769,768,767,768,767,766,765,764,763,762,761,762,763,764,765,766,765,766,767,766,767,768,769,768,767,766,765,764,765,764,763,764,763,764,765,766,767,768,767,766,765,764,763,762,761,760,761,762,761,760,759,758,757,756,755,754,755,756,757,758,759,760,761,762,763,764,763,762,761,762,761,760,759,758,757,756,755,754,755,754,753,754,753,752,753,754,753,752,751,750,751,750,751,750,749,748,749,748,747,746,747,746,745,744,743,742,743,744,743,742,741,740,739,738,739,738,737,736,735,736,735,734,733,734,733,732,731,730,729,728,727,726,725,724,723,722,721,722,721,720,721,720,719,718,717,716,715,714,713,712,711,712,711,710,709,708,709,708,709,708,707,708,709,708,707,706,705,704,703,702,703,702,703,702,703,702,701,702,701,700,699,700,701,700,701,702,701,702,703,704,703,704,705,706,705,706,705,704,705,706,705,706,705,706,707,706,705,704,703,704,705,704,705,706,707,708,707,708,709,710,709,708,707,706,705,706,707,708,707,708,709,708,709,710,711,710,709,710,711,712,711,710,709,708,709,710,709,708,709,708,709,710,711,710,711,710,709,710,711,710,711,712,711,712,711,710,709,708,707,706,707,706,707,708,709,710,711,712,713,714,715,714,715,716,717,716,715,714,715,716,715,716,717,718,717,716,715,714,715,714,713,714,713,712,711,710,709,708,709,708,709,708,709,708,709,708,707,708,709,708,709,710,709,708,707,706,707,708,707,706,705,704,703,704,705,706,705,706,705,704,703,704,703,704,703,704,703,704,705,704,703,702,703,702,703,704,705,706,705,704,705,704,703,704,705,704,703,702,703,702,703,704,705,706,707,708,707,706,705,704,705,706,705,704,705,704,705,706,705,704,703,704,705,706,705,704,705,704,703,704,703,704,703,704,703,702,703,702,703,702,701,700,701,700,701,702,703,704,705,704,703,704,705,706,705,704,703,704,703,702,703,704,703,702,703,704,705,704,705,706,707,706,707,706,705,706,705,704,705,704,705,704,703,704,705,704,703,702,703,704,705,706,707,708,709,708,707,706,705,706,707,706,705,704,703,704,705,706,705,704,705,704,703,702,701,700,699,698,697,698,699,700,701,702,701,702,701,700,699,698,697,698,699,700,701,702,703,702,703,702,701,702,701,700,699,700,701,700,701,700,699,700,701,700,699,698,697,698,699,700,701,700,699,698,699,698,697,696,697,698,699,700,701,702,703,702,701,700,701,702,703,704,705,706,705,704,703,704,705,706,707,708,709,710,709,710,709,708,707,708,707,708,707,708,709,708,707,706,707,706,707,706,705,704,705,704,703,702,701,700,699,700,701,700,699,700,699,700,699,698,697,698,697,696,695,694,695,694,693,694,693,692,691,690,691,690,689,688,689,690,691,692,693,692,691,692,693,694,693,692,693,694,695,694,695,694,693,692,691,692,693,694,693,694,693,692,691,690,689,690,689,690,689,688,687,688,687,686,685,684,683,682,681,680,681,682,683,684,685,686,687,688,687,686,685,686,687,688,689,688,687,686,685,684,685,686,685,684,685,684,683,684,683,682,681,680,681,680,681,682,681,680,679,680,681,682,681,682,683,684,685,686,687,686,685,684,683,682,683,684,683,684,685,686,687,688,689,688,689,690,689,690,689,688,687,688,687,688,689,690,691,692,691,690,691,690,691,690,689,688,687,686,685,686,685,684,685,684,683,684,683,682,683,684,683,682,681,680,681,680,679,678,677,676,675,674,675,676,677,676,677,678,677,678,679,678,679,678,677,676,675,676,675,676,677,678,677,678,677,678,679,680,681,680,681,682,683,684,683,684,683,682,683,684,683,682,681,680,679,678,679,680,679,678,677,676,675,674,673,672,671,672,673,672,673,674,675,676,677,676,675,676,675,676,675,676,675,674,673,672,673,672,673,674,675,676,675,674,675,674,673,672,671,670,669,668,667,668,669,670,669,668,667,666,665,666,667,668,669,670,671,670,671,670,669,670,671,670,671,670,669,668,667,668,669,670,671,672,671,670,671,670,671,670,671,670,671,672,671,672,673,672,671,670,671,670,671,672,673,672,671,670,669,670,669,668,669,668,669,670,669,670,671,670,669,668,669,670,669,670,671,670,671,672,673,674,673,672,673,672,673,674,673,672,671,672,673,674,673,672,671,672,673,672,673,672,671,670,671,672,673,672,673,674,675,674,675,676,677,676,677,676,677,678,677,678,677,676,677,676,677,676,675,676,677,678,679,678,677,676,675,674,673,672,673,672,671,672,673,672,671,670,669,668,667,666,667,668,669,668,667,668,669,668,667,666,665,664,663,662,661,660,661,660,661,662,661,662,661,660,661,660,661,662,663,662,661,660,659,658,657,656,657,658,657,656,655,654,655,656,655,656,657,656,655,654,653,652,653,652,651,652,653,654,655,656,655,654,655,654,653,654,653,652,653,654,653,654,655,656,655,654,653,652,651,650,649,648,647,648,649,648,649,650,651,652,651,650,649,648,647,648,649,650,651,652,653,652,653,654,655,656,655,654,655,654,653,654,655,654,655,656,655,656,657,658,659,660,659,658,659,658,659,660,659,660,661,662,663,662,661,660,659,658,659,660,661,662,661,660,659,660,661,660,659,660,659,658,657,656,655,656,657,658,659,660,661,662,661,660,659,660,659,658,659,658,659,660,661,662,661,662,663,664,665,664,665,666,665,664,663,664,663,664,663,664,665,666,667,668,667,666,665,666,665,664,665,666,665,664,663,662,661,662,661,662,663,662,663,664,663,662,661,660,661,662,661,662,661,660,661,662,661,660,659,660,659,658,659,658,657,658,657,656,657,658,659,658,659,660,661,660,659,658,659,658,657,658,657,658,657,656,657,656,657,656,655,654,655,654,655,656,657,658,659,660,659,658,657,658,659,658,659,658,657,658,659,658,657,656,655,654,655,654,653,652,653,652,651,650,651,652,651,650,649,648,647,646,647,646,647,646,645,644,645,646,645,644,643,642,643,642,641,642,643,642,643,644,645,644,643,642,641,642,643,642,643,644,645,644,643,642,641,640,639,640,639,638,637,636,637,638,639,640,639,638,637,636,637,638,637,638,637,636,635,634,635,636,635,636,635,636,637,636,637,636,635,634,635,634,633,632,633,634,633,634,633,634,633,632,633,632,631,632,633,632,631,630,629,628,629,628,627,626,625,624,625,624,625,624,625,624,623,624,625,626,627,626,625,624,623,622,623,624,623,622,623,624,625,626,627,626,627,628,627,626,625,624,623,622,623,624,625,624,625,624,625,624,625,626,625,624,623,624,625,626,627,628,629,628,629,628,627,628,627,628,627,626,627,628,629,630,631,630,629,630,629,630,629,628,629,630,631,630,629,630,629,630,631,632,633,632,631,630,629,628,627,626,627,628,629,628,629,628,627,626,625,626,625,624,625,626,625,624,625,626,625,626,627,628,629,630,631,632,633,632,633,632,631,630,631,630,631,632,633,632,631,632,631,630,629,630,629,628,627,626,627,628,627,626,627,628,627,626,625,624,623,622,623,622,623,622,621,622,623,622,621,620,619,618,619,618,617,618,619,618,617,616,617,616,615,614,613,614,613,612,613,614,615,614,613,612,611,612,613,614,615,616,617,618,617,616,617,618,617,616,617,616,615,614,615,616,617,618,617,618,617,618,619,620,621,620,621,622,621,622,621,622,623,624,623,624,623,624,625,626,627,626,625,624,625,624,623,622,621,620,621,622,621,622,623,624,625,626,625,624,625,624,625,626,627,628,627,628,627,626,627,628,629,630,631,630,631,632,631,630,629,628,627,626,625,624,625,624,623,624,623,624,625,626,627,628,629,630,629,630,629,628,629,628,627,626,627,628,627,628,627,628,629,630,629,630,631,632,631,630,629,628,627,628,629,630,631,632,633,634,635,634,635,634,633,632,633,634,635,636,637,636,637,638,639,640,641,640,639,640,639,638,639,638,637,636,637,638,639,640,639,640,639,638,637,636,635,636,635,636,637,636,637,636,635,634,635,636,637,638,639,640,641,640,639,638,639,640,641,640,641,642,641,640,641,640,639,640,641,640,639,640,639,638,639,640,641,640,641,640,641,640,641,642,641,640,641,642,641,640,641,642,641,642,643,644,645,644,643,644,643,644,643,642,641,640,639,638,639,638,637,636,637,636,635,636,637,636,635,636,637,638,637,638,637,638,637,638,637,638,639,638,637,638,637,638,637,638,637,638,637,636,637,638,639,640,641,642,643,642,641,640,639,640,639,638,637,636,635,636,637,638,637,636,635,636,637,636,637,638,637,638,639,640,641,640,641,642,643,642,641,640,639,638,637,636,635,636,635,636,637,638,639,638,637,638,639,640,641,642,641,642,643,642,643,644,643,642,641,642,641,640,639,638,639,640,641,640,639,638,637,638,637,636,637,638,639,638,639,638,639,638,639,638,637,638,639,640,639,638,639,640,641,640,639,638,637,638,639,640,641,642,643,644,645,644,643,644,645,646,645,646,647,646,645,644,643,642,643,642,643,642,641,642,643,642,643,642,641,642,641,642,643,644,645,646,647,648,647,646,647,646,647,648,647,648,647,648,649,648,649,648,649,648,649,650,649,650,649,650,651,652,653,654,653,652,653,652,653,654,655,656,657,656,655,656,655,656,657,656,657,658,659,660,661,660,661,662,663,664,665,666,667,666,665,666,667,668,669,668,667,666,665,664,665,666,665,666,667,668,669,668,667,666,665,664,665,666,667,668,669,670,669,668,669,668,669,668,669,670,669,668,667,666,665,664,665,664,663,662,661,662,663,664,665,666,667,668,669,670,669,668,667,668,667,668,667,666,667,666,665,664,665,664,663,662,661,660,659,660,659,660,661,662,663,664,665,666,667,668,669,668,667,666,665,664,663,664,665,666,667,668,669,670,671,670,669,668,667,666,665,666,665,664,663,662,661,662,661,660,659,658,657,658,659,660,661,662,661,660,661,660,661,662,663,664,665,666,665,664,665,666,665,664,665,666,665,666,665,664,663,664,665,664,663,662,661,660,659,658,659,658,659,658,659,658,657,658,659,658,657,658,659,658,657,656,657,658,659,660,661,662,663,664,665,666,665,664,665,666,665,664,665,664,665,664,663,662,663,664,665,664,663,664,665,664,665,664,663,664,663,664,665,666,667,666,665,666,667,668,667,666,667,666,667,668,669,668,669,668,669,670,669,670,669,670,671,672,673,674,675,674,675,674,673,674,675,674,673,674,673,674,675,676,677,678,679,680,679,678,677,678,677,678,677,678,677,676,677,676,675,674,675,674,675,674,675,674,673,674,673,672,671,672,673,672,673,674,675,674,673,672,673,672,671,672,671,672,671,672,673,674,675,676,677,676,677,678,677,678,677,676,675,674,675,674,675,676,675,674,673,674,673,672,673,672,671,672,673,672,671,670,669,670,671,670,671,670,669,670,669,670,669,670,669,668,669,670,669,668,667,668,667,666,665,664,663,664,663,662,661,660,661,662,663,662,661,660,659,658,657,658,657,656,657,656,655,656,657,656,657,656,657,656,657,658,657,656,655,654,653,652,653,652,651,652,651,650,649,648,647,648,647,648,649,650,651,652,651,650,649,650,649,650,651,652,653,654,653,654,655,654,655,654,653,654,653,652,651,652,651,650,651,652,653,654,653,652,651,650,651,652,651,652,653,652,653,652,651,650,651,650,649,648,649,648,647,646,645,644,643,642,643,644,645,646,647,646,647,646,645,644,643,644,643,642,643,644,643,644,645,644,643,642,641,640,641,640,639,638,637,636,637,636,637,636,635,634,633,632,631,630,629,630,631,630,631,630,629,628,627,628,627,628,629,630,631,630,631,630,631,632,633,634,633,634,633,634,635,636,635,634,633,632,631,630,629,628,629,628,627,626,627,626,625,624,623,622,621,622,621,620,621,622,623,624,623,624,625,624,625,624,623,624,625,624,625,624,625,624,625,624,625,626,625,626,627,628,629,630,629,630,631,632,633,632,631,630,631,630,631,630,631,630,629,628,627,628,627,628,629,628,627,628,629,630,629,630,631,630,631,630,629,628,629,628,627,628,627,626,625,626,625,624,625,624,623,624,623,624,623,622,623,624,623,622,621,622,621,622,623,624,625,624,623,624,623,622,623,622,621,620,621,620,619,618,617,618,619,620,619,620,619,618,617,616,615,614,615,616,617,618,617,618,617,616,617,618,617,618,619,620,621,622,623,624,625,626,625,626,625,626,625,626,625,626,625,624,625,624,623,622,623,624,623,622,623,622,623,624,625,626,625,626,627,626,627,626,625,626,627,626,627,626,627,628,629,628,627,626,627,626,627,626,627,628,627,628,627,626,627,628,627,626,625,624,625,624,623,624,625,624,625,624,625,624,625,626,627,628,629,630,631,632,631,630,629,628,627,626,627,626,625,624,623,622,621,620,619,618,617,618,617,616,615,616,615,616,615,614,615,614,615,616,617,616,617,616,615,614,615,614,613,612,613,612,611,612,613,612,611,612,613,612,613,614,613,614,615,616,615,614,615,616,617,616,617,618,617,618,619,620,621,620,619,618,619,620,619,620,619,618,619,618,617,616,617,618,619,618,619,618,617,618,619,620,621,620,619,618,617,616,617,616,617,616,615,616,615,614,615,614,615,614,613,612,611,610,611,612,613,614,613,612,611,612,611,612,611,612,613,614,615,614,613,614,615,614,613,612,611,610,611,610,611,610,611,610,611,610,609,608,609,608,609,610,611,610,611,610,611,610,609,608,609,608,607,606,605,606,607,608,607,606,605,604,603,602,601,600,601,600,599,600,599,598,597,598,597,598,599,598,597,598,599,600,601,602,603,602,603,604,603,604,605,606,607,608,609,608,607,606,607,608,607,608,607,606,605,606,607,608,609,608,607,608,609,608,609,610,611,612,613,614,613,614,615,616,617,616,615,616,617,618,619,618,619,620,619,618,619,620,619,618,619,620,621,622,621,620,621,620,619,620,619,618,619,618,619,618,619,618,617,616,615,616,617,616,615,614,613,614,615,614,615,616,615,616,615,614,613,614,615,616,615,616,615,614,615,616,615,614,615,614,615,614,615,616,617,616,617,616,615,614,615,614,613,612,613,612,611,610,609,608,607,608,609,608,609,610,611,612,611,610,611,610,609,608,609,608,607,606,605,606,605,604,605,604,603,604,605,604,603,604,605,606,607,608,609,608,609,608,607,606,607,608,609,608,607,608,607,606,605,606,607,608,609,608,609,608,609,610,611,612,613,614,613,612,611,612,611,612,611,612,611,610,609,608,607,608,607,608,609,610,609,610,609,610,611,612,611,610,609,608,607,606,607,606,607,608,609,608,609,610,611,612,613,614,613,612,611,610,611,610,611,612,613,612,611,610,611,610,611,612,611,610,609,608,609,608,607,608,609,608,607,606,605,606,605,604,605,606,605,606,607,608,609,610,611,612,611,612,611,610,611,610,611,610,611,612,611,610,611,610,611,610,609,610,611,612,613,614,613,614,615,616,615,616,617,618,619,618,617,618,617,618,617,616,617,616,615,616,615,616,617,618,617,616,617,618,617,618,619,618,617,618,619,618,619,618,619,618,619,618,619,618,617,618,619,618,619,620,619,620,621,620,619,620,619,620,621,622,623,624,623,624,625,626,627,626,627,628,629,628,629,628,629,628,627,626,625,624,625,626,625,624,625,624,625,624,623,624,625,626,627,628,629,628,627,628,629,630,631,630,631,630,631,632,631,630,631,632,633,634,635,634,635,636,637,636,637,638,637,636,637,636,637,638,639,638,639,640,641,640,641,642,643,644,645,644,645,644,645,644,645,644,643,642,641,640,641,642,643,644,645,644,645,646,647,648,647,646,647,646,647,648,649,650,651,652,651,652,651,650,651,652,653,652,653,652,651,650,649,650,651,650,651,652,653,654,653,654,655,656,657,656,657,658,657,656,655,654,653,654,653,654,655,654,655,654,655,654,655,654,653,654,655,656,657,656,657,658,657,658,659,660,661,662,663,662,661,662,661,662,661,662,661,660,659,660,661,660,659,660,659,660,659,658,659,658,657,658,659,660,659,660,659,660,659,660,659,660,659,658,657,658,659,658,659,658,659,660,661,660,659,658,659,660,661,662,661,660,659,660,661,660,659,658,657,656,655,656,657,658,659,658,659,658,659,660,661,662,663,662,663,662,661,662,661,662,661,662,663,662,663,662,661,660,659,658,659,660,659,660,659,658,657,656,657,656,657,656,655,654,655,656,657,656,657,658,657,658,657,656,655,654,655,656,657,658,657,658,657,656,657,656,655,656,655,656,657,658,659,660,659,658,659,660,659,658,657,656,655,654,653,652,651,650,649,650,651,650,651,652,651,652,651,650,649,650,649,650,649,650,651,650,651,652,653,652,653,652,651,650,651,650,651,652,653,654,655,654,653,654,653,652,653,654,653,654,655,656,657,658,657,656,657,658,659,658,657,658,659,660,661,660,659,660,659,658,659,658,657,656,655,654,653,654,653,652,653,652,651,650,651,652,653,654,655,656,657,656,657,656,655,654,653,652,651,650,649,648,649,650,649,650,651,652,653,652,651,650,649,650,649,648,647,648,649,650,651,652,653,652,653,654,653,652,651,650,649,648,649,650,651,652,653,654,655,654,653,654,655,656,655,654,655,654,653,652,651,652,651,652,653,654,653,652,651,652,653,652,651,650,649,648,649,650,651,652,653,654,655,656,655,654,653,654,653,654,653,654,655,656,657,658,659,660,659,658,657,656,655,656,657,656,655,654,653,652,653,654,655,654,653,654,655,656,655,654,655,656,657,656,657,658,657,656,657,656,655,654,653,652,651,652,653,654,653,654,655,654,653,654,655,656,655,656,657,658,657,656,655,654,653,654,653,652,651,650,649,650,649,648,649,650,651,652,651,652,651,650,649,650,651,650,651,650,649,648,647,648,649,648,647,648,647,648,649,650,651,652,653,654,655,654,653,652,653,652,653,654,653,654,653,652,653,654,653,654,655,656,657,656,655,656,657,658,659,658,657,658,657,658,659,660,659,658,657,658,659,658,657,658,659,658,659,660,659,658,657,658,659,658,657,656,655,656,655,654,655,656,657,658,659,658,659,660,659,658,659,658,659,660,661,660,661,662,661,662,661,662,663,662,663,664,663,662,663,662,663,664,663,662,661,662,661,662,661,662,663,664,665,664,663,662,661,662,661,662,661,662,663,662,661,660,659,660,661,662,661,660,661,662,663,662,663,664,663,662,663,662,661,662,661,660,659,658,657,658,659,658,659,660,659,660,661,660,661,660,661,662,663,662,663,662,661,660,659,660,661,660,659,660,661,662,661,660,659,660,659,660,661,660,659,658,657,656,655,654,653,654,655,654,653,652,651,652,651,652,653,654,653,652,651,650,651,652,651,650,649,648,647,648,649,648,647,646,647,646,645,644,643,644,643,642,643,644,643,642,641,642,641,642,643,644,643,644,645,646,647,646,645,646,647,648,647,648,649,648,647,648,649,648,647,646,647,646,645,644,643,642,641,640,641,640,641,642,643,644,645,646,647,646,645,644,643,644,643,642,643,644,643,644,645,646,645,646,645,646,647,648,649,648,647,646,645,646,647,648,647,646,647,646,647,648,649,650,649,648,649,650,651,650,649,648,647,646,647,648,649,648,647,648,647,646,647,648,647,646,645,644,645,644,645,646,645,644,645,646,645,646,647,646,645,644,645,646,647,648,647,646,647,648,647,648,649,648,647,648,649,650,649,648,647,646,645,644,645,646,645,646,645,646,647,648,647,648,649,648,649,648,647,646,645,646,647,646,645,646,645,646,645,644,645,646,645,644,645,646,647,648,647,648,649,650,651,650,649,650,651,650,649,650,651,652,651,650,649,650,649,648,649,650,651,652,653,652,651,652,653,654,655,656,657,656,655,654,653,654,653,654,655,656,657,658,657,656,657,658,659,658,659,658,659,658,657,656,655,654,653,652,651,652,651,652,653,652,651,652,651,652,653,652,653,652,653,652,653,654,653,652,651,652,653,654,653,654,655,654,655,656,655,654,655,656,657,658,657,656,657,656,655,656,657,658,657,658,657,658,657,658,659,660,659,660,659,660,661,660,661,662,661,660,659,660,661,662,661,660,661,660,661,660,661,660,661,660,661,662,661,662,663,662,663,662,663,662,663,664,663,662,661,662,663,662,661,662,663,662,661,660,659,660,659,658,657,656,657,656,657,656,657,656,657,658,659,658,659,658,659,660,659,658,657,656,655,654,655,656,657,658,657,658,659,660,661,662,663,664,663,662,663,662,663,664,663,662,663,662,663,662,661,662,663,662,663,664,665,666,667,668,667,668,667,666,667,666,667,666,665,664,665,664,663,662,661,662,661,662,663,662,663,662,661,662,661,662,661,660,661,660,659,658,657,658,659,658,657,656,657,658,659,658,659,660,659,660,661,662,661,662,663,664,665,664,665,666,665,664,663,664,663,662,661,660,661,660,661,660,661,662,661,660,659,660,659,658,657,658,657,658,657,658,657,658,659,660,661,662,661,660,659,660,661,662,661,662,663,662,663,662,661,660,659,658,657,658,659,658,659,658,659,660,659,658,659,660,659,660,661,660,661,662,663,662,663,662,663,662,661,662,663,662,663,664,663,664,665,666,665,664,663,664,665,664,663,664,663,662,663,662,663,664,663,662,663,662,663,662,661,660,661,660,661,660,661,660,661,660,661,660,661,660,659,660,661,662,661,660,659,658,657,658,657,658,659,658,657,656,655,656,657,658,657,656,657,656,655,656,657,658,657,656,657,656,655,654,655,654,655,654,655,654,653,652,651,650,649,648,649,650,649,650,649,648,647,646,647,646,647,646,645,644,643,642,641,640,641,642,641,640,641,640,639,640,639,638,639,640,639,640,639,640,639,638,639,640,639,638,639,638,637,638,637,636,637,636,635,636,635,634,635,634,633,634,635,634,633,634,633,634,633,634,635,634,633,634,635,634,635,636,635,636,637,638,639,638,637,638,637,636,635,634,635,636,637,638,637,636,635,634,635,634,635,636,635,636,635,636,637,638,637,636,637,636,637,638,637,636,637,636,635,634,633,634,633,632,633,634,633,632,633,632,631,632,631,630,629,628,629,630,631,630,631,630,629,630,631,632,631,630,629,628,629,628,627,626,627,626,625,626,625,626,627,628,627,626,625,624,625,626,625,624,623,622,623,624,623,622,623,622,623,622,621,620,621,622,623,622,621,620,619,618,619,618,619,618,617,618,619,620,619,618,619,620,621,622,621,620,621,620,619,620,621,622,621,622,623,622,621,620,621,622,623,624,625,626,625,624,625,624,625,624,625,624,623,622,623,624,625,624,623,622,621,622,621,620,619,618,619,618,619,618,617,616,615,614,615,614,613,614,613,614,615,614,615,616,615,614,613,612,611,610,611,612,611,612,611,610,611,610,609,608,609,608,607,606,607,606,605,604,605,606,605,604,603,604,603,602,601,602,601,600,601,600,599,600,599,600,599,600,601,602,601,602,601,602,603,602,603,602,601,602,601,600,599,598,599,598,599,600,601,600,599,600,601,600,601,602,601,602,601,602,601,600,599,598,597,596,597,598,599,600,601,600,599,598,599,598,597,596,595,594,595,594,595,594,595,596,595,596,597,598,597,596,597,596,597,598,597,596,595,594,593,592,593,592,591,590,589,590,589,590,589,590,591,592,593,592,591,590,589,588,587,588,587,586,587,586,587,586,585,586,585,586,587,586,585,584,585,586,585,584,583,582,581,582,583,582,581,580,579,580,581,580,579,580,581,580,581,582,581,582,583,584,585,586,585,586,585,586,585,584,583,584,585,584,585,586,585,584,583,584,585,586,587,586,587,588,587,586,587,586,585,586,587,586,587,586,587,588,589,590,591,592,591,590,589,588,589,590,589,590,589,588,589,588,589,588,589,590,589,590,589,588,587,588,587,586,587,588,587,588,587,586,585,584,583,582,581,582,583,584,583,584,583,582,581,580,579,578,577,578,579,580,579,578,579,578,577,578,577,576,575,574,575,576,577,578,579,578,579,578,577,578,577,576,575,574,575,576,577,576,577,578,579,580,579,578,579,580,581,582,581,582,583,584,583,582,583,582,583,584,583,584,585,584,583,584,583,584,585,586,585,586,587,586,585,586,585,584,583,582,581,582,583,582,581,582,583,584,583,584,583,584,585,584,583,584,585,584,585,586,587,586,587,586,587,586,587,588,587,586,587,586,587,586,585,584,583,582,583,584,585,586,587,586,585,584,583,584,583,582,581,582,581,582,583,582,581,580,579,578,577,578,579,578,577,576,575,574,573,572,571,570,569,568,569,568,569,570,569,570,569,570,571,572,573,572,571,572,571,572,573,572,571,570,571,572,573,574,575,576,575,574,575,576,575,576,575,576,575,576,575,576,577,576,575,576,577,578,579,580,581,582,583,582,583,584,585,584,583,582,581,580,579,578,577,578,577,578,579,578,577,576,575,574,573,572,571,570,571,570,569,568,569,570,571,572,571,572,573,572,571,572,571,572,571,572,571,572,571,570,569,570,569,568,567,566,565,564,565,566,567,568,567,568,567,566,565,564,565,564,563,564,563,564,563,562,561,560,559,560,561,562,563,562,563,564,565,566,565,566,567,568,569,568,567,566,565,564,563,562,563,562,561,562,561,560,561,562,563,562,561,562,563,564,565,564,563,562,563,562,561,562,561,562,563,564,565,566,567,568,569,570,569,568,567,566,565,566,565,566,565,564,563,562,561,562,563,-1,0,-1,-2,-1,0,1,0,-1,-2,-3,-2,-3,-2,-1,0,-1,0,1,0,1,0,1,2,1,2,3,4,5,4,5,6,5,6,5,6,5,6,7,8,7,8,7,8,9,8,7,8,7,8,7,6,7,8,7,8,7,6,7,6,5,6,7,6,7,8,7,8,9,10,9,10,11,10,11,10,9,10,9,8,9,10,11,12,13,12,13,14,15,14,13,14,15,14,13,14,13,14,13,12,13,14,13,12,13,14,15,16,15,16,15,14,15,16,17,18,19,18,19,20,21,22,23,22,21,22,23,22,21,20,19,20,21,20,21,22,21,20,21,20,19,20,21,22,23,22,21,22,21,22,23,22,23,22,23,24,25,24,25,24,23,24,25,24,25,26,25,26,27,28,27,26,25,26,27,26,27,28,27,26,25,26,27,26,25,26,27,26,27,28,29,30,29,30,31,32,33,34,33,34,33,32,33,34,35,34,35,36,37,38,39,40,41,40,39,40,41,40,41,40,41,40,39,38,39,38,39,40,41,42,41,40,41,40,39,38,37,36,35,34,33,32,31,32,33,32,31,30,29,28,29,28,29,28,27,26,25,26,25,26,25,26,25,26,25,26,25,26,27,28,27,28,27,28,27,28,29,28,27,28,29,28,29,28,29,28,29,30,29,30,31,32,31,30,29,28,27,26,25,24,25,24,23,22,21,22,21,22,21,20,21,20,19,20,19,20,19,20,21,22,21,20,19,20,19,20,21,20,21,20,21,22,21,20,19,20,21,20,21,22,21,20,21,20,19,18,17,16,15,16,15,14,13,12,13,14,13,14,15,14,13,12,13,12,13,12,11,10,11,10,11,10,11,10,9,8,7,8,7,6,5,6,5,4,3,2,1,0,1,0,-1,-2,-3,-4,-3,-4,-5,-4,-3,-4,-3,-4,-3,-4,-5,-6,-7,-8,-9,-8,-7,-6,-5,-6,-7,-8,-7,-8,-9,-8,-7,-8,-9,-8,-7,-8,-7,-8,-9,-8,-9,-8,-9,-10,-9,-8,-7,-8,-9,-8,-9,-10,-11,-10,-9,-10,-9,-10,-11,-12,-11,-10,-11,-10,-11,-10,-9,-10,-11,-12,-13,-12,-13,-14,-13,-12,-11,-10,-9,-8,-9,-10,-9,-10,-11,-10,-11,-12,-13,-14,-13,-12,-11,-10,-9,-10,-9,-8,-9,-10,-11,-12,-11,-12,-11,-12,-11,-10,-11,-10,-9,-10,-9,-8,-9,-10,-9,-8,-7,-6,-7,-6,-7,-6,-5,-6,-7,-6,-7,-6,-5,-6,-7,-8,-9,-8,-9,-10,-11,-10,-11,-10,-11,-10,-9,-10,-9,-10,-11,-10,-11,-12,-13,-12,-13,-12,-13,-14,-15,-14,-15,-14,-15,-16,-17,-16,-17,-16,-17,-18,-19,-20,-21,-20,-21,-20,-21,-20,-19,-20,-19,-18,-19,-18,-17,-18,-19,-18,-19,-20,-21,-22,-21,-20,-21,-22,-23,-22,-23,-22,-23,-24,-25,-26,-27,-26,-27,-26,-27,-26,-27,-26,-25,-26,-25,-26,-27,-26,-25,-24,-23,-24,-23,-24,-23,-24,-23,-22,-23,-24,-25,-24,-23,-24,-23,-24,-23,-24,-25,-24,-25,-24,-23,-22,-23,-24,-23,-22,-23,-22,-21,-20,-19,-20,-21,-22,-23,-24,-25,-26,-27,-26,-25,-26,-25,-26,-27,-26,-25,-26,-25,-26,-27,-28,-27,-28,-27,-28,-29,-28,-27,-28,-27,-28,-27,-26,-25,-26,-27,-28,-27,-28,-27,-28,-29,-30,-31,-30,-29,-28,-29,-30,-29,-30,-31,-32,-33,-32,-31,-32,-33,-34,-33,-34,-33,-34,-35,-34,-33,-34,-35,-34,-35,-36,-35,-36,-35,-36,-37,-38,-37,-38,-37,-36,-35,-34,-35,-34,-33,-34,-35,-36,-37,-38,-37,-36,-37,-38,-39,-40,-39,-38,-39,-38,-39,-40,-41,-42,-43,-44,-45,-46,-45,-44,-45,-46,-47,-48,-47,-48,-49,-48,-47,-48,-47,-46,-45,-44,-43,-44,-43,-44,-45,-44,-45,-46,-45,-46,-47,-46,-47,-46,-47,-46,-47,-48,-49,-48,-49,-50,-51,-52,-51,-52,-51,-52,-53,-52,-51,-52,-51,-52,-51,-52,-51,-50,-49,-50,-49,-50,-49,-50,-49,-48,-49,-48,-49,-50,-49,-50,-49,-48,-49,-48,-47,-46,-45,-46,-47,-46,-45,-46,-47,-46,-45,-46,-47,-46,-47,-48,-49,-50,-51,-50,-51,-50,-51,-52,-53,-54,-55,-54,-55,-56,-55,-54,-55,-56,-57,-58,-57,-56,-55,-54,-53,-52,-51,-52,-53,-54,-55,-54,-55,-56,-55,-54,-55,-56,-55,-56,-55,-54,-53,-54,-53,-54,-53,-54,-55,-54,-55,-54,-53,-54,-55,-56,-57,-58,-59,-60,-59,-60,-61,-60,-61,-60,-61,-62,-63,-62,-61,-60,-61,-60,-61,-62,-61,-60,-61,-60,-61,-62,-63,-64,-65,-64,-63,-64,-65,-66,-65,-64,-65,-66,-67,-66,-65,-64,-65,-64,-63,-62,-61,-62,-63,-62,-63,-62,-61,-62,-63,-64,-63,-64,-63,-64,-65,-64,-63,-64,-63,-64,-63,-62,-61,-60,-61,-62,-61,-60,-61,-60,-61,-62,-63,-62,-63,-62,-63,-62,-61,-60,-59,-60,-59,-60,-59,-60,-59,-58,-59,-60,-61,-60,-61,-62,-61,-62,-61,-60,-61,-60,-59,-60,-61,-62,-61,-62,-61,-62,-61,-62,-63,-64,-65,-64,-65,-66,-65,-64,-65,-64,-63,-62,-63,-64,-65,-66,-65,-64,-65,-64,-63,-64,-63,-62,-63,-64,-63,-62,-61,-62,-61,-62,-61,-60,-59,-60,-59,-58,-57,-58,-59,-58,-59,-58,-57,-58,-59,-58,-57,-58,-59,-60,-61,-62,-61,-62,-63,-64,-65,-66,-67,-66,-65,-64,-65,-64,-65,-64,-65,-66,-65,-64,-65,-64,-63,-64,-65,-66,-65,-64,-63,-62,-61,-62,-61,-62,-63,-62,-63,-64,-63,-62,-63,-64,-63,-64,-63,-62,-61,-60,-59,-58,-59,-60,-59,-58,-59,-60,-59,-60,-61,-62,-61,-60,-61,-62,-61,-62,-63,-62,-63,-62,-63,-64,-65,-64,-65,-66,-67,-68,-67,-68,-69,-70,-69,-68,-69,-68,-67,-66,-67,-66,-67,-68,-67,-68,-67,-66,-65,-66,-65,-64,-63,-62,-61,-60,-59,-60,-59,-58,-59,-58,-59,-58,-59,-60,-61,-62,-63,-64,-63,-64,-63,-62,-61,-62,-61,-60,-59,-58,-59,-58,-59,-58,-59,-58,-57,-58,-59,-58,-57,-58,-57,-56,-57,-56,-57,-56,-57,-56,-57,-58,-57,-56,-55,-54,-53,-54,-55,-56,-55,-54,-55,-56,-57,-56,-57,-56,-55,-56,-55,-56,-57,-56,-55,-56,-55,-54,-55,-54,-55,-54,-55,-56,-55,-56,-57,-58,-57,-56,-57,-58,-59,-58,-57,-58,-59,-60,-61,-62,-61,-62,-63,-62,-63,-64,-63,-64,-65,-64,-65,-66,-65,-64,-65,-66,-67,-66,-67,-68,-69,-70,-69,-70,-69,-68,-67,-66,-67,-66,-67,-68,-67,-66,-67,-66,-67,-66,-65,-64,-63,-62,-63,-64,-63,-62,-63,-64,-63,-64,-63,-62,-63,-62,-61,-60,-61,-60,-61,-60,-59,-60,-61,-60,-59,-60,-61,-62,-63,-62,-61,-62,-61,-62,-63,-62,-61,-60,-59,-60,-59,-60,-59,-60,-61,-62,-63,-64,-65,-66,-65,-66,-65,-64,-65,-66,-67,-66,-67,-68,-67,-68,-69,-70,-69,-68,-69,-68,-69,-70,-71,-70,-69,-70,-71,-70,-71,-70,-71,-70,-71,-72,-73,-74,-73,-74,-73,-72,-73,-74,-73,-74,-75,-74,-75,-76,-77,-78,-79,-80,-79,-80,-81,-82,-81,-82,-83,-84,-85,-86,-87,-88,-87,-88,-87,-86,-85,-84,-85,-84,-83,-84,-83,-84,-83,-84,-85,-86,-87,-86,-85,-86,-85,-86,-87,-88,-87,-88,-89,-88,-87,-88,-87,-88,-89,-88,-87,-86,-87,-88,-89,-90,-91,-92,-93,-92,-93,-94,-93,-94,-93,-92,-93,-92,-91,-92,-91,-90,-89,-90,-91,-92,-93,-92,-91,-92,-91,-92,-93,-94,-95,-96,-95,-96,-95,-94,-95,-96,-97,-98,-97,-96,-97,-98,-99,-98,-99,-100,-101,-102,-103,-102,-101,-100,-101,-102,-103,-102,-101,-102,-101,-100,-101,-100,-99,-98,-99,-98,-99,-100,-99,-98,-97,-96,-95,-94,-95,-96,-95,-94,-93,-94,-93,-92,-93,-92,-91,-90,-91,-92,-93,-94,-93,-92,-93,-94,-93,-94,-93,-92,-93,-94,-93,-94,-95,-96,-97,-96,-97,-96,-97,-98,-99,-98,-99,-98,-99,-100,-101,-102,-103,-102,-101,-102,-101,-102,-103,-104,-103,-102,-103,-104,-103,-102,-103,-104,-103,-104,-103,-102,-101,-102,-103,-104,-103,-102,-103,-104,-103,-104,-105,-104,-103,-102,-103,-104,-105,-104,-105,-104,-103,-102,-103,-104,-105,-106,-107,-106,-105,-106,-105,-106,-105,-104,-103,-102,-103,-104,-105,-106,-105,-106,-105,-106,-105,-104,-103,-104,-105,-104,-103,-102,-103,-104,-103,-102,-101,-100,-101,-102,-103,-104,-105,-106,-107,-106,-107,-106,-107,-106,-107,-108,-107,-108,-109,-108,-107,-106,-105,-106,-107,-108,-109,-110,-111,-112,-113,-112,-113,-112,-111,-110,-109,-110,-111,-110,-111,-110,-109,-110,-111,-110,-111,-110,-109,-108,-107,-106,-105,-104,-105,-104,-103,-104,-103,-102,-103,-102,-101,-100,-99,-98,-99,-100,-101,-100,-101,-100,-99,-98,-97,-98,-97,-96,-97,-98,-97,-96,-95,-94,-93,-92,-91,-92,-91,-90,-91,-90,-89,-88,-89,-88,-89,-90,-89,-90,-89,-88,-87,-86,-87,-86,-85,-86,-87,-86,-85,-86,-85,-86,-87,-88,-87,-86,-85,-84,-85,-84,-85,-84,-85,-84,-85,-86,-85,-86,-85,-84,-85,-86,-87,-86,-85,-84,-85,-84,-85,-84,-83,-82,-81,-82,-81,-82,-81,-82,-81,-80,-79,-80,-79,-78,-77,-78,-77,-78,-77,-76,-77,-76,-77,-76,-75,-76,-75,-76,-75,-76,-75,-76,-75,-76,-75,-76,-75,-74,-73,-72,-71,-70,-71,-72,-73,-74,-73,-74,-75,-74,-73,-74,-75,-76,-77,-78,-77,-76,-77,-76,-75,-74,-73,-72,-73,-72,-73,-72,-71,-72,-73,-74,-73,-72,-73,-74,-73,-74,-75,-74,-75,-74,-73,-72,-73,-72,-73,-74,-75,-76,-75,-76,-77,-78,-77,-76,-75,-76,-77,-76,-75,-76,-75,-76,-77,-78,-77,-76,-77,-78,-77,-78,-77,-78,-77,-76,-77,-78,-79,-80,-79,-78,-77,-78,-77,-76,-77,-76,-77,-76,-75,-76,-77,-76,-75,-74,-75,-74,-73,-74,-73,-72,-73,-72,-71,-72,-71,-70,-69,-68,-69,-70,-69,-70,-71,-70,-71,-70,-69,-68,-67,-68,-67,-66,-67,-68,-67,-66,-65,-64,-63,-62,-61,-60,-59,-58,-57,-58,-59,-60,-61,-60,-59,-58,-59,-60,-61,-60,-61,-62,-61,-60,-59,-60,-59,-60,-61,-60,-61,-60,-59,-60,-59,-58,-59,-60,-59,-60,-61,-62,-61,-62,-61,-62,-63,-64,-65,-66,-65,-64,-63,-64,-63,-62,-63,-62,-61,-60,-59,-60,-59,-58,-59,-58,-59,-58,-57,-56,-57,-56,-55,-54,-53,-54,-53,-54,-53,-52,-53,-52,-53,-52,-51,-50,-51,-52,-51,-50,-51,-52,-53,-52,-53,-54,-53,-52,-53,-52,-53,-52,-53,-52,-53,-52,-51,-50,-49,-50,-51,-52,-53,-52,-53,-54,-53,-54,-53,-54,-53,-54,-53,-54,-55,-56,-55,-56,-55,-56,-55,-54,-55,-56,-57,-56,-55,-56,-55,-56,-55,-54,-55,-54,-55,-56,-55,-56,-55,-54,-53,-52,-53,-52,-51,-52,-53,-52,-53,-52,-53,-52,-53,-52,-53,-52,-51,-52,-51,-52,-51,-50,-51,-50,-49,-50,-49,-48,-49,-50,-51,-50,-51,-52,-51,-52,-51,-50,-49,-48,-49,-48,-49,-48,-47,-46,-47,-46,-47,-48,-47,-46,-47,-48,-47,-46,-47,-46,-45,-46,-45,-46,-47,-48,-47,-48,-49,-48,-49,-48,-49,-48,-49,-48,-49,-48,-49,-48,-49,-50,-49,-50,-49,-50,-49,-48,-47,-48,-47,-46,-45,-44,-45,-46,-45,-44,-43,-44,-43,-44,-43,-44,-43,-44,-45,-44,-43,-44,-45,-46,-45,-46,-45,-46,-45,-46,-47,-46,-47,-48,-47,-46,-47,-46,-47,-48,-49,-48,-47,-48,-49,-50,-51,-50,-51,-52,-53,-52,-51,-50,-49,-48,-47,-46,-47,-48,-49,-50,-51,-50,-51,-52,-53,-54,-53,-54,-55,-54,-53,-54,-55,-54,-55,-54,-55,-56,-55,-54,-55,-56,-55,-56,-55,-56,-57,-56,-55,-56,-55,-54,-55,-56,-55,-54,-55,-56,-57,-56,-55,-54,-53,-54,-53,-52,-53,-54,-53,-52,-51,-52,-51,-52,-51,-52,-53,-54,-55,-54,-55,-56,-57,-56,-57,-56,-57,-58,-57,-58,-57,-58,-57,-58,-57,-58,-57,-58,-57,-58,-57,-56,-57,-58,-57,-56,-57,-56,-57,-58,-59,-60,-59,-60,-61,-62,-63,-62,-61,-62,-61,-62,-63,-62,-61,-62,-63,-62,-61,-60,-59,-58,-57,-58,-59,-60,-61,-62,-61,-62,-63,-64,-65,-64,-65,-66,-67,-66,-65,-66,-67,-66,-65,-66,-65,-66,-67,-68,-69,-70,-71,-70,-71,-72,-71,-70,-71,-72,-73,-74,-75,-74,-75,-76,-77,-78,-77,-78,-77,-78,-77,-78,-77,-78,-79,-80,-81,-80,-81,-82,-81,-82,-81,-82,-83,-84,-85,-84,-85,-84,-85,-84,-85,-86,-87,-88,-87,-88,-89,-90,-91,-92,-93,-92,-93,-94,-95,-96,-95,-96,-97,-98,-97,-96,-97,-98,-99,-100,-101,-102,-103,-104,-105,-106,-105,-106,-107,-108,-107,-106,-107,-108,-109,-110,-111,-112,-113,-114,-115,-114,-113,-112,-113,-114,-115,-116,-117,-116,-117,-118,-119,-118,-119,-120,-121,-120,-119,-120,-121,-122,-123,-122,-123,-124,-125,-126,-127,-128,-127,-128,-127,-126,-127,-128,-129,-128,-129,-128,-129,-130,-131,-132,-131,-132,-131,-132,-131,-132,-131,-132,-133,-132,-133,-132,-131,-130,-129,-128,-127,-126,-127,-128,-129,-130,-129,-128,-129,-130,-131,-132,-133,-134,-135,-136,-135,-136,-137,-136,-137,-136,-137,-138,-139,-140,-139,-140,-139,-140,-141,-142,-143,-144,-145,-144,-145,-144,-143,-144,-143,-144,-145,-144,-143,-144,-145,-144,-145,-144,-145,-146,-145,-146,-145,-146,-147,-148,-147,-148,-147,-148,-149,-150,-151,-150,-151,-150,-151,-150,-151,-152,-153,-154,-153,-154,-155,-154,-155,-156,-157,-156,-157,-156,-157,-158,-159,-158,-159,-160,-159,-160,-161,-160,-161,-160,-159,-160,-161,-162,-161,-162,-161,-160,-161,-160,-161,-160,-161,-162,-163,-162,-161,-162,-161,-162,-161,-160,-159,-160,-161,-162,-161,-160,-159,-160,-159,-158,-157,-156,-155,-154,-155,-154,-155,-156,-155,-156,-155,-154,-153,-154,-153,-152,-153,-154,-153,-154,-153,-152,-151,-152,-151,-152,-151,-150,-149,-148,-147,-146,-147,-146,-145,-144,-143,-144,-143,-142,-143,-144,-145,-144,-143,-142,-141,-142,-141,-140,-139,-140,-139,-138,-139,-138,-137,-136,-137,-136,-137,-136,-135,-136,-135,-134,-133,-134,-135,-134,-133,-134,-135,-134,-133,-134,-133,-132,-131,-132,-131,-130,-131,-130,-129,-128,-127,-128,-129,-128,-129,-128,-127,-128,-127,-126,-127,-126,-125,-124,-125,-124,-123,-122,-123,-124,-125,-124,-125,-124,-123,-122,-121,-120,-119,-118,-119,-118,-119,-118,-117,-116,-117,-116,-117,-116,-115,-114,-113,-112,-113,-112,-113,-112,-111,-112,-113,-114,-115,-114,-115,-114,-113,-112,-111,-110,-111,-110,-111,-112,-111,-110,-109,-108,-109,-108,-107,-106,-105,-104,-103,-104,-103,-102,-101,-100,-101,-102,-103,-104,-105,-104,-103,-104,-105,-106,-107,-106,-107,-106,-105,-104,-103,-104,-105,-106,-105,-104,-103,-102,-101,-102,-103,-104,-105,-106,-107,-106,-107,-108,-109,-108,-107,-106,-105,-104,-105,-104,-105,-106,-105,-104,-103,-102,-103,-102,-103,-104,-105,-104,-105,-104,-103,-104,-103,-102,-103,-104,-105,-104,-103,-104,-103,-102,-101,-100,-101,-100,-101,-102,-101,-100,-101,-100,-99,-98,-99,-100,-99,-98,-99,-98,-97,-98,-97,-96,-97,-96,-95,-96,-97,-96,-97,-98,-97,-96,-95,-96,-97,-96,-95,-94,-95,-96,-97,-96,-97,-96,-97,-96,-97,-98,-97,-98,-99,-100,-101,-100,-101,-100,-99,-100,-101,-102,-103,-104,-103,-102,-101,-102,-103,-102,-103,-102,-103,-102,-103,-104,-103,-102,-103,-104,-103,-104,-103,-104,-103,-102,-103,-104,-105,-106,-105,-106,-107,-108,-109,-110,-109,-110,-109,-110,-109,-110,-109,-110,-111,-112,-113,-112,-111,-112,-111,-112,-113,-112,-111,-110,-111,-112,-113,-114,-113,-114,-115,-114,-113,-114,-115,-114,-115,-114,-115,-116,-117,-118,-119,-118,-119,-120,-119,-120,-121,-122,-121,-120,-121,-120,-119,-120,-121,-120,-119,-118,-119,-118,-119,-118,-117,-118,-119,-118,-119,-118,-117,-118,-117,-116,-117,-118,-119,-120,-119,-118,-119,-120,-119,-120,-119,-118,-117,-118,-119,-120,-121,-122,-123,-124,-123,-122,-121,-120,-121,-122,-121,-122,-121,-120,-121,-120,-121,-120,-119,-118,-117,-116,-117,-118,-119,-118,-117,-116,-117,-118,-117,-118,-117,-116,-115,-116,-115,-116,-115,-114,-113,-112,-111,-112,-113,-114,-113,-114,-113,-114,-113,-114,-115,-116,-115,-116,-117,-118,-119,-118,-119,-118,-119,-118,-117,-118,-117,-118,-119,-118,-119,-120,-121,-120,-121,-122,-123,-124,-125,-126,-125,-126,-127,-126,-127,-128,-127,-126,-127,-128,-129,-128,-129,-130,-131,-132,-133,-132,-133,-132,-133,-132,-133,-132,-131,-132,-133,-134,-135,-136,-137,-138,-139,-140,-139,-140,-139,-140,-139,-138,-137,-138,-139,-138,-139,-138,-139,-138,-137,-138,-137,-138,-139,-140,-139,-138,-137,-136,-135,-136,-135,-136,-137,-136,-135,-134,-135,-136,-137,-136,-137,-136,-135,-134,-133,-134,-135,-136,-135,-134,-135,-134,-135,-134,-133,-134,-135,-134,-135,-134,-133,-132,-133,-132,-133,-134,-133,-134,-133,-134,-135,-134,-133,-132,-133,-132,-133,-132,-131,-132,-131,-130,-131,-130,-131,-132,-131,-132,-133,-132,-131,-130,-129,-128,-129,-130,-129,-128,-127,-128,-129,-128,-127,-126,-125,-124,-125,-126,-127,-126,-125,-126,-125,-124,-125,-124,-125,-124,-123,-124,-123,-124,-123,-122,-123,-122,-121,-122,-121,-122,-121,-122,-121,-120,-121,-122,-121,-122,-123,-122,-121,-120,-119,-118,-119,-118,-119,-120,-119,-118,-117,-118,-117,-118,-117,-116,-115,-116,-117,-116,-115,-114,-113,-112,-113,-114,-113,-114,-115,-114,-115,-114,-115,-114,-113,-112,-111,-110,-109,-110,-109,-108,-109,-110,-109,-110,-109,-108,-107,-106,-107,-106,-105,-104,-103,-104,-103,-104,-103,-102,-103,-102,-101,-100,-101,-100,-99,-98,-97,-96,-95,-94,-95,-94,-93,-92,-93,-94,-93,-92,-91,-90,-89,-90,-89,-88,-87,-88,-87,-88,-87,-86,-85,-84,-83,-82,-81,-80,-79,-80,-79,-80,-79,-80,-81,-82,-81,-80,-81,-82,-81,-80,-79,-80,-79,-78,-77,-76,-75,-76,-75,-74,-73,-72,-73,-72,-71,-70,-71,-70,-71,-70,-69,-68,-67,-68,-67,-66,-67,-66,-67,-66,-67,-66,-65,-66,-65,-64,-63,-64,-65,-66,-65,-64,-63,-62,-63,-64,-63,-62,-61,-62,-61,-62,-63,-62,-61,-60,-61,-60,-59,-58,-59,-58,-59,-58,-57,-58,-59,-58,-57,-56,-55,-54,-55,-54,-53,-52,-53,-54,-53,-52,-51,-52,-53,-52,-51,-50,-51,-50,-49,-48,-49,-48,-49,-48,-47,-46,-45,-46,-45,-44,-45,-46,-45,-46,-45,-44,-43,-42,-43,-42,-41,-40,-39,-40,-39,-40,-39,-38,-39,-38,-37,-36,-37,-38,-37,-38,-39,-40,-39,-38,-39,-38,-39,-40,-39,-38,-39,-40,-41,-40,-39,-40,-39,-38,-37,-36,-35,-34,-33,-34,-33,-32,-33,-34,-35,-34,-35,-36,-35,-34,-33,-32,-33,-32,-33,-34,-33,-34,-33,-32,-33,-32,-33,-32,-31,-32,-31,-30,-29,-30,-29,-28,-27,-28,-27,-28,-27,-28,-27,-26,-25,-24,-25,-26,-25,-26,-25,-24,-23,-22,-23,-24,-25,-24,-25,-26,-27,-26,-27,-28,-27,-28,-29,-28,-29,-30,-31,-32,-33,-32,-33,-34,-33,-32,-33,-34,-33,-32,-33,-34,-35,-34,-35,-34,-35,-36,-35,-36,-37,-38,-37,-38,-39,-40,-41,-42,-43,-42,-43,-44,-43,-42,-41,-42,-43,-42,-43,-44,-45,-46,-47,-48,-49,-48,-47,-46,-45,-46,-47,-48,-49,-50,-49,-48,-47,-48,-47,-46,-47,-46,-47,-48,-47,-46,-47,-46,-47,-48,-47,-46,-47,-46,-45,-46,-47,-46,-47,-46,-45,-46,-47,-46,-47,-48,-49,-48,-47,-48,-47,-48,-47,-46,-47,-48,-49,-48,-49,-48,-47,-48,-47,-46,-47,-46,-47,-48,-49,-48,-49,-48,-47,-46,-45,-44,-43,-44,-43,-42,-41,-42,-43,-42,-41,-42,-41,-40,-39,-38,-39,-38,-37,-38,-37,-36,-37,-36,-37,-38,-37,-38,-39,-38,-39,-40,-41,-42,-41,-42,-41,-40,-41,-40,-39,-40,-41,-40,-41,-42,-41,-42,-41,-42,-43,-42,-43,-44,-43,-44,-43,-44,-45,-44,-45,-44,-45,-46,-45,-44,-45,-46,-45,-46,-45,-46,-47,-48,-49,-50,-51,-50,-49,-50,-49,-50,-51,-50,-49,-50,-51,-50,-51,-52,-51,-50,-49,-50,-51,-50,-49,-48,-47,-48,-47,-48,-49,-48,-47,-46,-45,-44,-43,-42,-41,-40,-39,-38,-37,-36,-35,-36,-37,-36,-35,-36,-35,-34,-35,-34,-35,-36,-35,-36,-37,-36,-35,-36,-35,-34,-35,-36,-35,-36,-35,-36,-35,-36,-35,-36,-35,-34,-35,-34,-35,-36,-35,-34,-35,-34,-33,-32,-33,-34,-33,-32,-33,-34,-33,-32,-31,-32,-31,-30,-29,-30,-29,-30,-31,-32,-31,-32,-33,-32,-31,-30,-31,-32,-33,-34,-35,-34,-35,-34,-33,-32,-31,-32,-33,-32,-31,-30,-29,-30,-29,-28,-27,-28,-29,-30,-29,-28,-29,-28,-29,-30,-31,-30,-29,-30,-31,-32,-31,-32,-31,-30,-29,-28,-27,-26,-25,-24,-23,-22,-21,-22,-23,-22,-23,-24,-23,-24,-23,-22,-21,-22,-23,-22,-21,-20,-19,-18,-17,-18,-17,-16,-15,-16,-15,-14,-15,-14,-15,-14,-15,-14,-15,-14,-13,-12,-13,-12,-11,-12,-11,-12,-11,-10,-9,-8,-7,-6,-5,-4,-5,-4,-5,-4,-3,-4,-5,-4,-3,-4,-3,-2,-1,-2,-1,0,-1,0,1,2,3,2,3,4,5,4,3,4,5,4,5,6,7,8,9,10,9,10,9,10,11,10,9,10,11,12,13,12,13,14,15,16,15,16,17,18,17,16,17,18,19,18,17,16,17,16,15,14,15,14,15,16,15,16,15,16,15,14,15,16,17,18,19,18,19,18,19,18,17,18,17,16,15,14,15,16,15,16,17,18,19,18,19,18,19,20,19,20,21,20,21,22,23,24,25,26,27,26,25,24,25,24,25,26,27,26,25,24,23,24,25,24,23,22,23,22,21,20,21,22,23,22,21,20,21,20,21,22,21,22,21,20,19,20,21,22,21,20,19,20,21,22,21,20,19,20,19,20,21,20,21,20,19,18,19,20,21,20,19,18,19,20,21,20,19,20,19,18,19,18,17,16,15,14,13,14,13,14,13,14,13,12,13,14,15,16,17,18,19,18,17,18,19,20,19,20,19,20,19,20,21,20,21,20,19,18,19,20,21,20,19,18,19,20,21,20,19,18,17,16,15,16,17,18,17,16,15,14,15,14,15,16,17,16,17,18,19,20,19,20,19,20,21,20,21,22,21,20,19,20,19,20,21,20,21,22,23,22,21,20,21,20,21,22,23,22,21,22,23,24,23,24,23,24,25,26,25,24,23,22,21,22,23,22,21,20,21,20,21,22,23,22,23,22,21,22,23,24,23,24,23,24,25,26,25,24,23,24,23,22,23,24,23,24,25,24,23,22,23,22,21,20,19,20,21,20,19,20,21,22,23,24,25,26,27,28,29,30,31,32,33,34,35,36,37,38,37,38,37,38,39,40,41,40,39,38,37,36,35,36,37,36,37,36,35,36,37,38,37,36,37,38,37,36,35,34,35,34,35,34,33,32,31,32,31,32,33,32,31,32,33,34,35,34,35,34,33,34,35,34,35,36,35,34,35,36,35,34,35,34,35,36,35,36,35,34,35,34,35,36,35,36,35,36,35,36,37,38,39,40,39,40,39,40,41,40,41,42,41,42,43,44,45,46,47,48,47,48,49,50,51,52,53,52,53,54,55,56,57,56,57,58,57,58,59,58,59,58,59,58,59,58,57,58,59,58,57,56,55,56,57,56,57,56,55,56,57,56,55,54,53,54,55,54,53,54,53,54,55,56,55,56,55,56,57,56,57,58,57,58,57,58,59,58,59,60,59,60,61,62,61,62,61,60,59,60,59,60,61,62,63,64,65,66,67,68,69,70,71,72,73,74,75,76,77,78,77,76,77,78,79,80,81,80,79,78,79,78,79,80,79,80,81,82,83,84,85,86,87,86,87,88,87,88,87,88,87,88,89,88,87,88,89,88,87,88,89,90,91,92,91,92,93,94,95,94,95,96,97,96,97,98,99,100,101,102,101,102,103,104,105,104,105,106,105,106,107,108,109,110,111,112,111,110,111,112,113,114,115,116,117,118,117,116,117,118,117,118,117,118,117,118,117,118,119,120,121,122,123,124,123,124,123,122,123,124,125,126,127,128,129,130,131,132,133,132,131,132,133,132,131,132,133,132,133,132,133,132,133,134,135,136,135,136,135,136,135,136,137,138,139,140,139,140,141,142,143,144,143,142,143,144,145,144,143,142,143,144,145,144,145,146,145,146,147,148,147,146,147,148,147,148,149,150,149,150,151,152,151,152,153,152,151,152,153,154,153,152,151,150,149,150,151,150,151,152,153,152,153,152,151,152,151,152,153,152,151,152,153,152,153,152,151,150,149,148,149,148,147,146,145,146,147,146,145,144,143,144,143,142,141,142,141,142,143,142,141,142,143,142,143,142,141,142,141,142,143,142,143,144,143,142,143,144,143,142,141,140,141,140,141,140,139,138,139,138,139,140,139,138,139,138,137,138,137,138,137,136,137,138,137,136,137,136,137,136,135,136,137,136,135,136,135,134,133,132,131,130,131,132,131,130,129,128,127,126,125,126,125,126,125,126,127,128,127,126,125,126,127,126,125,126,125,124,123,122,121,120,119,120,119,118,117,116,115,114,113,112,113,114,113,112,113,112,111,110,109,108,109,108,107,108,107,108,107,106,105,104,103,104,103,102,103,102,101,100,99,98,97,98,97,98,97,96,97,98,97,96,97,96,97,98,99,98,99,98,97,96,95,94,95,94,93,94,93,94,95,94,93,94,93,92,93,92,91,90,89,90,91,92,91,92,91,90,91,90,89,90,89,90,89,90,89,88,87,86,87,88,87,88,89,88,89,88,87,86,85,86,85,84,83,82,83,84,83,82,83,84,83,82,83,84,83,82,81,80,79,78,79,80,79,80,79,78,77,76,75,76,77,76,77,76,75,76,75,76,77,76,77,78,77,76,77,76,75,76,75,76,77,76,75,74,73,74,75,74,73,74,73,72,71,72,71,70,71,72,73,72,73,72,71,70,71,72,71,72,71,72,71,70,71,70,69,70,71,72,71,72,73,74,75,74,75,76,77,78,77,76,75,74,75,74,73,72,73,74,73,74,73,72,73,72,71,72,73,74,75,74,73,74,73,74,73,74,75,74,75,74,75,74,75,74,75,74,75,74,73,74,73,72,73,74,73,74,75,74,75,76,75,76,77,78,77,78,79,78,79,78,77,78,77,78,79,78,77,78,77,78,79,78,77,76,75,76,75,74,75,74,73,74,75,74,73,74,73,72,73,72,71,72,71,72,73,72,73,74,73,72,73,72,71,70,71,72,73,74,73,74,73,72,71,70,69,68,67,66,67,66,65,66,65,66,67,66,67,68,69,70,69,68,69,70,69,68,67,66,67,68,67,66,67,68,67,68,67,68,67,68,69,68,67,66,67,68,67,68,67,68,67,66,67,68,67,68,67,66,65,66,65,64,63,62,63,64,63,62,63,62,61,62,61,62,63,62,63,64,65,66,67,66,67,68,67,66,67,68,69,68,69,68,67,66,65,66,65,66,67,66,67,66,67,66,65,64,63,62,61,60,61,60,59,60,59,60,59,58,57,58,57,58,57,56,57,56,55,56,55,54,53,54,53,54,55,54,55,56,57,56,57,56,55,56,55,56,55,54,53,52,53,54,53,52,53,52,51,50,49,50,51,50,49,50,51,52,53,52,53,52,51,50,49,48,47,46,47,46,45,44,45,46,47,48,49,50,51,50,51,50,51,52,51,50,49,50,51,52,51,52,51,52,51,52,51,52,53,52,51,50,51,52,53,54,55,54,55,56,57,58,59,58,57,58,59,58,59,58,59,58,59,60,61,60,59,60,59,58,59,58,57,58,59,58,57,56,57,56,57,58,57,58,57,58,59,60,59,58,59,60,59,60,61,60,59,60,59,58,57,58,59,58,59,60,59,60,61,60,59,58,57,56,57,56,55,56,55,56,55,54,53,54,53,52,53,52,51,52,51,52,51,50,51,52,53,52,53,54,53,54,53,54,53,52,53,54,55,54,55,56,57,58,57,56,57,56,57,56,57,58,59,60,61,62,61,60,61,62,61,62,61,62,61,60,61,62,61,62,63,64,63,64,63,64,65,64,63,64,65,64,63,64,65,66,65,66,67,66,67,68,67,68,67,68,69,70,69,70,71,70,71,72,73,74,75,76,77,78,79,80,81,82,83,82,83,84,85,86,87,88,89,90,91,92,93,94,95,94,93,92,93,94,93,92,93,94,93,94,93,94,95,96,97,96,95,96,97,98,99,100,99,100,101,102,103,104,103,104,105,106,107,108,107,108,109,110,111,112,113,112,113,114,115,116,117,118,119,118,119,118,119,118,119,120,121,122,123,124,125,126,127,128,129,130,131,130,131,132,133,134,133,134,135,134,133,134,135,136,137,138,139,140,141,140,141,142,141,140,139,138,139,140,139,138,139,140,141,140,139,140,139,138,137,136,137,138,137,138,137,138,137,136,137,138,137,138,139,140,141,142,143,144,145,146,147,148,149,150,151,150,151,152,153,154,153,154,155,156,157,158,157,156,157,156,157,158,159,160,161,162,163,164,165,164,165,166,167,168,169,170,171,172,173,172,173,174,173,172,173,172,173,174,173,174,173,174,175,176,175,174,175,176,175,176,177,178,179,180,181,182,183,184,183,184,185,184,183,184,185,186,185,184,185,186,185,186,187,188,189,190,191,190,191,192,193,192,193,194,195,196,197,198,199,200,201,202,203,204,203,204,205,206,207,208,209,210,211,212,213,212,213,214,215,216,217,218,219,218,217,218,219,218,219,220,221,222,223,222,223,224,223,224,225,226,227,228,227,228,229,230,231,232,233,234,235,236,235,236,237,238,239,238,239,238,237,238,239,238,237,238,239,240,241,242,243,244,245,246,247,248,249,250,251,252,253,252,253,254,255,256,257,256,257,258,259,260,261,262,263,262,261,262,263,262,263,262,263,264,265,266,267,268,269,270,271,272,273,274,275,276,277,278,279,280,281,280,281,282,283,284,285,286,285,286,287,288,289,290,291,292,291,290,291,292,293,294,295,294,295,294,293,294,295,294,295,296,295,296,295,296,297,298,299,300,301,302,303,302,303,304,305,306,307,308,309,308,309,308,307,306,307,308,309,310,311,312,313,314,313,314,315,316,317,318,319,318,317,316,317,318,319,320,321,322,323,322,323,324,323,322,323,324,325,326,325,324,323,324,323,322,321,322,323,324,325,326,327,328,329,328,327,328,329,328,329,330,329,330,331,330,329,330,331,330,329,330,331,330,331,330,329,330,331,330,329,330,329,328,327,326,327,328,329,330,329,330,331,332,333,334,333,334,335,336,335,334,335,336,337,338,339,340,339,340,341,340,341,342,343,344,343,342,343,344,345,344,343,344,343,344,345,346,347,346,347,348,349,350,351,350,351,352,353,352,353,352,351,350,351,352,353,354,355,356,357,356,355,354,353,352,353,354,355,356,357,358,359,360,361,362,361,362,363,364,363,364,365,366,367,368,369,370,369,370,369,370,369,370,371,372,373,374,375,376,377,376,377,376,375,376,377,376,377,376,377,378,377,378,379,380,381,382,381,382,381,382,381,382,381,382,383,382,381,380,381,382,383,382,383,382,383,382,383,382,383,384,383,384,385,386,385,386,387,388,387,388,387,386,385,386,387,388,389,390,389,388,389,390,391,392,391,392,393,394,395,394,395,396,397,398,399,398,397,398,399,400,401,402,401,402,403,402,403,402,401,402,401,400,401,402,403,404,405,406,407,408,409,410,411,412,413,414,415,416,415,414,413,414,415,416,417,416,415,416,417,418,419,418,417,416,417,416,417,418,417,418,417,418,419,418,419,420,419,418,419,420,419,420,421,420,419,420,419,420,419,418,419,420,421,422,423,424,425,426,427,428,427,428,429,430,429,430,431,430,431,430,431,432,431,430,431,430,431,432,431,432,433,434,433,434,435,436,437,438,439,440,441,442,441,442,443,444,445,446,445,446,447,448,447,446,447,448,447,448,449,450,449,450,451,452,453,454,453,452,453,454,455,456,455,456,457,458,459,458,457,456,457,458,459,460,459,460,461,462,463,464,463,464,465,466,465,464,463,464,465,466,467,466,465,466,467,468,469,470,469,470,471,472,473,474,473,472,473,472,473,472,473,474,475,476,477,476,477,478,479,480,479,478,479,480,481,482,483,482,481,482,481,480,479,478,479,478,477,476,475,474,473,472,471,472,473,472,473,472,471,470,469,468,467,468,467,466,467,468,467,466,465,464,465,464,463,462,461,460,459,460,459,458,457,456,455,454,453,452,451,450,449,450,449,448,447,446,447,446,447,446,447,446,445,444,443,444,445,444,443,442,441,440,439,438,439,438,439,438,439,438,437,436,435,434,435,434,435,436,435,434,433,432,433,432,433,432,431,430,429,428,427,426,425,424,423,422,423,422,423,422,423,422,423,422,423,422,421,420,421,420,421,420,421,420,419,418,417,416,417,416,415,414,413,412,411,410,411,410,411,412,413,412,413,414,413,412,411,410,409,408,407,408,407,406,405,406,405,404,403,404,403,404,403,404,403,404,403,404,403,404,403,404,403,404,403,404,403,402,401,400,399,398,397,396,395,396,397,396,395,394,393,394,393,394,393,392,391,390,389,390,389,388,389,388,389,390,389,388,387,386,385,384,383,382,381,380,381,380,379,378,377,376,377,378,379,378,379,380,379,380,379,380,379,380,381,382,381,380,379,380,379,378,379,378,377,376,375,374,375,374,373,372,371,372,371,372,371,372,371,372,373,374,373,372,371,370,369,368,367,368,367,366,365,364,363,362,363,362,361,360,359,360,361,360,359,360,359,358,357,356,355,354,353,352,353,352,351,350,349,350,349,350,349,350,349,348,347,348,347,346,347,346,347,346,345,344,343,344,345,346,347,346,347,346,345,344,343,342,343,344,343,344,343,342,341,340,339,338,337,336,335,336,335,336,335,334,333,332,333,334,333,332,333,332,331,330,331,332,331,332,333,334,333,334,333,332,331,330,329,328,327,326,327,326,327,326,325,324,323,322,321,320,319,318,319,318,319,318,317,316,315,316,315,314,313,312,313,312,313,314,315,316,315,316,315,316,315,316,315,314,315,316,315,316,317,316,315,316,315,316,315,316,315,316,315,314,313,314,313,314,313,312,311,310,311,310,309,308,307,306,305,304,305,304,303,302,301,300,299,298,297,296,295,294,295,294,295,294,293,292,291,290,289,288,287,286,285,286,285,286,287,286,285,286,285,284,283,282,283,284,283,282,283,282,281,282,281,280,279,278,277,276,277,276,277,276,275,274,273,274,273,272,273,274,273,272,271,272,271,270,269,268,267,268,267,266,267,266,267,266,265,266,265,264,263,264,263,262,263,262,263,262,263,262,263,262,261,260,259,260,259,258,257,256,257,258,257,256,255,254,255,256,257,258,259,258,257,256,257,258,259,260,261,260,259,258,257,256,255,256,255,256,255,256,257,256,255,254,253,252,253,254,255,256,257,256,255,256,255,256,257,256,255,254,253,252,251,252,251,250,251,250,249,248,247,246,245,244,243,244,243,242,241,242,241,240,239,238,237,236,237,236,235,236,235,234,233,232,231,232,231,232,231,230,229,230,229,228,227,226,225,226,227,228,229,230,229,228,227,228,227,226,227,226,227,228,227,228,229,228,227,226,225,226,225,226,225,226,227,226,225,226,225,224,223,224,223,224,223,224,223,224,223,222,221,220,221,222,221,220,221,220,221,220,219,220,221,222,223,222,221,222,223,222,221,220,219,220,219,218,217,216,217,218,219,218,217,216,215,214,213,212,211,212,213,214,213,214,213,212,211,212,211,210,209,208,207,208,207,208,207,206,205,204,205,206,207,206,205,204,205,204,205,204,203,202,201,202,201,202,203,204,203,204,205,204,203,202,201,200,199,198,197,196,195,194,195,194,193,192,191,192,193,192,193,192,193,192,191,190,191,192,191,192,193,192,193,194,193,192,191,192,191,192,191,192,193,192,191,190,189,190,189,188,189,190,191,190,191,192,191,190,189,188,189,188,189,190,189,190,189,188,187,186,185,186,187,188,187,188,187,188,189,188,187,186,185,186,187,186,185,184,183,182,181,180,181,180,181,180,179,178,179,178,179,178,179,178,177,176,175,176,177,176,177,176,175,174,173,172,171,172,171,170,169,168,167,166,167,166,165,164,165,164,163,162,163,164,163,162,163,162,161,160,159,158,157,158,157,156,155,156,155,156,157,156,157,156,155,154,153,152,151,152,151,150,151,150,151,150,149,148,147,146,145,144,143,142,143,142,143,142,141,142,141,140,141,140,139,138,137,136,135,134,133,132,131,132,133,132,133,132,131,132,131,130,129,130,131,132,131,130,129,128,127,128,127,126,127,126,127,126,127,128,127,126,125,124,125,124,123,122,123,122,121,120,121,122,123,122,123,122,123,124,123,122,123,124,123,122,123,122,123,122,123,122,123,124,123,124,123,122,121,122,123,124,125,124,123,122,123,124,123,122,121,120,119,120,119,118,117,116,115,114,113,112,113,114,113,114,113,112,111,110,109,110,109,108,107,106,105,104,103,102,103,102,103,102,103,102,101,100,99,98,97,98,99,100,99,98,97,98,97,98,99,98,97,96,95,96,95,94,93,92,91,90,89,88,89,88,87,86,87,86,87,86,85,84,83,82,81,82,81,82,81,80,79,78,77,78,77,78,77,78,77,76,75,76,77,78,77,78,77,78,77,76,75,76,75,74,73,72,71,70,69,68,69,68,69,68,69,68,67,68,67,68,67,66,65,64,63,62,61,62,61,60,59,58,57,56,55,54,53,52,53,52,51,52,51,52,51,50,51,50,49,50,51,52,51,52,53,52,53,54,55,56,55,56,55,56,55,54,53,54,55,56,55,56,57,58,59,60,61,60,61,62,61,62,61,62,61,60,59,60,61,62,61,62,63,64,63,64,63,62,61,60,61,62,63,62,61,60,59,60,61,60,59,60,59,58,57,56,57,58,57,58,59,60,61,62,63,64,65,66,67,66,67,66,67,66,65,64,65,64,63,62,63,64,65,66,65,66,65,64,65,66,67,68,67,68,69,68,67,66,65,64,63,62,63,62,61,60,61,60,59,60,61,62,63,62,61,60,59,60,59,58,59,58,57,56,55,54,53,54,53,54,55,56,57,56,57,58,57,56,57,58,59,60,61,62,63,64,63,62,61,62,61,60,61,60,61,62,63,64,65,66,67,68,69,70,71,70,69,68,69,68,69,70,71,72,73,72,73,72,71,72,73,74,75,76,77,76,77,78,79,80,81,82,83,82,83,84,85,86,85,84,85,86,87,88,87,88,89,88,89,90,91,92,93,94,95,94,95,96,97,98,97,98,99,100,101,100,99,100,101,102,103,102,103,104,103,104,103,102,103,104,105,106,107,108,109,108,109,108,109,110,111,110,111,112,113,114,115,114,113,114,115,116,117,118,117,118,119,118,119,120,121,120,121,122,123,124,125,126,127,126,127,126,127,126,127,128,129,130,131,132,133,134,135,136,137,138,137,136,137,138,139,138,139,138,139,140,141,140,141,140,141,140,141,140,139,140,139,140,141,142,141,142,143,144,145,146,147,148,149,150,151,150,151,152,153,152,153,154,155,156,157,156,157,158,157,158,159,160,161,162,163,164,163,164,165,164,165,166,165,166,167,168,169,170,171,172,173,174,175,176,177,178,179,180,181,182,183,184,185,186,187,188,189,190,191,192,193,192,191,192,193,194,195,194,193,194,195,196,195,196,195,196,197,198,199,200,201,202,201,202,203,202,203,204,205,206,207,208,207,208,209,208,209,208,209,208,209,210,211,212,213,214,213,214,215,216,217,216,217,218,219,220,221,220,221,222,221,222,221,222,223,222,223,224,223,224,223,224,225,226,227,226,227,228,229,230,231,232,233,234,235,236,235,236,235,236,235,234,235,236,237,238,239,240,241,242,243,244,245,246,245,246,247,246,247,248,249,248,249,250,251,252,253,252,253,254,253,252,253,254,255,256,257,256,257,258,259,258,257,256,257,258,259,258,257,256,257,258,259,260,261,262,261,262,263,264,263,264,265,266,267,268,269,268,269,270,271,272,271,272,273,272,273,274,275,276,277,278,279,280,281,280,281,282,283,284,285,284,285,286,285,286,287,286,287,288,289,290,291,290,291,292,293,292,293,294,295,296,295,296,295,296,297,298,297,296,295,296,297,298,299,298,299,300,299,300,301,302,303,302,303,302,303,302,301,302,303,304,305,306,307,306,307,308,307,308,307,308,309,308,307,308,309,310,309,310,311,312,311,312,313,312,313,314,313,314,313,314,313,312,313,312,313,312,313,314,315,316,317,316,317,318,319,320,319,320,321,320,321,322,323,322,321,322,323,324,325,324,325,326,327,328,327,328,329,330,329,328,329,330,329,328,329,328,327,326,327,328,329,330,331,332,333,334,333,334,333,334,335,334,333,334,333,332,333,332,333,332,333,332,333,332,331,332,333,332,331,332,331,332,331,332,331,332,331,332,333,332,333,334,333,332,333,332,333,332,331,332,331,330,329,330,329,330,329,328,329,328,327,328,329,328,327,328,327,326,327,326,327,328,327,326,325,326,327,326,327,326,327,326,325,326,327,328,327,328,327,326,325,326,327,328,329,330,329,330,329,328,329,330,329,330,331,332,331,332,333,334,335,336,335,336,337,338,337,338,337,338,337,338,337,336,335,334,333,334,335,336,337,336,337,338,339,340,341,340,341,342,343,342,341,342,343,344,343,342,343,344,345,344,345,344,345,346,345,346,345,346,347,348,349,350,351,350,351,350,351,352,353,354,353,352,353,354,353,354,355,356,357,356,355,356,357,358,359,358,357,356,357,358,359,360,359,360,361,360,359,360,361,362,361,360,361,362,363,364,365,364,363,364,365,364,365,364,363,362,363,364,365,366,365,366,367,368,369,370,371,370,371,372,373,372,373,374,373,374,375,374,375,376,375,376,375,376,377,376,377,378,379,380,381,382,381,382,383,384,383,382,383,384,385,384,385,384,385,386,387,388,387,386,387,386,387,388,389,390,391,390,391,390,391,392,393,392,393,394,393,394,395,394,395,394,395,396,397,396,395,396,397,398,397,396,395,394,393,392,391,392,391,392,391,390,389,388,389,390,391,392,393,392,391,392,391,392,391,392,393,392,391,392,391,392,391,390,389,390,391,392,391,390,391,390,389,390,389,390,391,390,391,392,391,390,391,390,391,390,391,390,389,390,389,388,387,386,385,384,385,386,387,388,389,390,389,390,391,390,391,392,391,390,391,392,391,392,391,390,389,390,389,388,389,390,391,390,389,388,389,388,387,386,385,384,385,386,387,386,385,386,385,386,387,388,389,390,391,392,393,392,393,394,393,394,395,394,393,394,393,392,391,390,389,390,389,390,391,390,391,392,391,390,389,390,391,392,391,390,389,388,387,388,387,386,385,384,383,382,383,382,383,384,385,384,383,382,381,380,379,380,379,378,377,376,375,376,377,378,377,378,377,376,377,376,375,374,375,374,375,374,373,372,373,374,373,372,373,374,373,372,373,372,373,372,373,372,373,374,373,372,373,374,373,374,373,372,371,370,369,368,369,368,369,370,371,372,371,370,371,370,371,372,371,370,371,370,371,372,373,374,375,376,377,376,377,378,377,378,379,378,379,380,381,382,383,382,381,380,381,380,381,382,383,384,383,384,385,384,383,384,385,386,387,386,387,386,387,388,389,388,389,390,391,390,389,388,389,390,391,390,391,392,391,390,389,390,389,388,389,388,389,390,389,390,389,390,391,390,391,390,391,392,391,392,393,394,393,394,393,394,393,394,395,396,397,398,397,398,399,400,399,400,399,400,401,402,403,402,403,402,403,402,401,400,399,400,399,400,401,402,403,404,403,402,403,402,403,402,401,402,403,402,401,400,399,400,401,400,401,402,403,404,405,404,405,404,405,406,405,404,403,404,405,404,403,404,403,402,403,402,401,402,403,402,403,402,401,400,401,402,401,400,399,400,401,402,401,400,401,402,401,402,401,400,399,400,401,400,399,400,399,400,399,400,401,400,399,398,397,398,399,400,399,400,401,400,401,400,401,402,401,400,401,402,403,402,403,404,403,404,405,404,405,406,405,406,407,408,409,408,407,408,407,406,407,406,407,408,409,410,409,410,411,412,411,410,411,412,413,414,413,414,413,414,415,416,417,416,415,414,413,414,415,416,415,414,413,414,413,412,413,412,413,414,415,414,413,414,413,414,415,414,415,416,415,414,415,414,415,414,415,414,415,414,413,412,411,410,411,412,413,412,413,414,415,416,417,418,417,418,419,418,419,418,417,416,417,416,417,418,419,418,417,418,417,418,419,418,419,418,419,420,421,420,419,420,421,420,419,418,419,420,419,418,419,420,419,420,419,420,419,420,419,420,421,422,423,422,421,420,419,420,419,418,419,420,421,422,421,422,421,422,421,420,419,420,419,420,419,420,421,420,419,418,419,420,419,420,419,420,421,420,421,420,419,420,419,420,421,422,423,424,423,424,425,424,423,424,423,424,425,424,425,426,425,426,427,426,427,426,427,428,427,428,429,428,429,430,429,428,427,428,427,426,427,426,427,428,429,430,429,430,429,430,431,432,431,432,431,430,429,430,429,428,429,430,429,430,431,430,431,430,429,430,429,428,427,428,427,428,427,426,425,426,425,426,425,426,425,424,425,426,425,426,425,426,427,428,427,428,429,430,429,428,429,428,429,430,431,430,431,432,433,432,431,432,433,432,431,430,431,430,431,430,431,430,429,430,429,428,429,430,429,428,427,426,425,426,427,426,425,424,423,424,423,422,421,422,423,424,425,426,427,428,427,426,425,424,423,424,425,424,423,422,423,422,421,422,423,422,421,422,421,420,419,418,419,420,419,418,419,420,419,418,417,418,419,418,419,420,419,418,419,420,419,418,417,418,419,420,421,420,421,422,421,420,419,420,421,420,421,420,421,420,419,418,417,418,417,416,415,414,413,414,413,412,411,410,411,410,411,410,411,410,409,408,407,408,407,406,405,404,403,404,403,402,401,400,401,400,401,402,401,400,401,400,401,400,401,402,401,402,403,402,403,402,401,400,399,400,399,398,397,398,397,398,399,400,401,400,399,400,401,400,399,400,401,402,401,400,401,400,399,398,397,396,397,396,395,394,393,394,393,392,391,392,393,392,391,392,393,392,393,394,393,392,391,390,389,390,389,388,389,390,389,388,387,386,385,386,385,384,383,382,383,382,383,382,383,382,383,382,383,382,381,382,381,382,381,380,381,380,379,378,377,378,377,378,377,376,375,374,375,374,375,374,375,374,373,372,371,372,371,370,369,368,367,366,367,366,367,366,365,366,365,364,363,364,365,364,363,362,363,364,363,362,361,360,359,360,359,358,357,356,357,356,355,354,353,352,353,352,351,350,351,352,353,352,353,352,351,350,351,350,349,348,349,348,347,346,347,348,347,346,347,346,347,348,347,346,345,344,343,342,341,342,343,342,341,340,341,340,341,340,339,338,337,338,337,338,337,338,337,336,335,334,335,334,335,336,337,338,339,340,341,340,339,338,337,338,339,338,339,338,337,336,335,334,335,336,337,336,337,338,339,340,339,338,337,336,337,336,337,336,337,336,337,336,335,336,335,336,337,336,335,334,333,332,331,332,331,332,331,330,331,330,329,328,329,328,327,326,325,324,325,324,323,322,321,322,321,322,321,322,323,324,323,322,321,320,321,320,319,320,319,318,319,318,317,316,315,316,315,316,315,316,315,314,313,312,313,312,313,312,311,310,311,310,311,310,311,310,311,310,311,312,311,312,311,312,311,312,313,312,311,310,311,310,309,310,309,310,311,312,311,310,309,310,309,310,309,310,309,310,311,312,311,312,313,314,313,314,315,316,317,318,317,318,319,320,321,320,319,320,319,320,321,322,321,322,323,322,321,322,321,322,323,324,323,322,323,324,325,324,325,326,325,326,327,328,329,328,329,330,329,328,327,328,329,330,331,330,331,332,333,334,333,334,335,334,335,336,337,336,337,336,337,338,337,338,339,340,339,340,341,342,341,340,341,342,341,342,343,342,343,344,343,344,345,346,347,346,345,346,345,346,347,346,347,348,349,348,349,350,349,350,351,352,353,352,351,350,351,352,353,354,355,356,357,358,359,358,357,356,357,356,357,358,359,360,361,362,363,362,363,362,363,364,363,362,363,362,363,362,363,364,365,366,367,366,367,366,365,366,367,368,369,370,371,372,373,372,373,374,373,374,375,376,377,376,375,374,373,372,373,374,373,372,371,370,371,372,373,374,375,376,375,374,373,374,375,376,375,376,377,378,377,378,377,376,375,374,373,374,375,376,377,378,377,376,377,376,377,378,379,380,381,382,381,380,379,380,381,380,381,380,381,382,381,382,383,384,385,386,385,384,385,386,387,388,389,390,391,392,391,392,393,392,393,392,391,392,393,392,393,394,393,394,395,396,395,394,395,396,397,398,397,398,397,398,399,398,399,400,401,402,403,404,405,404,405,404,405,406,407,406,407,406,407,408,407,408,409,410,411,410,411,410,411,412,413,414,415,416,415,414,415,416,415,414,415,416,415,416,417,418,417,416,415,416,415,414,415,414,415,416,415,414,415,416,417,416,417,418,419,420,421,420,419,420,421,422,423,422,423,424,425,426,427,426,427,428,429,430,431,430,429,430,431,432,431,432,431,432,433,434,433,432,431,432,433,434,433,434,433,434,433,434,435,434,435,436,437,436,435,434,433,434,433,434,435,436,435,436,435,436,435,436,437,438,439,440,439,438,439,440,439,440,439,440,441,442,443,444,445,446,445,446,447,448,449,450,449,450,449,448,449,450,451,452,453,454,453,454,453,452,451,450,449,450,451,452,453,452,451,450,449,450,451,452,453,454,453,454,455,456,455,456,457,458,457,458,457,456,455,454,455,454,455,456,455,456,455,456,455,454,455,456,457,458,459,460,461,460,461,460,461,462,463,464,465,464,465,464,465,466,467,466,467,468,467,468,467,468,469,470,471,470,471,472,473,474,473,474,475,474,475,476,477,476,477,476,477,478,477,478,479,480,481,482,483,482,483,484,485,486,487,488,487,488,487,488,489,488,489,488,487,488,489,490,489,490,489,490,491,490,489,490,491,492,493,492,491,492,493,494,493,492,491,490,491,492,493,494,495,496,497,496,497,496,495,494,493,492,493,494,495,494,493,492,493,494,495,496,497,496,495,496,495,494,495,496,497,498,497,496,495,494,495,496,495,496,497,498,499,500,501,500,499,498,497,496,497,498,499,500,501,502,501,500,499,498,499,500,501,500,499,498,499,498,499,498,497,498,499,500,501,502,503,502,503,504,505,506,507,508,509,510,509,510,509,508,509,510,511,512,513,512,511,510,511,512,513,514,515,514,515,514,513,514,515,516,515,516,517,518,519,518,519,520,519,520,521,520,519,520,519,520,521,522,523,524,525,524,523,524,523,524,523,524,523,522,523,522,523,522,521,522,523,522,523,522,523,524,525,524,523,524,525,524,523,524,525,526,527,528,527,528,529,528,529,528,527,528,529,530,529,528,527,528,529,530,529,530,531,532,533,532,533,532,531,532,533,534,533,534,533,532,531,532,533,532,533,534,535,536,537,536,537,538,539,540,539,540,539,540,541,540,541,540,541,542,543,544,543,544,545,546,545,546,545,546,545,546,547,548,547,546,547,548,547,548,549,548,549,550,549,550,551,552,551,552,551,552,553,552,553,552,551,550,549,548,549,550,551,552,553,554,555,554,555,554,553,554,555,556,557,556,557,556,557,556,557,556,557,558,557,556,557,556,557,558,557,558,557,558,557,556,557,556,555,554,553,552,551,552,553,552,551,550,551,552,551,550,551,550,551,552,551,552,553,552,553,552,551,552,551,550,551,550,551,552,551,552,553,554,555,556,557,558,557,558,559,560,561,560,561,560,561,562,563,564,563,564,563,562,563,564,563,564,565,564,565,566,567,566,567,568,567,568,569,568,569,570,569,568,567,566,567,568,569,570,571,572,571,572,571,572,573,572,571,572,573,572,571,572,573,574,575,576,577,578,577,578,579,580,579,578,579,580,579,580,581,582,581,580,581,580,581,582,583,584,585,586,587,586,587,586,587,588,589,590,591,592,591,592,591,592,591,592,593,592,591,590,591,590,589,588,589,588,587,588,589,590,591,590,589,590,591,592,593,592,593,592,593,594,593,594,595,596,597,596,595,594,595,596,595,594,595,596,597,598,597,598,599,600,601,600,599,598,597,598,599,598,597,598,597,596,597,598,597,598,597,596,595,596,595,594,595,596,597,598,599,600,601,600,601,602,601,602,601,602,603,602,601,602,603,604,605,604,605,604,603,602,603,604,605,606,605,604,605,604,603,604,603,602,603,602,603,602,603,602,603,604,605,606,607,606,607,606,607,608,607,606,605,604,603,604,605,604,605,604,605,606,607,606,607,606,605,606,607,608,607,608,607,606,605,604,603,604,603,604,603,604,605,604,605,606,605,606,605,604,605,606,607,608,609,608,607,606,605,604,605,606,605,604,603,602,603,602,603,602,601,602,601,602,601,602,601,602,603,604,603,604,603,604,603,604,605,606,605,604,605,604,605,604,603,602,603,602,603,604,605,604,603,604,603,604,603,604,605,606,605,606,607,606,605,604,605,606,607,606,607,606,605,604,605,604,605,604,603,602,603,604,605,604,603,602,601,600,601,602,601,600,601,602,603,602,603,604,603,604,605,604,603,602,601,600,599,600,601,600,601,600,601,600,601,600,599,600,601,600,599,600,599,600,601,600,601,602,603,602,603,602,601,600,599,598,599,598,599,598,597,596,595,596,595,594,595,596,597,596,595,594,593,594,595,594,593,592,593,592,591,592,593,594,593,594,595,596,595,596,597,598,597,598,599,598,599,598,597,598,599,598,599,598,599,598,597,598,597,596,595,596,595,594,595,596,595,594,595,596,595,594,595,596,597,598,597,596,595,596,595,594,595,594,593,592,593,594,595,596,595,596,597,596,597,596,597,598,597,596,597,598,599,598,599,600,599,598,599,600,599,598,599,600,599,598,599,598,597,598,599,600,601,602,601,600,599,600,599,600,599,600,599,600,599,600,601,602,601,600,601,602,603,602,603,604,603,604,603,604,605,606,605,604,605,606,605,606,605,604,603,602,603,604,605,604,603,604,605,606,605,604,605,604,605,606,605,604,603,602,603,604,603,602,603,604,603,602,601,600,601,602,601,600,601,602,601,602,603,604,605,606,607,608,607,608,609,610,609,610,611,612,613,612,611,610,611,612,613,614,613,612,611,610,609,610,609,610,611,610,609,610,609,610,609,610,609,610,609,608,607,608,609,608,607,608,609,608,607,606,607,608,609,608,609,610,611,612,611,612,613,612,613,614,613,612,613,614,615,614,613,614,615,616,615,614,613,614,615,616,615,614,615,616,617,618,619,620,621,620,619,618,617,618,617,618,619,618,619,620,619,618,617,616,617,618,619,620,621,622,623,624,625,624,623,624,625,624,623,624,625,626,625,626,627,628,627,628,629,630,629,630,629,628,627,626,627,628,629,628,627,626,627,628,629,630,629,630,631,630,631,632,631,632,631,632,631,632,633,634,633,632,633,632,631,632,633,634,633,634,635,634,635,634,633,634,633,632,633,632,633,634,633,634,633,632,631,632,631,630,629,630,629,628,627,626,627,628,629,628,627,628,627,628,627,628,629,628,627,626,625,624,623,622,623,624,623,624,623,624,623,622,621,622,621,622,623,624,623,624,625,626,627,626,625,626,627,628,629,630,631,632,633,634,635,636,637,638,639,640,641,642,643,644,645,646,647,648,647,648,649,650,651,652,653,654,655,654,653,654,655,656,657,658,659,660,659,660,661,662,663,664,665,666,665,666,667,668,669,668,667,668,669,670,669,670,671,670,671,670,671,672,673,672,673,674,675,676,677,678,679,680,681,680,679,680,681,682,681,680,679,680,681,682,681,682,683,684,685,686,687,688,689,690,691,692,691,690,691,690,691,692,693,694,693,694,695,696,697,698,699,700,701,702,703,702,703,702,703,702,703,702,701,702,703,704,703,702,703,702,701,702,701,702,701,700,701,702,701,700,701,700,701,700,699,698,699,698,697,698,699,698,697,696,697,698,697,696,697,698,699,700,699,698,699,698,697,696,697,696,695,696,697,696,697,696,695,696,697,696,695,694,693,692,693,692,691,690,689,688,689,690,689,688,689,688,687,688,687,686,685,686,685,684,683,684,685,686,685,684,685,684,685,684,685,686,687,688,687,688,687,688,687,686,687,686,687,686,687,688,687,688,689,688,687,688,687,686,687,688,687,686,687,686,687,688,687,686,685,684,683,684,685,686,687,688,687,686,687,688,689,688,687,688,687,688,689,688,689,688,689,690,691,692,691,690,691,690,691,690,691,692,691,692,691,690,691,692,691,692,693,692,693,692,691,690,691,690,689,690,689,690,689,688,687,686,687,686,685,686,687,688,689,688,689,690,691,690,689,690,689,688,687,688,687,688,687,688,689,688,689,688,689,688,687,688,689,688,689,688,687,688,687,686,687,688,687,686,687,688,687,686,687,686,685,684,683,682,681,682,681,680,681,680,681,680,679,678,679,678,679,680,679,678,679,678,679,678,677,678,677,676,677,676,675,676,677,678,677,678,677,676,677,676,677,676,675,676,675,674,675,674,673,672,673,672,673,672,671,670,671,670,671,670,669,670,671,670,671,672,671,670,669,670,669,670,671,670,671,672,671,672,671,672,673,674,673,674,673,672,673,672,673,672,671,670,671,672,673,674,673,672,673,672,671,672,673,672,673,672,673,672,673,672,671,670,671,670,669,668,667,666,667,666,665,664,663,664,663,662,661,662,661,660,661,660,659,660,659,658,657,656,655,654,655,654,655,656,657,656,657,656,657,656,655,654,653,652,653,652,653,652,653,652,653,652,653,652,651,650,649,648,647,646,647,648,647,648,647,648,649,650,651,652,651,650,651,650,651,652,653,654,655,656,657,656,657,658,659,660,661,662,661,662,661,662,663,662,663,664,663,664,665,664,665,666,665,666,665,664,663,664,665,666,667,666,667,666,665,664,663,662,661,660,661,662,663,662,663,662,663,662,663,664,665,666,667,666,665,664,663,664,665,666,667,666,667,668,669,668,669,670,671,670,671,672,671,672,671,672,673,674,675,676,675,676,677,678,677,678,677,676,677,678,679,680,681,682,683,684,685,684,683,682,683,684,685,686,687,686,687,688,689,690,689,690,691,692,691,690,691,692,693,694,695,696,697,698,699,700,699,700,701,702,701,702,701,700,701,702,701,700,701,700,699,700,701,700,699,700,701,700,699,700,701,700,699,700,701,702,703,702,703,702,703,704,705,706,707,706,707,708,707,708,709,710,711,710,711,712,711,712,713,714,713,712,713,712,711,710,711,712,713,714,713,714,713,714,713,714,715,714,715,714,715,716,715,714,715,716,715,714,713,714,715,714,715,716,715,714,713,714,715,716,715,714,713,714,713,712,713,714,715,716,715,714,715,716,717,716,715,716,717,716,715,716,715,714,715,716,715,714,715,714,715,714,713,714,715,714,713,714,715,714,715,714,713,712,713,712,711,712,711,712,713,714,713,714,713,714,715,716,715,714,713,712,711,712,711,712,711,710,711,712,711,712,711,712,711,710,709,710,711,710,709,710,709,708,707,708,709,708,709,708,709,708,707,708,707,708,707,706,705,704,703,702,703,704,703,702,703,702,701,702,701,702,701,700,699,700,699,700,699,698,697,698,697,696,697,696,697,696,697,696,695,696,695,696,695,696,695,694,695,694,693,692,693,692,691,690,691,690,689,690,689,690,689,688,689,688,687,686,687,686,685,686,687,686,687,686,685,686,685,686,687,686,685,686,685,684,685,686,685,684,683,682,683,682,681,682,683,682,683,682,681,682,681,680,681,682,681,682,681,680,681,680,679,680,679,680,681,680,679,680,681,682,683,682,681,682,681,680,681,680,679,680,679,680,681,682,683,682,681,680,681,680,681,680,679,680,681,680,681,682,681,680,681,680,679,680,679,680,679,680,679,680,681,682,683,682,681,682,681,680,681,680,681,682,681,680,681,680,679,680,679,680,681,680,679,680,679,680,681,682,681,680,681,680,681,682,681,682,681,680,679,680,679,678,679,678,677,676,675,676,675,676,677,678,679,680,679,678,679,678,677,678,677,676,677,676,677,678,677,676,677,678,677,678,677,678,679,680,679,678,679,680,681,680,679,680,679,678,679,678,677,678,677,676,677,678,677,678,679,678,679,678,677,678,679,680,681,680,679,680,679,678,679,680,679,680,679,680,679,680,679,678,679,678,679,680,681,682,681,682,683,682,681,682,681,680,681,680,679,680,679,678,679,678,679,678,679,678,679,680,679,680,679,678,679,678,677,676,677,676,677,678,677,678,679,680,679,680,681,680,679,678,679,678,677,678,679,678,679,680,681,680,679,678,679,680,679,680,679,680,681,680,679,678,679,678,679,680,679,678,677,676,677,676,677,676,675,674,675,674,673,674,675,674,675,674,675,676,675,674,675,674,675,674,673,672,673,674,673,674,673,674,673,672,673,674,675,674,675,676,675,674,675,674,673,672,673,674,673,672,671,672,671,672,673,672,673,672,671,670,669,670,669,670,669,670,669,670,669,668,669,668,667,666,667,668,667,668,669,668,667,666,665,664,665,664,665,666,665,666,665,664,665,666,665,664,663,664,665,664,663,664,663,662,663,662,661,660,659,660,661,660,659,660,661,660,659,660,659,660,661,662,661,660,659,660,659,658,659,658,657,658,657,656,655,656,657,658,657,656,655,654,653,652,651,650,651,652,651,652,653,652,651,650,651,652,653,652,651,650,649,650,649,648,647,648,649,648,649,648,649,648,647,648,647,646,647,648,647,646,645,646,647,646,645,646,647,648,647,646,645,644,645,644,645,646,647,646,647,646,645,646,645,646,647,646,645,644,643,644,643,642,643,642,643,642,641,642,643,644,645,644,643,642,643,642,641,642,643,642,641,642,641,642,641,640,641,640,641,640,639,638,637,636,635,636,637,638,637,636,637,638,639,638,637,638,637,638,637,638,637,638,637,638,637,636,637,636,637,636,637,638,637,636,635,634,635,634,633,632,633,634,633,632,633,632,631,632,631,630,629,628,629,630,629,630,629,628,627,628,627,626,627,626,625,624,625,624,625,626,625,624,625,624,625,624,623,622,623,624,623,624,623,622,621,620,619,618,617,618,617,616,615,614,615,616,615,614,615,616,615,616,615,616,617,618,617,618,617,616,617,616,615,616,615,614,613,614,613,614,615,614,615,614,615,614,613,614,613,612,611,610,611,610,609,610,609,610,611,612,611,610,609,608,607,606,605,604,603,604,603,604,605,604,605,606,605,604,605,604,603,602,603,602,603,604,605,606,607,606,605,604,603,602,601,602,603,604,603,602,601,600,601,600,601,600,599,598,597,596,597,598,597,596,595,594,593,594,593,594,593,594,593,594,593,592,591,592,591,592,591,592,591,590,591,592,593,594,593,592,591,592,591,590,591,590,591,590,591,590,589,590,591,590,589,588,589,588,587,588,589,590,589,590,589,590,591,590,591,590,591,590,591,592,591,590,589,590,591,592,593,592,591,590,591,592,593,592,593,594,595,596,597,596,597,598,599,600,601,600,601,602,603,604,605,606,607,608,609,610,611,610,611,612,611,612,613,612,613,614,615,616,617,618,619,620,619,620,619,620,619,620,619,618,619,618,617,618,617,618,617,616,617,618,617,618,619,620,621,622,623,624,625,626,627,628,629,630,631,630,629,630,631,632,633,632,631,630,631,632,633,632,633,634,635,634,635,636,635,634,635,636,637,638,637,638,639,640,641,642,641,642,643,644,645,646,647,648,647,648,647,648,649,650,651,650,651,650,651,652,653,654,655,656,655,654,655,656,657,658,657,658,659,660,661,662,663,664,665,666,667,666,667,668,669,668,667,668,669,668,667,668,669,668,667,668,667,666,667,666,665,666,667,668,669,668,667,668,667,666,667,666,667,666,667,668,667,668,669,670,669,670,671,672,673,672,671,670,669,670,671,672,671,670,669,670,671,670,671,672,671,672,671,670,669,670,671,670,669,670,671,672,673,674,673,672,673,672,671,670,669,670,671,672,673,672,671,670,669,668,669,670,671,672,671,672,671,672,673,674,673,672,671,672,671,670,671,672,671,670,671,672,671,670,669,670,671,670,671,672,673,672,673,674,673,672,673,674,675,674,673,672,673,674,673,674,673,672,673,672,671,672,673,672,671,672,671,672,673,674,673,672,673,672,671,672,671,670,671,670,669,670,671,670,671,672,673,672,673,674,675,674,673,674,675,674,675,676,677,676,677,678,679,678,679,680,681,680,681,682,681,682,683,684,685,686,685,686,687,688,687,686,687,688,689,690,689,688,689,690,689,688,689,690,691,692,693,694,695,696,697,698,699,700,701,702,703,702,703,704,705,706,705,706,705,706,705,706,705,704,705,704,703,704,705,704,705,706,705,704,705,704,703,702,703,704,705,704,703,704,703,702,703,702,703,702,701,700,699,698,699,700,699,700,699,698,697,696,695,696,697,698,699,700,701,702,701,700,701,702,701,702,703,704,705,704,705,704,705,704,705,706,707,706,705,704,703,704,703,702,701,702,703,704,703,704,703,702,701,702,703,702,703,702,701,702,701,702,701,702,703,704,705,706,707,706,705,704,705,706,707,708,709,708,707,706,705,706,705,706,707,708,707,706,705,706,705,706,705,706,707,706,707,708,707,708,707,706,705,706,705,706,705,704,703,702,701,702,701,702,701,702,701,702,701,700,701,702,701,702,703,702,703,704,703,702,703,702,703,704,705,704,705,704,705,704,705,704,703,704,705,704,703,704,703,704,703,704,703,704,703,704,703,704,703,702,703,704,705,706,707,706,707,708,709,710,711,712,711,710,709,710,711,712,713,714,713,712,713,714,713,712,713,714,713,714,715,716,715,716,715,716,717,718,719,720,721,722,723,724,723,724,725,726,727,726,727,728,729,730,729,728,729,730,729,728,727,728,727,728,729,730,731,730,729,730,731,732,733,732,733,734,735,736,735,736,737,736,737,738,739,738,739,740,739,738,739,740,739,740,739,738,739,738,737,736,735,736,737,738,739,740,741,742,741,742,743,744,743,742,741,742,743,744,745,746,747,748,749,748,749,748,749,748,749,748,749,750,749,750,749,748,749,750,749,748,747,748,747,746,745,744,743,744,745,744,745,744,745,744,743,744,743,744,745,744,743,744,743,742,743,742,741,742,741,742,741,740,739,738,739,738,737,738,737,736,735,734,735,734,733,732,733,732,733,732,731,732,731,732,731,732,731,730,731,732,731,730,729,728,727,728,727,726,725,726,727,726,727,728,727,726,727,726,725,724,723,722,723,724,723,724,723,724,723,724,723,722,723,722,721,722,723,722,721,722,723,722,723,722,721,722,721,722,723,722,723,722,723,724,723,722,723,722,723,724,725,726,727,728,729,730,731,730,729,728,729,728,729,730,729,728,729,730,729,728,727,728,727,728,727,728,729,730,731,730,731,732,733,734,735,734,735,734,735,734,733,734,735,734,735,734,735,736,737,736,735,734,733,732,733,732,733,732,733,732,731,732,731,732,731,732,733,732,733,732,731,732,731,732,733,732,731,732,731,732,733,732,733,732,733,734,733,732,733,732,731,732,731,732,733,734,733,732,731,732,731,732,731,730,729,728,729,730,731,730,729,730,731,730,729,728,729,730,731,732,731,730,731,730,731,732,731,730,731,730,731,730,731,732,733,732,733,734,735,736,737,736,737,738,737,738,739,740,741,742,743,744,743,744,745,746,745,746,745,746,747,748,749,750,751,752,751,752,751,752,751,752,751,752,751,752,751,752,753,754,755,754,753,752,753,754,755,756,755,756,757,756,757,758,757,758,759,760,759,760,761,760,761,760,761,762,763,762,763,764,763,762,763,764,763,762,763,764,765,764,765,766,767,768,769,770,771,770,769,770,769,770,769,770,771,770,771,772,773,774,775,774,775,776,777,776,777,778,777,778,777,778,779,778,779,778,779,780,781,782,781,780,781,780,781,782,781,782,783,784,783,784,783,782,783,784,783,784,785,784,783,784,783,782,783,784,783,782,783,784,783,784,785,784,783,784,783,784,783,784,783,784,785,786,787,786,785,786,785,784,783,784,783,784,785,784,783,784,783,784,783,782,783,784,785,784,783,784,785,786,785,784,785,784,785,786,787,788,789,790,791,790,789,790,791,790,789,790,791,790,789,790,791,792,793,792,791,792,793,794,795,794,795,794,795,794,793,794,793,794,795,794,793,792,791,792,791,790,789,790,789,790,789,788,787,788,787,786,785,784,785,784,785,784,785,784,785,786,785,786,787,786,785,784,785,784,783,782,781,782,783,782,781,782,783,784,783,782,781,782,781,780,779,780,781,782,783,782,783,784,783,784,783,782,781,780,781,780,781,780,779,778,777,776,777,778,777,776,775,774,775,776,775,776,777,778,777,776,775,776,775,776,775,776,775,776,775,774,773,772,771,772,771,772,771,770,769,768,769,768,767,768,767,768,769,768,769,768,769,768,767,766,765,766,765,766,767,766,767,768,767,766,765,766,765,764,765,766,767,768,767,766,765,764,765,766,767,766,765,764,765,764,765,764,763,764,763,762,763,762,763,762,763,762,761,762,761,760,759,758,759,758,759,758,757,756,755,754,755,756,757,756,757,756,757,756,755,754,753,752,751,752,751,750,751,752,751,752,751,752,751,752,751,750,751,752,751,752,753,752,751,750,751,752,753,752,751,750,751,752,753,754,755,754,753,754,755,756,757,758,759,758,759,758,757,756,757,758,759,758,759,758,759,760,761,762,761,762,763,762,761,762,763,762,763,764,765,764,763,762,763,764,763,764,763,764,763,764,763,762,761,762,763,762,761,762,761,762,761,760,761,762,763,764,765,764,763,764,765,766,767,768,767,766,767,768,767,768,769,770,771,772,773,772,771,770,769,770,771,770,771,770,771,772,771,770,771,772,773,772,771,770,769,770,771,770,769,770,771,772,771,772,773,772,771,770,769,770,769,770,771,772,771,770,771,772,771,772,773,772,773,774,775,776,777,776,777,778,779,780,779,780,781,782,781,782,781,780,781,782,783,782,783,782,781,780,781,782,783,784,783,782,783,782,783,782,781,782,781,780,779,778,777,776,777,776,777,776,775,776,777,776,777,778,779,780,781,782,781,782,781,782,781,780,781,780,781,782,781,782,783,782,781,780,781,780,781,782,781,780,781,782,783,784,783,784,785,786,787,788,789,788,789,790,789,788,789,790,789,790,789,788,789,788,787,788,787,786,785,786,787,788,787,788,789,788,789,790,791,792,791,792,793,792,793,792,793,794,795,796,795,794,795,796,797,796,795,796,795,796,795,796,797,796,797,798,797,796,797,798,797,798,799,800,799,798,799,800,801,800,801,802,801,800,801,802,801,802,801,800,801,802,801,802,801,802,803,804,805,804,805,804,803,804,803,804,805,806,805,806,807,808,807,806,807,808,807,808,809,810,809,810,811,812,813,814,813,814,813,814,815,814,815,816,817,818,819,820,821,820,819,820,821,822,821,822,823,824,825,824,825,826,825,826,827,828,829,828,827,828,829,830,831,832,833,832,831,830,829,828,827,826,827,828,827,826,825,826,827,826,825,826,827,828,827,826,827,826,827,826,825,824,825,824,823,822,823,822,823,824,823,822,823,822,823,824,823,824,823,822,823,822,823,822,823,822,821,820,819,820,819,818,819,818,817,818,819,818,819,818,817,816,815,814,815,816,815,814,815,814,813,814,813,814,813,812,813,812,811,812,811,810,811,812,811,810,811,810,809,808,807,806,807,806,807,808,809,810,811,812,813,812,813,814,815,816,817,818,819,818,819,820,819,820,821,822,821,820,819,820,821,822,821,822,823,824,825,826,827,828,829,828,829,830,831,832,833,834,835,834,833,834,835,836,835,836,837,836,837,836,837,838,837,836,837,838,839,838,839,840,839,840,841,840,839,840,839,840,841,842,841,840,841,842,843,844,845,846,847,848,849,850,851,850,849,850,851,852,853,854,855,854,855,854,855,856,857,858,859,860,861,862,863,862,863,862,863,862,861,860,861,862,863,862,861,862,863,862,861,860,861,860,861,862,863,864,865,866,865,864,863,864,865,866,867,866,867,868,867,866,867,868,869,870,871,870,869,868,867,868,869,870,871,872,873,874,875,876,877,878,879,880,879,878,877,878,879,880,879,878,879,880,881,882,881,882,881,882,883,884,885,886,887,886,887,886,887,888,889,890,889,890,891,890,891,890,891,892,893,894,895,896,895,894,893,892,891,892,891,892,893,892,891,892,891,892,891,890,891,892,891,892,891,892,893,894,895,896,897,898,897,896,895,894,895,894,895,894,895,896,895,896,895,896,895,896,897,898,899,898,897,896,897,898,899,900,901,902,903,904,903,904,905,904,903,902,903,904,903,904,905,906,905,906,905,906,907,908,909,910,911,912,913,912,911,910,911,912,911,912,911,912,911,910,909,910,911,912,913,914,915,914,915,914,915,914,915,916,917,916,915,916,917,918,917,916,915,916,917,916,915,916,915,916,917,918,919,920,919,920,921,922,923,922,923,924,925,926,927,926,927,928,929,930,929,930,931,932,933,934,935,934,933,932,933,934,935,936,937,936,935,934,935,934,935,936,937,936,937,938,937,938,939,938,939,940,941,940,941,942,943,944,945,946,945,946,947,948,949,950,951,950,951,950,951,952,953,952,953,952,951,952,951,952,953,954,955,954,955,956,957,958,959,960,961,962,961,960,961,962,963,962,963,964,963,964,965,966,967,968,969,970,969,970,971,972,973,972,973,974,975,976,977,978,979,980,981,980,979,978,979,980,979,978,977,978,979,978,977,976,975,976,975,976,977,978,979,978,979,978,977,978,979,978,977,976,975,976,977,978,979,980,981,982,983,982,983,984,983,982,981,982,983,984,983,984,983,984,985,986,985,986,987,988,989,990,989,990,991,990,991,992,993,994,993,994,995,996,997,998,999,1000,1001,1002,1003,1004,1003,1002,1001,1002,1003,1002,1001,1002,1003,1002,1003,1004,1005,1006,1007,1008,1009,1010,1011,1012,1011,1012,1013,1014,1015,1014,1013,1014,1013,1012,1011,1012,1013,1014,1013,1014,1015,1016,1015,1016,1017,1018,1019,1020,1021,1020,1021,1022,1021,1022,1021,1022,1023,1022,1023,1024,1023,1024,1025,1026,1025,1026,1027,1028,1029,1030,1029,1030,1031,1030,1029,1028,1029,1030,1031,1030,1031,1032,1033,1034,1035,1036,1037,1036,1035,1034,1033,1034,1033,1032,1031,1030,1031,1030,1031,1030,1029,1030,1031,1030,1031,1032,1031,1032,1033,1034,1035,1036,1037,1038,1039,1038,1039,1038,1037,1038,1039,1040,1041,1040,1039,1040,1041,1042,1043,1044,1045,1044,1045,1046,1047,1048,1049,1048,1049,1050,1051,1052,1051,1050,1051,1052,1053,1054,1055,1054,1055,1056,1057,1058,1059,1060,1061,1062,1063,1064,1063,1062,1061,1062,1063,1064,1065,1066,1065,1066,1067,1068,1067,1068,1069,1070,1071,1072,1071,1070,1069,1070,1071,1070,1069,1070,1069,1070,1069,1070,1069,1070,1069,1068,1069,1070,1071,1072,1073,1072,1073,1074,1075,1076,1077,1078,1079,1080,1081,1080,1081,1080,1081,1082,1081,1082,1081,1082,1083,1082,1081,1082,1081,1080,1081,1082,1083,1084,1085,1086,1087,1086,1087,1088,1087,1088,1087,1086,1087,1088,1089,1090,1091,1092,1093,1094,1093,1094,1095,1096,1095,1094,1093,1094,1095,1094,1095,1094,1095,1096,1097,1098,1099,1098,1099,1098,1097,1098,1099,1098,1099,1100,1101,1102,1103,1104,1105,1106,1107,1106,1105,1104,1105,1106,1107,1108,1109,1110,1111,1112,1113,1112,1111,1112,1113,1114,1115,1114,1113,1114,1113,1114,1115,1116,1117,1116,1117,1118,1117,1118,1119,1120,1121,1122,1123,1124,1125,1124,1125,1124,1125,1126,1125,1124,1123,1124,1125,1126,1127,1126,1127,1128,1129,1130,1129,1130,1129,1130,1131,1130,1131,1132,1131,1132,1133,1134,1133,1132,1131,1130,1131,1132,1133,1134,1135,1136,1137,1138,1139,1140,1141,1142,1141,1140,1141,1142,1143,1142,1143,1144,1143,1144,1145,1146,1147,1146,1147,1148,1149,1150,1151,1152,1153,1154,1153,1154,1153,1154,1153,1154,1153,1154,1153,1154,1155,1156,1157,1158,1159,1160,1159,1160,1161,1162,1161,1162,1161,1162,1163,1164,1165,1166,1167,1168,1167,1166,1167,1168,1167,1168,1169,1170,1171,1172,1173,1174,1173,1174,1173,1174,1175,1174,1175,1176,1177,1178,1177,1178,1179,1180,1181,1182,1181,1182,1183,1184,1185,1184,1185,1186,1185,1186,1185,1186,1187,1186,1187,1188,1189,1190,1191,1192,1193,1194,1195,1196,1197,1196,1197,1196,1197,1198,1199,1200,1201,1202,1203,1204,1205,1206,1205,1204,1205,1206,1207,1208,1207,1208,1207,1206,1207,1208,1209,1210,1209,1208,1209,1208,1209,1210,1211,1212,1211,1212,1211,1210,1209,1210,1209,1208,1209,1208,1207,1206,1207,1206,1205,1204,1205,1206,1207,1208,1209,1210,1211,1210,1211,1212,1213,1212,1213,1214,1215,1214,1215,1214,1215,1214,1215,1214,1215,1214,1215,1216,1217,1218,1219,1218,1217,1216,1215,1214,1213,1214,1213,1214,1215,1216,1215,1216,1217,1218,1219,1218,1219,1220,1221,1222,1221,1222,1221,1222,1221,1222,1221,1222,1221,1222,1221,1222,1223,1224,1225,1224,1225,1224,1225,1226,1227,1228,1227,1226,1225,1224,1223,1224,1223,1224,1223,1224,1225,1224,1225,1226,1227,1228,1227,1228,1229,1228,1229,1228,1227,1226,1225,1224,1223,1222,1221,1220,1221,1220,1219,1220,1221,1220,1219,1218,1219,1220,1219,1218,1219,1220,1221,1222,1223,1224,1223,1224,1223,1224,1223,1222,1221,1220,1219,1218,1219,1220,1219,1220,1221,1220,1219,1220,1221,1222,1223,1222,1221,1220,1221,1220,1219,1218,1217,1216,1215,1214,1213,1214,1215,1216,1215,1214,1213,1212,1211,1210,1209,1208,1207,1208,1207,1208,1209,1210,1209,1208,1209,1208,1207,1206,1205,1204,1203,1204,1203,1202,1201,1200,1199,1198,1197,1196,1195,1196,1197,1196,1195,1194,1195,1196,1195,1194,1193,1192,1193,1192,1191,1190,1191,1190,1191,1192,1191,1190,1189,1188,1189,1188,1189,1188,1189,1188,1187,1186,1187,1188,1187,1188,1189,1188,1187,1186,1185,1186,1185,1184,1185,1186,1185,1184,1183,1182,1181,1180,1179,1180,1181,1180,1179,1178,1177,1176,1175,1176,1177,1176,1175,1174,1173,1174,1173,1172,1171,1172,1171,1170,1171,1170,1169,1170,1169,1168,1167,1166,1167,1166,1165,1164,1163,1162,1161,1162,1161,1162,1161,1160,1161,1160,1159,1160,1159,1158,1157,1156,1155,1154,1153,1152,1151,1150,1151,1150,1151,1150,1149,1148,1147,1146,1145,1144,1145,1146,1147,1148,1147,1148,1149,1148,1147,1146,1145,1146,1147,1146,1147,1146,1145,1146,1147,1146,1145,1146,1147,1146,1145,1146,1147,1148,1147,1146,1145,1146,1145,1144,1143,1144,1143,1144,1143,1142,1143,1144,1143,1144,1145,1144,1143,1142,1141,1142,1141,1142,1141,1142,1143,1144,1143,1144,1143,1144,1143,1144,1143,1144,1143,1144,1143,1142,1143,1142,1143,1144,1143,1142,1143,1144,1145,1144,1143,1142,1143,1144,1145,1146,1147,1146,1145,1146,1147,1146,1147,1146,1147,1146,1145,1146,1147,1148,1149,1148,1147,1146,1145,1144,1145,1144,1143,1144,1143,1142,1141,1142,1141,1142,1141,1140,1139,1138,1137,1136,1135,1134,1133,1134,1135,1134,1135,1134,1135,1136,1135,1136,1135,1134,1133,1132,1131,1130,1131,1130,1129,1128,1129,1128,1127,1128,1127,1128,1127,1126,1125,1124,1125,1124,1125,1124,1123,1122,1121,1120,1119,1120,1121,1120,1119,1120,1119,1120,1119,1120,1121,1120,1119,1120,1121,1122,1121,1120,1121,1120,1119,1118,1119,1118,1117,1116,1115,1114,1115,1114,1113,1114,1115,1114,1115,1114,1113,1112,1113,1112,1111,1112,1111,1112,1111,1110,1111,1110,1111,1110,1111,1110,1109,1110,1109,1110,1109,1108,1109,1110,1109,1108,1107,1108,1109,1108,1107,1108,1107,1106,1105,1104,1103,1104,1105,1104,1103,1102,1103,1104,1105,1104,1103,1102,1103,1102,1101,1100,1099,1100,1099,1098,1097,1096,1095,1094,1095,1094,1095,1096,1095,1094,1093,1094,1093,1092,1091,1092,1091,1090,1089,1088,1087,1088,1087,1088,1087,1086,1087,1086,1085,1084,1083,1082,1081,1080,1079,1080,1079,1080,1081,1080,1079,1078,1079,1080,1079,1078,1079,1078,1077,1076,1075,1074,1075,1076,1077,1076,1075,1076,1075,1074,1073,1074,1073,1074,1073,1074,1075,1074,1075,1074,1073,1074,1073,1072,1071,1070,1071,1070,1071,1070,1069,1070,1071,1072,1071,1072,1071,1070,1069,1070,1069,1068,1067,1066,1067,1066,1067,1068,1067,1068,1067,1068,1067,1068,1067,1066,1067,1066,1065,1066,1065,1064,1065,1064,1063,1062,1063,1062,1061,1060,1059,1058,1057,1058,1059,1060,1061,1062,1063,1062,1061,1060,1059,1058,1057,1056,1055,1054,1053,1054,1053,1052,1051,1050,1049,1050,1051,1050,1049,1048,1047,1048,1047,1046,1045,1044,1045,1044,1043,1042,1041,1042,1043,1044,1043,1042,1041,1040,1039,1038,1039,1038,1037,1036,1035,1034,1033,1032,1031,1030,1029,1028,1029,1028,1027,1026,1025,1024,1023,1022,1023,1022,1021,1022,1021,1022,1021,1020,1019,1018,1019,1018,1017,1018,1017,1018,1017,1018,1017,1016,1015,1014,1013,1014,1013,1012,1013,1014,1013,1014,1013,1012,1013,1012,1011,1012,1011,1010,1011,1012,1013,1014,1013,1014,1015,1014,1015,1014,1013,1012,1011,1010,1011,1010,1011,1012,1011,1010,1011,1010,1011,1010,1009,1010,1009,1010,1009,1008,1007,1008,1009,1008,1009,1008,1007,1006,1007,1008,1009,1010,1009,1010,1009,1008,1007,1008,1009,1010,1009,1010,1011,1010,1009,1010,1011,1012,1013,1014,1015,1016,1015,1014,1013,1012,1011,1010,1009,1008,1009,1008,1009,1008,1009,1010,1011,1012,1011,1010,1011,1010,1009,1008,1009,1008,1007,1008,1009,1008,1007,1008,1007,1008,1007,1008,1007,1008,1007,1008,1007,1008,1009,1008,1007,1008,1009,1008,1009,1008,1009,1010,1009,1008,1007,1008,1009,1010,1009,1008,1009,1008,1009,1010,1011,1012,1011,1010,1009,1008,1009,1010,1009,1008,1009,1010,1009,1008,1007,1008,1007,1008,1009,1008,1009,1010,1009,1008,1007,1008,1007,1006,1005,1004,1005,1006,1007,1008,1007,1008,1007,1006,1007,1008,1009,1008,1009,1008,1009,1008,1009,1008,1009,1008,1007,1006,1005,1006,1005,1004,1005,1004,1003,1002,1001,1002,1001,1002,1003,1004,1005,1006,1005,1004,1005,1006,1005,1004,1003,1004,1005,1004,1003,1002,1003,1004,1003,1004,1003,1004,1005,1006,1005,1006,1007,1006,1007,1008,1007,1006,1007,1006,1007,1006,1005,1004,1003,1002,1003,1002,1003,1004,1003,1004,1005,1006,1007,1008,1007,1006,1007,1006,1007,1006,1005,1004,1005,1004,1003,1002,1001,1002,1003,1002,1001,1002,1001,1000,1001,1002,1003,1002,1001,1000,1001,1000,1001,1002,1003,1004,1005,1006,1005,1004,1005,1006,1007,1008,1007,1008,1009,1008,1009,1010,1011,1010,1009,1010,1009,1008,1009,1010,1011,1012,1011,1010,1011,1010,1009,1008,1009,1010,1009,1010,1009,1008,1009,1010,1009,1008,1009,1008,1009,1010,1009,1010,1009,1008,1007,1006,1007,1006,1007,1008,1007,1008,1009,1010,1011,1010,1011,1010,1011,1012,1011,1010,1011,1010,1011,1012,1011,1012,1013,1014,1015,1016,1015,1016,1015,1016,1017,1018,1017,1018,1017,1018,1017,1018,1019,1020,1021,1022,1023,1024,1023,1024,1023,1022,1023,1022,1023,1024,1023,1022,1023,1022,1023,1022,1023,1024,1025,1024,1023,1024,1023,1024,1025,1026,1027,1026,1025,1026,1027,1028,1027,1026,1027,1028,1029,1030,1029,1028,1027,1026,1027,1028,1029,1028,1029,1028,1027,1028,1027,1026,1025,1024,1025,1024,1025,1026,1027,1028,1029,1028,1027,1028,1029,1028,1029,1030,1031,1032,1031,1030,1031,1032,1031,1030,1029,1030,1029,1030,1031,1032,1033,1032,1031,1032,1031,1030,1031,1032,1033,1034,1035,1036,1037,1036,1037,1038,1039,1038,1039,1040,1041,1042,1041,1040,1041,1042,1043,1042,1041,1042,1043,1044,1045,1046,1045,1046,1047,1048,1049,1050,1049,1050,1049,1050,1051,1050,1049,1050,1051,1052,1051,1050,1051,1050,1051,1052,1053,1054,1053,1052,1053,1054,1055,1056,1057,1056,1057,1058,1059,1058,1057,1056,1055,1054,1055,1054,1055,1054,1055,1056,1055,1054,1055,1056,1055,1054,1055,1056,1057,1058,1057,1056,1057,1058,1057,1058,1059,1060,1059,1058,1057,1058,1059,1058,1059,1060,1059,1060,1059,1060,1059,1058,1059,1058,1059,1060,1059,1058,1057,1058,1059,1060,1061,1060,1059,1058,1057,1056,1057,1058,1057,1058,1059,1058,1057,1056,1055,1056,1057,1056,1055,1056,1057,1056,1057,1058,1059,1058,1059,1058,1057,1058,1057,1058,1059,1060,1059,1058,1059,1060,1061,1060,1061,1060,1061,1060,1059,1060,1059,1058,1059,1060,1061,1062,1063,1064,1063,1062,1063,1062,1063,1064,1065,1066,1065,1064,1065,1066,1067,1068,1067,1068,1069,1068,1067,1068,1069,1070,1071,1070,1071,1070,1071,1072,1071,1070,1071,1070,1071,1070,1069,1070,1071,1070,1069,1070,1071,1070,1071,1072,1073,1074,1073,1074,1075,1074,1075,1074,1073,1074,1075,1076,1077,1076,1077,1078,1079,1080,1081,1082,1081,1080,1081,1080,1081,1082,1081,1082,1081,1082,1083,1082,1083,1082,1083,1082,1083,1082,1081,1082,1083,1084,1083,1084,1085,1084,1083,1084,1085,1084,1083,1084,1083,1084,1083,1082,1083,1082,1083,1084,1083,1082,1081,1082,1083,1082,1081,1082,1083,1084,1083,1084,1083,1082,1083,1082,1083,1082,1081,1082,1081,1082,1083,1084,1083,1084,1083,1084,1085,1084,1083,1084,1083,1082,1081,1080,1079,1078,1079,1078,1077,1078,1077,1076,1075,1076,1075,1076,1075,1076,1075,1074,1073,1072,1071,1070,1069,1068,1069,1068,1069,1068,1067,1068,1069,1068,1067,1066,1065,1064,1063,1062,1061,1062,1061,1060,1059,1058,1057,1056,1055,1054,1053,1052,1053,1052,1053,1054,1053,1052,1051,1050,1049,1048,1047,1048,1047,1048,1047,1046,1045,1046,1045,1044,1043,1042,1041,1040,1039,1038,1039,1038,1039,1038,1037,1038,1037,1036,1035,1034,1033,1034,1033,1032,1031,1030,1029,1028,1027,1026,1027,1028,1027,1026,1025,1026,1025,1024,1025,1024,1023,1022,1023,1022,1021,1020,1021,1020,1019,1020,1019,1018,1017,1016,1015,1016,1015,1014,1015,1014,1015,1016,1017,1018,1017,1018,1017,1016,1015,1014,1015,1014,1013,1014,1013,1012,1011,1010,1009,1008,1007,1006,1007,1006,1005,1006,1005,1004,1003,1002,1001,1002,1001,1000,999,998,997,996,995,994,995,994,993,994,993,992,991,990,989,988,987,986,985,984,985,984,983,984,983,982,981,982,981,980,979,980,981,980,979,978,977,976,975,974,975,974,973,972,971,970,969,968,967,966,965,964,963,962,963,962,961,960,961,960,959,960,961,960,959,958,959,958,957,956,955,954,953,952,951,950,951,950,949,948,949,950,949,948,947,948,947,948,947,948,947,948,947,946,947,946,947,946,947,946,945,946,945,944,943,944,943,942,943,942,943,942,943,942,943,942,943,942,941,940,939,938,937,936,937,936,935,934,933,932,931,932,931,930,931,930,931,930,931,930,929,930,929,928,929,930,929,930,929,928,927,926,925,924,925,924,925,926,927,928,927,926,927,926,927,928,927,926,927,926,927,926,927,928,929,928,929,930,929,930,931,932,931,932,933,934,935,936,935,934,935,934,935,936,937,938,937,936,937,938,937,938,939,940,941,940,939,938,937,938,939,940,939,938,939,938,939,940,941,942,943,944,943,942,941,942,943,942,943,942,941,940,941,942,943,942,943,942,943,942,941,942,941,942,941,942,941,942,943,942,943,944,945,946,945,946,945,946,945,946,947,948,947,946,947,946,947,946,945,946,945,946,947,946,947,948,949,948,949,948,949,948,949,948,949,950,949,948,947,948,947,948,947,948,947,946,947,948,949,950,951,950,949,948,947,948,947,946,947,948,947,946,945,944,943,944,945,944,945,944,943,944,945,944,943,942,943,944,943,942,941,942,943,942,943,942,941,942,941,940,941,942,941,942,941,940,939,938,939,938,937,936,937,938,937,936,935,936,935,934,935,934,933,932,933,934,933,932,933,934,935,934,935,936,935,934,933,932,933,932,933,932,933,934,933,932,931,930,931,930,929,930,931,932,931,932,931,930,929,930,929,930,931,930,931,932,933,934,933,932,933,932,931,930,931,930,931,932,933,934,933,932,933,934,933,932,933,934,935,936,935,936,937,938,939,940,939,938,937,936,937,938,939,938,937,936,937,936,935,936,937,938,937,938,937,936,937,936,937,936,937,938,939,938,937,938,937,936,935,936,935,936,935,934,933,932,931,932,933,934,933,934,935,936,935,936,937,936,937,938,937,938,937,938,939,940,939,940,941,940,939,940,939,940,941,942,941,942,943,944,943,942,941,942,941,940,941,942,943,944,945,944,943,944,945,944,945,944,945,944,945,944,945,946,945,946,945,946,945,946,947,948,947,948,949,948,949,948,949,948,947,948,949,950,951,952,951,952,951,952,951,952,951,952,951,952,953,952,953,952,951,950,951,950,951,950,951,952,953,954,953,952,953,952,953,954,955,956,955,956,955,956,957,956,955,956,955,956,955,956,957,956,957,958,957,956,955,956,955,954,955,954,955,956,957,958,957,958,957,958,959,958,959,960,961,960,961,960,959,960,961,960,961,962,961,962,961,960,959,958,959,960,959,960,961,962,961,960,961,960,961,960,961,960,961,960,961,960,961,962,961,962,963,962,963,962,963,962,961,962,961,962,963,962,961,962,963,964,963,962,963,964,963,962,963,964,965,966,965,966,965,964,965,964,963,964,965,964,963,962,961,960,961,962,961,960,959,958,959,958,957,956,957,958,959,960,961,962,963,962,961,960,959,958,959,960,959,958,957,958,957,956,957,958,957,956,957,956,955,954,953,954,955,954,955,954,955,954,953,954,955,956,955,956,955,954,953,954,955,954,953,952,953,954,955,956,955,956,957,956,955,954,955,956,955,956,955,956,957,956,955,954,955,956,955,954,953,952,953,952,951,950,949,950,949,950,949,950,949,948,947,946,947,946,945,946,945,944,945,944,943,942,941,942,941,942,941,942,941,942,941,940,939,938,939,938,937,938,937,938,939,940,941,940,941,942,943,942,941,942,943,942,943,942,943,942,941,940,939,940,941,940,939,938,937,938,937,936,935,936,937,936,935,934,933,932,931,932,931,930,929,930,929,928,927,926,927,928,927,926,925,924,923,924,923,922,921,920,921,920,921,920,921,920,919,918,917,918,917,916,915,914,913,912,913,912,911,910,909,910,909,908,909,910,911,910,909,908,909,908,909,908,907,906,907,906,905,906,905,906,905,906,905,904,903,902,901,902,901,902,903,902,901,900,899,898,899,898,897,896,895,896,895,894,893,894,895,894,893,892,893,892,891,890,889,888,887,888,887,886,885,886,887,886,885,884,885,884,885,884,883,882,881,882,881,882,881,882,881,880,879,878,879,878,877,878,877,878,877,878,877,876,877,876,877,876,877,876,875,874,873,874,873,874,875,876,877,878,879,880,879,878,877,876,877,878,877,878,877,876,875,876,877,878,879,880,881,882,883,884,885,884,883,882,881,882,881,882,881,880,881,880,879,880,881,880,881,882,881,880,879,878,879,878,879,880,879,878,879,878,877,876,877,876,875,874,875,874,875,874,873,872,871,872,871,872,871,872,871,872,871,870,869,868,869,868,867,868,867,866,867,866,865,864,863,864,863,864,863,864,863,862,861,860,861,860,859,860,859,858,857,858,857,858,857,858,859,858,857,856,857,856,855,854,855,856,857,856,855,854,855,854,855,856,857,856,857,858,859,858,857,858,859,860,859,860,859,860,859,860,859,858,859,860,861,862,863,862,863,864,865,866,865,866,865,864,865,864,865,866,867,866,865,866,865,864,865,864,865,866,867,866,867,866,867,866,867,868,867,868,867,868,869,870,871,870,871,870,871,872,873,874,875,876,877,876,877,878,879,878,879,880,879,880,881,882,881,882,881,882,881,882,881,882,883,884,883,884,885,886,885,884,885,886,887,888,889,890,889,890,891,890,891,892,893,894,893,894,895,894,895,896,897,896,897,896,895,896,895,894,895,896,897,898,897,898,897,898,897,898,899,900,899,898,897,898,897,898,899,898,899,898,899,900,899,898,899,898,899,898,899,900,901,902,903,902,903,902,901,902,903,904,905,904,905,904,905,906,907,906,907,908,909,910,909,908,907,906,905,906,907,906,905,904,903,904,903,904,905,906,907,906,905,904,905,906,907,906,907,908,909,908,909,908,907,906,905,904,905,906,907,908,909,908,907,908,907,908,909,910,911,912,913,912,911,910,911,912,911,912,911,912,913,914,915,916,917,918,919,918,917,918,919,918,919,920,919,920,921,920,921,922,921,922,921,920,921,922,923,924,925,924,925,926,927,928,927,928,929,930,931,932,933,932,933,934,933,934,933,934,935,936,937,938,939,938,939,940,941,942,941,942,943,944,943,944,943,944,945,946,947,946,945,944,945,946,947,948,949,950,949,948,949,950,949,950,951,952,951,952,953,954,953,952,951,952,951,950,951,950,951,952,951,950,951,952,953,952,953,954,955,956,957,956,955,956,957,958,959,958,959,960,961,960,961,960,961,962,963,964,965,964,963,964,965,966,965,966,965,966,967,968,967,968,967,968,969,970,969,970,969,970,969,970,971,970,971,972,971,972,973,974,973,974,975,976,977,978,977,978,977,978,977,978,979,980,981,982,983,982,983,982,981,982,981,982,983,984,985,986,985,986,987,986,987,988,989,988,989,990,991,992,991,992,993,994,995,996,995,996,995,994,993,992,991,992,993,994,995,996,997,996,995,996,997,998,997,998,999,1000,1001,1000,999,998,999,1000,999,1000,999,998,997,996,997,996,997,998,997,998,997,998,997,996,997,998,997,998,999,1000,1001,1000,1001,1000,1001,1002,1003,1004,1005,1004,1005,1004,1005,1004,1005,1006,1007,1006,1007,1008,1007,1008,1007,1008,1009,1010,1011,1012,1013,1012,1013,1012,1013,1014,1015,1014,1015,1016,1017,1018,1019,1018,1019,1018,1019,1020,1021,1020,1021,1020,1021,1020,1019,1020,1021,1022,1021,1022,1021,1022,1021,1022,1023,1022,1023,1022,1021,1022,1023,1022,1021,1022,1021,1022,1023,1022,1021,1022,1023,1024,1025,1026,1027,1028,1027,1026,1027,1028,1029,1028,1027,1026,1025,1026,1027,1028,1029,1030,1031,1032,1031,1032,1031,1030,1029,1028,1027,1028,1029,1030,1029,1028,1027,1028,1027,1028,1029,1030,1029,1028,1029,1028,1027,1028,1029,1030,1031,1030,1029,1028,1027,1028,1029,1028,1029,1030,1031,1032,1033,1034,1033,1032,1031,1030,1029,1030,1031,1032,1033,1034,1033,1032,1031,1030,1031,1032,1033,1032,1031,1030,1031,1030,1031,1030,1029,1030,1031,1032,1033,1034,1035,1034,1035,1036,1035,1036,1037,1036,1037,1038,1039,1038,1039,1038,1039,1040,1041,1042,1043,1042,1041,1040,1041,1042,1043,1044,1045,1044,1045,1044,1045,1046,1045,1046,1047,1048,1047,1048,1049,1048,1049,1050,1049,1050,1051,1050,1049,1050,1051,1050,1051,1052,1051,1052,1053,1054,1053,1054,1053,1052,1053,1054,1053,1054,1055,1054,1055,1054,1055,1054,1055,1054,1053,1054,1053,1054,1053,1052,1053,1054,1053,1054,1053,1054,1055,1054,1053,1054,1055,1054,1053,1054,1053,1052,1053,1054,1053,1054,1055,1054,1055,1054,1053,1054,1055,1056,1057,1056,1055,1054,1055,1056,1057,1056,1057,1058,1059,1060,1061,1060,1059,1058,1059,1060,1061,1060,1061,1060,1061,1060,1061,1062,1063,1064,1065,1066,1067,1068,1067,1066,1067,1068,1069,1068,1069,1068,1069,1070,1069,1068,1069,1068,1069,1068,1069,1068,1069,1070,1071,1070,1071,1070,1071,1070,1071,1072,1073,1072,1071,1070,1071,1070,1071,1072,1071,1072,1073,1072,1073,1074,1073,1072,1073,1072,1073,1074,1073,1074,1073,1072,1071,1070,1069,1070,1071,1072,1073,1074,1075,1076,1075,1076,1075,1074,1075,1076,1075,1076,1075,1076,1077,1076,1075,1076,1077,1078,1079,1078,1077,1078,1077,1078,1079,1078,1079,1080,1081,1080,1079,1080,1079,1078,1079,1078,1077,1076,1077,1076,1077,1076,1075,1076,1077,1076,1077,1078,1077,1078,1079,1078,1079,1080,1079,1080,1079,1078,1079,1078,1077,1078,1079,1080,1081,1082,1083,1084,1085,1086,1085,1086,1087,1086,1087,1088,1089,1090,1091,1090,1089,1090,1091,1092,1093,1092,1091,1092,1093,1092,1093,1094,1093,1094,1095,1094,1095,1096,1097,1096,1095,1094,1095,1096,1097,1098,1099,1100,1101,1100,1101,1102,1101,1102,1103,1104,1103,1102,1103,1104,1105,1106,1107,1108,1109,1108,1109,1110,1111,1110,1109,1110,1111,1110,1111,1112,1111,1110,1109,1110,1109,1110,1111,1112,1111,1112,1113,1114,1113,1114,1113,1114,1115,1116,1117,1118,1117,1116,1117,1116,1117,1116,1117,1118,1117,1116,1117,1118,1119,1118,1119,1120,1119,1118,1119,1120,1121,1122,1121,1120,1121,1120,1121,1120,1119,1120,1119,1120,1121,1120,1121,1122,1123,1124,1123,1122,1121,1122,1123,1122,1121,1122,1123,1124,1125,1124,1125,1126,1127,1128,1127,1126,1125,1124,1125,1126,1125,1124,1125,1124,1123,1124,1125,1124,1125,1124,1123,1122,1123,1122,1121,1122,1123,1124,1123,1124,1125,1124,1125,1126,1127,1126,1127,1126,1127,1128,1127,1126,1127,1128,1129,1130,1129,1130,1129,1128,1127,1128,1129,1130,1131,1130,1129,1130,1129,1128,1129,1128,1127,1128,1127,1128,1127,1128,1127,1128,1129,1128,1129,1130,1129,1130,1129,1130,1131,1130,1131,1130,1129,1128,1129,1130,1129,1130,1129,1130,1131,1132,1131,1132,1131,1130,1131,1132,1133,1132,1133,1132,1131,1130,1129,1128,1129,1128,1129,1128,1129,1130,1129,1130,1131,1130,1131,1130,1129,1130,1131,1132,1133,1134,1133,1132,1133,1134,1133,1134,1135,1134,1133,1132,1131,1132,1133,1134,1133,1132,1133,1132,1133,1132,1133,1132,1133,1134,1135,1136,1137,1136,1137,1136,1137,1138,1139,1138,1137,1138,1137,1138,1137,1136,1135,1136,1135,1136,1137,1138,1137,1136,1137,1136,1137,1138,1139,1140,1141,1140,1141,1142,1141,1140,1139,1140,1141,1142,1141,1142,1141,1140,1139,1140,1139,1140,1139,1138,1137,1138,1139,1140,1139,1138,1137,1138,1137,1138,1139,1138,1137,1138,1139,1140,1139,1140,1141,1140,1141,1142,1141,1140,1139,1138,1137,1136,1137,1138,1137,1138,1137,1138,1137,1138,1137,1136,1137,1136,1135,1134,1133,1132,1133,1134,1133,1132,1133,1134,1133,1134,1135,1134,1133,1132,1131,1132,1131,1130,1129,1128,1127,1126,1127,1126,1125,1126,1127,1128,1127,1126,1125,1124,1125,1126,1125,1126,1125,1126,1127,1126,1127,1128,1129,1128,1129,1130,1131,1130,1131,1132,1133,1132,1133,1134,1133,1134,1133,1132,1133,1134,1133,1134,1133,1134,1133,1132,1133,1132,1131,1130,1131,1130,1129,1130,1131,1130,1129,1130,1131,1132,1131,1132,1133,1134,1135,1134,1133,1132,1133,1132,1131,1132,1131,1130,1129,1128,1127,1128,1129,1128,1129,1130,1129,1130,1131,1132,1133,1132,1131,1132,1133,1134,1133,1132,1133,1132,1131,1132,1133,1134,1133,1134,1135,1134,1133,1134,1133,1132,1133,1134,1135,1134,1135,1134,1133,1132,1133,1132,1133,1132,1133,1132,1133,1134,1135,1136,1137,1136,1135,1136,1137,1138,1137,1138,1139,1138,1139,1138,1139,1140,1141,1140,1139,1140,1141,1140,1141,1140,1139,1138,1137,1138,1139,1140,1139,1138,1139,1140,1141,1140,1139,1140,1139,1140,1141,1140,1139,1138,1137,1138,1139,1140,1139,1140,1141,1140,1139,1138,1137,1138,1139,1138,1137,1136,1137,1136,1137,1138,1139,1140,1141,1142,1143,1142,1143,1144,1145,1144,1145,1146,1147,1148,1147,1146,1145,1146,1147,1146,1147,1146,1147,1146,1145,1144,1145,1144,1145,1146,1147,1146,1147,1146,1147,1146,1147,1146,1147,1146,1145,1146,1147,1148,1147,1146,1147,1148,1147,1146,1145,1146,1147,1148,1147,1148,1149,1150,1151,1150,1151,1152,1151,1150,1151,1150,1151,1150,1151,1152,1151,1150,1151,1152,1153,1152,1151,1150,1151,1152,1153,1152,1151,1152,1153,1154,1155,1156,1157,1158,1157,1156,1155,1154,1155,1154,1155,1156,1155,1156,1157,1156,1155,1156,1155,1156,1157,1158,1159,1160,1161,1162,1163,1164,1163,1164,1165,1166,1167,1166,1167,1166,1165,1164,1165,1166,1167,1166,1167,1168,1169,1168,1169,1168,1167,1166,1165,1166,1167,1168,1167,1166,1167,1168,1169,1170,1171,1170,1171,1172,1171,1172,1173,1172,1171,1172,1173,1172,1173,1174,1175,1174,1173,1174,1173,1172,1173,1174,1175,1176,1177,1178,1177,1178,1177,1176,1177,1176,1175,1174,1175,1174,1175,1174,1175,1174,1173,1172,1173,1172,1171,1170,1171,1172,1171,1170,1169,1170,1171,1170,1169,1168,1169,1168,1169,1168,1169,1170,1171,1170,1169,1168,1167,1166,1165,1166,1167,1166,1165,1164,1163,1164,1163,1162,1163,1164,1163,1164,1165,1164,1163,1162,1163,1164,1165,1164,1163,1164,1163,1164,1165,1164,1165,1166,1165,1166,1167,1168,1169,1168,1169,1170,1169,1170,1169,1170,1169,1170,1171,1170,1171,1172,1171,1170,1171,1172,1173,1174,1173,1172,1173,1172,1173,1174,1173,1174,1175,1174,1173,1174,1175,1174,1173,1174,1175,1174,1173,1174,1175,1174,1175,1174,1175,1176,1175,1174,1173,1174,1173,1174,1173,1174,1175,1174,1173,1174,1175,1174,1173,1172,1173,1174,1173,1172,1173,1174,1173,1174,1175,1174,1173,1174,1175,1176,1177,1176,1177,1176,1175,1174,1173,1172,1173,1174,1173,1174,1175,1174,1175,1176,1175,1176,1177,1176,1177,1176,1175,1176,1177,1178,1179,1180,1179,1180,1181,1182,1181,1182,1181,1182,1183,1182,1183,1182,1181,1180,1181,1180,1179,1180,1181,1182,1183,1182,1183,1182,1183,1184,1183,1184,1183,1184,1185,1184,1185,1184,1185,1186,1187,1188,1187,1186,1187,1188,1189,1188,1189,1190,1189,1190,1191,1190,1189,1190,1191,1192,1193,1194,1195,1196,1197,1198,1197,1198,1197,1198,1199,1198,1197,1198,1197,1198,1199,1200,1201,1202,1203,1204,1205,1204,1203,1202,1203,1202,1203,1202,1203,1204,1205,1206,1207,1206,1207,1208,1207,1208,1207,1206,1207,1208,1207,1208,1207,1208,1209,1208,1209,1208,1209,1210,1211,1210,1211,1212,1213,1214,1215,1216,1215,1216,1215,1216,1217,1216,1215,1216,1217,1216,1215,1214,1213,1214,1215,1216,1215,1214,1213,1214,1215,1214,1213,1214,1215,1214,1215,1216,1217,1216,1215,1216,1217,1218,1219,1218,1217,1218,1219,1220,1221,1222,1223,1224,1225,1226,1225,1226,1225,1226,1225,1226,1227,1228,1227,1226,1225,1226,1227,1228,1227,1228,1229,1230,1229,1228,1229,1230,1229,1228,1229,1228,1229,1230,1229,1228,1227,1226,1225,1226,1227,1226,1225,1226,1227,1228,1229,1228,1229,1228,1227,1228,1229,1230,1229,1230,1229,1228,1227,1226,1227,1228,1229,1230,1229,1230,1229,1230,1229,1228,1229,1230,1231,1230,1231,1232,1233,1232,1231,1232,1231,1230,1231,1230,1229,1228,1227,1226,1227,1228,1227,1226,1225,1226,1227,1226,1227,1228,1227,1226,1227,1226,1225,1226,1227,1226,1225,1224,1225,1224,1223,1224,1223,1222,1223,1224,1223,1222,1223,1222,1221,1222,1221,1220,1221,1222,1221,1222,1221,1220,1221,1220,1219,1220,1219,1218,1219,1220,1221,1222,1223,1224,1223,1222,1221,1220,1219,1218,1219,1220,1219,1220,1219,1218,1219,1220,1221,1220,1219,1218,1217,1218,1217,1218,1219,1218,1219,1218,1219,1220,1219,1218,1219,1220,1221,1222,1221,1220,1221,1222,1223,1224,1225,1224,1223,1224,1223,1224,1225,1226,1225,1226,1227,1228,1227,1226,1227,1226,1227,1226,1225,1224,1223,1222,1223,1224,1225,1226,1225,1224,1225,1226,1225,1224,1225,1226,1227,1228,1229,1230,1229,1228,1229,1230,1231,1230,1229,1230,1229,1230,1229,1230,1231,1230,1229,1228,1229,1230,1229,1228,1227,1228,1227,1228,1227,1226,1227,1226,1225,1226,1227,1228,1229,1228,1229,1228,1229,1228,1227,1228,1227,1228,1229,1230,1229,1230,1229,1228,1229,1230,1231,1230,1229,1230,1229,1228,1227,1228,1227,1228,1229,1228,1227,1226,1225,1226,1227,1228,1229,1228,1227,1228,1229,1230,1231,1230,1229,1228,1229,1228,1229,1230,1229,1230,1229,1228,1229,1228,1227,1226,1227,1228,1227,1228,1229,1228,1227,1228,1227,1226,1227,1226,1227,1226,1225,1226,1225,1226,1225,1224,1223,1224,1223,1222,1223,1222,1221,1222,1221,1222,1223,1222,1223,1224,1225,1224,1225,1226,1225,1224,1223,1222,1223,1224,1223,1224,1223,1222,1221,1222,1221,1222,1223,1222,1221,1222,1223,1222,1221,1220,1221,1220,1221,1222,1221,1222,1223,1224,1225,1226,1225,1224,1225,1226,1227,1226,1225,1226,1225,1224,1225,1224,1223,1222,1223,1222,1221,1222,1223,1224,1223,1224,1223,1222,1223,1224,1225,1224,1225,1226,1225,1226,1227,1228,1227,1226,1227,1226,1227,1228,1227,1228,1229,1228,1229,1230,1229,1230,1231,1230,1231,1230,1229,1230,1229,1228,1229,1228,1229,1230,1229,1228,1229,1228,1227,1226,1225,1224,1225,1226,1225,1226,1225,1224,1223,1224,1223,1224,1223,1222,1221,1220,1221,1222,1221,1222,1223,1222,1221,1222,1223,1222,1221,1220,1219,1220,1219,1220,1221,1220,1221,1222,1221,1220,1219,1220,1221,1222,1223,1224,1223,1222,1221,1222,1221,1222,1223,1224,1225,1224,1225,1226,1225,1226,1225,1226,1225,1226,1227,1228,1227,1226,1227,1226,1227,1228,1229,1230,1229,1228,1229,1228,1229,1228,1229,1230,1231,1232,1233,1234,1235,1234,1235,1234,1235,1236,1237,1238,1237,1236,1237,1236,1237,1238,1237,1236,1237,1236,1237,1238,1237,1238,1239,1240,1239,1240,1239,1238,1237,1238,1239,1238,1237,1238,1239,1240,1241,1242,1243,1242,1243,1242,1241,1240,1241,1242,1243,1244,1245,1246,1247,1246,1245,1246,1245,1244,1245,1244,1245,1244,1243,1244,1245,1244,1245,1246,1245,1244,1243,1244,1245,1246,1245,1246,1247,1248,1247,1248,1249,1250,1249,1248,1249,1250,1249,1250,1251,1250,1251,1252,1251,1250,1249,1250,1251,1250,1249,1250,1249,1248,1249,1248,1247,1246,1245,1244,1245,1246,1245,1244,1243,1242,1243,1244,1243,1244,1245,1244,1243,1244,1243,1242,1243,1244,1245,1246,1245,1246,1247,1246,1247,1248,1247,1248,1249,1248,1249,1250,1249,1250,1249,1248,1249,1248,1247,1246,1245,1244,1245,1246,1245,1246,1247,1246,1247,1246,1247,1246,1245,1244,1243,1244,1243,1242,1243,1242,1241,1242,1241,1242,1243,1242,1243,1244,1243,1244,1245,1244,1245,1244,1245,1246,1245,1244,1243,1242,1241,1242,1243,1242,1241,1242,1241,1240,1241,1242,1243,1242,1243,1244,1243,1244,1243,1242,1243,1244,1243,1244,1245,1244,1243,1244,1245,1244,1245,1246,1245,1246,1245,1244,1245,1246,1245,1246,1247,1246,1247,1248,1247,1248,1249,1248,1247,1248,1247,1248,1247,1246,1245,1244,1243,1242,1243,1242,1243,1244,1243,1244,1243,1242,1241,1242,1243,1242,1241,1240,1239,1240,1241,1240,1239,1240,1239,1238,1237,1236,1237,1238,1239,1238,1237,1236,1235,1234,1233,1232,1233,1234,1233,1232,1233,1234,1233,1234,1235,1234,1235,1236,1237,1238,1239,1238,1239,1240,1239,1240,1241,1240,1241,1242,1241,1242,1243,1242,1243,1244,1245,1246,1247,1246,1247,1248,1247,1248,1249,1248,1249,1250,1249,1248,1249,1248,1249,1248,1249,1250,1249,1248,1249,1248,1249,1248,1247,1246,1247,1248,1249,1250,1249,1250,1249,1250,1249,1250,1251,1250,1251,1252,1253,1254,1255,1254,1255,1256,1255,1254,1255,1254,1253,1252,1253,1254,1253,1254,1253,1254,1253,1254,1255,1254,1255,1256,1255,1254,1255,1256,1257,1256,1255,1254,1253,1254,1255,1254,1255,1256,1257,1258,1257,1258,1259,1258,1259,1260,1259,1260,1259,1260,1259,1260,1261,1262,1263,1262,1261,1260,1259,1260,1261,1262,1261,1262,1263,1264,1265,1266,1265,1266,1265,1266,1265,1266,1267,1268,1269,1268,1267,1268,1269,1270,1269,1270,1271,1272,1273,1274,1273,1272,1271,1272,1273,1272,1273,1274,1273,1272,1271,1270,1271,1272,1273,1272,1271,1270,1271,1270,1269,1270,1271,1272,1273,1274,1275,1274,1273,1274,1275,1276,1277,1276,1275,1276,1277,1276,1275,1274,1275,1276,1275,1276,1277,1276,1277,1276,1277,1278,1277,1278,1279,1280,1279,1280,1281,1280,1279,1280,1281,1282,1283,1284,1283,1284,1283,1282,1281,1282,1283,1284,1285,1286,1285,1286,1285,1284,1285,1286,1287,1288,1289,1290,1289,1288,1289,1290,1291,1290,1291,1292,1293,1292,1291,1290,1291,1292,1293,1292,1293,1294,1295,1294,1293,1292,1293,1294,1295,1296,1295,1296,1297,1296,1295,1296,1295,1296,1297,1298,1297,1296,1297,1296,1295,1296,1295,1296,1297,1296,1297,1298,1297,1298,1297,1296,1297,1296,1295,1294,1293,1294,1295,1294,1295,1296,1295,1294,1295,1296,1295,1296,1295,1294,1293,1294,1293,1294,1295,1294,1295,1296,1295,1294,1293,1292,1293,1292,1291,1290,1291,1292,1291,1290,1289,1288,1289,1288,1289,1290,1289,1290,1289,1290,1289,1288,1289,1290,1291,1290,1289,1290,1289,1288,1289,1290,1291,1292,1291,1290,1289,1288,1289,1288,1287,1286,1285,1284,1283,1284,1283,1284,1285,1284,1285,1286,1285,1286,1285,1286,1285,1284,1285,1286,1285,1284,1285,1286,1285,1284,1285,1284,1283,1284,1285,1284,1283,1282,1283,1284,1283,1284,1283,1284,1285,1286,1287,1288,1287,1286,1285,1286,1285,1284,1285,1284,1285,1286,1285,1286,1287,1286,1285,1286,1285,1286,1285,1286,1287,1286,1285,1286,1285,1286,1285,1284,1285,1286,1287,1288,1289,1288,1289,1290,1289,1290,1289,1288,1289,1288,1289,1288,1289,1290,1291,1290,1289,1290,1289,1288,1287,1286,1287,1286,1287,1288,1287,1288,1289,1288,1289,1288,1287,1288,1289,1288,1289,1290,1289,1288,1287,1288,1289,1288,1287,1288,1287,1286,1287,1286,1287,1288,1287,1286,1287,1288,1287,1288,1287,1286,1287,1286,1285,1286,1285,1286,1287,1286,1287,1288,1287,1286,1287,1288,1287,1288,1289,1288,1289,1290,1289,1290,1289,1288,1287,1288,1287,1286,1285,1286,1287,1288,1287,1288,1287,1286,1285,1286,1287,1286,1287,1288,1289,1290,1289,1290,1291,1292,1293,1294,1293,1294,1293,1292,1293,1294,1293,1294,1293,1292,1293,1292,1293,1294,1295,1294,1295,1294,1293,1294,1295,1296,1297,1296,1297,1296,1295,1296,1295,1296,1295,1294,1295,1296,1297,1296,1295,1296,1297,1296,1295,1294,1293,1294,1295,1294,1295,1294,1293,1292,1293,1292,1291,1290,1291,1292,1291,1290,1289,1290,1291,1292,1291,1292,1291,1292,1291,1292,1293,1294,1295,1294,1293,1294,1295,1294,1295,1296,1297,1298,1299,1298,1299,1300,1299,1300,1299,1298,1297,1298,1299,1298,1299,1298,1299,1300,1299,1298,1297,1296,1295,1296,1297,1298,1299,1298,1299,1298,1299,1300,1299,1300,1301,1300,1301,1302,1303,1304,1305,1304,1305,1306,1307,1308,1307,1306,1307,1308,1309,1308,1309,1310,1311,1310,1311,1312,1311,1310,1311,1310,1309,1310,1311,1312,1311,1310,1311,1312,1313,1312,1313,1314,1315,1314,1313,1312,1311,1312,1313,1312,1311,1310,1311,1310,1309,1308,1309,1310,1309,1310,1309,1308,1309,1308,1307,1308,1309,1310,1311,1310,1311,1312,1311,1310,1311,1310,1309,1310,1309,1308,1309,1308,1309,1308,1307,1308,1307,1308,1309,1308,1309,1310,1309,1310,1309,1308,1309,1308,1309,1310,1309,1310,1309,1310,1311,1312,1311,1312,1313,1312,1311,1312,1311,1312,1311,1312,1313,1312,1311,1310,1309,1310,1309,1308,1309,1308,1307,1306,1307,1306,1307,1308,1307,1308,1309,1310,1311,1310,1309,1310,1309,1308,1309,1310,1309,1310,1309,1310,1311,1310,1309,1310,1309,1308,1309,1310,1311,1312,1311,1310,1311,1310,1311,1312,1313,1312,1313,1314,1315,1316,1317,1316,1315,1316,1317,1316,1315,1316,1317,1318,1317,1318,1319,1320,1321,1320,1321,1322,1323,1324,1325,1324,1323,1324,1325,1326,1325,1326,1325,1324,1325,1324,1325,1326,1325,1326,1325,1324,1323,1324,1325,1326,1327,1326,1327,1328,1327,1326,1327,1328,1327,1328,1327,1328,1329,1328,1329,1330,1331,1330,1331,1332,1331,1332,1333,1332,1331,1330,1329,1330,1329,1330,1331,1330,1331,1330,1329,1330,1331,1332,1331,1330,1329,1328,1327,1326,1327,1328,1327,1326,1325,1326,1325,1326,1325,1324,1323,1324,1323,1322,1321,1320,1321,1322,1321,1320,1321,1322,1321,1322,1321,1322,1323,1324,1323,1322,1323,1324,1325,1326,1327,1328,1327,1326,1327,1328,1327,1326,1327,1328,1327,1328,1329,1328,1329,1328,1327,1326,1325,1324,1323,1324,1323,1322,1323,1322,1323,1324,1325,1326,1325,1324,1325,1326,1327,1328,1329,1328,1329,1330,1329,1330,1331,1332,1331,1332,1333,1334,1335,1334,1335,1336,1337,1336,1335,1334,1333,1334,1333,1334,1335,1336,1337,1338,1337,1338,1337,1336,1335,1336,1337,1338,1339,1340,1339,1338,1337,1338,1339,1340,1341,1340,1341,1342,1341,1340,1341,1342,1341,1342,1341,1342,1343,1342,1343,1344,1343,1344,1345,1346,1347,1346,1347,1346,1347,1346,1347,1346,1347,1346,1347,1348,1347,1348,1349,1348,1349,1350,1351,1352,1351,1352,1351,1352,1353,1354,1355,1354,1355,1354,1355,1354,1355,1356,1357,1358,1359,1360,1359,1358,1359,1360,1361,1362,1363,1364,1363,1362,1363,1364,1365,1366,1367,1368,1367,1368,1367,1368,1369,1370,1369,1370,1369,1370,1371,1372,1373,1372,1373,1374,1375,1376,1377,1378,1379,1380,1381,1380,1379,1380,1381,1380,1381,1380,1381,1380,1381,1380,1381,1382,1381,1382,1383,1384,1385,1386,1387,1386,1387,1386,1385,1386,1387,1388,1387,1388,1389,1390,1391,1392,1391,1392,1391,1392,1391,1390,1391,1390,1389,1388,1389,1390,1389,1390,1391,1392,1393,1394,1393,1392,1393,1394,1395,1396,1397,1398,1399,1398,1397,1398,1399,1400,1399,1398,1397,1398,1399,1400,1401,1402,1401,1400,1401,1402,1401,1400,1399,1400,1401,1400,1401,1402,1403,1402,1401,1400,1401,1402,1401,1402,1401,1400,1399,1400,1401,1402,1403,1404,1405,1406,1407,1408,1407,1408,1409,1410,1409,1410,1411,1410,1409,1408,1409,1410,1411,1410,1409,1410,1411,1410,1411,1412,1413,1414,1415,1414,1415,1414,1413,1414,1415,1414,1413,1414,1413,1412,1413,1412,1413,1414,1413,1414,1415,1414,1415,1416,1415,1416,1417,1416,1417,1416,1415,1414,1413,1412,1411,1412,1411,1412,1413,1414,1415,1414,1413,1414,1415,1416,1415,1416,1415,1414,1415,1416,1415,1414,1413,1412,1413,1412,1413,1412,1411,1412,1413,1414,1415,1416,1415,1414,1415,1414,1413,1414,1415,1414,1415,1416,1415,1414,1413,1412,1411,1410,1409,1410,1411,1410,1409,1410,1411,1412,1413,1414,1413,1412,1413,1412,1411,1412,1413,1412,1411,1410,1411,1412,1413,1414,1415,1416,1417,1416,1415,1414,1415,1416,1415,1414,1413,1414,1413,1414,1415,1416,1415,1414,1415,1416,1415,1414,1413,1414,1415,1414,1415,1414,1415,1416,1415,1416,1417,1416,1415,1414,1415,1414,1413,1414,1415,1414,1415,1416,1415,1414,1415,1416,1417,1416,1417,1416,1417,1416,1417,1418,1419,1420,1419,1420,1419,1420,1421,1422,1421,1420,1419,1420,1419,1418,1417,1418,1419,1420,1421,1420,1419,1420,1421,1420,1421,1422,1423,1424,1425,1426,1425,1426,1425,1424,1423,1424,1425,1424,1423,1424,1425,1426,1427,1428,1427,1426,1425,1424,1423,1424,1425,1426,1427,1428,1429,1430,1429,1430,1431,1430,1429,1430,1431,1430,1431,1432,1433,1432,1433,1434,1433,1432,1433,1434,1435,1434,1433,1434,1435,1436,1435,1436,1437,1436,1437,1438,1439,1440,1441,1440,1439,1440,1441,1442,1441,1440,1441,1442,1441,1440,1441,1442,1443,1444,1445,1446,1447,1446,1445,1446,1447,1446,1447,1448,1449,1450,1451,1452,1453,1452,1453,1454,1453,1454,1455,1454,1453,1454,1455,1454,1455,1456,1457,1458,1459,1458,1459,1460,1461,1460,1459,1460,1461,1460,1459,1460,1461,1460,1461,1462,1463,1462,1463,1462,1463,1464,1463,1464,1465,1466,1467,1466,1467,1466,1465,1466,1467,1466,1465,1464,1465,1466,1467,1468,1467,1468,1469,1468,1469,1470,1471,1472,1473,1474,1475,1474,1475,1474,1473,1474,1475,1474,1475,1474,1475,1476,1477,1478,1477,1478,1479,1480,1481,1480,1479,1480,1481,1480,1479,1480,1481,1482,1483,1484,1483,1482,1483,1484,1483,1484,1485,1484,1485,1486,1485,1486,1487,1486,1485,1486,1487,1488,1487,1488,1489,1488,1487,1486,1487,1488,1487,1488,1487,1488,1487,1488,1487,1488,1489,1490,1491,1490,1489,1490,1491,1490,1491,1492,1493,1494,1493,1492,1493,1494,1495,1496,1495,1496,1497,1496,1497,1496,1497,1498,1499,1500,1501,1502,1501,1502,1501,1502,1501,1502,1501,1502,1503,1502,1503,1504,1505,1504,1505,1506,1505,1506,1507,1508,1507,1508,1509,1510,1511,1512,1513,1512,1513,1514,1515,1514,1513,1514,1515,1514,1515,1516,1517,1518,1519,1520,1519,1518,1519,1518,1519,1520,1519,1520,1521,1520,1519,1518,1519,1520,1521,1520,1519,1518,1517,1516,1515,1516,1517,1516,1515,1514,1515,1516,1517,1516,1517,1516,1515,1516,1517,1516,1515,1514,1513,1512,1511,1510,1511,1512,1511,1510,1509,1510,1509,1510,1509,1510,1511,1512,1513,1512,1511,1510,1511,1512,1511,1512,1513,1514,1515,1514,1515,1516,1515,1516,1517,1516,1515,1514,1515,1516,1515,1516,1515,1516,1515,1516,1517,1516,1517,1518,1519,1518,1517,1518,1519,1518,1519,1518,1517,1518,1519,1518,1517,1518,1519,1520,1521,1522,1523,1522,1523,1522,1521,1520,1519,1520,1519,1520,1519,1520,1521,1520,1519,1520,1521,1522,1521,1520,1521,1520,1521,1522,1521,1520,1519,1520,1521,1520,1519,1518,1519,1520,1519,1518,1519,1520,1521,1522,1523,1524,1525,1526,1527,1526,1527,1528,1529,1530,1529,1530,1531,1532,1533,1534,1533,1532,1531,1532,1533,1534,1535,1534,1533,1534,1535,1534,1535,1536,1537,1538,1539,1540,1539,1540,1541,1540,1539,1538,1537,1538,1539,1540,1541,1542,1541,1542,1541,1542,1543,1542,1541,1540,1541,1540,1541,1542,1541,1542,1543,1544,1545,1546,1547,1546,1547,1548,1549,1550,1551,1552,1551,1552,1553,1554,1555,1556,1555,1554,1555,1556,1555,1556,1557,1556,1555,1556,1555,1556,1557,1556,1557,1556,1557,1558,1557,1558,1559,1558,1557,1558,1559,1558,1559,1560,1561,1560,1561,1560,1561,1562,1563,1564,1565,1564,1565,1566,1567,1568,1567,1568,1567,1566,1567,1568,1569,1570,1571,1570,1571,1572,1573,1574,1573,1572,1573,1574,1575,1576,1577,1578,1577,1578,1579,1578,1579,1580,1579,1580,1579,1580,1581,1580,1581,1580,1581,1582,1583,1582,1583,1584,1585,1586,1587,1586,1587,1588,1587,1586,1587,1588,1589,1590,1591,1590,1591,1592,1593,1592,1593,1594,1595,1594,1593,1594,1595,1596,1595,1596,1597,1598,1599,1598,1599,1600,1599,1600,1601,1602,1601,1602,1603,1602,1601,1602,1601,1600,1601,1602,1603,1604,1603,1602,1603,1604,1603,1604,1605,1606,1607,1608,1607,1608,1607,1608,1607,1608,1609,1608,1607,1606,1607,1608,1607,1608,1609,1608,1609,1610,1611,1610,1611,1612,1611,1612,1611,1612,1613,1612,1613,1614,1615,1614,1613,1614,1615,1616,1617,1616,1617,1618,1619,1620,1619,1620,1621,1622,1623,1624,1625,1624,1625,1626,1625,1626,1627,1628,1629,1628,1627,1628,1629,1630,1631,1630,1631,1632,1633,1634,1635,1636,1635,1636,1635,1634,1633,1634,1633,1634,1635,1634,1635,1636,1637,1638,1639,1640,1639,1640,1639,1640,1641,1640,1639,1640,1639,1640,1641,1640,1641,1642,1643,1644,1645,1646,1647,1648,1647,1646,1647,1646,1645,1646,1645,1646,1647,1646,1647,1648,1649,1650,1651,1650,1651,1652,1653,1652,1653,1654,1655,1654,1655,1656,1657,1656,1655,1656,1657,1658,1659,1658,1659,1660,1661,1660,1661,1662,1663,1662,1661,1662,1663,1662,1663,1664,1665,1664,1665,1666,1667,1668,1667,1668,1669,1670,1671,1672,1673,1672,1673,1674,1675,1676,1675,1674,1675,1674,1675,1676,1677,1678,1677,1678,1679,1678,1679,1680,1681,1680,1679,1680,1681,1682,1681,1680,1679,1680,1681,1680,1681,1682,1681,1682,1683,1684,1683,1684,1685,1684,1685,1684,1685,1686,1687,1688,1687,1688,1689,1690,1691,1692,1691,1692,1693,1692,1693,1694,1693,1694,1693,1694,1695,1694,1695,1694,1695,1694,1695,1696,1695,1696,1697,1698,1699,1698,1699,1700,1699,1700,1701,1700,1701,1702,1703,1702,1703,1704,1705,1706,1705,1706,1705,1704,1703,1704,1705,1706,1705,1706,1707,1708,1709,1708,1709,1710,1711,1712,1711,1712,1713,1714,1713,1712,1713,1714,1715,1716,1717,1716,1717,1716,1715,1716,1717,1716,1715,1714,1713,1714,1715,1714,1715,1714,1713,1712,1713,1714,1713,1714,1713,1714,1713,1714,1713,1712,1711,1712,1711,1710,1711,1712,1711,1710,1709,1710,1711,1710,1711,1710,1709,1708,1709,1710,1709,1710,1711,1712,1713,1712,1713,1714,1713,1714,1715,1714,1713,1712,1711,1710,1711,1710,1709,1708,1707,1706,1705,1704,1705,1704,1705,1704,1703,1704,1705,1704,1705,1706,1707,1708,1709,1708,1707,1706,1707,1706,1707,1706,1705,1704,1705,1706,1705,1706,1705,1704,1705,1706,1705,1706,1707,1708,1707,1706,1705,1706,1705,1706,1705,1704,1703,1704,1703,1704,1703,1702,1703,1704,1703,1702,1701,1702,1703,1702,1701,1702,1701,1702,1701,1700,1699,1700,1699,1698,1697,1696,1695,1696,1697,1698,1697,1696,1695,1696,1697,1696,1697,1698,1697,1698,1699,1700,1699,1698,1697,1698,1699,1698,1699,1700,1699,1700,1701,1702,1703,1702,1701,1700,1701,1702,1703,1704,1703,1704,1705,1704,1703,1702,1701,1702,1701,1702,1703,1702,1701,1702,1701,1700,1701,1700,1701,1700,1701,1702,1703,1702,1703,1704,1705,1706,1707,1706,1705,1704,1703,1702,1701,1702,1701,1702,1703,1704,1703,1702,1703,1704,1705,1706,1707,1708,1709,1710,1709,1710,1709,1708,1709,1710,1711,1710,1711,1712,1713,1712,1711,1712,1711,1712,1711,1712,1713,1712,1713,1714,1713,1712,1713,1714,1713,1714,1713,1712,1711,1710,1711,1712,1711,1710,1709,1708,1709,1710,1711,1710,1711,1710,1711,1712,1711,1710,1711,1710,1711,1712,1711,1712,1713,1714,1713,1712,1711,1712,1711,1710,1709,1708,1707,1708,1709,1708,1709,1708,1709,1708,1707,1708,1709,1710,1711,1712,1711,1712,1711,1710,1709,1708,1709,1708,1709,1710,1709,1710,1711,1710,1709,1708,1707,1708,1709,1708,1709,1710,1709,1710,1711,1710,1711,1710,1711,1710,1709,1708,1709,1710,1709,1710,1709,1710,1711,1710,1711,1712,1711,1712,1713,1714,1715,1716,1715,1716,1715,1714,1715,1714,1713,1712,1711,1710,1709,1710,1709,1710,1711,1710,1711,1712,1711,1712,1711,1710,1709,1710,1709,1708,1709,1710,1709,1708,1709,1710,1709,1708,1709,1710,1709,1708,1707,1706,1705,1706,1707,1706,1707,1708,1707,1706,1707,1708,1709,1710,1711,1710,1711,1712,1711,1710,1709,1710,1711,1710,1711,1710,1711,1710,1709,1710,1711,1712,1711,1710,1709,1710,1711,1710,1711,1710,1709,1708,1709,1708,1709,1710,1711,1710,1711,1712,1713,1712,1711,1712,1711,1710,1711,1712,1713,1712,1713,1714,1715,1714,1713,1712,1713,1712,1711,1712,1711,1710,1711,1710,1709,1710,1711,1712,1711,1712,1711,1710,1709,1708,1709,1708,1707,1708,1709,1708,1709,1710,1709,1710,1711,1710,1711,1712,1713,1712,1711,1710,1709,1708,1707,1706,1707,1706,1707,1706,1707,1708,1709,1708,1709,1710,1709,1708,1707,1708,1709,1708,1709,1710,1709,1710,1711,1710,1711,1712,1711,1710,1709,1708,1707,1706,1707,1706,1707,1708,1707,1708,1709,1708,1707,1708,1707,1708,1709,1708,1707,1708,1709,1708,1707,1708,1709,1710,1711,1712,1711,1712,1713,1712,1713,1714,1715,1716,1717,1718,1717,1718,1719,1718,1719,1718,1717,1718,1717,1718,1719,1718,1719,1718,1717,1718,1719,1718,1719,1720,1719,1720,1721,1720,1721,1720,1721,1722,1723,1724,1723,1722,1723,1722,1721,1722,1723,1724,1723,1722,1723,1724,1725,1726,1725,1724,1723,1722,1723,1724,1723,1722,1723,1722,1721,1722,1721,1720,1721,1720,1719,1720,1719,1718,1717,1718,1717,1716,1717,1718,1717,1718,1717,1716,1717,1716,1715,1716,1717,1716,1717,1716,1717,1718,1717,1716,1717,1716,1715,1716,1717,1718,1719,1720,1721,1722,1721,1722,1723,1722,1723,1724,1723,1724,1723,1722,1721,1722,1721,1722,1723,1722,1723,1722,1721,1720,1719,1718,1719,1720,1719,1720,1721,1722,1721,1722,1723,1724,1723,1722,1721,1722,1723,1722,1721,1720,1721,1720,1719,1720,1719,1718,1717,1716,1715,1714,1715,1716,1717,1718,1717,1718,1719,1720,1719,1718,1719,1720,1721,1722,1721,1722,1721,1720,1719,1718,1719,1718,1717,1718,1717,1716,1715,1714,1713,1714,1713,1714,1715,1714,1713,1714,1715,1714,1715,1714,1713,1714,1715,1714,1715,1716,1715,1714,1715,1714,1715,1714,1713,1714,1715,1714,1713,1714,1713,1714,1713,1712,1713,1712,1713,1714,1715,1716,1715,1714,1713,1714,1713,1714,1715,1714,1715,1714,1715,1714,1715,1716,1715,1716,1717,1716,1717,1716,1715,1714,1715,1716,1717,1716,1715,1714,1715,1714,1715,1716,1715,1716,1715,1714,1715,1716,1715,1714,1713,1714,1715,1716,1715,1716,1715,1714,1715,1716,1715,1714,1713,1712,1711,1712,1711,1712,1711,1710,1711,1712,1713,1714,1713,1712,1713,1714,1713,1714,1713,1714,1715,1714,1713,1712,1713,1712,1711,1712,1711,1712,1713,1714,1713,1714,1713,1712,1711,1712,1713,1714,1713,1714,1715,1714,1715,1714,1715,1714,1715,1716,1715,1716,1717,1716,1715,1716,1717,1716,1717,1716,1715,1716,1717,1718,1719,1720,1721,1722,1723,1722,1723,1724,1725,1724,1725,1724,1725,1726,1725,1726,1727,1728,1727,1728,1729,1730,1731,1732,1731,1732,1733,1734,1733,1732,1733,1732,1733,1734,1735,1734,1733,1732,1733,1734,1733,1734,1735,1736,1735,1736,1737,1738,1739,1740,1741,1740,1741,1742,1743,1742,1741,1742,1741,1742,1743,1744,1743,1742,1743,1742,1743,1744,1745,1744,1745,1744,1743,1742,1743,1744,1745,1746,1745,1744,1745,1744,1743,1742,1743,1744,1743,1742,1743,1742,1743,1742,1743,1742,1743,1744,1743,1744,1743,1742,1743,1742,1743,1742,1743,1744,1743,1742,1741,1742,1743,1744,1745,1746,1745,1746,1745,1744,1743,1744,1743,1742,1743,1744,1745,1746,1747,1746,1745,1744,1745,1746,1745,1746,1745,1744,1745,1744,1745,1744,1743,1744,1745,1744,1745,1746,1747,1746,1747,1746,1747,1746,1745,1746,1745,1744,1745,1746,1747,1746,1745,1744,1745,1746,1745,1746,1745,1744,1745,1746,1747,1746,1745,1746,1745,1746,1745,1744,1745,1746,1747,1748,1747,1748,1747,1746,1747,1748,1749,1750,1749,1750,1751,1750,1751,1752,1753,1752,1751,1750,1749,1750,1751,1752,1753,1752,1751,1752,1751,1752,1751,1752,1753,1752,1753,1752,1753,1754,1755,1756,1755,1756,1757,1758,1759,1758,1759,1760,1759,1758,1759,1760,1761,1762,1763,1764,1763,1762,1761,1762,1761,1762,1763,1764,1763,1764,1765,1766,1767,1766,1767,1766,1765,1766,1767,1766,1767,1766,1765,1766,1767,1766,1767,1766,1765,1766,1765,1764,1765,1766,1765,1766,1765,1764,1765,1766,1767,1768,1767,1766,1765,1766,1767,1766,1767,1768,1767,1768,1767,1766,1767,1766,1767,1766,1767,1768,1767,1766,1765,1766,1765,1766,1765,1764,1765,1764,1763,1764,1765,1764,1765,1766,1765,1766,1765,1766,1767,1768,1767,1768,1767,1766,1767,1768,1767,1768,1769,1768,1767,1766,1767,1766,1767,1768,1767,1768,1767,1768,1769,1768,1769,1770,1769,1770,1771,1770,1771,1772,1771,1770,1769,1770,1771,1770,1771,1772,1773,1772,1771,1770,1771,1772,1773,1772,1773,1772,1771,1770,1769,1768,1767,1768,1767,1766,1765,1764,1763,1764,1763,1764,1763,1762,1761,1762,1763,1762,1761,1760,1761,1762,1761,1762,1761,1762,1763,1762,1761,1762,1763,1762,1761,1760,1759,1760,1759,1758,1759,1760,1759,1760,1761,1760,1761,1762,1763,1762,1763,1762,1763,1762,1761,1762,1761,1760,1761,1762,1761,1762,1761,1762,1763,1764,1763,1764,1765,1764,1765,1764,1765,1766,1767,1766,1765,1764,1763,1764,1765,1764,1763,1762,1761,1762,1763,1764,1763,1762,1763,1764,1763,1762,1763,1764,1763,1764,1763,1764,1765,1764,1763,1762,1761,1760,1759,1758,1759,1760,1761,1760,1761,1760,1759,1758,1759,1760,1761,1760,1761,1762,1761,1762,1763,1762,1763,1762,1763,1764,1763,1762,1761,1760,1761,1760,1759,1758,1759,1760,1761,1760,1759,1760,1761,1762,1763,1762,1763,1762,1763,1762,1761,1762,1761,1760,1761,1762,1761,1762,1761,1760,1759,1758,1757,1756,1755,1756,1755,1756,1757,1758,1759,1758,1757,1758,1757,1758,1759,1758,1757,1758,1759,1760,1759,1760,1761,1762,1761,1762,1763,1762,1763,1764,1765,1764,1765,1766,1767,1768,1769,1768,1767,1768,1767,1768,1769,1770,1771,1770,1769,1770,1771,1770,1771,1772,1773,1774,1773,1772,1771,1770,1771,1772,1773,1772,1771,1772,1771,1772,1773,1774,1775,1776,1777,1776,1775,1774,1775,1776,1775,1776,1775,1774,1773,1774,1775,1776,1775,1776,1775,1776,1775,1774,1775,1774,1775,1774,1775,1774,1775,1776,1775,1776,1777,1778,1779,1778,1779,1778,1779,1778,1779,1780,1781,1780,1779,1780,1779,1780,1779,1778,1779,1778,1779,1780,1779,1780,1781,1782,1781,1782,1781,1782,1781,1782,1781,1782,1783,1782,1781,1780,1781,1780,1781,1780,1781,1780,1779,1780,1781,1782,1783,1784,1783,1782,1781,1780,1781,1780,1779,1780,1781,1780,1779,1778,1777,1776,1777,1778,1777,1778,1777,1776,1777,1778,1777,1776,1775,1776,1777,1776,1775,1774,1775,1776,1775,1776,1775,1774,1775,1774,1773,1774,1775,1774,1775,1774,1773,1772,1771,1772,1771,1770,1769,1770,1771,1772,1771,1770,1771,1770,1769,1770,1769,1768,1767,1768,1769,1768,1767,1768,1769,1770,1769,1770,1771,1770,1769,1768,1767,1768,1767,1768,1767,1768,1769,1768,1767,1768,1767,1768,1767,1766,1767,1768,1769,1768,1769,1768,1767,1766,1767,1766,1767,1768,1767,1768,1769,1770,1771,1770,1769,1770,1769,1768,1767,1768,1767,1768,1769,1770,1771,1770,1769,1770,1771,1770,1769,1770,1771,1772,1773,1772,1773,1774,1775,1776,1777,1776,1775,1774,1773,1774,1775,1776,1775,1774,1773,1774,1773,1774,1775,1776,1777,1776,1777,1776,1775,1776,1775,1776,1775,1776,1777,1778,1777,1776,1777,1776,1775,1774,1775,1774,1775,1774,1773,1772,1771,1770,1771,1772,1773,1772,1773,1774,1775,1774,1775,1776,1775,1776,1777,1776,1777,1776,1777,1778,1779,1778,1779,1780,1779,1778,1779,1778,1779,1778,1779,1778,1779,1780,1781,1780,1779,1778,1779,1778,1777,1778,1779,1780,1781,1782,1781,1780,1781,1782,1781,1782,1781,1782,1781,1782,1781,1782,1783,1782,1783,1782,1783,1782,1783,1784,1785,1784,1785,1786,1785,1786,1785,1786,1785,1784,1785,1786,1787,1788,1789,1788,1787,1786,1787,1786,1787,1786,1787,1786,1787,1788,1787,1788,1787,1786,1785,1786,1785,1786,1785,1786,1787,1788,1789,1788,1787,1788,1787,1788,1789,1790,1791,1790,1791,1790,1791,1792,1791,1790,1791,1790,1791,1790,1791,1792,1791,1792,1793,1792,1791,1790,1791,1790,1789,1790,1789,1790,1791,1792,1793,1792,1793,1792,1793,1794,1793,1794,1795,1796,1795,1796,1795,1794,1795,1796,1795,1796,1797,1796,1797,1796,1795,1794,1793,1794,1795,1794,1795,1796,1797,1796,1795,1796,1795,1796,1795,1796,1795,1796,1795,1796,1795,1796,1797,1796,1797,1798,1797,1798,1797,1798,1797,1796,1797,1796,1797,1798,1797,1796,1797,1798,1799,1798,1797,1798,1799,1798,1797,1798,1799,1800,1801,1800,1801,1800,1799,1800,1799,1798,1799,1800,1799,1798,1797,1796,1795,1796,1797,1796,1795,1794,1793,1794,1793,1792,1791,1792,1793,1794,1795,1796,1797,1798,1797,1796,1795,1794,1793,1794,1795,1794,1793,1792,1793,1792,1791,1792,1793,1792,1791,1792,1791,1790,1789,1788,1789,1790,1789,1790,1789,1790,1789,1788,1789,1790,1791,1790,1789,1790,1789,1788,1789,1790,1789,1788,1787,1788,1789,1790,1791,1790,1791,1792,1791,1790,1789,1790,1791,1790,1791,1790,1791,1792,1791,1790,1789,1790,1789,1788,1787,1786,1785,1786,1785,1784,1783,1782,1783,1782,1783,1782,1783,1782,1781,1780,1779,1780,1779,1778,1779,1778,1777,1778,1777,1776,1777,1776,1777,1776,1777,1776,1777,1776,1777,1776,1775,1774,1773,1774,1773,1772,1773,1772,1773,1774,1775,1776,1775,1776,1777,1778,1777,1776,1777,1778,1777,1778,1777,1778,1777,1776,1775,1774,1775,1776,1775,1774,1773,1772,1773,1772,1771,1770,1771,1772,1771,1770,1769,1768,1767,1766,1767,1766,1765,1764,1765,1764,1763,1762,1761,1762,1763,1762,1761,1760,1759,1758,1759,1758,1757,1758,1757,1758,1757,1758,1757,1758,1757,1758,1757,1756,1755,1754,1755,1754,1753,1754,1753,1754,1753,1752,1753,1752,1753,1752,1753,1752,1753,1752,1751,1750,1749,1750,1749,1748,1747,1746,1745,1744,1745,1744,1743,1742,1741,1742,1741,1740,1739,1740,1741,1740,1739,1738,1739,1738,1737,1736,1735,1734,1735,1734,1733,1734,1733,1734,1733,1734,1733,1732,1731,1730,1729,1730,1729,1730,1731,1730,1729,1728,1727,1726,1727,1726,1725,1724,1723,1724,1723,1722,1721,1722,1723,1722,1721,1720,1719,1718,1717,1716,1715,1714,1713,1714,1713,1712,1711,1712,1713,1712,1711,1710,1711,1710,1711,1710,1709,1708,1707,1708,1707,1708,1707,1708,1707,1706,1705,1704,1705,1704,1703,1704,1703,1704,1705,1704,1703,1702,1703,1702,1703,1702,1703,1702,1701,1700,1699,1700,1699,1700,1701,1702,1703,1704,1705,1706,1705,1706,1705,1704,1705,1706,1705,1704,1703,1702,1701,1702,1703,1704,1705,1706,1707,1708,1709,1710,1711,1710,1711,1710,1709,1710,1709,1710,1709,1708,1707,1706,1705,1706,1707,1706,1707,1708,1707,1706,1705,1704,1705,1704,1705,1706,1705,1704,1705,1704,1703,1702,1703,1702,1701,1700,1701,1700,1701,1700,1699,1698,1697,1698,1697,1698,1697,1698,1697,1698,1697,1696,1695,1694,1695,1694,1693,1694,1693,1692,1693,1692,1691,1690,1689,1690,1689,1690,1689,1690,1689,1690,1689,1688,1687,1686,1687,1686,1685,1686,1685,1684,1683,1684,1683,1684,1683,1684,1683,1682,1681,1680,1681,1680,1679,1678,1679,1680,1681,1680,1679,1678,1679,1678,1679,1680,1681,1680,1681,1682,1683,1682,1681,1682,1683,1684,1683,1684,1683,1684,1683,1684,1683,1682,1683,1684,1685,1686,1687,1686,1687,1688,1689,1690,1689,1690,1689,1688,1689,1688,1689,1690,1691,1690,1689,1690,1689,1688,1689,1688,1689,1690,1691,1690,1691,1690,1691,1690,1691,1692,1691,1692,1691,1692,1693,1694,1695,1694,1695,1694,1695,1696,1697,1698,1699,1700,1701,1700,1701,1702,1703,1704,1705,1706,1705,1706,1707,1708,1707,1708,1707,1708,1707,1708,1707,1708,1709,1710,1709,1710,1711,1712,1711,1710,1711,1712,1713,1714,1715,1716,1715,1716,1717,1716,1717,1718,1719,1720,1721,1722,1723,1722,1723,1724,1725,1724,1725,1724,1723,1724,1723,1722,1723,1724,1725,1726,1725,1726,1725,1726,1725,1726,1727,1728,1727,1726,1725,1726,1725,1726,1727,1726,1727,1726,1727,1728,1727,1726,1727,1726,1727,1726,1727,1728,1729,1730,1731,1730,1731,1730,1729,1730,1731,1732,1733,1732,1733,1732,1733,1734,1735,1734,1735,1736,1737,1738,1737,1736,1735,1734,1733,1734,1735,1734,1733,1732,1731,1732,1731,1732,1733,1734,1735,1734,1733,1732,1733,1734,1735,1734,1735,1734,1733,1732,1731,1730,1729,1728,1727,1728,1729,1728,1727,1728,1729,1728,1727,1728,1727,1726,1725,1726,1725,1724,1723,1722,1721,1720,1719,1718,1717,1716,1717,1716,1717,1718,1719,1720,1721,1722,1721,1720,1719,1720,1721,1722,1721,1720,1719,1720,1719,1718,1717,1716,1715,1714,1713,1712,1711,1710,1711,1710,1709,1708,1707,1708,1709,1708,1709,1710,1709,1708,1707,1706,1705,1704,1703,1704,1705,1704,1705,1704,1703,1702,1701,1700,1701,1702,1703,1704,1703,1702,1701,1702,1703,1704,1705,1704,1703,1702,1703,1704,1705,1706,1705,1706,1707,1708,1709,1708,1707,1708,1709,1710,1709,1710,1711,1712,1713,1714,1715,1716,1717,1716,1717,1718,1719,1718,1719,1720,1721,1722,1721,1722,1723,1724,1725,1724,1725,1726,1727,1728,1729,1730,1731,1730,1731,1732,1733,1734,1735,1734,1733,1734,1735,1736,1737,1736,1737,1738,1739,1740,1741,1742,1741,1740,1741,1742,1743,1744,1745,1746,1745,1746,1747,1748,1749,1750,1751,1752,1753,1752,1753,1754,1755,1754,1753,1754,1755,1756,1757,1758,1759,1760,1761,1762,1763,1764,1765,1766,1767,1768,1769,1770,1771,1772,1773,1774,1775,1776,1777,1778,1779,1780,1781,1782,1783,1784,1785,1784,1785,1784,1785,1786,1787,1788,1789,1790,1791,1792,1793,1794,1795,1796,1797,1798,1799,1800,1801,1802,1803,1804,1805,1806,1805,1806,1805,1806,1807,1808,1809,1810,1811,1812,1813,1814,1815,1816,1817,1818,1817,1818,1819,1818,1819,1820,1821,1822,1821,1822,1823,1824,1825,1826,1825,1826,1827,1828,1829,1830,1831,1830,1831,1832,1833,1834,1835,1836,1837,1836,1837,1838,1839,1840,1839,1840,1839,1838,1839,1840,1841,1840,1841,1842,1843,1844,1845,1846,1845,1846,1847,1848,1849,1848,1847,1848,1849,1850,1849,1850,1851,1852,1853,1854,1855,1856,1857,1858,1859,1858,1859,1860,1861,1860,1861,1860,1861,1862,1861,1862,1863,1864,1863,1862,1863,1864,1865,1866,1867,1868,1869,1870,1871,1872,1873,1874,1873,1874,1875,1876,1877,1878,1879,1880,1879,1878,1879,1880,1881,1882,1883,1884,1885,1886,1885,1886,1887,1888,1889,1890,1889,1890,1891,1892,1893,1894,1895,1896,1897,1898,1899,1900,1901,1902,1903,1904,1905,1906,1905,1904,1905,1906,1907,1908,1907,1908,1909,1910,1909,1910,1909,1910,1909,1910,1909,1910,1911,1912,1913,1912,1913,1914,1913,1912,1911,1910,1911,1910,1911,1912,1913,1914,1915,1916,1917,1916,1917,1918,1919,1918,1919,1918,1917,1918,1917,1916,1917,1916,1915,1916,1915,1916,1917,1918,1919,1918,1917,1918,1919,1920,1919,1918,1917,1918,1919,1918,1917,1918,1917,1916,1917,1918,1919,1918,1917,1918,1919,1918,1917,1916,1917,1916,1917,1918,1919,1918,1919,1920,1919,1918,1919,1920,1921,1922,1923,1924,1925,1924,1925,1926,1925,1924,1925,1926,1925,1926,1927,1928,1927,1928,1929,1928,1929,1928,1929,1928,1929,1928,1929,1930,1929,1930,1929,1930,1931,1930,1931,1932,1933,1934,1933,1934,1935,1936,1937,1936,1935,1936,1937,1936,1937,1938,1939,1940,1939,1938,1939,1940,1941,1940,1941,1942,1941,1942,1941,1942,1941,1940,1941,1940,1941,1942,1943,1942,1943,1942,1943,1944,1943,1944,1945,1946,1947,1946,1947,1946,1945,1946,1945,1946,1947,1946,1947,1948,1947,1948,1949,1948,1949,1950,1949,1950,1951,1952,1951,1952,1953,1954,1955,1956,1957,1956,1957,1956,1955,1956,1957,1956,1955,1956,1955,1956,1957,1956,1957,1956,1955,1956,1957,1958,1959,1960,1961,1960,1961,1962,1963,1962,1961,1960,1961,1960,1959,1960,1959,1958,1959,1960,1959,1960,1959,1958,1957,1958,1957,1958,1959,1958,1959,1960,1959,1960,1961,1962,1963,1962,1963,1964,1963,1962,1963,1962,1963,1964,1963,1964,1963,1962,1963,1964,1965,1964,1965,1966,1965,1964,1963,1962,1961,1962,1963,1964,1963,1962,1961,1960,1961,1962,1963,1964,1965,1966,1967,1968,1967,1968,1969,1968,1969,1970,1969,1970,1971,1972,1971,1972,1973,1972,1971,1972,1971,1972,1973,1972,1973,1974,1973,1972,1973,1974,1973,1972,1973,1972,1971,1972,1971,1972,1973,1972,1971,1972,1973,1974,1973,1974,1973,1974,1975,1974,1975,1976,1977,1976,1975,1974,1975,1974,1975,1974,1975,1976,1975,1976,1977,1978,1977,1976,1977,1978,1977,1978,1977,1976,1977,1978,1977,1976,1975,1974,1975,1974,1975,1976,1975,1976,1975,1974,1973,1974,1975,1974,1975,1976,1977,1976,1975,1974,1975,1974,1975,1974,1975,1974,1975,1976,1977,1976,1977,1976,1977,1978,1979,1980,1981,1980,1979,1980,1979,1980,1981,1982,1981,1982,1981,1980,1979,1980,1981,1980,1981,1982,1983,1982,1983,1984,1983,1984,1983,1984,1985,1986,1985,1986,1985,1986,1987,1988,1987,1988,1989,1990,1989,1990,1989,1990,1991,1992,1993,1992,1991,1992,1991,1990,1991,1992,1993,1994,1993,1992,1993,1994,1993,1994,1993,1992,1993,1994,1993,1994,1993,1992,1993,1992,1991,1992,1991,1992,1993,1992,1993,1992,1993,1994,1993,1994,1995,1996,1995,1994,1995,1996,1997,1996,1997,1998,1999,2000,2001,2000,1999,2000,2001,2002,2003,2002,2001,2002,2003,2004,2005,2004,2005,2006,2005,2006,2007,2006,2007,2008,2007,2008,2007,2006,2007,2008,2007,2006,2007,2006,2007,2008,2009,2010,2011,2012,2011,2012,2013,2014,2015,2016,2015,2016,2015,2014,2015,2016,2017,2018,2019,2020,2019,2020,2021,2020,2021,2022,2023,2024,2025,2026,2025,2026,2027,2026,2027,2026,2027,2026,2027,2028,2027,2028,2027,2028,2027,2028,2027,2028,2029,2030,2029,2028,2029,2030,2031,2032,2033,2032,2033,2032,2031,2030,2031,2030,2029,2030,2031,2032,2031,2030,2029,2028,2029,2030,2029,2030,2029,2030,2031,2030,2031,2030,2031,2032,2031,2032,2031,2032,2031,2030,2031,2030,2031,2030,2031,2032,2033,2032,2033,2032,2033,2034,2033,2034,2035,2036,2037,2036,2037,2036,2035,2036,2037,2036,2037,2036,2035,2036,2035,2034,2035,2034,2035,2036,2037,2036,2037,2038,2039,2038,2037,2038,2039,2038,2039,2038,2039,2040,2041,2040,2041,2042,2041,2042,2043,2042,2043,2044,2045,2046,2047,2048,2047,2048,2049,2048,2049,2048,2049,2050,2051,2052,2053,2052,2051,2052,2053,2052,2053,2054,2055,2054,2053,2054,2055,2056,2057,2058,2059,2058,2059,2060,2061,2060,2061,2062,2061,2060,2061,2062,2061,2062,2061,2062,2063,2062,2061,2062,2063,2062,2061,2062,2063,2062,2063,2062,2061,2060,2061,2060,2061,2062,2063,2062,2063,2062,2063,2062,2063,2062,2061,2062,2063,2062,2063,2064,2065,2066,2067,2066,2067,2066,2065,2066,2067,2066,2065,2066,2067,2066,2067,2068,2069,2068,2069,2070,2071,2070,2071,2070,2071,2070,2069,2070,2069,2070,2069,2070,2071,2072,2071,2072,2073,2072,2073,2074,2073,2072,2071,2070,2069,2070,2069,2068,2067,2066,2067,2068,2067,2066,2067,2068,2067,2068,2067,2068,2069,2068,2069,2070,2071,2070,2069,2070,2071,2072,2073,2074,2073,2072,2073,2074,2075,2076,2075,2076,2077,2078,2077,2076,2077,2078,2079,2080,2079,2080,2081,2080,2081,2082,2081,2082,2083,2084,2083,2084,2083,2084,2083,2082,2083,2084,2085,2086,2085,2084,2085,2086,2087,2086,2087,2086,2087,2086,2087,2088,2089,2088,2089,2088,2087,2088,2089,2090,2091,2092,2091,2092,2093,2092,2093,2094,2093,2094,2095,2094,2093,2092,2091,2092,2091,2092,2091,2092,2093,2094,2095,2094,2095,2094,2095,2094,2095,2096,2097,2098,2099,2098,2097,2096,2097,2096,2097,2098,2099,2100,2101,2102,2103,2104,2105,2106,2105,2104,2103,2102,2103,2104,2103,2104,2105,2104,2105,2104,2105,2106,2107,2108,2107,2108,2109,2108,2109,2110,2111,2110,2111,2110,2111,2112,2113,2112,2111,2112,2111,2112,2111,2110,2111,2112,2113,2112,2113,2114,2115,2116,2115,2114,2113,2112,2113,2112,2113,2114,2113,2112,2113,2114,2115,2116,2115,2114,2115,2116,2117,2116,2115,2116,2115,2116,2115,2116,2115,2116,2117,2116,2117,2118,2117,2118,2119,2118,2119,2120,2119,2120,2121,2122,2121,2120,2121,2120,2121,2120,2121,2120,2119,2120,2119,2120,2119,2120,2121,2120,2119,2120,2121,2122,2121,2120,2121,2122,2121,2122,2123,2122,2123,2124,2123,2122,2123,2124,2125,2126,2125,2126,2125,2126,2125,2126,2127,2126,2127,2128,2129,2128,2129,2128,2129,2128,2129,2130,2129,2130,2131,2130,2131,2130,2129,2130,2129,2130,2131,2132,2133,2134,2135,2136,2137,2138,2137,2138,2137,2138,2137,2138,2139,2138,2139,2140,2141,2142,2141,2142,2141,2142,2143,2142,2143,2142,2143,2144,2143,2144,2143,2144,2143,2142,2143,2144,2145,2146,2147,2146,2147,2148,2149,2148,2147,2148,2147,2148,2149,2150,2151,2152,2151,2152,2151,2152,2153,2152,2153,2152,2153,2154,2153,2154,2155,2154,2155,2156,2155,2156,2155,2156,2157,2158,2157,2156,2157,2158,2157,2156,2157,2156,2157,2156,2157,2156,2157,2158,2157,2158,2157,2158,2159,2160,2159,2158,2157,2158,2159,2160,2159,2158,2159,2160,2159,2160,2161,2162,2161,2160,2161,2162,2161,2160,2159,2160,2159,2160,2161,2162,2163,2162,2161,2160,2161,2162,2161,2162,2161,2160,2161,2162,2161,2160,2161,2160,2161,2160,2161,2162,2163,2164,2165,2166,2165,2166,2165,2166,2165,2164,2165,2164,2165,2164,2165,2166,2167,2168,2167,2166,2165,2166,2167,2166,2167,2168,2169,2168,2169,2170,2171,2170,2169,2170,2171,2172,2173,2174,2173,2172,2173,2174,2173,2172,2173,2174,2175,2174,2175,2174,2175,2176,2175,2174,2173,2174,2175,2176,2175,2176,2175,2174,2175,2174,2175,2176,2177,2178,2177,2178,2177,2178,2177,2178,2177,2178,2179,2180,2181,2180,2181,2180,2179,2180,2181,2180,2181,2182,2183,2182,2183,2184,2185,2186,2185,2186,2187,2188,2187,2188,2189,2188,2187,2188,2189,2190,2191,2190,2191,2192,2193,2192,2193,2194,2195,2194,2195,2194,2195,2194,2195,2196,2197,2196,2197,2198,2199,2200,2199,2200,2201,2202,2201,2202,2203,2202,2203,2204,2203,2204,2203,2204,2205,2206,2205,2206,2207,2208,2209,2208,2209,2208,2207,2208,2207,2208,2209,2208,2209,2210,2211,2212,2211,2212,2213,2212,2213,2214,2213,2214,2215,2216,2217,2218,2217,2218,2219,2220,2219,2220,2221,2222,2221,2222,2223,2224,2225,2224,2223,2222,2223,2224,2225,2224,2225,2226,2225,2224,2223,2224,2225,2224,2223,2222,2223,2224,2225,2226,2225,2226,2227,2228,2229,2230,2229,2230,2231,2232,2233,2234,2233,2234,2233,2234,2235,2236,2237,2238,2239,2240,2241,2240,2241,2242,2243,2242,2241,2242,2241,2240,2239,2240,2239,2240,2241,2240,2239,2240,2241,2242,2241,2240,2241,2242,2243,2244,2245,2244,2243,2244,2245,2244,2245,2246,2247,2248,2249,2250,2251,2252,2253,2254,2255,2256,2255,2256,2257,2256,2255,2256,2257,2258,2257,2256,2255,2256,2257,2256,2257,2256,2257,2258,2259,2260,2261,2262,2261,2262,2263,2262,2261,2262,2261,2262,2263,2264,2263,2264,2263,2264,2265,2264,2265,2266,2267,2266,2267,2268,2269,2270,2269,2270,2271,2272,2273,2274,2275,2274,2275,2274,2275,2276,2277,2276,2277,2276,2275,2276,2277,2276,2277,2276,2277,2276,2277,2278,2279,2280,2281,2282,2281,2282,2283,2284,2285,2284,2283,2284,2283,2284,2285,2286,2285,2286,2285,2284,2285,2284,2285,2286,2285,2284,2283,2284,2283,2282,2283,2284,2285,2286,2287,2288,2289,2290,2291,2292,2291,2292,2293,2292,2291,2292,2293,2292,2291,2292,2293,2294,2295,2294,2295,2294,2295,2296,2297,2296,2297,2298,2299,2300,2301,2302,2303,2304,2305,2306,2305,2304,2305,2306,2307,2306,2307,2308,2309,2310,2311,2312,2311,2312,2313,2314,2313,2312,2311,2312,2313,2314,2315,2316,2315,2316,2317,2316,2315,2316,2315,2316,2315,2316,2317,2316,2317,2318,2317,2318,2317,2318,2317,2318,2317,2318,2319,2320,2319,2318,2317,2318,2319,2318,2319,2320,2321,2322,2323,2324,2325,2324,2325,2326,2325,2324,2325,2326,2325,2326,2327,2328,2329,2330,2331,2330,2329,2328,2329,2330,2329,2328,2329,2330,2329,2328,2327,2328,2329,2330,2331,2330,2331,2332,2333,2332,2331,2332,2333,2332,2331,2332,2333,2334,2335,2334,2335,2336,2337,2338,2337,2338,2339,2340,2341,2342,2341,2342,2343,2342,2343,2342,2343,2344,2343,2342,2341,2342,2343,2344,2345,2346,2347,2348,2347,2346,2347,2348,2349,2350,2351,2352,2353,2352,2351,2350,2351,2352,2353,2354,2353,2354,2355,2356,2357,2356,2355,2356,2355,2356,2357,2358,2359,2360,2361,2362,2363,2364,2365,2366,2367,2368,2369,2370,2371,2372,2373,2372,2371,2370,2369,2370,2371,2372,2373,2372,2371,2370,2371,2372,2371,2372,2373,2372,2373,2372,2371,2372,2373,2372,2373,2374,2373,2374,2375,2376,2377,2378,2379,2378,2379,2380,2381,2382,2381,2382,2381,2380,2381,2382,2383,2382,2381,2382,2383,2384,2383,2384,2385,2384,2383,2384,2385,2386,2385,2384,2385,2386,2385,2386,2387,2386,2387,2386,2387,2388,2389,2390,2391,2392,2393,2394,2393,2394,2395,2394,2393,2394,2393,2392,2391,2390,2391,2392,2391,2390,2391,2392,2393,2394,2393,2394,2395,2396,2397,2396,2397,2398,2397,2398,2399,2398,2397,2398,2397,2398,2397,2398,2397,2396,2395,2394,2395,2396,2397,2398,2397,2398,2397,2398,2397,2398,2399,2400,2401,2402,2403,2402,2401,2400,2399,2400,2401,2400,2399,2400,2401,2400,2401,2402,2403,2402,2401,2402,2403,2402,2401,2402,2403,2404,2403,2402,2403,2404,2405,2406,2405,2406,2407,2406,2407,2406,2405,2404,2405,2406,2407,2406,2407,2408,2409,2408,2407,2408,2409,2408,2409,2410,2409,2410,2411,2410,2409,2410,2411,2412,2411,2412,2411,2412,2413,2412,2411,2412,2413,2412,2413,2414,2413,2414,2415,2414,2415,2416,2415,2414,2415,2414,2415,2414,2413,2414,2415,2414,2415,2414,2415,2416,2417,2416,2415,2416,2417,2416,2415,2416,2417,2416,2417,2416,2417,2418,2419,2418,2419,2418,2417,2418,2419,2420,2421,2422,2423,2422,2423,2422,2423,2422,2423,2424,2423,2424,2425,2424,2425,2424,2425,2426,2425,2426,2427,2428,2429,2430,2431,2432,2433,2434,2433,2434,2433,2434,2433,2432,2433,2432,2433,2434,2435,2436,2435,2436,2437,2438,2439,2440,2441,2442,2441,2442,2443,2444,2443,2444,2445,2446,2447,2448,2449,2450,2449,2448,2449,2448,2447,2448,2449,2450,2451,2452,2453,2454,2455,2456,2455,2456,2455,2454,2453,2454,2455,2456,2455,2456,2457,2458,2457,2458,2457,2458,2457,2458,2457,2458,2457,2456,2455,2456,2457,2458,2457,2456,2457,2458,2459,2460,2459,2460,2461,2462,2461,2462,2463,2464,2465,2464,2465,2466,2465,2464,2463,2464,2463,2462,2463,2464,2463,2462,2461,2462,2461,2462,2461,2462,2463,2464,2463,2462,2463,2464,2465,2464,2465,2466,2467,2466,2465,2466,2465,2466,2467,2466,2467,2466,2467,2466,2467,2466,2467,2466,2465,2464,2463,2464,2465,2466,2465,2466,2467,2468,2467,2466,2465,2464,2465,2464,2465,2464,2463,2462,2461,2460,2459,2460,2459,2458,2459,2460,2461,2460,2459,2458,2459,2460,2461,2460,2461,2460,2461,2460,2459,2458,2459,2458,2457,2458,2459,2458,2459,2458,2459,2460,2461,2460,2459,2460,2459,2460,2459,2460,2461,2462,2463,2462,2463,2464,2463,2464,2463,2462,2463,2462,2463,2462,2463,2464,2463,2464,2463,2464,2465,2466,2467,2468,2469,2470,2471,2470,2471,2472,2473,2474,2473,2474,2475,2474,2475,2476,2477,2476,2475,2476,2477,2478,2479,2478,2479,2478,2477,2476,2477,2478,2479,2480,2481,2482,2483,2482,2481,2482,2483,2484,2485,2486,2487,2488,2489,2490,2491,2490,2491,2492,2493,2494,2495,2496,2495,2496,2495,2496,2497,2496,2495,2496,2497,2496,2497,2496,2497,2496,2497,2498,2499,2500,2501,2500,2501,2500,2501,2502,2503,2504,2503,2502,2503,2504,2505,2506,2507,2508,2507,2508,2509,2508,2509,2510,2511,2510,2511,2512,2511,2512,2511,2510,2509,2510,2511,2512,2511,2512,2513,2512,2511,2512,2511,2512,2513,2512,2511,2512,2513,2512,2511,2512,2511,2512,2511,2510,2511,2512,2511,2512,2513,2512,2513,2512,2511,2510,2509,2508,2507,2506,2507,2508,2509,2508,2509,2508,2509,2510,2509,2510,2509,2510,2511,2510,2509,2510,2511,2510,2509,2510,2511,2510,2509,2510,2509,2510,2511,2510,2511,2510,2509,2510,2511,2510,2511,2512,2513,2514,2513,2514,2515,2514,2515,2516,2515,2516,2515,2514,2515,2516,2515,2516,2517,2516,2517,2516,2517,2518,2517,2518,2519,2520,2521,2522,2523,2524,2525,2524,2523,2524,2525,2524,2523,2522,2523,2522,2523,2522,2521,2522,2521,2522,2521,2522,2523,2524,2525,2524,2523,2524,2523,2522,2521,2520,2519,2518,2519,2518,2517,2516,2515,2516,2517,2516,2517,2516,2515,2514,2513,2512,2513,2514,2515,2516,2517,2516,2517,2518,2519,2520,2519,2518,2519,2520,2519,2520,2521,2522,2523,2524,2523,2524,2525,2524,2523,2524,2523,2524,2523,2522,2521,2522,2523,2524,2523,2522,2523,2524,2523,2524,2523,2522,2523,2522,2523,2524,2525,2524,2523,2524,2525,2526,2527,2528,2529,2528,2529,2530,2529,2528,2529,2528,2529,2530,2529,2530,2531,2532,2533,2534,2535,2536,2537,2538,2539,2538,2539,2540,2539,2540,2539,2538,2539,2538,2539,2538,2539,2540,2541,2540,2541,2542,2543,2544,2545,2546,2545,2546,2545,2546,2545,2546,2547,2548,2547,2546,2545,2546,2547,2546,2547,2548,2549,2550,2549,2548,2547,2548,2549,2550,2551,2552,2553,2552,2553,2554,2555,2554,2553,2554,2555,2556,2557,2558,2557,2558,2557,2558,2559,2560,2561,2562,2563,2564,2565,2566,2567,2566,2567,2566,2567,2568,2569,2570,2569,2570,2569,2570,2571,2572,2571,2570,2571,2570,2571,2572,2573,2574,2573,2572,2573,2574,2575,2574,2573,2574,2575,2576,2575,2574,2573,2574,2573,2574,2575,2574,2575,2576,2575,2574,2573,2574,2575,2574,2575,2576,2575,2576,2577,2578,2579,2580,2581,2582,2583,2582,2581,2582,2583,2582,2583,2584,2583,2584,2585,2584,2585,2586,2585,2586,2587,2588,2589,2590,2591,2590,2591,2592,2591,2592,2591,2592,2591,2590,2591,2590,2591,2590,2589,2590,2589,2588,2587,2588,2587,2586,2587,2586,2587,2588,2589,2590,2589,2588,2587,2588,2587,2588,2587,2586,2587,2586,2585,2586,2585,2586,2587,2588,2589,2590,2591,2592,2593,2592,2593,2592,2593,2594,2595,2596,2597,2596,2597,2596,2597,2596,2597,2596,2595,2596,2595,2596,2595,2596,2597,2596,2595,2596,2597,2596,2597,2598,2597,2598,2599,2600,2601,2600,2599,2598,2599,2598,2599,2600,2599,2598,2597,2596,2597,2596,2597,2598,2599,2598,2597,2596,2595,2596,2595,2596,2597,2596,2595,2594,2595,2594,2593,2592,2593,2592,2591,2590,2589,2588,2589,2590,2591,2592,2591,2590,2589,2588,2589,2590,2591,2592,2591,2592,2591,2592,2593,2592,2591,2590,2591,2590,2589,2590,2589,2590,2589,2590,2589,2588,2587,2588,2589,2588,2587,2586,2587,2588,2587,2586,2587,2586,2587,2588,2589,2588,2589,2588,2587,2586,2587,2588,2589,2588,2589,2588,2589,2590,2591,2592,2593,2594,2593,2594,2593,2594,2595,2596,2597,2598,2599,2598,2597,2598,2599,2598,2597,2598,2599,2598,2597,2596,2597,2596,2597,2598,2599,2598,2597,2598,2599,2600,2599,2600,2601,2602,2603,2602,2603,2602,2601,2602,2603,2602,2601,2602,2601,2600,2601,2600,2599,2598,2597,2596,2595,2594,2595,2594,2593,2592,2593,2592,2593,2592,2591,2592,2593,2592,2591,2592,2593,2594,2593,2594,2593,2594,2595,2594,2595,2596,2597,2598,2597,2596,2597,2596,2595,2594,2593,2594,2595,2594,2595,2596,2597,2598,2597,2596,2597,2596,2595,2594,2595,2596,2595,2594,2593,2594,2595,2594,2595,2594,2593,2594,2595,2594,2593,2592,2591,2592,2591,2590,2589,2588,2587,2588,2587,2588,2589,2588,2587,2586,2585,2586,2587,2588,2589,2590,2591,2590,2591,2590,2589,2590,2591,2592,2591,2590,2591,2592,2591,2590,2589,2590,2589,2588,2587,2588,2587,2588,2589,2590,2589,2588,2589,2588,2589,2590,2591,2592,2593,2592,2591,2592,2593,2594,2595,2596,2597,2596,2595,2596,2597,2598,2597,2596,2595,2596,2595,2596,2595,2594,2593,2594,2595,2594,2595,2596,2597,2596,2595,2596,2595,2596,2597,2596,2597,2596,2595,2596,2597,2596,2595,2596,2595,2596,2595,2596,2597,2598,2599,2598,2597,2596,2595,2594,2593,2594,2593,2592,2593,2592,2593,2592,2593,2592,2591,2592,2593,2592,2593,2594,2593,2592,2593,2594,2595,2596,2597,2598,2599,2600,2601,2600,2599,2600,2599,2600,2601,2602,2603,2602,2603,2604,2603,2604,2605,2606,2607,2608,2607,2606,2607,2608,2607,2606,2605,2604,2605,2606,2607,2608,2607,2608,2609,2608,2609,2610,2611,2612,2613,2614,2613,2614,2615,2616,2617,2616,2617,2618,2619,2618,2617,2618,2619,2620,2621,2622,2621,2620,2619,2620,2619,2620,2621,2622,2623,2624,2625,2626,2627,2626,2627,2628,2629,2630,2629,2628,2627,2626,2625,2626,2625,2626,2625,2626,2625,2626,2625,2624,2625,2626,2627,2628,2629,2628,2629,2630,2631,2632,2631,2632,2633,2632,2633,2634,2633,2632,2633,2634,2635,2636,2635,2634,2635,2636,2637,2636,2635,2636,2637,2636,2635,2636,2637,2636,2635,2636,2637,2638,2639,2638,2639,2640,2641,2642,2643,2644,2645,2644,2643,2642,2643,2642,2641,2642,2643,2644,2643,2644,2645,2644,2645,2646,2645,2644,2645,2646,2647,2648,2649,2648,2647,2648,2649,2648,2647,2648,2649,2650,2651,2650,2651,2652,2653,2654,2653,2654,2655,2656,2657,2658,2659,2658,2657,2658,2659,2660,2659,2658,2657,2656,2657,2656,2657,2658,2659,2660,2661,2662,2663,2662,2661,2662,2663,2664,2665,2666,2667,2668,2669,2668,2667,2668,2669,2670,2671,2670,2671,2672,2673,2674,2675,2676,2675,2676,2677,2678,2679,2680,2681,2682,2683,2684,2685,2684,2685,2686,2687,2688,2687,2688,2689,2690,2689,2688,2687,2688,2689,2688,2689,2690,2691,2690,2691,2690,2691,2690,2691,2692,2693,2692,2691,2692,2691,2692,2691,2690,2689,2690,2689,2690,2691,2690,2691,2690,2689,2690,2689,2690,2691,2690,2689,2688,2689,2690,2689,2688,2689,2690,2691,2692,2693,2692,2693,2694,2695,2696,2695,2696,2697,2696,2697,2696,2695,2696,2697,2696,2697,2698,2697,2696,2697,2696,2695,2694,2695,2696,2697,2696,2695,2696,2697,2698,2699,2698,2699,2700,2699,2700,2701,2700,2701,2702,2703,2702,2703,2704,2705,2706,2705,2706,2707,2706,2707,2708,2707,2708,2709,2708,2709,2710,2709,2708,2709,2708,2709,2708,2709,2710,2711,2712,2713,2712,2713,2712,2713,2712,2713,2714,2715,2714,2715,2716,2717,2716,2717,2718,2717,2718,2719,2718,2719,2720,2721,2720,2721,2722,2723,2722,2723,2722,2721,2722,2721,2722,2721,2722,2723,2724,2725,2726,2725,2726,2727,2728,2727,2728,2729,2728,2729,2730,2731,2730,2731,2730,2729,2730,2731,2732,2731,2730,2731,2732,2733,2734,2733,2732,2733,2734,2735,2736,2737,2736,2735,2736,2737,2736,2735,2734,2735,2736,2737,2736,2735,2736,2737,2738,2739,2738,2739,2740,2739,2740,2741,2742,2743,2742,2743,2744,2745,2746,2747,2746,2747,2748,2749,2750,2751,2750,2751,2752,2753,2754,2753,2754,2753,2754,2753,2754,2755,2754,2753,2752,2753,2754,2755,2756,2757,2758,2759,2760,2761,2762,2763,2764,2763,2762,2763,2764,2765,2766,2765,2766,2767,2768,2769,2770,2771,2772,2773,2774,2775,2776,2777,2778,2777,2776,2775,2776,2775,2776,2777,2776,2777,2778,2779,2780,2779,2780,2781,2782,2783,2784,2785,2786,2787,2788,2787,2788,2789,2788,2789,2788,2789,2790,2789,2790,2789,2788,2789,2790,2791,2792,2791,2792,2791,2792,2793,2794,2793,2794,2795,2796,2797,2798,2799,2800,2801,2802,2803,2804,2805,2806,2807,2806,2807,2808,2809,2810,2811,2812,2813,2814,2813,2812,2813,2814,2813,2814,2813,2812,2813,2814,2815,2816,2817,2818,2819,2820,2819,2820,2821,2822,2823,2824,2825,2826,2827,2828,2829,2828,2827,2828,2827,2828,2829,2830,2831,2830,2831,2830,2831,2832,2833,2834,2833,2834,2833,2834,2835,2836,2835,2836,2837,2838,2839,2840,2839,2838,2837,2838,2839,2840,2841,2842,2843,2844,2843,2844,2845,2844,2845,2846,2847,2848,2849,2850,2849,2850,2851,2852,2853,2854,2855,2856,2857,2858,2857,2856,2857,2858,2859,2860,2861,2862,2863,2862,2861,2862,2863,2864,2865,2866,2865,2866,2867,2868,2869,2868,2869,2870,2871,2872,2873,2874,2873,2874,2875,2876,2877,2878,2879,2880,2881,2880,2881,2882,2883,2882,2881,2882,2883,2884,2885,2886,2885,2884,2883,2882,2883,2884,2883,2884,2885,2886,2887,2886,2887,2886,2885,2886,2887,2888,2889,2890,2891,2892,2893,2894,2895,2896,2897,2896,2897,2898,2897,2896,2897,2898,2899,2900,2901,2900,2899,2900,2899,2898,2899,2900,2901,2902,2903,2904,2905,2906,2907,2908,2909,2910,2911,2912,2911,2912,2913,2914,2915,2914,2913,2914,2915,2916,2915,2916,2915,2916,2917,2918,2919,2918,2919,2918,2919,2920,2921,2922,2923,2924,2925,2924,2925,2926,2927,2928,2929,2930,2929,2930,2929,2930,2931,2932,2933,2934,2935,2934,2933,2934,2935,2936,2937,2938,2939,2938,2939,2938,2939,2940,2941,2942,2941,2942,2943,2942,2943,2944,2945,2946,2947,2948,2949,2950,2951,2952,2953,2954,2953,2954,2953,2952,2953,2954,2955,2956,2957,2958,2959,2958,2959,2960,2961,2962,2961,2962,2963,2964,2965,2964,2965,2966,2967,2968,2969,2970,2969,2968,2969,2970,2971,2972,2973,2974,2973,2974,2975,2974,2975,2976,2977,2978,2979,2980,2979,2980,2981,2980,2981,2982,2983,2984,2985,2986,2987,2988,2989,2990,2991,2992,2993,2994,2995,2996,2997,2998,2999,3000,3001,3002,3003,3004,3003,3004,3005,3006,3005,3006,3007,3006,3007,3008,3007,3008,3007,3006,3007,3008,3009,3010,3011,3012,3013,3014,3015,3016,3017,3018,3019,3018,3019,3020,3021,3020,3019,3020,3021,3022,3023,3024,3025,3024,3025,3026,3027,3028,3027,3028,3029,3030,3031,3032,3033,3034,3035,3036,3037,3036,3037,3038,3039,3038,3039,3040,3041,3042,3043,3044,3045,3046,3047,3048,3049,3050,3049,3050,3051,3050,3051,3052,3051,3052,3053,3052,3053,3052,3053,3054,3055,3056,3057,3058,3057,3056,3057,3056,3057,3056,3057,3058,3059,3060,3061,3062,3061,3062,3063,3064,3065,3064,3063,3064,3065,3066,3067,3068,3067,3068,3069,3070,3069,3070,3069,3070,3069,3070,3069,3070,3071,3072,3073,3074,3075,3076,3077,3078,3079,3080,3081,3082,3083,3084,3083,3084,3085,3084,3085,3086,3087,3088,3089,3090,3091,3090,3091,3092,3093,3094,3095,3096,3097,3096,3097,3098,3099,3100,3101,3102,3103,3104,3105,3104,3103,3102,3103,3104,3105,3106,3107,3108,3109,3108,3107,3108,3107,3108,3109,3108,3107,3108,3109,3110,3109,3110,3111,3112,3113,3114,3115,3116,3117,3118,3119,3118,3119,3120,3121,3122,3123,3124,3125,3124,3125,3126,3125,3124,3125,3126,3127,3128,3127,3128,3127,3128,3127,3126,3127,3126,3127,3128,3129,3130,3131,3132,3133,3132,3133,3132,3133,3134,3135,3136,3137,3138,3139,3140,3141,3142,3141,3142,3143,3144,3145,3144,3145,3146,3147,3148,3149,3148,3149,3150,3151,3152,3151,3152,3153,3154,3153,3154,3155,3156,3157,3156,3157,3156,3155,3156,3157,3156,3157,3158,3159,3160,3161,3162,3163,3164,3165,3166,3167,3166,3167,3168,3169,3170,3171,3172,3173,3174,3175,3176,3177,3176,3175,3176,3177,3176,3177,3178,3179,3178,3179,3180,3181,3182,3183,3184,3185,3184,3185,3186,3187,3188,3187,3188,3189,3190,3191,3192,3191,3192,3193,3194,3195,3194,3195,3194,3193,3194,3195,3194,3193,3192,3193,3192,3191,3192,3191,3192,3193,3194,3195,3196,3197,3198,3199,3198,3197,3196,3195,3196,3197,3198,3199,3200,3201,3202,3203,3204,3205,3206,3207,3208,3209,3208,3209,3210,3211,3212,3211,3212,3213,3214,3215,3216,3215,3214,3215,3214,3215,3216,3217,3218,3219,3220,3219,3220,3221,3222,3223,3224,3225,3224,3225,3226,3227,3226,3227,3228,3229,3230,3231,3232,3233,3234,3235,3234,3233,3232,3231,3232,3233,3234,3235,3234,3235,3236,3237,3238,3239,3238,3239,3240,3239,3240,3241,3242,3243,3244,3245,3244,3245,3246,3247,3246,3247,3248,3247,3248,3249,3250,3251,3252,3253,3254,3255,3254,3255,3256,3257,3258,3259,3260,3261,3262,3263,3264,3265,3266,3267,3268,3267,3268,3269,3270,3271,3272,3273,3274,3275,3276,3277,3278,3277,3278,3279,3280,3279,3280,3281,3282,3281,3282,3283,3284,3285,3286,3287,3288,3287,3288,3289,3290,3291,3292,3291,3292,3293,3294,3295,3294,3295,3296,3297,3296,3297,3298,3299,3298,3297,3298,3299,3300,3299,3300,3301,3300,3301,3302,3303,3302,3303,3304,3305,3304,3305,3306,3307,3308,3309,3310,3311,3312,3313,3314,3315,3316,3315,3316,3317,3318,3319,3320,3321,3322,3323,3322,3323,3322,3321,3320,3319,3320,3321,3322,3323,3324,3325,3326,3327,3328,3329,3330,3331,3332,3333,3334,3335,3336,3337,3338,3339,3340,3339,3340,3341,3340,3341,3340,3341,3342,3343,3342,3343,3342,3343,3344,3345,3346,3345,3346,3345,3344,3345,3346,3347,3346,3347,3348,3349,3350,3349,3350,3351,3352,3353,3354,3353,3352,3353,3354,3355,3356,3357,3358,3359,3360,3361,3360,3359,3360,3361,3362,3363,3364,3363,3364,3365,3364,3365,3366,3367,3368,3369,3370,3371,3370,3371,3372,3373,3372,3371,3372,3373,3374,3375,3376,3375,3376,3377,3378,3379,3380,3381,3382,3383,3382,3381,3382,3383,3382,3383,3384,3385,3386,3387,3388,3389,3390,3389,3390,3391,3392,3393,3394,3395,3396,3395,3396,3397,3398,3399,3400,3399,3398,3397,3398,3397,3398,3399,3400,3401,3402,3403,3404,3405,3406,3405,3404,3405,3406,3407,3408,3407,3408,3409,3408,3407,3408,3409,3410,3411,3412,3413,3414,3413,3414,3413,3414,3415,3416,3417,3418,3419,3418,3419,3418,3417,3418,3419,3420,3421,3422,3423,3422,3423,3424,3425,3426,3425,3426,3427,3428,3429,3430,3431,3430,3431,3432,3433,3432,3431,3432,3431,3430,3431,3432,3433,3434,3433,3434,3435,3436,3437,3436,3437,3438,3439,3440,3439,3440,3441,3442,3443,3444,3445,3446,3447,3448,3449,3450,3451,3450,3451,3450,3451,3452,3453,3454,3455,3454,3453,3454,3455,3456,3457,3456,3457,3458,3459,3460,3461,3462,3461,3462,3463,3462,3461,3462,3463,3464,3465,3466,3467,3466,3467,3468,3469,3470,3469,3470,3469,3470,3471,3472,3473,3474,3475,3476,3477,3476,3477,3478,3479,3480,3481,3482,3481,3482,3483,3484,3485,3486,3487,3488,3487,3488,3489,3488,3487,3488,3487,3488,3487,3488,3487,3488,3489,3490,3491,3490,3489,3488,3489,3490,3491,3492,3491,3492,3493,3494,3495,3494,3495,3494,3495,3494,3495,3496,3497,3496,3497,3496,3497,3496,3495,3494,3495,3494,3493,3494,3495,3494,3495,3494,3495,3496,3497,3498,3497,3498,3497,3498,3499,3498,3497,3498,3497,3496,3497,3496,3497,3498,3499,3500,3501,3502,3503,3502,3503,3504,3505,3506,3507,3508,3509,3510,3511,3512,3513,3512,3513,3514,3515,3514,3513,3512,3513,3514,3515,3516,3517,3516,3517,3518,3519,3518,3519,3520,3521,3522,3521,3522,3521,3520,3519,3518,3517,3518,3519,3520,3521,3520,3519,3520,3521,3522,3523,3524,3523,3522,3523,3524,3525,3524,3525,3524,3523,3524,3525,3526,3527,3526,3527,3528,3527,3526,3527,3528,3529,3528,3529,3528,3529,3530,3531,3532,3533,3534,3533,3534,3535,3536,3535,3536,3535,3534,3535,3534,3535,3536,3537,3536,3535,3534,3533,3534,3535,3536,3535,3534,3533,3534,3535,3534,3535,3536,3537,3538,3539,3540,3541,3540,3541,3542,3541,3540,3541,3542,3543,3544,3545,3546,3545,3544,3543,3544,3545,3544,3545,3546,3547,3546,3547,3548,3549,3550,3551,3552,3553,3552,3553,3554,3555,3556,3557,3556,3557,3558,3559,3560,3561,3562,3563,3564,3565,3564,3565,3564,3565,3564,3563,3562,3563,3564,3563,3564,3563,3562,3563,3562,3561,3562,3561,3560,3561,3562,3561,3562,3561,3560,3561,3560,3561,3562,3563,3562,3561,3562,3561,3560,3559,3560,3561,3562,3561,3560,3561,3562,3561,3560,3559,3558,3557,3558,3557,3558,3557,3558,3557,3556,3557,3556,3555,3554,3553,3552,3551,3550,3551,3552,3551,3550,3551,3550,3549,3550,3549,3550,3551,3550,3551,3552,3551,3552,3551,3552,3553,3552,3553,3552,3553,3552,3551,3552,3551,3550,3549,3548,3549,3548,3547,3548,3547,3546,3545,3546,3545,3544,3545,3544,3543,3544,3543,3542,3543,3544,3545,3546,3547,3546,3547,3546,3545,3544,3543,3544,3543,3542,3541,3540,3539,3540,3541,3540,3539,3540,3539,3538,3537,3536,3535,3536,3535,3534,3535,3534,3533,3532,3533,3532,3533,3532,3533,3532,3533,3532,3531,3532,3531,3530,3529,3528,3527,3528,3527,3526,3525,3526,3525,3524,3525,3526,3525,3526,3525,3526,3527,3528,3527,3528,3529,3530,3529,3530,3529,3528,3527,3526,3527,3528,3527,3528,3529,3528,3529,3528,3529,3528,3529,3528,3529,3530,3529,3530,3531,3532,3531,3530,3529,3528,3527,3526,3527,3526,3525,3524,3525,3526,3525,3526,3525,3524,3523,3522,3523,3522,3523,3522,3521,3520,3521,3520,3521,3520,3519,3520,3519,3520,3521,3522,3521,3520,3521,3522,3521,3520,3519,3518,3517,3518,3517,3516,3517,3516,3515,3514,3513,3512,3513,3512,3513,3514,3513,3514,3513,3512,3511,3512,3511,3510,3511,3510,3509,3508,3507,3506,3507,3506,3507,3508,3507,3506,3505,3504,3503,3504,3503,3504,3503,3502,3503,3502,3501,3500,3499,3498,3497,3498,3499,3498,3499,3498,3499,3498,3497,3496,3497,3496,3497,3496,3497,3498,3499,3498,3497,3498,3499,3498,3497,3498,3497,3496,3495,3494,3493,3494,3493,3492,3491,3492,3493,3492,3491,3490,3489,3490,3489,3490,3489,3488,3487,3488,3487,3488,3487,3486,3487,3486,3487,3486,3485,3486,3485,3484,3483,3482,3483,3484,3483,3482,3483,3482,3481,3480,3479,3478,3477,3476,3475,3476,3475,3474,3473,3474,3473,3472,3471,3472,3471,3472,3471,3470,3471,3470,3469,3468,3467,3466,3467,3466,3465,3464,3463,3462,3461,3460,3461,3460,3459,3460,3459,3458,3459,3458,3457,3456,3457,3456,3455,3454,3453,3454,3453,3454,3453,3452,3451,3450,3449,3448,3449,3450,3449,3448,3447,3446,3447,3448,3447,3446,3447,3446,3445,3446,3445,3444,3445,3446,3445,3444,3443,3444,3443,3444,3443,3444,3443,3444,3443,3444,3445,3446,3445,3446,3445,3446,3445,3446,3445,3446,3445,3444,3443,3444,3443,3442,3441,3440,3439,3438,3439,3438,3437,3436,3435,3436,3437,3438,3437,3438,3439,3438,3437,3438,3437,3436,3435,3436,3437,3436,3435,3434,3433,3432,3431,3432,3433,3432,3433,3434,3435,3436,3437,3436,3437,3436,3435,3434,3433,3434,3433,3432,3431,3432,3431,3432,3431,3432,3431,3432,3433,3434,3433,3434,3433,3432,3431,3432,3431,3430,3429,3428,3429,3428,3427,3428,3429,3428,3429,3428,3429,3430,3429,3428,3427,3428,3427,3426,3425,3426,3425,3424,3423,3424,3423,3422,3423,3424,3423,3424,3425,3426,3425,3424,3423,3422,3421,3420,3419,3418,3417,3416,3417,3416,3417,3418,3417,3418,3419,3418,3417,3418,3419,3418,3419,3418,3419,3418,3419,3420,3421,3422,3421,3420,3419,3420,3419,3420,3419,3420,3421,3422,3423,3424,3423,3424,3423,3422,3423,3422,3423,3424,3425,3426,3427,3428,3427,3428,3427,3426,3427,3428,3429,3430,3431,3430,3429,3428,3429,3430,3431,3432,3433,3434,3435,3436,3435,3436,3435,3434,3435,3434,3433,3434,3435,3436,3435,3436,3435,3434,3433,3432,3433,3434,3433,3432,3431,3430,3429,3428,3427,3426,3425,3426,3425,3424,3423,3422,3421,3420,3421,3422,3421,3420,3419,3418,3419,3420,3419,3418,3417,3416,3415,3414,3413,3414,3413,3412,3413,3412,3411,3410,3409,3408,3407,3408,3407,3406,3407,3406,3405,3404,3403,3404,3403,3402,3401,3400,3399,3398,3397,3396,3397,3396,3395,3394,3393,3394,3393,3392,3391,3390,3391,3390,3391,3392,3391,3390,3389,3388,3387,3386,3385,3384,3383,3382,3381,3380,3379,3380,3379,3378,3377,3378,3377,3376,3377,3378,3377,3376,3377,3376,3375,3374,3373,3372,3371,3372,3371,3370,3371,3370,3369,3368,3369,3368,3369,3368,3369,3368,3367,3366,3365,3364,3363,3362,3361,3362,3361,3362,3361,3360,3361,3362,3361,3360,3359,3358,3357,3356,3355,3354,3355,3354,3353,3352,3351,3350,3349,3348,3347,3346,3347,3346,3347,3348,3347,3346,3345,3344,3343,3342,3341,3342,3341,3340,3339,3338,3337,3338,3337,3338,3337,3336,3335,3334,3333,3332,3333,3332,3333,3332,3331,3332,3331,3330,3329,3328,3327,3326,3325,3324,3323,3322,3321,3320,3319,3318,3319,3320,3319,3318,3317,3316,3315,3314,3313,3312,3311,3310,3311,3310,3309,3308,3309,3308,3307,3308,3307,3306,3305,3304,3303,3304,3303,3304,3305,3304,3305,3306,3307,3308,3307,3308,3307,3306,3305,3304,3305,3304,3303,3304,3303,3302,3301,3300,3299,3298,3297,3296,3297,3296,3295,3294,3293,3292,3291,3290,3289,3290,3289,3288,3287,3286,3285,3284,3283,3282,3283,3282,3281,3282,3281,3280,3279,3278,3277,3276,3275,3274,3273,3272,3273,3272,3271,3272,3271,3270,3269,3268,3267,3266,3265,3266,3265,3264,3263,3262,3261,3260,3259,3258,3259,3258,3257,3256,3255,3254,3253,3252,3251,3250,3249,3248,3247,3246,3247,3246,3245,3244,3245,3244,3243,3242,3243,3242,3241,3240,3241,3240,3239,3238,3239,3238,3237,3236,3235,3234,3235,3234,3233,3232,3233,3234,3233,3232,3231,3230,3229,3230,3229,3230,3229,3230,3229,3228,3229,3228,3229,3228,3229,3228,3227,3228,3227,3226,3225,3226,3225,3224,3225,3224,3225,3224,3225,3224,3225,3224,3225,3224,3223,3224,3223,3222,3221,3220,3221,3220,3219,3218,3217,3216,3215,3214,3213,3212,3211,3210,3209,3210,3211,3210,3209,3210,3211,3210,3209,3210,3209,3208,3207,3208,3207,3206,3205,3204,3203,3202,3201,3200,3201,3200,3201,3200,3201,3202,3203,3204,3205,3206,3205,3204,3203,3204,3205,3206,3205,3204,3203,3204,3203,3202,3201,3200,3199,3200,3199,3198,3197,3196,3197,3196,3195,3194,3193,3194,3195,3194,3195,3196,3195,3194,3193,3192,3191,3190,3189,3190,3191,3190,3191,3190,3189,3188,3187,3186,3187,3188,3189,3190,3189,3188,3187,3188,3189,3190,3191,3190,3189,3188,3189,3190,3191,3192,3191,3192,3193,3194,3195,3194,3193,3194,3195,3196,3195,3196,3197,3198,3199,3200,3201,3202,3201,3202,3203,3204,3205,3204,3205,3206,3207,3208,3209,3210,3209,3208,3209,3210,3211,3212,3213,3212,3211,3212,3213,3214,3215,3214,3215,3216,3217,3218,3219,3220,3219,3218,3219,3220,3221,3222,3223,3224,3225,3226,3225,3226,3227,3228,3229,3230,3231,3232,3233,3232,3233,3234,3235,3234,3233,3234,3235,3236,3237,3238,3239,3240,3241,3242,3243,3244,3245,3246,3247,3248,3249,3250,3251,3252,3253,3254,3255,3256,3257,3258,3259,3260,3261,3262,3263,3264,3265,3264,3265,3264,3265,3266,3267,3268,3269,3270,3271,3272,3273,3274,3275,3276,3277,3278,3279,3280,3281,3282,3283,3284,3285,3286,3285,3284,3283,3282,3281,3280,3281,3280,3281,3280,3279,3280,3279,3280,3281,3282,3281,3280,3281,3280,3279,3278,3277,3276,3275,3276,3277,3278,3279,3280,3279,3278,3279,3278,3277,3276,3277,3278,3279,3278,3277,3278,3277,3278,3279,3278,3279,3280,3279,3280,3281,3282,3281,3282,3283,3282,3281,3282,3281,3282,3281,3282,3283,3284,3283,3284,3283,3282,3283,3282,3283,3284,3283,3284,3283,3282,3283,3282,3281,3280,3281,3282,3283,3284,3283,3282,3283,3282,3283,3284,3285,3284,3283,3284,3283,3284,3283,3282,3281,3282,3283,3284,3285,3286,3287,3288,3287,3288,3287,3286,3287,3286,3287,3286,3285,3284,3285,3284,3283,3284,3285,3284,3283,3284,3283,3282,3281,3282,3283,3284,3283,3284,3285,3284,3283,3284,3283,3284,3285,3286,3285,3284,3283,3284,3283,3282,3283,3282,3283,3284,3283,3284,3285,3284,3285,3284,3285,3284,3285,3284,3285,3284,3283,3284,3285,3284,3285,3284,3285,3286,3285,3284,3283,3282,3281,3280,3281,3280,3281,3280,3279,3280,3279,3280,3281,3282,3281,3280,3281,3280,3279,3278,3279,3278,3279,3278,3277,3276,3277,3276,3277,3276,3277,3278,3277,3278,3277,3276,3275,3276,3275,3276,3275,3274,3273,3272,3271,3272,3273,3272,3273,3274,3273,3274,3275,3274,3275,3276,3277,3276,3277,3276,3277,3278,3277,3276,3277,3276,3277,3278,3277,3278,3279,3278,3277,3276,3277,3278,3279,3278,3279,3278,3277,3278,3279,3278,3277,3278,3277,3276,3277,3276,3277,3276,3275,3276,3277,3278,3279,3278,3279,3278,3277,3278,3277,3276,3277,3276,3277,3276,3275,3274,3275,3274,3275,3276,3277,3278,3277,3278,3279,3278,3279,3278,3277,3278,3279,3278,3279,3278,3277,3276,3275,3276,3275,3276,3275,3274,3273,3274,3273,3272,3273,3272,3271,3270,3271,3270,3271,3270,3269,3270,3269,3270,3269,3268,3267,3268,3267,3268,3269,3268,3267,3266,3267,3268,3267,3268,3267,3266,3267,3268,3269,3268,3269,3268,3269,3268,3267,3266,3267,3266,3267,3266,3267,3266,3267,3266,3267,3268,3267,3268,3267,3266,3265,3264,3263,3262,3261,3260,3259,3260,3259,3258,3259,3258,3257,3258,3257,3256,3257,3258,3257,3256,3255,3254,3253,3254,3255,3254,3253,3252,3253,3252,3253,3254,3253,3252,3251,3252,3251,3250,3251,3250,3251,3250,3249,3250,3249,3248,3249,3248,3247,3248,3247,3246,3247,3246,3245,3244,3245,3244,3243,3242,3243,3244,3243,3242,3241,3240,3241,3240,3239,3238,3239,3238,3239,3240,3241,3240,3239,3240,3241,3240,3241,3240,3241,3240,3241,3240,3239,3240,3241,3240,3241,3242,3243,3242,3243,3242,3241,3242,3241,3240,3241,3240,3239,3240,3239,3238,3239,3238,3239,3240,3241,3240,3239,3238,3237,3238,3237,3236,3235,3236,3237,3238,3239,3238,3239,3240,3241,3242,3241,3242,3241,3240,3241,3240,3241,3242,3243,3242,3243,3242,3243,3244,3243,3242,3241,3240,3239,3240,3241,3240,3241,3240,3239,3238,3237,3238,3237,3238,3239,3240,3241,3242,3241,3240,3239,3240,3241,3240,3241,3242,3243,3244,3243,3242,3241,3240,3241,3242,3241,3240,3241,3242,3241,3240,3241,3240,3239,3240,3239,3238,3237,3236,3235,3236,3235,3234,3233,3232,3231,3232,3231,3232,3233,3234,3233,3234,3235,3236,3237,3238,3237,3238,3237,3238,3239,3240,3239,3240,3241,3240,3239,3238,3239,3240,3239,3240,3239,3240,3239,3240,3239,3240,3241,3240,3239,3240,3239,3238,3239,3240,3239,3240,3239,3240,3239,3238,3237,3238,3237,3236,3235,3234,3235,3234,3233,3232,3233,3234,3235,3236,3235,3236,3237,3236,3237,3236,3235,3236,3235,3234,3235,3236,3235,3234,3233,3234,3233,3234,3235,3236,3237,3238,3237,3236,3237,3236,3237,3236,3235,3234,3235,3234,3233,3234,3233,3232,3231,3230,3231,3230,3231,3232,3231,3232,3231,3232,3231,3230,3231,3232,3233,3232,3233,3234,3235,3236,3235,3236,3235,3236,3237,3238,3239,3238,3239,3240,3241,3242,3243,3244,3243,3242,3243,3242,3241,3242,3243,3244,3245,3244,3245,3246,3245,3246,3247,3248,3249,3250,3249,3250,3251,3252,3251,3252,3251,3250,3251,3250,3249,3250,3251,3250,3251,3250,3251,3250,3251,3250,3251,3252,3253,3254,3255,3256,3255,3256,3255,3256,3257,3256,3255,3256,3257,3258,3259,3260,3261,3262,3261,3262,3261,3260,3259,3260,3261,3260,3261,3260,3261,3260,3261,3262,3263,3264,3263,3262,3261,3262,3263,3264,3265,3264,3265,3264,3263,3264,3263,3264,3263,3262,3263,3264,3265,3264,3263,3262,3261,3260,3261,3262,3263,3264,3265,3264,3265,3266,3267,3266,3267,3266,3267,3268,3267,3268,3267,3266,3267,3266,3265,3266,3265,3264,3263,3264,3263,3262,3261,3262,3263,3262,3261,3260,3261,3260,3259,3260,3261,3262,3261,3262,3261,3262,3263,3262,3263,3264,3265,3266,3265,3266,3265,3266,3265,3264,3265,3266,3265,3264,3265,3266,3267,3268,3269,3270,3269,3268,3269,3268,3267,3266,3267,3268,3267,3268,3269,3270,3269,3270,3271,3272,3273,3274,3273,3274,3275,3276,3277,3276,3275,3276,3275,3276,3275,3276,3275,3276,3277,3276,3277,3278,3279,3280,3281,3280,3279,3278,3279,3280,3281,3280,3279,3280,3281,3282,3281,3282,3281,3282,3281,3280,3281,3282,3283,3284,3283,3284,3285,3284,3283,3284,3285,3284,3283,3282,3283,3282,3283,3282,3283,3284,3285,3284,3283,3284,3285,3286,3287,3286,3287,3286,3285,3286,3285,3286,3285,3284,3285,3284,3283,3282,3281,3280,3281,3280,3281,3282,3283,3282,3283,3284,3283,3284,3283,3282,3281,3282,3281,3280,3279,3280,3279,3280,3279,3278,3277,3278,3279,3280,3279,3280,3281,3282,3283,3284,3283,3284,3283,3284,3285,3284,3283,3282,3283,3284,3285,3284,3283,3284,3285,3284,3283,3282,3281,3282,3281,3282,3283,3282,3283,3282,3281,3282,3283,3284,3285,3286,3287,3286,3287,3288,3287,3286,3285,3284,3285,3284,3283,3284,3283,3282,3281,3282,3283,3282,3283,3284,3283,3282,3281,3280,3281,3282,3281,3282,3283,3282,3283,3282,3281,3280,3281,3282,3281,3280,3281,3282,3283,3284,3283,3284,3285,3286,3285,3286,3287,3288,3287,3286,3285,3284,3285,3284,3285,3284,3285,3286,3287,3288,3289,3288,3289,3290,3289,3288,3287,3288,3287,3288,3287,3286,3287,3286,3287,3286,3287,3286,3287,3286,3287,3288,3287,3286,3285,3286,3285,3286,3287,3286,3287,3288,3289,3290,3289,3288,3287,3286,3285,3286,3287,3286,3287,3288,3289,3290,3289,3290,3289,3290,3289,3288,3287,3288,3289,3288,3287,3286,3287,3286,3285,3286,3285,3286,3285,3284,3283,3284,3283,3284,3283,3284,3285,3284,3283,3284,3283,3284,3285,3284,3285,3284,3285,3286,3287,3286,3285,3286,3287,3288,3289,3288,3287,3288,3289,3288,3287,3286,3285,3284,3283,3284,3283,3284,3283,3282,3283,3282,3281,3282,3283,3284,3283,3284,3283,3282,3283,3284,3283,3284,3283,3284,3283,3282,3281,3282,3283,3284,3285,3284,3283,3284,3285,3284,3283,3282,3283,3282,3281,3280,3281,3280,3279,3278,3279,3278,3279,3280,3279,3278,3277,3278,3277,3278,3279,3278,3279,3278,3279,3280,3281,3282,3283,3282,3281,3282,3283,3284,3285,3284,3283,3284,3285,3284,3285,3286,3287,3288,3287,3288,3289,3288,3287,3288,3287,3288,3289,3288,3287,3286,3285,3286,3287,3288,3289,3290,3291,3290,3289,3288,3287,3286,3287,3288,3287,3288,3289,3288,3289,3290,3289,3288,3287,3286,3287,3288,3287,3286,3287,3286,3287,3288,3287,3288,3287,3286,3285,3284,3283,3282,3283,3284,3283,3284,3285,3284,3283,3284,3283,3284,3285,3284,3285,3286,3287,3288,3289,3288,3287,3288,3289,3288,3289,3288,3289,3288,3289,3290,3291,3290,3291,3290,3291,3292,3293,3292,3293,3292,3293,3292,3293,3294,3293,3294,3293,3294,3295,3294,3293,3292,3291,3290,3289,3290,3289,3290,3289,3290,3291,3292,3291,3290,3291,3290,3291,3290,3291,3290,3289,3290,3291,3290,3291,3292,3291,3292,3293,3292,3293,3294,3295,3296,3297,3296,3295,3294,3295,3294,3295,3296,3297,3296,3295,3294,3293,3294,3295,3296,3297,3296,3297,3298,3297,3298,3299,3298,3299,3298,3299,3300,3301,3300,3301,3302,3301,3302,3301,3302,3303,3304,3303,3304,3305,3304,3303,3304,3303,3302,3301,3302,3303,3304,3303,3304,3303,3304,3305,3304,3305,3304,3303,3304,3305,3304,3305,3306,3307,3306,3307,3308,3307,3308,3309,3308,3307,3306,3307,3306,3307,3306,3305,3306,3307,3308,3307,3306,3307,3306,3305,3306,3305,3306,3307,3308,3309,3310,3309,3310,3311,3310,3309,3308,3309,3310,3309,3308,3309,3308,3309,3308,3309,3310,3311,3312,3313,3312,3311,3310,3311,3312,3311,3312,3311,3310,3309,3308,3307,3308,3309,3308,3309,3308,3307,3308,3307,3306,3307,3306,3307,3308,3309,3310,3309,3308,3307,3306,3307,3308,3309,3310,3311,3310,3311,3310,3311,3312,3313,3314,3315,3314,3313,3314,3313,3314,3315,3314,3315,3314,3315,3316,3317,3318,3317,3316,3315,3314,3315,3314,3315,3314,3313,3314,3315,3316,3315,3314,3313,3312,3311,3310,3311,3310,3311,3312,3313,3314,3315,3316,3315,3316,3317,3316,3317,3318,3317,3316,3317,3316,3317,3318,3317,3318,3319,3318,3319,3318,3319,3318,3319,3320,3321,3322,3323,3324,3325,3324,3323,3322,3323,3322,3323,3324,3325,3326,3325,3324,3325,3324,3325,3326,3325,3326,3327,3326,3325,3326,3325,3324,3325,3324,3323,3324,3325,3326,3327,3326,3327,3328,3329,3328,3329,3330,3329,3330,3331,3332,3333,3334,3333,3334,3333,3332,3333,3334,3335,3336,3337,3338,3337,3336,3337,3338,3337,3338,3339,3340,3339,3340,3341,3340,3339,3338,3337,3338,3337,3336,3337,3338,3339,3338,3337,3338,3339,3340,3339,3340,3341,3342,3343,3342,3341,3342,3343,3344,3343,3344,3343,3344,3345,3344,3345,3346,3345,3346,3345,3346,3345,3346,3345,3346,3345,3344,3343,3344,3343,3344,3343,3342,3343,3342,3341,3342,3341,3340,3341,3340,3341,3342,3343,3342,3341,3340,3341,3342,3341,3342,3343,3342,3343,3342,3343,3344,3345,3346,3347,3346,3347,3346,3347,3348,3349,3350,3349,3350,3349,3348,3347,3348,3347,3348,3349,3348,3347,3348,3347,3348,3349,3350,3351,3352,3353,3354,3355,3354,3355,3356,3355,3354,3353,3354,3353,3354,3353,3354,3353,3354,3355,3356,3357,3358,3357,3358,3357,3358,3357,3356,3357,3358,3357,3356,3355,3356,3357,3358,3359,3358,3359,3358,3359,3360,3359,3360,3361,3360,3359,3360,3359,3360,3359,3360,3361,3360,3359,3360,3361,3360,3361,3362,3361,3362,3361,3360,3361,3360,3361,3362,3361,3360,3361,3362,3363,3362,3361,3362,3363,3364,3363,3362,3361,3362,3361,3360,3361,3360,3361,3362,3361,3362,3361,3362,3361,3362,3361,3360,3359,3360,3359,3360,3361,3362,3361,3362,3361,3362,3361,3362,3363,3364,3365,3364,3365,3364,3363,3362,3363,3364,3365,3364,3363,3362,3363,3362,3361,3360,3361,3362,3363,3364,3365,3366,3365,3364,3365,3364,3363,3364,3365,3366,3367,3368,3369,3370,3369,3368,3367,3366,3367,3368,3369,3370,3369,3370,3369,3368,3369,3368,3369,3370,3371,3372,3371,3370,3369,3370,3371,3370,3369,3368,3369,3370,3371,3370,3371,3370,3371,3370,3371,3372,3371,3372,3371,3372,3373,3374,3375,3376,3377,3378,3379,3378,3377,3376,3377,3376,3377,3376,3377,3378,3377,3378,3379,3380,3379,3380,3381,3382,3381,3380,3381,3380,3379,3378,3379,3380,3381,3382,3381,3382,3381,3382,3381,3382,3383,3382,3383,3384,3383,3382,3381,3382,3383,3384,3383,3384,3385,3386,3385,3386,3387,3388,3387,3388,3387,3386,3385,3386,3385,3384,3385,3386,3385,3386,3385,3386,3385,3386,3387,3386,3387,3388,3387,3386,3385,3384,3383,3382,3383,3382,3381,3382,3381,3380,3379,3380,3381,3382,3383,3382,3381,3382,3381,3382,3381,3382,3383,3382,3383,3382,3381,3382,3383,3382,3381,3380,3381,3382,3383,3384,3383,3384,3385,3384,3385,3386,3387,3388,3389,3390,3389,3390,3389,3390,3391,3390,3389,3390,3391,3390,3389,3388,3387,3388,3389,3390,3389,3388,3387,3388,3389,3390,3389,3388,3387,3388,3389,3388,3389,3388,3389,3388,3389,3390,3389,3390,3391,3390,3389,3390,3391,3390,3391,3390,3391,3392,3391,3392,3391,3392,3391,3392,3391,3392,3393,3394,3393,3392,3393,3394,3395,3396,3395,3394,3395,3396,3395,3396,3395,3394,3395,3394,3393,3394,3393,3394,3393,3394,3393,3392,3391,3390,3389,3388,3389,3390,3389,3390,3389,3388,3389,3388,3389,3390,3389,3390,3391,3390,3389,3388,3389,3390,3389,3390,3389,3390,3391,3390,3391,3392,3391,3392,3391,3390,3391,3392,3393,3394,3393,3392,3391,3390,3389,3388,3389,3388,3389,3388,3387,3388,3389,3388,3389,3390,3389,3388,3389,3388,3389,3390,3391,3392,3391,3392,3393,3394,3395,3394,3393,3394,3393,3394,3393,3394,3393,3394,3395,3394,3395,3396,3395,3396,3397,3396,3395,3394,3395,3394,3393,3394,3393,3394,3393,3394,3393,3394,3395,3396,3395,3396,3397,3396,3397,3398,3397,3398,3397,3398,3397,3398,3399,3398,3399,3398,3399,3400,3399,3400,3399,3400,3399,3400,3399,3400,3401,3402,3403,3404,3403,3404,3405,3404,3405,3406,3405,3406,3405,3406,3405,3406,3405,3404,3403,3404,3403,3404,3405,3404,3405,3404,3405,3406,3405,3406,3407,3406,3407,3406,3405,3404,3405,3404,3405,3404,3403,3404,3403,3404,3405,3404,3403,3404,3405,3404,3403,3404,3403,3404,3405,3406,3407,3408,3407,3408,3409,3408,3407,3408,3407,3408,3409,3410,3409,3410,3411,3412,3413,3412,3411,3412,3413,3412,3413,3412,3411,3412,3413,3414,3415,3414,3413,3414,3415,3414,3413,3414,3413,3412,3411,3412,3413,3414,3413,3412,3411,3412,3413,3414,3413,3414,3415,3414,3415,3416,3415,3414,3415,3414,3415,3416,3415,3414,3413,3414,3415,3414,3415,3414,3413,3414,3413,3414,3415,3416,3415,3414,3413,3414,3413,3414,3413,3414,3413,3412,3413,3414,3415,3416,3415,3416,3417,3418,3417,3418,3417,3416,3417,3418,3417,3416,3417,3418,3417,3416,3417,3418,3417,3418,3417,3418,3419,3420,3419,3418,3419,3418,3417,3416,3417,3416,3417,3416,3415,3414,3415,3416,3415,3416,3417,3418,3419,3418,3419,3418,3417,3418,3419,3418,3417,3418,3417,3418,3419,3418,3417,3418,3417,3416,3417,3418,3417,3418,3419,3418,3419,3420,3419,3418,3419,3420,3419,3420,3419,3418,3419,3418,3419,3420,3421,3422,3423,3424,3423,3424,3425,3426,3427,3428,3429,3428,3429,3428,3427,3426,3427,3426,3425,3426,3427,3426,3425,3424,3425,3424,3425,3426,3427,3428,3427,3428,3429,3428,3429,3428,3427,3428,3429,3430,3431,3432,3431,3432,3431,3432,3431,3430,3429,3428,3429,3428,3429,3430,3431,3432,3433,3432,3433,3432,3431,3432,3433,3434,3435,3434,3433,3432,3433,3432,3433,3434,3433,3434,3433,3432,3433,3434,3435,3436,3435,3436,3437,3436,3435,3436,3437,3438,3439,3438,3439,3440,3439,3440,3441,3440,3439,3440,3439,3440,3441,3440,3439,3438,3439,3438,3439,3438,3439,3440,3441,3442,3443,3442,3443,3444,3443,3444,3443,3442,3443,3444,3443,3442,3441,3442,3441,3442,3441,3440,3441,3440,3441,3440,3439,3440,3441,3440,3439,3438,3439,3440,3441,3442,3443,3444,3445,3446,3445,3444,3445,3446,3447,3446,3445,3446,3445,3446,3447,3446,3445,3446,3447,3448,3447,3446,3447,3448,3447,3448,3449,3448,3447,3446,3447,3448,3447,3446,3447,3446,3445,3444,3445,3444,3445,3444,3443,3444,3443,3444,3443,3444,3445,3446,3445,3446,3447,3446,3447,3448,3449,3448,3449,3450,3449,3450,3451,3450,3451,3452,3451,3450,3451,3450,3451,3450,3449,3450,3451,3452,3451,3450,3451,3452,3451,3452,3453,3452,3453,3452,3451,3452,3453,3452,3451,3452,3451,3450,3449,3450,3449,3448,3449,3450,3449,3448,3449,3450,3449,3450,3451,3452,3453,3454,3453,3454,3455,3456,3455,3456,3457,3456,3457,3458,3457,3458,3457,3458,3457,3458,3459,3458,3459,3460,3461,3462,3463,3464,3465,3466,3465,3464,3465,3464,3463,3464,3463,3462,3463,3462,3463,3464,3465,3464,3465,3466,3465,3466,3465,3464,3463,3464,3465,3466,3467,3468,3467,3466,3467,3468,3469,3468,3469,3470,3469,3470,3471,3472,3473,3472,3473,3472,3473,3472,3473,3472,3473,3472,3473,3472,3473,3472,3473,3474,3473,3472,3473,3474,3473,3474,3473,3472,3473,3474,3475,3476,3477,3478,3477,3476,3477,3478,3477,3478,3477,3478,3477,3478,3479,3478,3479,3480,3479,3478,3477,3478,3477,3478,3479,3478,3477,3476,3475,3474,3475,3476,3477,3476,3475,3476,3477,3476,3475,3474,3473,3474,3475,3474,3473,3472,3473,3474,3475,3474,3473,3474,3475,3474,3475,3476,3475,3474,3475,3476,3477,3478,3477,3476,3475,3476,3475,3474,3475,3474,3475,3476,3477,3478,3477,3476,3477,3478,3477,3476,3477,3476,3477,3478,3479,3480,3481,3480,3479,3480,3481,3480,3479,3480,3481,3482,3483,3482,3481,3480,3481,3482,3483,3484,3483,3482,3483,3482,3481,3482,3481,3480,3479,3480,3479,3478,3479,3480,3479,3480,3481,3482,3481,3480,3481,3482,3483,3484,3483,3482,3483,3484,3485,3486,3487,3488,3487,3488,3487,3486,3487,3486,3487,3486,3487,3488,3489,3488,3489,3488,3487,3488,3489,3488,3489,3488,3489,3488,3487,3488,3487,3488,3489,3490,3491,3490,3491,3492,3491,3490,3489,3490,3489,3490,3489,3488,3489,3488,3489,3488,3487,3488,3487,3486,3485,3486,3485,3486,3485,3484,3485,3484,3485,3484,3485,3484,3485,3486,3485,3486,3487,3488,3487,3486,3487,3486,3487,3486,3487,3488,3487,3488,3489,3488,3489,3490,3491,3490,3491,3490,3489,3490,3489,3490,3491,3492,3491,3492,3493,3492,3491,3492,3491,3492,3491,3490,3491,3492,3491,3490,3491,3492,3493,3494,3493,3492,3493,3494,3495,3494,3495,3494,3495,3496,3497,3498,3497,3498,3497,3498,3497,3498,3497,3498,3497,3498,3497,3498,3497,3496,3497,3496,3495,3496,3495,3494,3495,3496,3497,3498,3497,3498,3497,3496,3495,3496,3495,3494,3495,3496,3497,3498,3499,3498,3497,3496,3497,3496,3495,3496,3497,3498,3499,3498,3497,3498,3497,3496,3497,3498,3499,3498,3499,3498,3499,3500,3499,3498,3497,3498,3497,3496,3495,3496,3497,3496,3497,3498,3499,3500,3501,3500,3499,3500,3501,3500,3499,3500,3499,3500,3499,3498,3499,3500,3501,3500,3499,3500,3501,3500,3499,3498,3497,3498,3499,3500,3499,3500,3499,3500,3501,3500,3499,3498,3497,3498,3497,3498,3497,3498,3497,3498,3499,3500,3499,3498,3497,3498,3499,3500,3501,3500,3499,3500,3499,3500,3501,3502,3503,3504,3503,3502,3503,3504,3503,3504,3503,3504,3505,3504,3505,3506,3507,3508,3507,3506,3505,3504,3505,3506,3505,3506,3505,3506,3507,3506,3507,3508,3507,3508,3507,3508,3509,3508,3509,3508,3509,3510,3511,3512,3511,3512,3513,3514,3513,3512,3511,3512,3511,3512,3513,3512,3513,3512,3513,3512,3513,3514,3515,3514,3513,3514,3515,3514,3513,3512,3513,3512,3513,3512,3513,3514,3515,3516,3515,3514,3515,3516,3517,3518,3519,3520,3521,3522,3521,3522,3521,3520,3521,3522,3523,3524,3525,3524,3525,3524,3525,3526,3525,3526,3525,3526,3527,3528,3529,3528,3529,3530,3529,3528,3527,3528,3527,3526,3527,3528,3529,3530,3529,3530,3531,3530,3529,3530,3531,3532,3533,3534,3535,3536,3537,3536,3535,3536,3535,3536,3537,3536,3537,3538,3537,3536,3537,3536,3537,3538,3537,3536,3535,3534,3533,3532,3533,3532,3533,3534,3535,3536,3535,3534,3535,3534,3535,3534,3535,3536,3535,3534,3535,3534,3533,3534,3533,3534,3535,3536,3535,3534,3533,3534,3535,3536,3537,3538,3539,3540,3541,3540,3539,3538,3537,3536,3537,3536,3537,3538,3539,3540,3539,3538,3539,3538,3537,3538,3539,3538,3539,3538,3537,3536,3537,3536,3537,3536,3535,3536,3537,3538,3539,3538,3537,3538,3537,3538,3537,3536,3535,3536,3537,3538,3539,3540,3541,3540,3541,3542,3543,3542,3543,3544,3543,3544,3545,3546,3545,3546,3547,3546,3545,3546,3545,3544,3545,3544,3545,3544,3543,3542,3541,3542,3541,3540,3539,3540,3541,3542,3543,3542,3543,3542,3541,3542,3543,3544,3543,3544,3545,3544,3545,3544,3545,3546,3545,3546,3545,3544,3543,3542,3541,3542,3543,3542,3541,3540,3541,3540,3541,3542,3541,3542,3541,3542,3543,3542,3541,3542,3541,3540,3541,3540,3539,3538,3539,3538,3539,3540,3539,3540,3541,3540,3541,3542,3543,3544,3545,3544,3545,3546,3547,3548,3547,3546,3547,3548,3549,3548,3549,3548,3547,3546,3547,3546,3545,3546,3547,3546,3545,3544,3545,3544,3543,3542,3541,3542,3541,3542,3541,3542,3543,3544,3543,3542,3541,3542,3543,3544,3545,3546,3547,3546,3545,3544,3543,3544,3545,3544,3545,3546,3547,3546,3545,3546,3545,3544,3545,3544,3543,3542,3543,3544,3543,3544,3545,3544,3545,3544,3543,3542,3543,3544,3543,3542,3543,3542,3543,3544,3543,3544,3545,3544,3543,3544,3545,3544,3543,3544,3545,3544,3545,3544,3543,3544,3543,3542,3541,3540,3541,3542,3541,3540,3539,3540,3541,3542,3541,3542,3543,3544,3545,3544,3545,3546,3545,3546,3547,3546,3545,3544,3545,3544,3543,3542,3543,3542,3541,3542,3543,3542,3543,3542,3543,3542,3541,3542,3541,3542,3543,3542,3543,3544,3543,3544,3545,3544,3545,3544,3545,3546,3545,3544,3545,3546,3545,3546,3547,3548,3547,3548,3547,3548,3547,3546,3547,3546,3545,3544,3543,3544,3545,3546,3547,3546,3547,3546,3547,3548,3547,3546,3545,3544,3545,3546,3545,3544,3543,3544,3543,3544,3543,3544,3545,3544,3545,3544,3543,3544,3545,3544,3543,3544,3543,3544,3543,3542,3541,3542,3541,3542,3541,3542,3543,3544,3543,3544,3543,3544,3545,3546,3545,3546,3545,3544,3543,3544,3543,3544,3543,3544,3545,3544,3545,3544,3543,3544,3545,3546,3545,3546,3547,3546,3547,3546,3547,3548,3547,3546,3545,3544,3543,3544,3543,3544,3545,3544,3543,3544,3545,3546,3547,3546,3545,3546,3547,3546,3547,3546,3547,3548,3547,3546,3547,3546,3547,3546,3547,3548,3547,3548,3549,3548,3549,3548,3547,3548,3547,3546,3547,3548,3547,3546,3547,3546,3547,3548,3549,3548,3549,3548,3549,3550,3551,3550,3551,3552,3553,3554,3555,3556,3557,3558,3559,3558,3559,3558,3559,3558,3557,3558,3559,3560,3559,3560,3559,3558,3559,3560,3561,3560,3561,3560,3559,3560,3559,3560,3561,3560,3561,3562,3561,3560,3561,3562,3561,3562,3563,3562,3561,3560,3561,3560,3561,3560,3559,3558,3559,3558,3557,3558,3559,3560,3561,3562,3561,3562,3563,3564,3563,3562,3563,3562,3561,3560,3559,3558,3559,3560,3559,3558,3557,3556,3555,3556,3555,3556,3557,3558,3557,3558,3557,3556,3555,3554,3555,3556,3557,3556,3555,3556,3555,3556,3555,3554,3553,3554,3555,3554,3553,3554,3555,3556,3555,3554,3553,3552,3553,3554,3555,3556,3555,3554,3553,3552,3553,3552,3551,3550,3549,3548,3549,3548,3547,3548,3547,3546,3545,3544,3545,3546,3547,3546,3547,3548,3549,3550,3549,3550,3551,3552,3553,3554,3555,3556,3557,3556,3557,3558,3559,3560,3561,3560,3561,3562,3563,3562,3563,3564,3565,3566,3565,3566,3567,3566,3565,3566,3567,3568,3567,3568,3567,3568,3569,3570,3569,3570,3571,3570,3571,3570,3571,3572,3573,3574,3575,3576,3577,3578,3577,3578,3579,3580,3581,3582,3583,3584,3583,3582,3583,3582,3583,3584,3583,3582,3583,3584,3583,3584,3583,3584,3585,3584,3585,3586,3585,3584,3585,3586,3587,3586,3587,3586,3587,3588,3589,3588,3589,3588,3589,3590,3591,3590,3589,3590,3591,3590,3591,3590,3589,3590,3589,3590,3591,3592,3593,3592,3593,3594,3593,3594,3593,3594,3595,3596,3595,3596,3597,3596,3597,3596,3597,3598,3599,3600,3601,3600,3601,3602,3603,3602,3601,3600,3601,3602,3601,3600,3601,3600,3599,3598,3597,3596,3597,3596,3595,3596,3595,3594,3593,3594,3595,3596,3595,3596,3597,3596,3595,3596,3595,3594,3593,3592,3593,3592,3593,3594,3593,3594,3593,3592,3593,3592,3593,3592,3593,3592,3591,3590,3591,3592,3593,3594,3595,3596,3595,3596,3595,3594,3593,3592,3593,3592,3591,3592,3591,3592,3593,3594,3593,3592,3593,3594,3595,3596,3597,3596,3595,3594,3593,3592,3591,3592,3591,3590,3589,3588,3589,3588,3589,3590,3591,3590,3591,3590,3589,3590,3589,3590,3589,3588,3589,3588,3589,3590,3591,3590,3589,3590,3591,3590,3589,3588,3589,3590,3589,3590,3589,3588,3589,3588,3589,3588,3587,3588,3589,3588,3587,3588,3589,3588,3589,3590,3591,3590,3589,3590,3589,3590,3589,3590,3589,3590,3591,3590,3591,3590,3591,3592,3591,3592,3591,3590,3591,3592,3593,3594,3595,3596,3595,3596,3597,3598,3599,3598,3597,3598,3597,3598,3599,3598,3599,3600,3601,3602,3601,3602,3603,3602,3601,3602,3603,3602,3601,3602,3601,3602,3601,3600,3601,3602,3601,3602,3601,3602,3603,3604,3605,3604,3603,3604,3605,3604,3605,3606,3607,3608,3607,3606,3607,3608,3609,3610,3609,3610,3609,3608,3609,3610,3611,3612,3613,3614,3613,3612,3613,3612,3611,3612,3611,3612,3611,3612,3613,3614,3613,3612,3613,3614,3615,3614,3615,3614,3613,3614,3613,3614,3615,3616,3615,3616,3617,3616,3615,3616,3617,3616,3615,3614,3613,3614,3615,3614,3615,3616,3615,3614,3613,3612,3611,3612,3613,3614,3615,3614,3613,3612,3613,3614,3613,3614,3613,3612,3613,3612,3613,3612,3613,3614,3613,3614,3615,3614,3613,3612,3613,3614,3615,3614,3615,3616,3615,3614,3615,3616,3617,3618,3617,3616,3617,3618,3617,3616,3617,3618,3617,3618,3617,3618,3617,3616,3615,3614,3613,3614,3615,3616,3615,3616,3617,3618,3619,3620,3619,3618,3619,3620,3621,3622,3621,3622,3621,3620,3621,3622,3623,3622,3621,3622,3623,3622,3623,3622,3623,3624,3625,3626,3627,3626,3627,3628,3629,3630,3631,3630,3629,3630,3631,3632,3631,3630,3631,3632,3633,3634,3633,3634,3635,3636,3635,3636,3637,3638,3639,3640,3641,3642,3641,3640,3641,3640,3639,3640,3641,3642,3643,3642,3643,3642,3641,3640,3641,3642,3641,3640,3641,3642,3643,3644,3643,3644,3645,3644,3643,3644,3645,3646,3647,3648,3647,3648,3647,3646,3645,3644,3645,3644,3643,3644,3643,3644,3645,3646,3645,3644,3643,3642,3643,3644,3645,3646,3645,3644,3645,3646,3647,3646,3645,3646,3647,3648,3649,3648,3649,3648,3647,3648,3649,3650,3649,3650,3649,3650,3649,3648,3649,3650,3649,3650,3649,3648,3649,3648,3649,3648,3649,3650,3651,3652,3653,3652,3653,3652,3653,3652,3653,3654,3655,3654,3655,3654,3655,3656,3657,3658,3659,3658,3659,3660,3659,3660,3659,3658,3659,3660,3659,3660,3659,3660,3661,3662,3663,3662,3663,3664,3663,3664,3663,3662,3661,3660,3661,3660,3661,3662,3661,3662,3661,3660,3661,3662,3661,3660,3661,3660,3661,3662,3661,3660,3659,3660,3659,3658,3659,3660,3661,3662,3661,3660,3661,3660,3659,3660,3661,3662,3661,3662,3663,3662,3663,3664,3665,3666,3665,3664,3665,3666,3667,3668,3669,3670,3669,3670,3669,3668,3667,3668,3669,3670,3669,3668,3669,3668,3667,3668,3669,3668,3667,3666,3665,3666,3665,3664,3663,3664,3663,3664,3663,3662,3663,3664,3665,3666,3667,3666,3667,3668,3667,3668,3667,3666,3665,3664,3663,3664,3663,3664,3663,3662,3663,3664,3663,3664,3663,3662,3663,3664,3665,3664,3665,3664,3665,3666,3665,3664,3663,3664,3665,3664,3663,3662,3663,3664,3663,3662,3663,3664,3665,3666,3667,3666,3667,3666,3665,3664,3663,3664,3663,3662,3663,3662,3661,3660,3659,3660,3659,3660,3659,3660,3659,3660,3659,3660,3661,3662,3661,3660,3661,3660,3661,3662,3663,3664,3663,3662,3663,3662,3663,3662,3661,3660,3661,3662,3661,3662,3663,3662,3663,3662,3661,3660,3661,3662,3661,3660,3661,3662,3661,3660,3659,3658,3659,3660,3661,3662,3661,3662,3661,3660,3659,3660,3661,3660,3659,3658,3659,3660,3659,3660,3659,3660,3659,3658,3657,3658,3659,3658,3659,3658,3659,3658,3659,3658,3659,3658,3657,3656,3655,3656,3657,3656,3655,3656,3655,3654,3653,3654,3653,3652,3653,3654,3655,3656,3655,3656,3655,3656,3655,3654,3653,3652,3651,3650,3649,3648,3649,3650,3651,3652,3653,3654,3653,3652,3651,3652,3653,3652,3653,3654,3655,3654,3653,3652,3653,3654,3653,3654,3655,3656,3655,3654,3653,3654,3653,3654,3655,3654,3653,3652,3653,3652,3653,3652,3651,3652,3651,3652,3651,3650,3651,3652,3651,3652,3651,3650,3649,3648,3647,3648,3647,3648,3649,3648,3649,3650,3651,3652,3651,3650,3651,3650,3649,3650,3649,3648,3649,3648,3649,3650,3649,3648,3649,3648,3647,3646,3645,3644,3645,3644,3645,3644,3645,3644,3643,3644,3643,3642,3641,3640,3641,3640,3641,3640,3639,3640,3639,3638,3637,3636,3635,3634,3633,3632,3631,3630,3631,3630,3629,3628,3627,3626,3627,3626,3625,3626,3625,3624,3623,3622,3621,3620,3621,3622,3623,3622,3621,3620,3619,3620,3619,3618,3617,3616,3617,3616,3615,3614,3613,3614,3615,3614,3613,3612,3611,3610,3609,3608,3607,3606,3605,3604,3603,3602,3601,3600,3599,3600,3601,3602,3603,3604,3605,3604,3603,3602,3601,3600,3599,3600,3599,3598,3597,3596,3595,3594,3595,3594,3593,3594,3593,3592,3593,3592,3593,3592,3593,3592,3593,3594,3593,3592,3591,3590,3589,3588,3589,3588,3587,3586,3587,3586,3587,3588,3589,3588,3587,3588,3587,3588,3587,3586,3585,3584,3585,3584,3583,3584,3583,3584,3585,3584,3585,3584,3585,3584,3583,3582,3583,3582,3581,3582,3583,3584,3583,3582,3581,3580,3579,3580,3579,3578,3579,3578,3577,3576,3575,3574,3575,3574,3575,3574,3573,3572,3571,3570,3571,3572,3571,3572,3571,3570,3571,3570,3571,3570,3569,3568,3567,3566,3567,3566,3565,3564,3563,3562,3561,3560,3561,3562,3561,3562,3561,3560,3559,3558,3557,3556,3557,3556,3555,3554,3553,3554,3553,3552,3551,3552,3553,3554,3553,3552,3551,3552,3553,3552,3551,3550,3549,3548,3549,3548,3547,3548,3549,3548,3547,3546,3547,3546,3545,3544,3545,3544,3543,3542,3541,3542,3541,3542,3541,3542,3541,3540,3541,3540,3541,3540,3539,3540,3539,3538,3537,3538,3537,3538,3539,3538,3537,3538,3537,3538,3537,3536,3535,3536,3535,3534,3533,3534,3533,3532,3533,3534,3535,3534,3533,3534,3535,3534,3535,3534,3535,3534,3533,3534,3535,3534,3533,3532,3531,3530,3529,3530,3529,3530,3529,3528,3527,3526,3527,3526,3527,3526,3525,3526,3525,3524,3523,3524,3523,3522,3521,3520,3519,3518,3519,3518,3519,3520,3519,3520,3519,3520,3521,3520,3519,3518,3517,3516,3515,3514,3513,3512,3513,3512,3513,3512,3511,3510,3511,3510,3509,3510,3509,3508,3507,3506,3505,3506,3507,3508,3509,3510,3509,3510,3511,3512,3511,3512,3513,3512,3511,3512,3513,3514,3515,3516,3515,3514,3513,3514,3515,3516,3515,3514,3515,3516,3515,3516,3515,3514,3515,3514,3515,3514,3515,3514,3515,3514,3515,3514,3515,3516,3515,3514,3515,3514,3515,3514,3513,3512,3511,3510,3511,3510,3511,3512,3511,3510,3511,3510,3511,3510,3509,3508,3509,3508,3507,3506,3507,3508,3509,3508,3507,3508,3509,3510,3509,3510,3511,3510,3509,3510,3509,3510,3511,3510,3509,3508,3507,3508,3509,3508,3509,3510,3511,3512,3511,3510,3509,3508,3507,3508,3507,3508,3507,3508,3507,3506,3505,3504,3503,3502,3501,3500,3499,3498,3499,3498,3497,3498,3497,3496,3497,3496,3497,3496,3495,3494,3493,3492,3491,3492,3491,3490,3489,3488,3489,3488,3487,3488,3487,3486,3487,3486,3485,3484,3485,3484,3483,3482,3483,3484,3485,3484,3483,3482,3481,3480,3479,3480,3481,3480,3479,3478,3477,3476,3475,3474,3473,3474,3473,3472,3473,3472,3471,3470,3469,3470,3471,3470,3471,3472,3471,3470,3469,3470,3469,3470,3469,3470,3469,3468,3467,3466,3465,3466,3465,3466,3465,3464,3463,3464,3463,3462,3461,3460,3459,3460,3459,3458,3457,3458,3459,3458,3457,3456,3455,3454,3453,3452,3451,3450,3451,3450,3449,3448,3447,3446,3445,3446,3445,3444,3445,3446,3447,3446,3447,3446,3445,3444,3443,3442,3441,3440,3439,3438,3439,3440,3441,3440,3439,3438,3437,3436,3435,3434,3433,3434,3433,3432,3431,3432,3433,3434,3435,3434,3433,3434,3435,3434,3435,3436,3435,3434,3433,3432,3431,3430,3431,3430,3431,3432,3433,3434,3435,3436,3437,3438,3437,3436,3437,3438,3437,3436,3435,3436,3437,3436,3435,3436,3435,3434,3433,3432,3431,3430,3429,3428,3427,3428,3427,3428,3429,3428,3429,3430,3431,3432,3431,3432,3433,3432,3433,3432,3433,3432,3431,3430,3429,3428,3427,3428,3429,3430,3431,3430,3431,3430,3431,3432,3433,3434,3433,3434,3435,3436,3435,3436,3435,3436,3435,3436,3435,3436,3437,3438,3439,3438,3439,3440,3441,3442,3441,3442,3443,3444,3443,3442,3441,3440,3439,3438,3437,3438,3439,3440,3441,3442,3443,3442,3443,3442,3443,3442,3443,3442,3443,3442,3443,3444,3445,3444,3445,3446,3447,3446,3445,3446,3447,3448,3449,3450,3451,3450,3449,3448,3449,3448,3447,3446,3447,3446,3445,3446,3445,3444,3443,3444,3443,3444,3445,3446,3447,3446,3447,3446,3445,3446,3447,3448,3449,3448,3447,3448,3447,3448,3449,3450,3451,3450,3449,3450,3451,3452,3453,3454,3455,3456,3457,3458,3459,3458,3459,3458,3459,3460,3461,3462,3463,3464,3465,3466,3467,3468,3469,3468,3469,3470,3469,3468,3467,3468,3469,3468,3469,3470,3471,3472,3471,3472,3473,3474,3475,3476,3475,3476,3477,3478,3479,3478,3479,3480,3479,3480,3479,3480,3481,3482,3483,3484,3485,3486,3485,3486,3487,3486,3485,3486,3487,3488,3489,3490,3491,3492,3491,3492,3491,3492,3493,3494,3493,3492,3493,3494,3495,3496,3497,3498,3497,3498,3497,3498,3497,3498,3497,3498,3497,3498,3499,3500,3501,3502,3503,3504,3505,3504,3505,3506,3507,3508,3507,3508,3509,3508,3509,3510,3511,3510,3509,3510,3511,3512,3513,3514,3515,3516,3517,3518,3519,3520,3521,3520,3519,3518,3517,3518,3519,3520,3519,3520,3521,3520,3521,3522,3521,3522,3521,3522,3523,3524,3525,3524,3525,3526,3527,3528,3527,3526,3525,3526,3527,3526,3527,3526,3527,3528,3529,3530,3531,3532,3533,3534,3533,3534,3535,3534,3535,3536,3537,3538,3537,3538,3537,3536,3537,3538,3539,3540,3539,3538,3539,3540,3541,3542,3543,3544,3545,3546,3547,3546,3545,3544,3545,3546,3547,3548,3549,3550,3551,3552,3553,3552,3553,3554,3553,3552,3553,3552,3553,3554,3555,3556,3557,3556,3557,3556,3557,3558,3557,3556,3555,3556,3557,3558,3557,3558,3559,3560,3561,3562,3563,3564,3565,3564,3563,3564,3563,3564,3565,3564,3565,3566,3567,3568,3569,3570,3571,3570,3569,3570,3569,3568,3569,3570,3569,3570,3569,3570,3571,3570,3571,3570,3571,3572,3573,3574,3575,3576,3577,3578,3579,3578,3579,3580,3581,3582,3583,3582,3581,3582,3581,3582,3581,3582,3581,3582,3581,3580,3581,3582,3581,3580,3579,3580,3581,3582,3583,3584,3583,3584,3585,3586,3585,3586,3587,3588,3589,3590,3589,3588,3587,3588,3589,3590,3591,3592,3593,3594,3595,3596,3597,3596,3597,3598,3599,3600,3601,3600,3599,3600,3601,3602,3603,3602,3603,3604,3605,3606,3607,3606,3607,3608,3609,3610,3611,3612,3611,3610,3611,3612,3613,3614,3613,3612,3613,3612,3613,3614,3615,3616,3617,3618,3619,3620,3619,3620,3621,3620,3621,3622,3621,3620,3621,3620,3621,3620,3619,3618,3617,3618,3617,3616,3615,3614,3613,3614,3615,3616,3617,3618,3619,3618,3619,3620,3621,3620,3619,3618,3619,3620,3619,3620,3621,3622,3623,3624,3623,3624,3625,3626,3625,3626,3627,3626,3627,3628,3627,3628,3627,3628,3629,3628,3629,3630,3631,3632,3633,3634,3633,3634,3635,3636,3635,3636,3637,3638,3637,3636,3635,3636,3635,3634,3635,3636,3637,3638,3637,3638,3639,3640,3641,3642,3643,3644,3645,3646,3647,3646,3647,3648,3647,3646,3647,3648,3647,3646,3645,3646,3647,3648,3649,3650,3651,3652,3653,3654,3655,3656,3655,3656,3657,3658,3659,3658,3659,3660,3659,3660,3661,3662,3663,3664,3663,3664,3665,3666,3665,3666,3665,3666,3667,3668,3667,3666,3665,3666,3667,3666,3667,3668,3669,3670,3671,3672,3673,3674,3673,3672,3671,3670,3671,3672,3671,3670,3671,3670,3671,3672,3673,3674,3673,3674,3673,3672,3671,3670,3671,3672,3671,3670,3669,3670,3671,3670,3669,3668,3669,3670,3671,3672,3673,3674,3675,3676,3677,3676,3675,3676,3677,3678,3677,3678,3679,3680,3681,3682,3683,3684,3683,3684,3685,3684,3685,3686,3687,3686,3685,3686,3687,3688,3689,3690,3691,3692,3693,3692,3693,3694,3695,3696,3695,3696,3695,3694,3695,3694,3695,3696,3697,3696,3697,3696,3697,3698,3699,3700,3701,3702,3701,3702,3703,3704,3705,3706,3707,3706,3707,3708,3709,3708,3709,3710,3709,3710,3711,3710,3711,3712,3713,3712,3713,3712,3711,3710,3711,3712,3713,3714,3715,3714,3713,3712,3713,3714,3715,3716,3717,3718,3717,3718,3719,3720,3721,3720,3721,3722,3723,3724,3725,3724,3725,3726,3727,3728,3727,3728,3729,3730,3731,3732,3731,3732,3731,3730,3731,3732,3731,3730,3729,3730,3731,3732,3731,3730,3731,3732,3733,3732,3733,3732,3733,3732,3733,3734,3735,3736,3737,3738,3737,3736,3735,3736,3735,3736,3735,3736,3737,3736,3735,3734,3735,3736,3737,3738,3739,3740,3741,3742,3741,3742,3741,3742,3743,3744,3743,3744,3745,3744,3743,3742,3743,3744,3743,3744,3745,3746,3747,3748,3749,3750,3751,3750,3749,3748,3749,3750,3751,3752,3751,3752,3751,3752,3751,3752,3753,3752,3753,3752,3753,3752,3751,3750,3749,3750,3751,3752,3753,3754,3755,3756,3755,3756,3755,3756,3757,3756,3755,3756,3755,3756,3755,3754,3755,3756,3755,3756,3755,3754,3753,3752,3751,3752,3753,3754,3755,3756,3757,3756,3757,3756,3757,3758,3757,3758,3759,3760,3761,3760,3761,3760,3761,3762,3763,3764,3765,3766,3765,3766,3765,3766,3767,3768,3769,3768,3767,3768,3769,3770,3769,3768,3767,3768,3769,3770,3771,3772,3773,3774,3775,3776,3777,3778,3779,3780,3779,3778,3777,3776,3777,3778,3779,3780,3781,3780,3779,3780,3781,3780,3781,3782,3783,3784,3783,3782,3781,3782,3783,3784,3785,3786,3787,3786,3787,3786,3785,3784,3785,3786,3785,3784,3783,3784,3785,3784,3783,3782,3783,3782,3783,3782,3783,3784,3785,3786,3787,3788,3789,3790,3791,3790,3791,3790,3791,3792,3793,3794,3795,3796,3795,3794,3795,3796,3797,3798,3799,3800,3801,3802,3803,3804,3805,3804,3803,3804,3803,3804,3805,3806,3805,3804,3805,3806,3805,3806,3807,3806,3807,3808,3809,3808,3807,3808,3809,3808,3809,3808,3809,3810,3809,3810,3811,3812,3811,3810,3811,3812,3813,3814,3815,3816,3817,3816,3817,3818,3819,3820,3821,3822,3823,3824,3823,3824,3825,3826,3825,3824,3823,3824,3825,3826,3825,3826,3827,3826,3827,3828,3829,3830,3831,3832,3833,3834,3835,3836,3837,3838,3839,3840,3841,3840,3841,3840,3841,3840,3841,3842,3841,3840,3841,3842,3841,3842,3843,3842,3841,3840,3841,3842,3843,3844,3845,3846,3847,3846,3847,3848,3847,3848,3847,3846,3847,3846,3847,3846,3847,3848,3849,3850,3851,3852,3853,3854,3855,3854,3855,3854,3853,3852,3853,3854,3855,3856,3855,3854,3855,3856,3857,3858,3857,3856,3855,3856,3857,3858,3857,3856,3855,3856,3857,3858,3857,3856,3855,3856,3857,3856,3855,3856,3857,3858,3859,3858,3857,3858,3859,3858,3859,3858,3859,3860,3861,3860,3861,3862,3861,3862,3861,3862,3863,3864,3865,3864,3863,3864,3865,3866,3867,3868,3867,3866,3867,3868,3869,3870,3871,3872,3873,3872,3871,3870,3871,3870,3869,3870,3871,3872,3871,3872,3871,3870,3869,3870,3869,3870,3871,3872,3871,3870,3869,3870,3871,3872,3871,3872,3873,3872,3871,3872,3871,3872,3873,3874,3875,3876,3875,3876,3877,3878,3877,3878,3879,3880,3881,3882,3883,3884,3885,3884,3885,3884,3885,3886,3887,3886,3885,3886,3887,3888,3889,3890,3889,3890,3891,3892,3893,3894,3895,3896,3897,3898,3897,3896,3897,3896,3895,3896,3897,3898,3899,3900,3899,3900,3901,3900,3901,3900,3901,3902,3903,3902,3903,3904,3903,3904,3905,3904,3905,3906,3907,3906,3905,3906,3907,3908,3909,3908,3907,3908,3909,3910,3909,3910,3909,3910,3909,3910,3911,3912,3911,3910,3911,3912,3911,3910,3911,3910,3911,3910,3909,3908,3909,3908,3909,3908,3909,3910,3909,3908,3909,3908,3907,3908,3907,3906,3907,3906,3905,3904,3903,3904,3905,3904,3903,3904,3905,3904,3903,3904,3903,3902,3903,3902,3901,3902,3901,3902,3901,3900,3901,3900,3899,3900,3901,3900,3899,3898,3897,3896,3895,3894,3895,3896,3895,3894,3895,3894,3893,3894,3893,3892,3891,3890,3891,3890,3891,3890,3891,3890,3889,3890,3889,3888,3889,3888,3889,3888,3887,3888,3889,3888,3889,3888,3887,3886,3887,3886,3885,3884,3885,3884,3885,3884,3883,3884,3885,3886,3885,3884,3885,3886,3885,3884,3883,3884,3885,3884,3883,3882,3881,3880,3879,3878,3879,3880,3881,3882,3883,3884,3883,3882,3883,3884,3885,3886,3885,3884,3885,3886,3887,3888,3889,3890,3889,3890,3891,3892,3891,3890,3891,3892,3893,3894,3895,3896,3897,3896,3897,3898,3897,3898,3897,3898,3899,3900,3901,3902,3901,3902,3903,3904,3903,3904,3905,3904,3903,3904,3905,3906,3905,3906,3907,3908,3907,3908,3907,3906,3907,3906,3907,3908,3909,3910,3909,3910,3909,3910,3911,3910,3909,3910,3909,3910,3911,3910,3909,3910,3911,3910,3911,3912,3913,3912,3911,3912,3913,3914,3913,3914,3915,3914,3913,3914,3915,3914,3915,3916,3915,3916,3915,3916,3915,3914,3915,3916,3917,3916,3915,3916,3917,3918,3919,3918,3919,3918,3919,3920,3919,3920,3921,3922,3923,3922,3923,3924,3923,3924,3925,3926,3925,3924,3923,3924,3923,3922,3923,3922,3921,3922,3921,3922,3923,3922,3921,3922,3923,3922,3923,3924,3925,3926,3927,3928,3927,3928,3929,3930,3931,3930,3929,3930,3931,3930,3931,3930,3929,3928,3929,3930,3929,3930,3931,3930,3931,3930,3929,3930,3929,3930,3929,3930,3931,3932,3933,3934,3935,3934,3935,3936,3935,3934,3935,3934,3935,3934,3933,3932,3931,3930,3929,3930,3929,3928,3929,3928,3929,3928,3927,3928,3929,3930,3931,3930,3929,3928,3929,3928,3929,3930,3931,3930,3929,3930,3929,3930,3931,3932,3931,3932,3933,3934,3935,3934,3933,3934,3935,3936,3937,3936,3937,3938,3937,3938,3939,3938,3937,3938,3939,3940,3939,3940,3939,3938,3937,3936,3937,3938,3937,3938,3939,3940,3939,3938,3939,3940,3941,3940,3939,3938,3939,3940,3941,3940,3939,3940,3941,3940,3941,3940,3941,3942,3943,3942,3941,3940,3941,3942,3943,3944,3945,3946,3945,3946,3947,3946,3945,3946,3947,3948,3949,3950,3949,3948,3949,3950,3951,3952,3953,3952,3951,3952,3951,3952,3951,3950,3951,3952,3951,3950,3949,3950,3949,3950,3949,3950,3949,3950,3951,3950,3949,3948,3949,3950,3951,3950,3951,3952,3951,3950,3951,3952,3951,3952,3953,3954,3955,3954,3955,3954,3955,3956,3957,3956,3955,3956,3957,3956,3957,3958,3959,3960,3961,3962,3961,3960,3961,3962,3963,3964,3965,3964,3963,3962,3963,3964,3965,3964,3963,3962,3963,3964,3963,3964,3965,3964,3963,3964,3963,3964,3963,3964,3963,3964,3965,3964,3963,3964,3963,3962,3961,3960,3959,3958,3959,3958,3959,3958,3959,3960,3961,3960,3959,3958,3957,3956,3957,3956,3957,3956,3955,3954,3953,3954,3953,3952,3953,3952,3953,3952,3953,3952,3951,3952,3951,3950,3951,3950,3951,3950,3949,3948,3949,3950,3951,3950,3949,3948,3947,3948,3949,3950,3951,3950,3949,3950,3949,3948,3947,3948,3949,3948,3949,3950,3949,3950,3949,3948,3947,3946,3947,3946,3947,3946,3947,3946,3945,3946,3945,3944,3945,3944,3943,3942,3941,3942,3941,3942,3941,3940,3939,3938,3937,3938,3937,3938,3937,3938,3937,3938,3937,3936,3935,3936,3937,3938,3937,3938,3939,3938,3937,3936,3935,3936,3937,3936,3935,3934,3933,3932,3933,3932,3933,3932,3931,3930,3929,3930,3929,3930,3931,3930,3931,3930,3931,3932,3931,3930,3929,3930,3929,3928,3927,3928,3929,3930,3929,3928,3929,3930,3929,3928,3927,3926,3927,3926,3925,3924,3925,3926,3925,3926,3927,3926,3927,3928,3929,3928,3929,3928,3927,3926,3925,3926,3925,3924,3923,3924,3923,3924,3923,3922,3921,3922,3921,3920,3919,3918,3919,3920,3919,3920,3919,3918,3919,3918,3919,3918,3919,3920,3921,3922,3921,3920,3921,3922,3923,3924,3925,3924,3925,3926,3925,3924,3925,3926,3925,3924,3925,3926,3927,3928,3929,3930,3931,3930,3931,3930,3929,3930,3931,3932,3931,3930,3931,3932,3933,3932,3931,3932,3931,3932,3931,3930,3931,3932,3931,3932,3931,3930,3929,3930,3929,3928,3929,3930,3931,3932,3931,3932,3931,3932,3931,3932,3931,3930,3931,3932,3931,3932,3933,3932,3931,3932,3933,3932,3931,3932,3931,3930,3931,3932,3931,3932,3933,3934,3933,3934,3933,3934,3935,3936,3935,3936,3937,3936,3937,3936,3935,3936,3937,3938,3939,3938,3939,3938,3939,3940,3939,3940,3939,3940,3941,3940,3941,3942,3943,3942,3943,3944,3945,3946,3947,3946,3947,3948,3947,3948,3947,3948,3947,3946,3947,3948,3949,3950,3951,3952,3953,3952,3953,3954,3955,3954,3953,3954,3955,3954,3953,3954,3955,3954,3955,3956,3957,3956,3957,3956,3957,3958,3957,3958,3959,3960,3959,3960,3961,3960,3961,3962,3961,3962,3963,3964,3965,3964,3963,3962,3963,3964,3965,3966,3965,3966,3965,3966,3965,3966,3965,3966,3965,3966,3965,3966,3967,3968,3969,3970,3971,3972,3971,3972,3971,3972,3973,3974,3973,3974,3975,3976,3977,3978,3979,3980,3979,3980,3981,3980,3981,3982,3983,3984,3985,3984,3985,3986,3987,3986,3987,3986,3987,3986,3985,3986,3987,3986,3987,3986,3985,3986,3987,3988,3989,3988,3987,3986,3987,3988,3987,3986,3987,3988,3989,3988,3987,3986,3985,3986,3985,3986,3985,3984,3983,3984,3985,3986,3985,3986,3985,3984,3985,3984,3983,3984,3985,3984,3985,3984,3985,3986,3985,3986,3985,3984,3985,3986,3985,3986,3985,3984,3985,3984,3985,3986,3985,3986,3985,3986,3985,3984,3985,3984,3985,3984,3985,3984,3983,3982,3981,3980,3981,3982,3983,3982,3983,3982,3983,3984,3983,3982,3983,3982,3983,3982,3983,3984,3985,3986,3987,3986,3987,3988,3989,3990,3989,3990,3989,3990,3989,3988,3987,3988,3989,3988,3987,3988,3989,3988,3989,3988,3987,3986,3987,3988,3989,3990,3991,3992,3993,3994,3995,3994,3995,3994,3993,3994,3995,3994,3995,3994,3995,3994,3993,3994,3993,3992,3993,3992,3993,3994,3993,3992,3993,3994,3993,3992,3993,3992,3991,3992,3991,3992,3991,3992,3991,3992,3993,3992,3991,3990,3989,3988,3989,3988,3987,3988,3989,3988,3989,3990,3989,3988,3987,3988,3987,3986,3985,3984,3983,3984,3985,3984,3983,3984,3983,3984,3985,3986,3985,3984,3985,3984,3985,3984,3983,3982,3983,3982,3981,3980,3979,3980,3979,3978,3979,3978,3977,3976,3975,3976,3975,3976,3975,3974,3975,3974,3973,3974,3973,3972,3973,3974,3973,3974,3973,3972,3973,3972,3973,3972,3973,3974,3973,3972,3971,3972,3971,3972,3971,3970,3969,3970,3971,3970,3969,3968,3967,3968,3969,3968,3969,3968,3969,3968,3969,3968,3969,3970,3971,3972,3973,3974,3975,3976,3975,3974,3973,3974,3975,3976,3975,3976,3977,3978,3979,3980,3981,3982,3981,3980,3979,3978,3979,3978,3977,3978,3977,3978,3979,3978,3977,3978,3979,3978,3979,3980,3981,3980,3981,3982,3981,3982,3981,3982,3983,3982,3983,3984,3985,3986,3985,3984,3985,3986,3987,3988,3987,3988,3987,3986,3985,3986,3987,3986,3985,3986,3987,3988,3989,3988,3989,3990,3991,3992,3993,3994,3995,3996,3997,3998,3999,4000,4001,4002,4001,4002,4001,4002,4003,4004,4003,4004,4005,4004,4003,4004,4005,4004,4003,4004,4005,4006,4007,4008,4007,4006,4005,4006,4007,4008,4009,4010,4011,4010,4011,4012,4013,4014,4015,4014,4013,4014,4013,4014,4013,4014,4013,4014,4013,4014,4013,4014,4013,4012,4013,4014,4013,4012,4013,4012,4013,4012,4013,4012,4013,4014,4015,4014,4015,4014,4013,4014,4015,4014,4015,4016,4015,4016,4017,4016,4015,4016,4015,4016,4015,4016,4015,4016,4015,4014,4013,4012,4011,4012,4011,4012,4011,4010,4009,4010,4009,4010,4011,4010,4011,4012,4011,4010,4009,4010,4009,4008,4007,4008,4009,4010,4009,4010,4009,4008,4007,4006,4007,4008,4009,4010,4011,4010,4009,4008,4009,4010,4011,4012,4013,4014,4013,4014,4013,4014,4013,4012,4013,4012,4013,4014,4013,4012,4011,4012,4011,4012,4013,4014,4013,4012,4011,4012,4011,4010,4009,4008,4009,4010,4011,4010,4009,4008,4009,4008,4009,4010,4011,4012,4011,4012,4013,4012,4011,4012,4013,4014,4015,4016,4017,4018,4017,4016,4015,4014,4013,4014,4013,4014,4015,4014,4013,4012,4011,4010,4011,4010,4011,4010,4009,4010,4011,4010,4009,4010,4009,4008,4007,4008,4007,4006,4005,4004,4003,4002,4001,4000,3999,3998,3997,3996,3995,3996,3995,3994,3995,3994,3993,3992,3991,3990,3991,3990,3991,3990,3989,3988,3987,3986,3987,3986,3985,3986,3985,3986,3985,3984,3983,3984,3983,3982,3981,3982,3981,3980,3979,3978,3977,3976,3975,3974,3975,3976,3975,3976,3977,3976,3975,3974,3973,3974,3973,3972,3973,3972,3973,3972,3971,3972,3971,3972,3971,3970,3969,3968,3967,3968,3967,3966,3965,3964,3965,3964,3963,3962,3961,3962,3961,3960,3959,3958,3957,3958,3957,3956,3957,3958,3957,3956,3957,3958,3959,3958,3959,3958,3959,3958,3957,3956,3957,3956,3957,3956,3957,3958,3957,3956,3955,3954,3953,3952,3953,3952,3951,3952,3951,3950,3949,3948,3947,3946,3945,3946,3947,3946,3947,3946,3945,3944,3943,3942,3943,3942,3941,3942,3941,3940,3939,3940,3939,3940,3941,3940,3941,3940,3939,3938,3937,3936,3937,3936,3937,3938,3937,3936,3935,3934,3933,3934,3935,3934,3933,3934,3935,3936,3935,3936,3935,3934,3935,3934,3935,3934,3933,3932,3933,3932,3933,3932,3931,3930,3931,3932,3931,3932,3933,3932,3931,3930,3931,3930,3929,3928,3927,3926,3925,3926,3927,3928,3927,3928,3929,3928,3929,3928,3929,3928,3929,3928,3929,3930,3929,3930,3931,3930,3929,3928,3927,3928,3927,3928,3929,3930,3929,3930,3931,3930,3929,3930,3929,3930,3931,3930,3929,3930,3929,3928,3927,3928,3927,3926,3925,3924,3925,3926,3925,3924,3925,3924,3925,3924,3925,3924,3925,3924,3923,3922,3923,3922,3921,3922,3921,3922,3921,3920,3919,3920,3919,3918,3919,3920,3919,3918,3917,3916,3915,3916,3915,3914,3913,3912,3913,3912,3913,3914,3915,3916,3917,3916,3915,3916,3915,3914,3915,3914,3913,3914,3913,3912,3911,3912,3911,3910,3911,3912,3911,3910,3909,3910,3909,3908,3909,3908,3909,3908,3909,3910,3909,3910,3909,3910,3911,3910,3911,3912,3911,3912,3911,3910,3911,3910,3909,3910,3911,3910,3909,3908,3907,3906,3905,3904,3905,3904,3903,3902,3901,3902,3901,3902,3901,3900,3899,3898,3897,3898,3899,3898,3897,3898,3899,3900,3899,3898,3897,3898,3897,3896,3897,3898,3899,3898,3899,3898,3897,3898,3897,3898,3899,3898,3897,3898,3897,3896,3897,3896,3895,3896,3895,3896,3897,3896,3895,3894,3895,3894,3895,3896,3897,3898,3899,3900,3901,3902,3903,3904,3905,3904,3905,3906,3907,3908,3909,3908,3909,3910,3911,3912,3913,3914,3915,3914,3915,3916,3917,3916,3917,3918,3917,3916,3915,3916,3917,3918,3919,3920,3921,3920,3919,3920,3921,3920,3921,3922,3923,3924,3925,3926,3927,3926,3927,3928,3927,3926,3925,3926,3927,3928,3927,3926,3927,3926,3927,3928,3929,3928,3929,3928,3927,3928,3927,3928,3929,3930,3929,3930,3931,3932,3933,3934,3935,3934,3935,3934,3935,3936,3937,3936,3935,3936,3937,3938,3939,3940,3941,3942,3943,3942,3943,3942,3943,3944,3945,3944,3943,3944,3945,3946,3947,3948,3947,3946,3947,3948,3947,3948,3947,3946,3945,3944,3945,3946,3945,3944,3945,3946,3947,3946,3947,3948,3949,3948,3949,3950,3951,3952,3953,3952,3953,3952,3953,3954,3955,3954,3955,3956,3957,3958,3959,3960,3961,3962,3963,3964,3965,3964,3965,3966,3967,3968,3969,3970,3971,3970,3971,3970,3969,3970,3969,3968,3967,3968,3967,3968,3967,3968,3969,3970,3971,3970,3971,3970,3971,3972,3971,3970,3971,3970,3969,3968,3969,3968,3969,3968,3969,3970,3971,3970,3971,3970,3971,3970,3971,3972,3973,3974,3973,3974,3975,3976,3977,3976,3975,3974,3975,3976,3977,3978,3977,3978,3977,3978,3977,3978,3977,3976,3977,3978,3977,3978,3979,3980,3981,3982,3983,3984,3983,3984,3985,3986,3985,3986,3987,3986,3987,3988,3989,3990,3991,3992,3993,3994,3993,3994,3993,3994,3995,3996,3997,3996,3997,3998,3999,4000,4001,4002,4001,4000,4001,4002,4001,4002,4003,4004,4005,4006,4007,4006,4007,4008,4009,4010,4009,4010,4011,4012,4013,4014,4015,4014,4015,4014,4015,4016,4015,4016,4017,4018,4019,4020,4021,4022,4023,4024,4023,4024,4025,4026,4027,4026,4027,4028,4029,4030,4029,4030,4031,4032,4033,4032,4031,4032,4031,4030,4031,4032,4033,4034,4035,4036,4035,4036,4037,4038,4039,4040,4041,4042,4043,4042,4043,4044,4045,4046,4047,4048,4047,4046,4047,4046,4047,4048,4049,4050,4051,4052,4051,4052,4051,4052,4053,4054,4055,4056,4057,4058,4057,4056,4057,4058,4057,4058,4059,4060,4061,4060,4059,4060,4061,4062,4063,4064,4065,4066,4067,4068,4067,4068,4067,4066,4067,4068,4069,4070,4071,4072,4071,4072,4073,4074,4075,4076,4077,4078,4077,4078,4079,4080,4081,4082,4083,4084,4085,4084,4085,4086,4085,4084,4085,4086,4087,4088,4089,4090,4091,4092,4093,4094,4095,4096,4097,4098,4097,4096,4097,4098,4099,4100,4101,4102,4103,4104,4105,4106,4107,4106,4107,4108,4107,4108,4109,4110,4111,4112,4111,4110,4111,4112,4113,4114,4115,4116,4117,4118,4119,4118,4117,4118,4119,4120,4121,4122,4121,4122,4123,4124,4125,4124,4125,4126,4127,4126,4125,4126,4125,4126,4127,4128,4129,4128,4129,4128,4129,4130,4131,4130,4131,4130,4131,4132,4131,4132,4133,4134,4135,4136,4137,4138,4139,4140,4141,4142,4143,4144,4145,4146,4147,4148,4149,4150,4151,4152,4151,4150,4149,4148,4149,4148,4149,4150,4151,4152,4153,4154,4155,4156,4155,4156,4157,4158,4159,4160,4161,4162,4163,4164,4165,4166,4167,4166,4167,4168,4169,4168,4169,4170,4171,4170,4171,4172,4171,4172,4173,4174,4173,4172,4173,4174,4175,4174,4175,4176,4177,4176,4177,4178,4179,4180,4179,4180,4181,4182,4183,4184,4183,4184,4185,4186,4187,4188,4189,4190,4189,4190,4191,4192,4191,4192,4193,4194,4193,4194,4195,4196,4197,4198,4199,4200,4201,4202,4203,4204,4203,4204,4205,4206,4207,4208,4209,4210,4211,4212,4213,4214,4215,4216,4217,4218,4219,4220,4221,4222,4223,4224,4225,4226,4225,4226,4227,4226,4227,4228,4229,4228,4229,4230,4231,4232,4233,4234,4233,4234,4235,4234,4235,4236,4237,4238,4239,4238,4239,4240,4241,4242,4241,4240,4241,4240,4241,4242,4243,4244,4245,4246,4247,4248,4249,4248,4249,4250,4251,4250,4251,4252,4253,4254,4255,4256,4255,4256,4257,4258,4259,4260,4261,4260,4261,4260,4259,4260,4261,4262,4263,4264,4263,4264,4265,4266,4267,4266,4267,4268,4269,4270,4271,4272,4273,4274,4275,4276,4277,4278,4279,4280,4279,4278,4277,4276,4277,4278,4279,4280,4281,4282,4283,4284,4283,4284,4283,4282,4283,4282,4281,4280,4281,4282,4281,4280,4281,4280,4281,4282,4283,4284,4283,4284,4285,4286,4287,4288,4287,4288,4289,4290,4291,4290,4291,4292,4293,4294,4295,4296,4297,4296,4297,4298,4299,4298,4299,4300,4299,4298,4299,4300,4301,4302,4303,4304,4305,4306,4307,4308,4309,4308,4309,4310,4311,4312,4313,4314,4315,4316,4317,4318,4319,4318,4319,4320,4319,4318,4319,4318,4319,4320,4321,4322,4323,4324,4325,4326,4325,4326,4327,4328,4329,4328,4329,4330,4331,4332,4333,4332,4333,4334,4335,4336,4335,4336,4337,4338,4339,4340,4341,4342,4343,4344,4345,4344,4345,4344,4345,4346,4347,4348,4349,4350,4351,4350,4351,4350,4349,4350,4349,4350,4349,4350,4351,4352,4353,4352,4351,4352,4353,4352,4353,4354,4355,4356,4357,4358,4359,4358,4359,4360,4361,4362,4363,4364,4365,4366,4367,4368,4367,4368,4369,4370,4369,4368,4369,4370,4369,4370,4369,4368,4369,4370,4371,4372,4373,4374,4375,4374,4373,4372,4373,4374,4375,4376,4377,4378,4379,4380,4381,4380,4381,4382,4383,4384,4385,4386,4387,4386,4387,4388,4389,4390,4391,4392,4393,4392,4393,4394,4393,4394,4395,4396,4397,4398,4399,4400,4401,4402,4403,4404,4405,4406,4407,4408,4407,4408,4407,4408,4407,4408,4407,4408,4409,4410,4409,4410,4411,4412,4413,4414,4413,4412,4413,4414,4415,4416,4415,4416,4417,4418,4419,4420,4421,4420,4421,4420,4421,4420,4419,4420,4421,4422,4423,4424,4425,4424,4425,4424,4425,4426,4425,4426,4427,4426,4427,4428,4427,4428,4429,4430,4431,4432,4433,4434,4435,4436,4437,4438,4439,4438,4439,4440,4441,4440,4441,4442,4443,4444,4445,4446,4447,4448,4449,4450,4449,4450,4451,4452,4453,4452,4453,4454,4455,4456,4457,4458,4457,4456,4457,4458,4459,4458,4459,4460,4461,4462,4463,4464,4465,4466,4467,4468,4469,4470,4471,4470,4471,4472,4471,4472,4473,4472,4473,4474,4473,4474,4475,4476,4475,4476,4477,4478,4479,4480,4481,4482,4483,4484,4485,4486,4487,4488,4489,4490,4491,4492,4493,4494,4495,4496,4497,4498,4499,4498,4499,4500,4499,4500,4501,4502,4503,4504,4505,4504,4505,4506,4505,4506,4507,4508,4509,4510,4511,4510,4509,4510,4511,4512,4513,4514,4515,4514,4515,4516,4517,4518,4517,4518,4519,4520,4521,4520,4521,4522,4523,4524,4525,4526,4527,4528,4527,4528,4527,4528,4529,4530,4531,4532,4533,4534,4535,4536,4537,4538,4539,4538,4539,4540,4539,4540,4541,4542,4543,4542,4543,4542,4543,4544,4545,4546,4547,4548,4547,4546,4547,4548,4549,4550,4551,4552,4551,4552,4551,4552,4553,4554,4555,4556,4557,4556,4557,4558,4559,4560,4561,4562,4563,4562,4563,4562,4563,4564,4565,4566,4565,4566,4565,4566,4567,4568,4567,4566,4567,4568,4569,4570,4569,4570,4571,4572,4573,4574,4575,4576,4577,4578,4579,4580,4581,4582,4583,4582,4581,4582,4581,4580,4581,4582,4583,4584,4585,4584,4583,4584,4585,4584,4585,4586,4587,4588,4589,4590,4591,4592,4593,4594,4595,4596,4595,4594,4595,4594,4595,4596,4597,4598,4597,4598,4599,4598,4597,4596,4595,4596,4597,4598,4599,4600,4599,4598,4599,4600,4601,4600,4601,4602,4603,4604,4605,4606,4607,4608,4607,4608,4609,4610,4611,4612,4613,4612,4613,4614,4615,4616,4615,4616,4617,4618,4619,4620,4619,4618,4619,4620,4621,4622,4623,4624,4625,4624,4623,4624,4625,4626,4627,4628,4629,4630,4631,4632,4631,4632,4633,4634,4635,4636,4637,4636,4637,4638,4637,4638,4639,4640,4641,4642,4643,4644,4643,4642,4641,4642,4643,4644,4645,4646,4645,4646,4647,4648,4647,4648,4647,4648,4649,4650,4651,4650,4651,4650,4651,4652,4653,4654,4653,4654,4653,4652,4653,4654,4655,4656,4657,4658,4659,4660,4661,4662,4661,4662,4663,4664,4665,4666,4667,4668,4669,4668,4667,4668,4667,4668,4669,4668,4667,4668,4669,4670,4671,4672,4673,4674,4675,4674,4675,4676,4677,4678,4679,4680,4681,4682,4683,4684,4685,4686,4687,4688,4687,4688,4689,4690,4689,4690,4689,4690,4691,4692,4693,4692,4691,4692,4691,4692,4693,4692,4693,4692,4693,4694,4693,4694,4695,4696,4697,4698,4699,4700,4701,4702,4701,4702,4703,4704,4705,4704,4705,4706,4705,4706,4705,4704,4705,4706,4707,4708,4709,4710,4711,4712,4713,4714,4715,4716,4717,4718,4717,4718,4719,4720,4721,4720,4719,4720,4721,4722,4723,4724,4725,4726,4727,4728,4729,4730,4731,4730,4729,4728,4729,4730,4729,4730,4729,4730,4729,4730,4731,4732,4733,4732,4733,4734,4735,4736,4737,4736,4737,4738,4739,4740,4741,4740,4741,4742,4743,4742,4741,4742,4743,4742,4743,4744,4745,4746,4747,4746,4747,4748,4749,4748,4747,4746,4747,4748,4747,4746,4747,4748,4749,4750,4751,4750,4749,4750,4751,4752,4753,4754,4753,4754,4755,4756,4755,4754,4755,4754,4755,4756,4757,4756,4757,4758,4757,4758,4759,4760,4759,4760,4761,4762,4763,4764,4763,4764,4763,4764,4763,4762,4763,4762,4763,4764,4765,4764,4765,4766,4767,4766,4767,4768,4767,4768,4769,4768,4769,4770,4771,4770,4771,4772,4773,4774,4775,4774,4775,4774,4775,4776,4777,4778,4779,4778,4779,4778,4779,4778,4777,4778,4779,4778,4779,4780,4779,4780,4781,4780,4781,4782,4781,4782,4783,4784,4785,4784,4785,4786,4787,4786,4787,4788,4787,4788,4789,4788,4789,4790,4791,4792,4791,4790,4791,4792,4793,4792,4791,4790,4791,4790,4789,4790,4791,4790,4791,4792,4791,4790,4791,4790,4791,4792,4791,4792,4793,4794,4795,4794,4795,4796,4797,4798,4799,4798,4797,4798,4799,4798,4797,4796,4797,4798,4797,4798,4797,4796,4797,4796,4797,4798,4797,4798,4797,4796,4795,4796,4795,4796,4795,4794,4795,4796,4797,4796,4797,4796,4797,4796,4797,4798,4799,4798,4799,4800,4799,4798,4797,4798,4799,4800,4799,4800,4801,4802,4803,4802,4803,4804,4805,4806,4807,4808,4809,4810,4811,4812,4811,4812,4813,4814,4815,4816,4817,4816,4817,4818,4819,4820,4819,4818,4819,4820,4821,4822,4823,4824,4825,4826,4825,4824,4825,4826,4827,4828,4829,4830,4831,4830,4831,4830,4829,4828,4827,4828,4829,4830,4829,4828,4829,4830,4831,4832,4833,4834,4833,4834,4835,4836,4837,4836,4835,4836,4837,4838,4837,4838,4839,4840,4839,4838,4839,4840,4841,4842,4843,4842,4841,4842,4843,4842,4843,4844,4843,4844,4845,4846,4845,4844,4845,4844,4843,4842,4843,4844,4845,4846,4847,4848,4849,4848,4849,4850,4851,4852,4851,4850,4851,4852,4851,4850,4851,4852,4851,4850,4851,4852,4853,4852,4851,4852,4853,4854,4855,4854,4853,4854,4855,4854,4855,4856,4855,4856,4857,4858,4859,4858,4859,4860,4861,4862,4863,4862,4861,4862,4861,4862,4861,4862,4861,4862,4861,4860,4859,4858,4857,4858,4859,4860,4861,4860,4861,4862,4863,4864,4865,4866,4867,4868,4867,4868,4867,4866,4865,4866,4867,4868,4869,4870,4869,4868,4869,4870,4871,4870,4871,4872,4873,4874,4873,4874,4875,4876,4877,4878,4879,4878,4879,4880,4879,4880,4881,4882,4883,4882,4881,4880,4879,4880,4881,4880,4879,4880,4881,4882,4883,4884,4883,4884,4885,4884,4885,4886,4887,4888,4887,4888,4887,4886,4887,4888,4889,4890,4891,4892,4893,4894,4895,4894,4893,4894,4895,4894,4895,4896,4895,4894,4895,4894,4895,4894,4895,4894,4893,4894,4893,4892,4891,4890,4889,4888,4889,4890,4891,4892,4891,4892,4891,4892,4891,4890,4891,4892,4891,4890,4891,4890,4889,4890,4889,4890,4889,4888,4889,4890,4891,4890,4891,4892,4891,4890,4889,4890,4889,4890,4889,4888,4887,4888,4889,4890,4889,4888,4889,4890,4891,4892,4893,4894,4893,4892,4893,4894,4895,4896,4897,4896,4897,4896,4895,4896,4897,4898,4897,4898,4897,4898,4897,4898,4897,4896,4895,4896,4897,4896,4895,4896,4897,4898,4897,4896,4897,4896,4897,4898,4899,4900,4901,4902,4901,4900,4899,4898,4899,4900,4899,4900,4899,4898,4897,4896,4895,4896,4895,4894,4893,4892,4893,4894,4893,4892,4893,4892,4893,4894,4893,4892,4891,4892,4893,4892,4891,4890,4891,4890,4889,4890,4891,4892,4893,4892,4893,4894,4893,4892,4891,4890,4891,4890,4889,4890,4891,4892,4893,4892,4893,4894,4893,4894,4893,4894,4895,4896,4895,4894,4895,4896,4895,4894,4895,4894,4895,4894,4893,4892,4893,4892,4891,4890,4889,4888,4887,4886,4887,4886,4885,4886,4885,4884,4885,4886,4885,4886,4887,4886,4887,4888,4889,4890,4889,4890,4891,4892,4891,4890,4891,4892,4893,4892,4891,4890,4889,4888,4889,4890,4889,4888,4889,4890,4889,4888,4889,4890,4891,4892,4893,4894,4893,4894,4893,4894,4895,4896,4897,4898,4899,4898,4899,4898,4899,4900,4901,4900,4899,4898,4899,4898,4899,4900,4901,4900,4901,4900,4899,4900,4901,4900,4899,4898,4899,4900,4899,4898,4897,4898,4897,4898,4897,4898,4897,4896,4897,4896,4895,4894,4895,4896,4895,4896,4895,4896,4897,4898,4899,4898,4897,4896,4895,4896,4897,4898,4899,4898,4897,4896,4895,4894,4895,4894,4893,4892,4893,4892,4891,4890,4891,4892,4891,4892,4891,4890,4889,4888,4889,4890,4891,4890,4891,4890,4889,4888,4887,4888,4889,4888,4889,4888,4887,4886,4887,4888,4889,4890,4889,4890,4891,4890,4891,4892,4891,4890,4891,4890,4889,4890,4889,4890,4889,4888,4889,4888,4889,4888,4889,4888,4889,4890,4891,4892,4893,4892,4893,4892,4893,4894,4895,4896,4897,4898,4897,4898,4897,4896,4895,4894,4895,4894,4893,4894,4893,4894,4893,4892,4891,4892,4893,4894,4895,4894,4895,4894,4893,4894,4893,4892,4891,4892,4891,4890,4891,4890,4891,4890,4889,4890,4889,4890,4889,4890,4891,4890,4891,4892,4893,4894,4895,4896,4895,4896,4897,4896,4897,4898,4897,4898,4899,4898,4899,4900,4899,4898,4899,4900,4901,4902,4903,4904,4905,4906,4905,4906,4907,4906,4907,4908,4907,4906,4905,4906,4907,4906,4907,4908,4907,4908,4907,4906,4905,4906,4907,4908,4907,4906,4907,4908,4909,4908,4907,4908,4909,4910,4911,4910,4911,4910,4909,4910,4911,4912,4911,4912,4911,4912,4913,4914,4915,4914,4915,4914,4915,4916,4917,4918,4919,4920,4921,4922,4923,4922,4923,4922,4923,4924,4925,4926,4927,4926,4925,4926,4927,4928,4927,4928,4929,4930,4931,4932,4933,4932,4931,4930,4931,4932,4933,4934,4933,4934,4935,4934,4933,4932,4933,4934,4935,4934,4935,4934,4935,4934,4935,4936,4937,4938,4939,4940,4939,4940,4941,4942,4941,4942,4941,4942,4941,4940,4941,4940,4941,4942,4941,4942,4943,4942,4943,4944,4945,4946,4947,4948,4949,4948,4949,4950,4949,4950,4949,4948,4949,4950,4949,4950,4951,4952,4953,4954,4955,4954,4953,4954,4955,4956,4955,4956,4957,4956,4957,4956,4957,4958,4957,4956,4957,4958,4959,4958,4957,4956,4957,4956,4957,4956,4955,4956,4957,4956,4957,4958,4959,4960,4961,4960,4961,4962,4961,4960,4961,4962,4963,4964,4963,4964,4965,4966,4967,4966,4965,4964,4963,4962,4963,4962,4963,4964,4963,4962,4963,4962,4963,4962,4961,4960,4959,4958,4957,4958,4957,4956,4957,4958,4959,4960,4959,4960,4959,4960,4959,4958,4959,4958,4959,4958,4957,4956,4957,4958,4957,4956,4957,4958,4959,4960,4961,4962,4963,4964,4963,4964,4965,4964,4965,4964,4965,4966,4965,4966,4967,4966,4965,4966,4965,4966,4967,4966,4967,4968,4967,4968,4969,4970,4971,4970,4971,4972,4971,4970,4971,4970,4971,4972,4971,4972,4971,4970,4971,4972,4971,4970,4971,4972,4971,4970,4971,4972,4971,4972,4971,4972,4973,4972,4973,4972,4973,4974,4975,4974,4973,4972,4971,4970,4969,4968,4969,4968,4969,4970,4969,4970,4971,4970,4969,4970,4969,4970,4969,4968,4969,4970,4969,4968,4969,4970,4969,4970,4969,4968,4969,4970,4969,4970,4971,4972,4971,4970,4969,4970,4969,4970,4971,4970,4971,4972,4973,4972,4973,4974,4973,4974,4975,4976,4977,4978,4979,4978,4977,4978,4979,4980,4981,4980,4981,4980,4981,4982,4983,4984,4985,4984,4985,4984,4985,4984,4985,4986,4985,4986,4987,4988,4987,4988,4987,4988,4989,4990,4991,4992,4993,4992,4993,4994,4995,4996,4997,4998,4999,5000,5001,5002,5001,5000,5001,5002,5003,5004,5005,5006,5007,5006,5005,5004,5005,5004,5005,5006,5007,5008,5007,5006,5007,5008,5009,5008,5009,5010,5009,5010,5011,5012,5013,5012,5013,5014,5015,5016,5017,5018,5019,5020,5019,5020,5019,5020,5021,5020,5021,5020,5021,5020,5019,5020,5019,5020,5021,5020,5021,5022,5023,5022,5021,5022,5021,5022,5021,5020,5021,5022,5023,5024,5025,5024,5025,5026,5025,5024,5025,5024,5023,5022,5021,5020,5021,5020,5021,5022,5023,5024,5023,5022,5023,5024,5025,5024,5023,5024,5023,5022,5021,5020,5019,5018,5019,5018,5019,5018,5017,5016,5015,5016,5017,5018,5017,5018,5019,5020,5019,5018,5017,5016,5017,5016,5017,5016,5017,5016,5017,5016,5015,5016,5017,5016,5015,5014,5013,5014,5013,5012,5013,5014,5013,5014,5015,5014,5013,5012,5013,5014,5015,5014,5013,5012,5011,5012,5013,5012,5013,5012,5011,5012,5013,5012,5013,5012,5013,5014,5013,5012,5011,5012,5011,5012,5013,5012,5013,5014,5013,5014,5015,5016,5017,5016,5015,5014,5015,5014,5015,5016,5015,5016,5017,5016,5015,5016,5015,5016,5015,5014,5015,5014,5013,5014,5015,5014,5015,5014,5015,5016,5015,5014,5015,5016,5015,5016,5015,5016,5017,5016,5015,5016,5017,5016,5015,5014,5015,5016,5015,5014,5015,5016,5015,5016,5017,5016,5017,5018,5017,5018,5019,5018,5019,5018,5017,5016,5015,5014,5015,5016,5015,5016,5017,5016,5015,5016,5015,5016,5017,5016,5017,5016,5017,5018,5019,5020,5021,5022,5021,5022,5021,5022,5021,5022,5021,5022,5023,5022,5023,5022,5021,5020,5021,5020,5019,5020,5021,5022,5023,5022,5023,5022,5021,5022,5021,5022,5021,5022,5023,5022,5023,5022,5023,5024,5025,5026,5025,5024,5025,5026,5027,5026,5027,5028,5027,5028,5029,5028,5027,5028,5029,5030,5031,5032,5033,5034,5035,5036,5035,5036,5035,5036,5037,5036,5035,5036,5035,5036,5037,5038,5039,5040,5041,5042,5043,5042,5041,5040,5041,5040,5041,5040,5041,5042,5043,5044,5045,5044,5043,5044,5043,5044,5043,5042,5043,5044,5043,5044,5043,5044,5045,5044,5045,5044,5045,5046,5047,5046,5047,5046,5047,5048,5049,5050,5049,5050,5049,5050,5051,5050,5049,5050,5051,5050,5051,5050,5049,5050,5051,5052,5051,5050,5049,5050,5051,5050,5049,5050,5051,5050,5051,5052,5053,5052,5051,5052,5053,5054,5055,5054,5055,5056,5057,5058,5059,5060,5059,5058,5059,5060,5061,5062,5061,5062,5061,5062,5063,5064,5063,5062,5061,5062,5063,5064,5063,5064,5065,5066,5065,5064,5065,5066,5065,5064,5065,5064,5065,5066,5065,5064,5063,5062,5061,5062,5063,5062,5061,5062,5063,5064,5065,5064,5065,5064,5063,5064,5065,5066,5065,5066,5065,5064,5063,5062,5061,5062,5063,5064,5063,5064,5063,5064,5063,5062,5063,5064,5065,5064,5065,5064,5065,5064,5065,5066,5065,5064,5065,5064,5063,5062,5061,5060,5061,5062,5061,5060,5059,5060,5061,5060,5061,5062,5061,5060,5061,5060,5061,5062,5063,5062,5061,5060,5061,5060,5059,5058,5059,5058,5059,5060,5059,5058,5059,5058,5057,5058,5057,5056,5057,5058,5057,5058,5057,5056,5057,5056,5055,5056,5055,5054,5055,5056,5057,5058,5059,5060,5059,5058,5057,5056,5055,5054,5055,5056,5055,5056,5055,5054,5055,5056,5057,5056,5055,5054,5053,5054,5053,5054,5055,5054,5055,5054,5053,5054,5053,5052,5053,5054,5055,5056,5055,5056,5057,5058,5057,5058,5059,5058,5057,5058,5057,5058,5059,5060,5059,5060,5061,5062,5061,5060,5061,5060,5061,5060,5059,5058,5057,5056,5057,5058,5059,5058,5057,5056,5057,5058,5059,5058,5059,5060,5061,5062,5063,5062,5061,5060,5061,5062,5063,5064,5063,5064,5063,5064,5063,5064,5065,5064,5063,5062,5063,5064,5063,5062,5061,5062,5061,5062,5061,5060,5061,5060,5059,5060,5061,5062,5063,5062,5063,5062,5063,5062,5061,5062,5061,5062,5063,5064,5065,5066,5065,5064,5065,5066,5067,5066,5065,5066,5065,5064,5065,5066,5065,5066,5067,5066,5065,5064,5063,5064,5065,5066,5067,5066,5065,5066,5067,5068,5069,5068,5067,5066,5067,5066,5067,5068,5067,5068,5067,5066,5067,5066,5065,5064,5065,5066,5065,5066,5067,5068,5067,5068,5069,5068,5069,5068,5069,5068,5067,5068,5067,5066,5065,5064,5063,5064,5063,5062,5063,5062,5061,5062,5061,5062,5063,5062,5061,5062,5063,5062,5063,5064,5063,5062,5061,5062,5063,5064,5063,5064,5063,5062,5061,5062,5061,5062,5063,5062,5061,5062,5063,5062,5061,5060,5061,5060,5061,5062,5061,5060,5061,5062,5063,5064,5063,5062,5063,5064,5065,5064,5063,5064,5065,5064,5065,5064,5063,5062,5063,5062,5061,5062,5061,5060,5059,5060,5059,5058,5059,5060,5061,5060,5061,5062,5061,5062,5063,5064,5063,5064,5065,5064,5065,5066,5065,5066,5067,5066,5067,5068,5067,5068,5069,5068,5069,5068,5067,5068,5067,5068,5069,5068,5067,5068,5067,5066,5067,5068,5067,5066,5065,5064,5065,5066,5065,5066,5065,5064,5063,5064,5063,5064,5063,5062,5061,5060,5061,5062,5061,5062,5063,5062,5061,5062,5063,5062,5061,5060,5059,5060,5059,5060,5061,5060,5061,5062,5061,5060,5059,5060,5059,5060,5061,5062,5061,5060,5059,5060,5059,5060,5061,5062,5063,5062,5063,5064,5063,5064,5063,5064,5063,5064,5065,5066,5065,5064,5065,5064,5065,5066,5067,5068,5067,5066,5067,5066,5067,5066,5067,5068,5069,5070,5069,5070,5071,5072,5071,5070,5071,5072,5071,5072,5071,5072,5073,5072,5073,5072,5071,5070,5071,5070,5071,5072,5071,5072,5073,5074,5073,5074,5073,5072,5071,5072,5073,5072,5071,5072,5073,5074,5075,5076,5077,5076,5077,5076,5075,5074,5075,5074,5075,5076,5077,5076,5077,5076,5075,5076,5075,5074,5075,5074,5073,5072,5071,5072,5073,5072,5073,5074,5075,5074,5073,5074,5075,5076,5075,5076,5077,5078,5077,5076,5077,5076,5075,5074,5075,5074,5073,5072,5073,5072,5073,5074,5073,5074,5073,5074,5075,5074,5073,5074,5073,5072,5071,5070,5069,5068,5067,5066,5067,5066,5065,5066,5065,5064,5065,5066,5065,5066,5067,5066,5065,5066,5065,5066,5067,5068,5067,5068,5069,5070,5071,5070,5071,5072,5071,5072,5073,5072,5073,5074,5073,5074,5073,5072,5073,5072,5071,5070,5069,5068,5069,5070,5069,5070,5071,5070,5071,5070,5071,5070,5069,5068,5067,5068,5067,5068,5069,5068,5069,5070,5069,5070,5071,5070,5071,5072,5071,5070,5071,5070,5071,5072,5071,5072,5073,5072,5073,5074,5073,5074,5075,5074,5075,5074,5075,5076,5077,5076,5075,5074,5073,5072,5073,5072,5071,5072,5071,5070,5071,5072,5071,5070,5071,5072,5071,5072,5071,5070,5071,5072,5071,5072,5073,5072,5071,5072,5073,5072,5073,5074,5075,5076,5077,5076,5075,5076,5075,5076,5077,5076,5077,5078,5077,5078,5079,5078,5077,5078,5079,5080,5079,5078,5079,5078,5077,5076,5077,5076,5077,5078,5077,5078,5077,5076,5077,5078,5079,5078,5077,5076,5075,5076,5077,5076,5075,5076,5075,5076,5075,5076,5077,5078,5079,5078,5077,5076,5075,5076,5077,5076,5077,5076,5075,5074,5075,5076,5075,5076,5077,5076,5077,5078,5077,5078,5079,5078,5079,5080,5079,5080,5081,5082,5083,5084,5083,5084,5085,5084,5085,5086,5087,5088,5089,5088,5089,5090,5089,5090,5091,5090,5089,5090,5089,5090,5089,5088,5087,5088,5089,5090,5089,5090,5091,5090,5091,5092,5091,5092,5093,5094,5095,5094,5095,5094,5093,5094,5093,5094,5095,5094,5095,5096,5095,5096,5095,5094,5095,5094,5093,5092,5091,5092,5093,5092,5093,5094,5093,5092,5093,5094,5093,5094,5093,5092,5091,5090,5089,5090,5091,5092,5093,5094,5093,5092,5091,5090,5091,5090,5089,5088,5089,5090,5089,5088,5089,5088,5089,5088,5089,5090,5089,5090,5089,5090,5089,5088,5089,5090,5089,5088,5087,5088,5087,5086,5087,5088,5089,5090,5089,5088,5087,5086,5087,5086,5085,5086,5085,5084,5083,5084,5083,5084,5085,5084,5085,5086,5087,5088,5087,5088,5087,5086,5087,5088,5087,5086,5087,5088,5087,5086,5087,5086,5085,5086,5085,5084,5083,5082,5083,5084,5083,5084,5083,5084,5085,5086,5087,5088,5087,5086,5085,5086,5085,5084,5085,5084,5085,5086,5085,5086,5087,5086,5085,5086,5085,5086,5085,5086,5087,5086,5085,5086,5085,5086,5085,5084,5083,5084,5085,5086,5087,5086,5085,5086,5085,5086,5085,5084,5085,5084,5085,5084,5085,5086,5085,5084,5083,5084,5083,5082,5081,5080,5081,5080,5081,5082,5081,5082,5081,5080,5081,5080,5079,5080,5081,5080,5081,5082,5081,5080,5079,5080,5081,5080,5079,5080,5079,5078,5079,5078,5079,5080,5079,5078,5079,5080,5079,5080,5079,5078,5079,5078,5077,5078,5077,5078,5079,5078,5077,5078,5077,5078,5079,5080,5079,5080,5081,5080,5081,5082,5081,5082,5081,5080,5079,5080,5079,5078,5077,5076,5077,5078,5077,5078,5077,5076,5075,5076,5077,5076,5077,5078,5079,5080,5079,5080,5081,5082,5083,5084,5083,5084,5083,5082,5083,5084,5083,5084,5083,5082,5083,5082,5083,5084,5085,5086,5087,5086,5087,5088,5089,5090,5091,5090,5091,5090,5089,5090,5089,5090,5089,5090,5091,5092,5093,5092,5093,5094,5095,5094,5093,5092,5091,5092,5093,5094,5095,5094,5093,5092,5093,5092,5091,5090,5091,5092,5091,5090,5089,5090,5091,5092,5091,5092,5091,5092,5093,5094,5095,5096,5097,5096,5095,5096,5095,5094,5095,5096,5097,5098,5099,5098,5099,5100,5101,5102,5101,5100,5099,5100,5101,5100,5101,5100,5101,5102,5101,5100,5099,5098,5097,5098,5099,5100,5101,5100,5101,5100,5101,5102,5101,5102,5103,5102,5103,5104,5105,5106,5107,5106,5107,5106,5105,5106,5105,5104,5105,5106,5107,5106,5107,5108,5109,5108,5109,5110,5109,5108,5107,5106,5107,5106,5107,5108,5107,5106,5107,5106,5107,5106,5107,5108,5109,5108,5107,5108,5107,5108,5107,5106,5105,5104,5105,5104,5103,5102,5103,5104,5103,5104,5103,5102,5103,5102,5101,5102,5103,5104,5105,5104,5105,5106,5105,5106,5107,5106,5105,5106,5105,5104,5105,5104,5105,5104,5103,5104,5103,5104,5105,5104,5105,5106,5105,5106,5105,5104,5105,5104,5105,5106,5105,5106,5105,5106,5107,5108,5107,5108,5109,5108,5107,5108,5107,5108,5107,5108,5109,5108,5109,5108,5109,5110,5109,5110,5111,5110,5109,5108,5109,5108,5107,5108,5109,5110,5111,5112,5113,5112,5111,5112,5111,5110,5111,5112,5111,5112,5111,5112,5113,5112,5111,5112,5113,5112,5113,5112,5113,5114,5113,5112,5113,5112,5113,5114,5115,5114,5115,5116,5117,5118,5119,5118,5117,5118,5119,5120,5119,5120,5121,5122,5121,5122,5123,5124,5123,5122,5123,5124,5125,5124,5125,5124,5123,5124,5125,5126,5125,5126,5125,5126,5127,5126,5127,5128,5127,5128,5127,5126,5125,5126,5127,5128,5129,5128,5129,5130,5129,5130,5131,5132,5133,5134,5133,5134,5135,5134,5133,5134,5135,5134,5135,5136,5135,5136,5137,5136,5135,5134,5135,5136,5135,5136,5137,5138,5139,5138,5137,5138,5139,5138,5139,5138,5137,5136,5135,5134,5135,5136,5135,5134,5133,5134,5133,5134,5133,5132,5131,5132,5131,5130,5129,5128,5129,5130,5129,5128,5129,5130,5129,5130,5129,5130,5131,5132,5131,5130,5131,5132,5133,5134,5135,5136,5135,5134,5135,5136,5135,5134,5135,5136,5135,5136,5137,5136,5137,5138,5137,5136,5135,5134,5133,5134,5133,5132,5133,5132,5131,5132,5133,5132,5131,5132,5133,5134,5135,5136,5137,5136,5137,5138,5137,5138,5139,5140,5141,5142,5143,5142,5143,5142,5143,5144,5145,5144,5143,5142,5141,5142,5141,5142,5143,5142,5143,5144,5143,5144,5143,5142,5141,5142,5143,5144,5145,5146,5147,5146,5145,5146,5147,5148,5149,5148,5149,5150,5149,5148,5149,5150,5149,5150,5149,5150,5149,5148,5149,5150,5149,5150,5151,5152,5153,5152,5153,5152,5153,5152,5153,5152,5153,5152,5153,5154,5153,5154,5155,5156,5157,5158,5159,5158,5157,5158,5159,5160,5161,5160,5161,5160,5161,5160,5161,5162,5163,5164,5165,5166,5167,5168,5167,5166,5165,5166,5167,5168,5169,5170,5171,5170,5171,5172,5173,5172,5173,5174,5173,5174,5173,5174,5175,5176,5175,5176,5175,5176,5175,5176,5177,5178,5179,5180,5179,5180,5181,5180,5181,5182,5183,5182,5181,5180,5181,5180,5179,5178,5179,5180,5181,5180,5181,5182,5181,5182,5183,5184,5183,5184,5185,5184,5185,5184,5185,5186,5187,5188,5187,5188,5189,5190,5191,5190,5189,5190,5191,5192,5191,5190,5191,5190,5189,5188,5189,5190,5189,5190,5191,5192,5193,5194,5193,5192,5193,5194,5195,5194,5195,5196,5197,5196,5195,5196,5197,5196,5197,5196,5195,5196,5197,5198,5199,5200,5199,5198,5199,5200,5199,5198,5199,5200,5201,5200,5199,5200,5201,5200,5199,5198,5199,5200,5199,5200,5199,5198,5199,5200,5201,5200,5201,5202,5201,5202,5203,5202,5201,5202,5203,5204,5203,5204,5205,5204,5203,5202,5203,5204,5205,5204,5205,5206,5207,5206,5205,5206,5205,5206,5207,5206,5207,5206,5207,5208,5209,5210,5209,5210,5209,5208,5209,5208,5209,5210,5209,5210,5211,5210,5211,5212,5211,5212,5213,5212,5213,5212,5211,5210,5209,5208,5207,5208,5207,5208,5209,5208,5209,5208,5207,5208,5209,5210,5209,5210,5209,5208,5209,5210,5209,5208,5207,5206,5207,5206,5207,5206,5205,5206,5207,5208,5209,5210,5209,5208,5209,5208,5207,5208,5209,5208,5209,5208,5207,5206,5205,5204,5203,5202,5201,5202,5203,5202,5201,5202,5203,5204,5205,5206,5205,5204,5205,5204,5203,5204,5205,5204,5203,5202,5203,5204,5205,5206,5207,5208,5207,5206,5205,5206,5207,5206,5205,5204,5205,5204,5205,5206,5207,5206,5205,5206,5207,5206,5205,5204,5205,5206,5205,5206,5205,5206,5207,5206,5207,5208,5207,5206,5205,5206,5205,5204,5205,5206,5205,5206,5207,5206,5205,5206,5207,5208,5207,5208,5209,5210,5209,5210,5211,5210,5211,5212,5211,5210,5211,5212,5213,5212,5211,5210,5211,5210,5209,5208,5209,5210,5211,5212,5211,5210,5211,5212,5211,5212,5211,5212,5213,5212,5213,5212,5213,5212,5211,5210,5211,5212,5211,5210,5211,5212,5213,5214,5213,5212,5213,5212,5211,5210,5209,5210,5211,5210,5211,5212,5213,5212,5213,5214,5213,5212,5213,5214,5213,5212,5213,5212,5213,5214,5215,5216,5217,5216,5217,5218,5219,5220,5221,5222,5223,5222,5223,5224,5223,5224,5225,5226,5225,5226,5227,5226,5227,5228,5229,5228,5229,5230,5231,5230,5231,5230,5231,5232,5231,5230,5231,5232,5231,5230,5231,5232,5231,5232,5233,5234,5233,5234,5233,5234,5233,5234,5233,5232,5233,5234,5233,5232,5233,5234,5235,5236,5237,5238,5239,5238,5239,5238,5237,5236,5237,5238,5239,5238,5237,5238,5239,5238,5237,5236,5235,5234,5235,5236,5235,5236,5235,5236,5235,5236,5235,5236,5237,5238,5239,5240,5241,5242,5241,5242,5241,5240,5241,5242,5241,5240,5239,5238,5239,5240,5239,5238,5239,5240,5241,5242,5243,5244,5245,5246,5247,5248,5247,5248,5249,5248,5249,5248,5247,5248,5249,5248,5249,5250,5251,5252,5251,5252,5253,5252,5251,5250,5251,5252,5251,5252,5251,5252,5251,5252,5251,5252,5253,5254,5255,5254,5253,5254,5255,5256,5257,5258,5259,5260,5259,5260,5259,5258,5259,5260,5261,5260,5261,5262,5263,5264,5265,5264,5265,5264,5265,5266,5267,5268,5269,5268,5269,5270,5269,5270,5271,5272,5273,5274,5275,5276,5277,5276,5277,5278,5279,5278,5279,5280,5281,5280,5281,5282,5281,5282,5283,5282,5283,5284,5285,5284,5283,5284,5285,5284,5285,5286,5287,5286,5287,5288,5289,5290,5289,5290,5289,5290,5291,5290,5291,5292,5291,5292,5293,5292,5291,5290,5291,5292,5293,5292,5291,5290,5289,5288,5287,5288,5289,5288,5287,5286,5287,5288,5289,5288,5289,5288,5287,5288,5289,5288,5289,5290,5289,5288,5287,5288,5289,5290,5289,5288,5287,5288,5287,5286,5285,5284,5285,5286,5287,5286,5287,5286,5287,5288,5287,5288,5289,5290,5291,5290,5291,5292,5291,5292,5293,5292,5291,5290,5291,5292,5291,5290,5291,5292,5293,5292,5291,5292,5293,5294,5293,5292,5291,5292,5293,5292,5293,5292,5291,5292,5293,5292,5291,5292,5293,5294,5295,5296,5297,5296,5297,5296,5295,5294,5293,5294,5293,5294,5293,5294,5295,5294,5293,5294,5295,5294,5293,5292,5293,5292,5293,5294,5293,5292,5291,5292,5293,5292,5291,5290,5291,5292,5291,5290,5291,5292,5293,5294,5295,5294,5295,5296,5297,5296,5297,5298,5299,5300,5299,5300,5301,5302,5301,5302,5301,5302,5301,5302,5303,5304,5305,5304,5303,5304,5305,5304,5305,5304,5305,5306,5307,5308,5307,5308,5309,5308,5309,5308,5307,5308,5309,5310,5311,5312,5311,5312,5311,5312,5313,5312,5311,5312,5313,5312,5313,5314,5313,5314,5315,5314,5315,5316,5317,5316,5317,5318,5319,5320,5321,5322,5321,5322,5323,5324,5325,5326,5325,5324,5325,5326,5327,5328,5329,5328,5329,5330,5329,5330,5331,5330,5331,5332,5333,5334,5335,5336,5335,5334,5333,5334,5335,5336,5337,5338,5337,5338,5339,5338,5339,5340,5341,5340,5341,5340,5339,5340,5341,5342,5341,5342,5343,5344,5345,5346,5347,5348,5349,5348,5349,5350,5351,5352,5353,5354,5353,5354,5355,5354,5355,5356,5355,5356,5357,5356,5357,5358,5357,5358,5357,5358,5359,5358,5359,5360,5359,5360,5361,5360,5361,5362,5363,5364,5363,5364,5365,5364,5363,5362,5363,5364,5363,5364,5365,5364,5365,5366,5367,5368,5369,5370,5371,5370,5369,5370,5371,5372,5373,5374,5375,5376,5377,5376,5377,5378,5377,5378,5379,5380,5379,5380,5381,5382,5381,5382,5381,5382,5383,5382,5383,5384,5383,5382,5383,5384,5383,5384,5385,5386,5387,5388,5387,5388,5387,5388,5387,5388,5389,5388,5387,5386,5387,5388,5387,5388,5389,5388,5389,5390,5391,5392,5391,5392,5391,5392,5391,5392,5393,5392,5393,5394,5395,5394,5395,5396,5397,5398,5399,5398,5399,5400,5401,5400,5399,5400,5401,5402,5403,5404,5403,5404,5405,5406,5405,5406,5407,5406,5407,5406,5405,5406,5407,5406,5407,5406,5407,5406,5407,5408,5409,5410,5409,5410,5411,5410,5411,5410,5411,5412,5413,5412,5413,5414,5413,5412,5413,5414,5415,5416,5415,5416,5417,5416,5415,5416,5415,5416,5417,5416,5417,5418,5419,5418,5419,5420,5421,5422,5423,5424,5425,5426,5425,5426,5425,5426,5427,5426,5425,5426,5427,5428,5429,5428,5429,5430,5431,5430,5431,5430,5431,5430,5431,5432,5433,5434,5433,5434,5435,5436,5437,5436,5437,5438,5439,5440,5441,5442,5443,5442,5441,5442,5443,5442,5443,5444,5445,5444,5445,5446,5445,5446,5445,5446,5447,5448,5447,5448,5449,5450,5451,5452,5453,5454,5453,5454,5455,5454,5455,5456,5457,5458,5457,5458,5459,5458,5459,5460,5461,5460,5461,5462,5463,5464,5463,5462,5463,5464,5465,5466,5467,5468,5469,5470,5471,5470,5469,5470,5471,5470,5471,5470,5471,5472,5473,5474,5473,5474,5475,5474,5475,5476,5475,5476,5477,5476,5477,5478,5477,5478,5477,5478,5479,5478,5479,5478,5479,5478,5479,5480,5479,5480,5481,5480,5481,5480,5481,5482,5481,5482,5483,5482,5483,5484,5483,5484,5485,5486,5487,5486,5487,5488,5489,5488,5489,5488,5487,5488,5487,5488,5487,5488,5487,5486,5487,5486,5485,5484,5483,5484,5485,5486,5485,5484,5485,5486,5487,5488,5489,5488,5489,5488,5487,5488,5489,5490,5489,5488,5487,5488,5489,5488,5489,5488,5487,5486,5487,5488,5487,5488,5489,5490,5489,5488,5487,5486,5485,5486,5485,5484,5485,5486,5485,5484,5483,5482,5483,5484,5483,5484,5483,5484,5483,5484,5483,5482,5483,5484,5485,5486,5485,5486,5487,5486,5487,5488,5487,5486,5485,5486,5485,5486,5485,5484,5483,5484,5483,5482,5481,5482,5481,5482,5481,5480,5481,5482,5481,5480,5481,5480,5479,5480,5479,5478,5477,5478,5477,5478,5477,5476,5475,5476,5477,5476,5477,5478,5477,5478,5477,5476,5477,5476,5477,5476,5475,5474,5475,5476,5477,5476,5475,5474,5475,5476,5477,5476,5477,5478,5479,5480,5479,5478,5479,5480,5479,5478,5479,5478,5477,5476,5475,5474,5475,5474,5473,5472,5471,5470,5471,5472,5471,5470,5469,5468,5469,5470,5469,5470,5471,5470,5471,5472,5471,5470,5469,5468,5469,5470,5469,5470,5471,5470,5471,5472,5473,5474,5473,5472,5471,5472,5471,5472,5473,5472,5471,5470,5469,5470,5469,5470,5469,5470,5471,5472,5471,5472,5473,5472,5473,5472,5471,5470,5471,5470,5469,5470,5469,5470,5471,5472,5473,5474,5473,5474,5475,5476,5477,5478,5477,5476,5475,5474,5475,5474,5475,5476,5477,5476,5477,5476,5475,5476,5477,5478,5477,5478,5479,5480,5481,5480,5481,5480,5479,5480,5479,5480,5479,5480,5481,5482,5481,5480,5479,5478,5479,5480,5481,5482,5483,5484,5485,5486,5485,5486,5487,5486,5487,5486,5485,5484,5483,5484,5485,5486,5485,5484,5483,5484,5485,5486,5485,5484,5485,5486,5487,5486,5485,5486,5485,5486,5487,5486,5487,5488,5489,5488,5487,5488,5489,5490,5489,5490,5489,5488,5489,5490,5489,5490,5489,5490,5489,5488,5489,5488,5489,5490,5491,5490,5491,5490,5489,5488,5487,5488,5487,5488,5489,5488,5489,5490,5491,5492,5491,5490,5491,5492,5491,5492,5493,5492,5493,5494,5493,5494,5493,5494,5493,5492,5491,5492,5493,5492,5493,5492,5493,5494,5493,5494,5495,5494,5493,5494,5495,5496,5497,5496,5495,5494,5493,5492,5491,5490,5489,5488,5487,5486,5487,5486,5487,5488,5489,5490,5491,5490,5491,5490,5489,5488,5489,5488,5487,5488,5489,5488,5487,5488,5489,5488,5487,5488,5489,5488,5487,5486,5485,5484,5485,5484,5483,5482,5483,5482,5481,5482,5483,5482,5483,5484,5483,5484,5485,5484,5483,5484,5485,5486,5485,5486,5485,5486,5485,5484,5485,5486,5485,5484,5483,5482,5483,5484,5483,5484,5483,5482,5481,5482,5481,5480,5481,5482,5481,5482,5481,5480,5479,5478,5477,5478,5479,5478,5477,5476,5475,5474,5473,5472,5473,5474,5475,5476,5477,5478,5477,5476,5477,5478,5477,5478,5479,5478,5479,5480,5479,5480,5481,5482,5483,5482,5483,5484,5483,5482,5481,5482,5481,5480,5481,5482,5481,5482,5481,5480,5481,5482,5481,5482,5483,5482,5481,5480,5481,5480,5479,5478,5477,5478,5477,5478,5477,5478,5479,5480,5481,5482,5483,5484,5483,5482,5481,5482,5481,5482,5483,5484,5483,5484,5483,5482,5483,5482,5481,5480,5479,5478,5477,5478,5477,5478,5479,5478,5479,5480,5481,5480,5481,5480,5481,5482,5481,5480,5481,5482,5481,5480,5479,5480,5481,5482,5483,5482,5483,5482,5481,5480,5481,5482,5481,5482,5481,5480,5481,5482,5481,5482,5481,5482,5483,5482,5483,5484,5483,5484,5483,5482,5481,5482,5481,5482,5483,5484,5485,5486,5485,5486,5485,5486,5487,5488,5489,5490,5489,5490,5489,5488,5489,5488,5489,5488,5487,5488,5489,5490,5491,5490,5491,5490,5489,5490,5491,5490,5489,5490,5489,5488,5489,5488,5487,5488,5487,5486,5487,5486,5485,5484,5485,5484,5483,5484,5485,5484,5485,5484,5485,5486,5485,5484,5485,5486,5485,5484,5485,5486,5487,5486,5485,5486,5485,5484,5485,5484,5485,5486,5485,5486,5487,5486,5487,5488,5489,5490,5489,5488,5489,5488,5487,5486,5487,5486,5487,5488,5487,5488,5487,5486,5485,5486,5485,5486,5487,5486,5487,5488,5487,5486,5487,5488,5489,5488,5489,5488,5489,5490,5489,5488,5487,5488,5487,5486,5487,5486,5487,5486,5485,5484,5483,5484,5483,5484,5485,5484,5485,5486,5485,5484,5483,5484,5485,5486,5485,5484,5485,5486,5485,5484,5485,5486,5485,5484,5485,5484,5483,5482,5481,5482,5483,5482,5481,5482,5481,5480,5481,5482,5481,5482,5481,5480,5481,5482,5483,5484,5485,5484,5483,5484,5483,5484,5485,5484,5485,5486,5485,5484,5485,5484,5483,5484,5483,5484,5483,5482,5483,5484,5483,5482,5481,5480,5481,5480,5481,5482,5481,5480,5479,5480,5481,5482,5483,5482,5483,5484,5483,5484,5483,5482,5481,5482,5481,5482,5481,5480,5479,5480,5481,5482,5483,5484,5485,5484,5483,5484,5485,5486,5485,5484,5483,5484,5485,5484,5485,5484,5483,5484,5485,5484,5483,5482,5483,5482,5483,5482,5483,5482,5481,5482,5483,5482,5483,5484,5483,5484,5485,5486,5487,5486,5485,5486,5485,5484,5483,5484,5483,5482,5483,5482,5483,5482,5483,5482,5483,5484,5483,5482,5483,5484,5485,5484,5485,5486,5487,5488,5487,5488,5487,5488,5487,5486,5487,5488,5487,5486,5487,5488,5487,5488,5487,5486,5487,z-curve
