4_240581358_240589384,-1.5,-1.5,-1.5,0.5,1.5,-1.5,-1.5,1.5,-0.5,1.5,-1.5,0.5,1.5,-1.5,-1.5,-0.5,-0.5,0.5,1.5,1.5,-1.5,-0.5,-1.5,-1.5,-1.5,0.5,-1.5,1.5,-1.5,0.5,0.5,1.5,1.5,1.5,-1.5,0.5,1.5,1.5,-0.5,1.5,-0.5,-1.5,1.5,1.5,1.5,-0.5,0.5,-1.5,0.5,1.5,1.5,1.5,-0.5,1.5,1.5,0.5,-1.5,-1.5,0.5,0.5,-1.5,1.5,-0.5,-1.5,-0.5,0.5,-1.5,1.5,-1.5,1.5,1.5,1.5,1.5,0.5,-1.5,0.5,-1.5,1.5,1.5,1.5,-1.5,-1.5,-0.5,0.5,0.5,0.5,1.5,1.5,-0.5,1.5,-0.5,1.5,1.5,1.5,-0.5,0.5,-1.5,0.5,1.5,0.5,-1.5,-1.5,1.5,0.5,-1.5,0.5,0.5,-1.5,-1.5,-1.5,-1.5,1.5,-1.5,0.5,1.5,1.5,-1.5,-0.5,-1.5,-1.5,-1.5,1.5,-0.5,-0.5,0.5,0.5,0.5,-1.5,-1.5,-0.5,-0.5,-0.5,0.5,-1.5,0.5,-1.5,1.5,1.5,1.5,0.5,0.5,0.5,1.5,1.5,1.5,0.5,-1.5,0.5,-0.5,0.5,0.5,1.5,-0.5,-1.5,0.5,-1.5,-0.5,0.5,-0.5,1.5,-0.5,-0.5,1.5,-0.5,-0.5,1.5,-1.5,-0.5,-0.5,0.5,-0.5,-0.5,0.5,-0.5,0.5,-0.5,1.5,0.5,0.5,1.5,0.5,1.5,0.5,0.5,-0.5,1.5,-1.5,-1.5,1.5,-1.5,-1.5,-1.5,1.5,-0.5,0.5,-1.5,-0.5,-1.5,-0.5,-0.5,0.5,1.5,-0.5,0.5,-1.5,0.5,-0.5,-0.5,1.5,1.5,1.5,1.5,-1.5,-0.5,-0.5,-0.5,-0.5,0.5,0.5,1.5,1.5,-1.5,1.5,-0.5,1.5,0.5,-1.5,-0.5,-0.5,0.5,1.5,0.5,-0.5,-0.5,0.5,0.5,0.5,-1.5,1.5,1.5,-0.5,-0.5,0.5,1.5,1.5,-1.5,1.5,-0.5,1.5,0.5,-1.5,0.5,-0.5,-1.5,-0.5,0.5,0.5,-1.5,1.5,-1.5,-1.5,-0.5,-0.5,0.5,0.5,-1.5,0.5,-0.5,0.5,-0.5,-0.5,0.5,-1.5,-0.5,0.5,-1.5,-0.5,0.5,-0.5,-0.5,-0.5,1.5,0.5,1.5,0.5,0.5,-0.5,0.5,0.5,1.5,-0.5,-1.5,-0.5,0.5,-0.5,-0.5,-0.5,-0.5,-1.5,-0.5,0.5,-1.5,1.5,-1.5,-0.5,-0.5,-0.5,1.5,-1.5,-1.5,-0.5,-0.5,0.5,0.5,1.5,-0.5,-0.5,-1.5,0.5,-1.5,0.5,-0.5,1.5,-0.5,0.5,0.5,-1.5,-0.5,1.5,-1.5,0.5,0.5,-0.5,-0.5,-1.5,0.5,0.5,0.5,1.5,1.5,-1.5,0.5,1.5,0.5,-1.5,1.5,-0.5,0.5,1.5,-0.5,-0.5,-0.5,-0.5,1.5,0.5,1.5,1.5,0.5,0.5,0.5,0.5,-0.5,1.5,0.5,0.5,0.5,-0.5,-0.5,-0.5,-1.5,0.5,0.5,1.5,1.5,-0.5,0.5,0.5,-1.5,-1.5,-0.5,-0.5,0.5,0.5,0.5,-0.5,-0.5,-1.5,0.5,0.5,1.5,1.5,-1.5,0.5,1.5,0.5,-0.5,-0.5,-1.5,-0.5,-0.5,-0.5,-1.5,0.5,0.5,1.5,-0.5,-0.5,-0.5,-0.5,0.5,0.5,0.5,-1.5,0.5,0.5,0.5,-0.5,-1.5,-0.5,-0.5,-0.5,-1.5,0.5,0.5,0.5,-0.5,-1.5,0.5,-1.5,1.5,-0.5,0.5,0.5,1.5,1.5,0.5,1.5,1.5,-0.5,-0.5,-0.5,-1.5,-0.5,0.5,1.5,0.5,0.5,-0.5,-1.5,-1.5,0.5,1.5,1.5,-0.5,1.5,-1.5,0.5,-0.5,1.5,-1.5,0.5,-1.5,-0.5,-1.5,-0.5,-0.5,1.5,1.5,0.5,-0.5,-0.5,1.5,-0.5,1.5,0.5,0.5,0.5,1.5,0.5,1.5,-0.5,1.5,-0.5,-0.5,-1.5,-0.5,-0.5,1.5,0.5,0.5,-0.5,-0.5,-1.5,0.5,0.5,1.5,-1.5,-1.5,0.5,-0.5,-1.5,1.5,-0.5,0.5,-1.5,1.5,0.5,0.5,1.5,-0.5,-0.5,-0.5,-1.5,1.5,-0.5,1.5,-1.5,1.5,1.5,-1.5,1.5,0.5,1.5,1.5,1.5,0.5,0.5,1.5,1.5,-0.5,0.5,0.5,-1.5,0.5,-0.5,1.5,-0.5,-0.5,1.5,-0.5,0.5,0.5,-1.5,1.5,1.5,0.5,1.5,0.5,0.5,-0.5,1.5,-0.5,1.5,-0.5,-0.5,0.5,0.5,1.5,-0.5,-0.5,-1.5,-0.5,-1.5,0.5,-0.5,0.5,0.5,-0.5,1.5,-1.5,0.5,-0.5,1.5,-0.5,1.5,-1.5,0.5,-1.5,-1.5,0.5,-0.5,1.5,0.5,1.5,1.5,0.5,-1.5,1.5,-1.5,0.5,1.5,-1.5,1.5,-1.5,-0.5,-1.5,-1.5,-0.5,-1.5,-0.5,-0.5,-0.5,1.5,-1.5,0.5,0.5,0.5,0.5,1.5,-0.5,-1.5,1.5,0.5,1.5,-1.5,-0.5,-0.5,-0.5,1.5,-1.5,0.5,0.5,-0.5,-1.5,0.5,-1.5,-0.5,1.5,-0.5,-0.5,0.5,0.5,0.5,0.5,0.5,1.5,-0.5,-0.5,0.5,0.5,1.5,-0.5,0.5,0.5,1.5,0.5,-1.5,-0.5,-0.5,-0.5,-0.5,-1.5,-0.5,-0.5,-1.5,1.5,-0.5,0.5,-0.5,-1.5,1.5,0.5,0.5,1.5,-0.5,1.5,-1.5,-0.5,-0.5,1.5,-0.5,-0.5,-0.5,-0.5,0.5,0.5,-1.5,-0.5,-1.5,-0.5,1.5,0.5,1.5,-0.5,-1.5,1.5,1.5,-1.5,-0.5,0.5,-0.5,-0.5,1.5,1.5,-0.5,-0.5,0.5,0.5,1.5,-0.5,0.5,1.5,-0.5,0.5,1.5,0.5,0.5,1.5,-0.5,0.5,-0.5,1.5,-0.5,1.5,0.5,1.5,-0.5,1.5,1.5,-0.5,-1.5,0.5,-0.5,0.5,-1.5,-1.5,1.5,1.5,-1.5,0.5,1.5,-0.5,1.5,0.5,-0.5,-0.5,0.5,0.5,0.5,-0.5,0.5,0.5,1.5,-1.5,1.5,-0.5,-0.5,1.5,0.5,-1.5,1.5,-0.5,0.5,0.5,-0.5,-1.5,0.5,1.5,-0.5,0.5,1.5,-1.5,0.5,-0.5,0.5,0.5,1.5,-1.5,1.5,1.5,0.5,0.5,0.5,-1.5,0.5,-0.5,-0.5,1.5,1.5,-0.5,-1.5,0.5,1.5,-0.5,-0.5,0.5,0.5,0.5,-1.5,1.5,-0.5,-1.5,0.5,0.5,1.5,1.5,0.5,-0.5,1.5,-1.5,0.5,1.5,1.5,-1.5,-1.5,1.5,-0.5,1.5,0.5,-1.5,0.5,1.5,-0.5,1.5,1.5,1.5,-0.5,-0.5,0.5,0.5,-1.5,1.5,-0.5,0.5,-0.5,0.5,-0.5,-0.5,-0.5,-1.5,1.5,-0.5,0.5,0.5,1.5,0.5,-0.5,-1.5,-0.5,1.5,0.5,-0.5,0.5,1.5,-0.5,0.5,-1.5,0.5,1.5,-0.5,-0.5,1.5,1.5,0.5,1.5,-0.5,-1.5,-1.5,-1.5,-1.5,0.5,1.5,1.5,-1.5,1.5,1.5,1.5,1.5,1.5,1.5,1.5,0.5,-1.5,-0.5,1.5,0.5,1.5,-0.5,0.5,0.5,-1.5,0.5,-0.5,-1.5,0.5,-1.5,-1.5,0.5,0.5,-1.5,0.5,-0.5,-1.5,-0.5,-1.5,-1.5,-0.5,-1.5,0.5,-0.5,1.5,-0.5,-0.5,1.5,-1.5,1.5,1.5,-0.5,-0.5,0.5,-0.5,0.5,-0.5,-1.5,-0.5,0.5,-0.5,-0.5,0.5,-0.5,-0.5,1.5,-0.5,1.5,-0.5,-1.5,1.5,1.5,1.5,1.5,0.5,0.5,0.5,-0.5,0.5,-1.5,0.5,0.5,1.5,-1.5,-0.5,1.5,-1.5,-1.5,0.5,1.5,-0.5,-0.5,0.5,-0.5,0.5,-0.5,0.5,0.5,-0.5,-0.5,1.5,1.5,-0.5,0.5,-1.5,1.5,-0.5,-1.5,0.5,-1.5,1.5,-0.5,1.5,-0.5,-0.5,-0.5,0.5,0.5,1.5,-0.5,-0.5,-0.5,0.5,0.5,1.5,0.5,0.5,-1.5,1.5,-0.5,1.5,1.5,-0.5,-0.5,-1.5,0.5,0.5,-1.5,0.5,0.5,-0.5,-0.5,1.5,1.5,-0.5,0.5,-1.5,-0.5,0.5,-0.5,-1.5,-1.5,-0.5,0.5,1.5,-0.5,-1.5,-0.5,-0.5,-0.5,-0.5,-0.5,0.5,-0.5,0.5,1.5,0.5,-1.5,-1.5,0.5,0.5,-1.5,0.5,-0.5,-0.5,-0.5,-0.5,0.5,-0.5,-0.5,1.5,1.5,-0.5,1.5,-1.5,0.5,-0.5,0.5,1.5,1.5,0.5,0.5,1.5,-0.5,0.5,-0.5,1.5,-0.5,-0.5,0.5,-0.5,1.5,1.5,1.5,0.5,-0.5,0.5,0.5,1.5,1.5,1.5,1.5,0.5,-0.5,-1.5,0.5,0.5,-0.5,0.5,1.5,-0.5,-0.5,1.5,1.5,1.5,1.5,-0.5,-0.5,1.5,-0.5,-1.5,-1.5,-0.5,-1.5,0.5,-0.5,-1.5,-1.5,-0.5,-0.5,-0.5,-0.5,0.5,-0.5,0.5,-0.5,1.5,-1.5,-1.5,0.5,0.5,-0.5,0.5,-0.5,-0.5,-0.5,-0.5,0.5,-1.5,-0.5,1.5,1.5,-0.5,0.5,-1.5,1.5,-0.5,0.5,1.5,0.5,0.5,1.5,1.5,-0.5,1.5,-0.5,0.5,-0.5,-0.5,0.5,-0.5,-0.5,1.5,1.5,1.5,-0.5,0.5,0.5,1.5,1.5,0.5,0.5,0.5,-0.5,-0.5,0.5,0.5,-0.5,0.5,1.5,-0.5,-0.5,1.5,1.5,-0.5,0.5,1.5,0.5,0.5,-0.5,-1.5,-1.5,-1.5,-1.5,1.5,-0.5,-1.5,-1.5,-0.5,-0.5,-0.5,-0.5,1.5,-0.5,0.5,-1.5,1.5,-1.5,-1.5,0.5,0.5,-0.5,0.5,-0.5,-0.5,-0.5,-0.5,0.5,-1.5,-0.5,1.5,1.5,-0.5,1.5,-1.5,0.5,-0.5,0.5,0.5,0.5,1.5,1.5,-0.5,1.5,-0.5,1.5,-0.5,-0.5,1.5,-0.5,-0.5,1.5,1.5,1.5,-0.5,0.5,0.5,1.5,1.5,0.5,1.5,1.5,0.5,-0.5,1.5,-0.5,0.5,1.5,1.5,0.5,-0.5,-0.5,-0.5,1.5,0.5,-1.5,-0.5,1.5,0.5,1.5,-0.5,1.5,-1.5,1.5,-0.5,-1.5,0.5,-1.5,1.5,-0.5,1.5,-0.5,-0.5,-0.5,-0.5,0.5,0.5,1.5,-0.5,-0.5,0.5,0.5,0.5,0.5,0.5,-0.5,1.5,-0.5,1.5,0.5,-1.5,1.5,-1.5,-0.5,-0.5,-0.5,1.5,-0.5,-0.5,-0.5,-1.5,-1.5,0.5,0.5,0.5,1.5,-0.5,-0.5,1.5,-0.5,0.5,-1.5,0.5,-0.5,-0.5,0.5,-0.5,-0.5,-0.5,-0.5,-0.5,-1.5,-0.5,-1.5,0.5,1.5,1.5,1.5,-0.5,0.5,0.5,0.5,-0.5,1.5,-0.5,-1.5,0.5,-0.5,0.5,1.5,1.5,1.5,-0.5,-0.5,-0.5,-0.5,0.5,-0.5,1.5,-0.5,-1.5,-0.5,1.5,-0.5,-0.5,-0.5,-0.5,-1.5,-1.5,1.5,0.5,1.5,-0.5,0.5,0.5,1.5,1.5,1.5,-1.5,-1.5,-1.5,-1.5,-1.5,-1.5,-0.5,-0.5,-0.5,-0.5,-0.5,1.5,0.5,-0.5,-1.5,1.5,0.5,1.5,0.5,0.5,0.5,-0.5,-0.5,-0.5,0.5,-1.5,-0.5,1.5,-1.5,-0.5,0.5,0.5,-1.5,1.5,-0.5,0.5,0.5,1.5,1.5,-0.5,0.5,1.5,0.5,0.5,1.5,0.5,1.5,1.5,-0.5,0.5,0.5,1.5,1.5,0.5,-1.5,1.5,0.5,-0.5,0.5,-0.5,0.5,0.5,0.5,1.5,1.5,0.5,0.5,-0.5,0.5,0.5,1.5,1.5,0.5,0.5,-0.5,-0.5,-0.5,0.5,0.5,1.5,0.5,0.5,-1.5,-0.5,-1.5,1.5,-0.5,-0.5,-0.5,-0.5,1.5,-0.5,0.5,-0.5,1.5,0.5,-0.5,-0.5,1.5,-0.5,1.5,1.5,0.5,1.5,1.5,1.5,-0.5,-0.5,1.5,-0.5,-0.5,-0.5,-1.5,1.5,0.5,0.5,-1.5,0.5,-1.5,1.5,0.5,-1.5,-0.5,-0.5,-0.5,0.5,1.5,-0.5,1.5,0.5,0.5,0.5,0.5,1.5,0.5,0.5,-0.5,-0.5,0.5,-0.5,-1.5,1.5,0.5,1.5,0.5,-1.5,0.5,0.5,-0.5,0.5,0.5,-1.5,-0.5,-1.5,-0.5,-1.5,-0.5,0.5,1.5,0.5,-0.5,0.5,-1.5,0.5,1.5,0.5,-0.5,1.5,-0.5,-0.5,1.5,-0.5,-0.5,0.5,-0.5,0.5,1.5,-0.5,0.5,0.5,-0.5,-1.5,1.5,0.5,1.5,1.5,-0.5,1.5,0.5,1.5,1.5,0.5,1.5,1.5,0.5,1.5,1.5,-0.5,0.5,1.5,-0.5,0.5,1.5,-0.5,1.5,1.5,-1.5,-0.5,-1.5,-0.5,-0.5,-1.5,-0.5,0.5,-0.5,0.5,-1.5,-1.5,0.5,0.5,0.5,0.5,-0.5,1.5,-0.5,-0.5,-0.5,-0.5,-0.5,1.5,1.5,-0.5,-0.5,0.5,-0.5,0.5,1.5,-1.5,1.5,1.5,0.5,0.5,-1.5,0.5,0.5,-1.5,1.5,0.5,-0.5,0.5,1.5,0.5,-0.5,-0.5,0.5,1.5,1.5,1.5,-1.5,-1.5,-0.5,-0.5,-1.5,1.5,1.5,1.5,1.5,0.5,-1.5,1.5,0.5,-1.5,1.5,-0.5,0.5,-1.5,-0.5,0.5,0.5,0.5,-0.5,-1.5,0.5,1.5,-1.5,0.5,-1.5,-1.5,1.5,0.5,1.5,0.5,0.5,1.5,-0.5,0.5,0.5,-1.5,-0.5,1.5,-0.5,-0.5,1.5,0.5,-1.5,1.5,0.5,1.5,-1.5,-1.5,-1.5,-0.5,-0.5,-0.5,-1.5,1.5,-0.5,-1.5,0.5,0.5,-1.5,0.5,0.5,-1.5,-1.5,0.5,0.5,1.5,1.5,-0.5,1.5,-0.5,-0.5,1.5,-0.5,-0.5,-1.5,-0.5,-1.5,-0.5,-1.5,-1.5,-0.5,0.5,-0.5,-1.5,-0.5,0.5,0.5,-1.5,-0.5,-0.5,0.5,1.5,-0.5,0.5,-0.5,-0.5,0.5,0.5,1.5,0.5,0.5,0.5,0.5,0.5,1.5,-0.5,0.5,0.5,0.5,1.5,0.5,-1.5,-0.5,0.5,1.5,1.5,0.5,-1.5,-1.5,-0.5,-0.5,-1.5,1.5,-0.5,1.5,1.5,0.5,-1.5,1.5,0.5,-1.5,1.5,0.5,0.5,-0.5,0.5,-0.5,0.5,1.5,-0.5,-0.5,-0.5,-0.5,-1.5,-0.5,-0.5,-1.5,-0.5,-0.5,-0.5,1.5,-0.5,-1.5,-0.5,0.5,0.5,-0.5,-1.5,-0.5,1.5,1.5,-0.5,-0.5,-0.5,-0.5,0.5,0.5,0.5,0.5,-0.5,0.5,0.5,1.5,1.5,0.5,0.5,-0.5,0.5,-1.5,1.5,-0.5,-0.5,-0.5,0.5,1.5,-0.5,-0.5,0.5,-0.5,-0.5,0.5,0.5,0.5,-0.5,0.5,1.5,1.5,0.5,1.5,1.5,0.5,0.5,1.5,0.5,0.5,-1.5,-1.5,0.5,-1.5,1.5,1.5,0.5,1.5,-1.5,-0.5,-0.5,-0.5,-1.5,-0.5,-1.5,-1.5,-0.5,-0.5,-0.5,0.5,-0.5,1.5,1.5,0.5,-0.5,0.5,0.5,-1.5,-0.5,0.5,0.5,1.5,1.5,-0.5,0.5,-0.5,-1.5,-1.5,-0.5,-0.5,-1.5,-0.5,-0.5,0.5,-0.5,-1.5,-1.5,0.5,1.5,1.5,0.5,-0.5,-1.5,-0.5,1.5,-1.5,0.5,-1.5,1.5,-0.5,-0.5,-0.5,-0.5,0.5,0.5,-0.5,-1.5,1.5,0.5,-0.5,-1.5,0.5,1.5,-0.5,0.5,-1.5,-0.5,-0.5,0.5,-0.5,0.5,0.5,-0.5,0.5,0.5,-1.5,-0.5,0.5,0.5,-1.5,0.5,0.5,-0.5,0.5,-0.5,1.5,-0.5,0.5,0.5,0.5,-0.5,-0.5,1.5,-0.5,0.5,0.5,1.5,1.5,-0.5,-0.5,0.5,1.5,1.5,-0.5,-0.5,-0.5,1.5,-0.5,-0.5,0.5,1.5,1.5,0.5,-0.5,-0.5,0.5,-0.5,0.5,0.5,-0.5,0.5,0.5,1.5,0.5,0.5,-0.5,-1.5,0.5,-0.5,0.5,1.5,-0.5,0.5,0.5,1.5,0.5,0.5,1.5,-0.5,0.5,1.5,-0.5,0.5,1.5,1.5,-0.5,-0.5,1.5,0.5,-0.5,-0.5,-0.5,-0.5,0.5,-0.5,1.5,-0.5,-0.5,0.5,1.5,-0.5,0.5,0.5,0.5,-0.5,1.5,0.5,0.5,-1.5,0.5,0.5,-1.5,0.5,-1.5,0.5,-0.5,-0.5,-0.5,0.5,-0.5,-1.5,0.5,-0.5,-0.5,1.5,0.5,-0.5,0.5,-0.5,0.5,0.5,-0.5,1.5,-0.5,0.5,-0.5,0.5,-1.5,-0.5,-0.5,1.5,0.5,0.5,-0.5,0.5,0.5,-1.5,0.5,-1.5,1.5,0.5,0.5,-1.5,0.5,-0.5,-0.5,0.5,1.5,1.5,0.5,1.5,0.5,0.5,0.5,-1.5,0.5,-0.5,-0.5,0.5,-1.5,0.5,0.5,-0.5,-0.5,0.5,0.5,-0.5,0.5,-1.5,0.5,0.5,-0.5,-1.5,-1.5,-0.5,-0.5,-0.5,1.5,0.5,-1.5,1.5,-1.5,0.5,-1.5,-1.5,-0.5,-1.5,0.5,-0.5,1.5,0.5,-0.5,1.5,-1.5,0.5,-0.5,0.5,1.5,-1.5,0.5,-0.5,-0.5,-0.5,-0.5,-0.5,0.5,-0.5,-0.5,0.5,-1.5,-0.5,0.5,0.5,-0.5,0.5,-0.5,1.5,1.5,0.5,1.5,1.5,-0.5,-0.5,-1.5,1.5,-0.5,-0.5,1.5,0.5,1.5,1.5,-0.5,1.5,0.5,0.5,1.5,0.5,-1.5,0.5,1.5,0.5,0.5,-0.5,0.5,-1.5,-0.5,-0.5,-1.5,-0.5,-0.5,-1.5,0.5,-0.5,-0.5,-0.5,-1.5,-0.5,0.5,-0.5,-1.5,-0.5,-0.5,-1.5,0.5,0.5,1.5,0.5,1.5,1.5,0.5,-0.5,0.5,-0.5,1.5,-0.5,1.5,-0.5,0.5,1.5,-0.5,0.5,-1.5,-0.5,0.5,-1.5,-0.5,0.5,0.5,-0.5,0.5,0.5,-1.5,0.5,0.5,0.5,-1.5,0.5,0.5,-0.5,-0.5,1.5,-0.5,0.5,-1.5,-0.5,-1.5,-0.5,-0.5,1.5,-0.5,-0.5,0.5,0.5,-0.5,0.5,1.5,-1.5,1.5,0.5,-0.5,1.5,0.5,-0.5,-1.5,1.5,-0.5,0.5,1.5,-0.5,-1.5,-0.5,-0.5,1.5,-0.5,-0.5,1.5,0.5,-0.5,0.5,0.5,-0.5,0.5,0.5,-0.5,0.5,1.5,-0.5,-0.5,1.5,-0.5,-1.5,-0.5,-0.5,0.5,1.5,-0.5,0.5,1.5,0.5,-0.5,1.5,1.5,-0.5,1.5,-1.5,-0.5,-1.5,-0.5,-0.5,1.5,-0.5,-0.5,1.5,1.5,-0.5,0.5,0.5,1.5,0.5,0.5,-0.5,0.5,1.5,-0.5,-0.5,0.5,-0.5,-1.5,-0.5,-1.5,0.5,1.5,-0.5,1.5,0.5,-1.5,-0.5,1.5,-0.5,0.5,0.5,-1.5,0.5,0.5,1.5,-1.5,0.5,0.5,-1.5,0.5,0.5,-0.5,-1.5,-0.5,0.5,0.5,1.5,0.5,0.5,-1.5,-1.5,0.5,1.5,0.5,1.5,1.5,1.5,-0.5,-0.5,0.5,1.5,1.5,1.5,-1.5,-1.5,1.5,-0.5,-0.5,0.5,0.5,1.5,0.5,-0.5,1.5,1.5,-0.5,1.5,0.5,-1.5,0.5,0.5,0.5,0.5,1.5,0.5,-0.5,1.5,-1.5,-0.5,-0.5,-1.5,-1.5,-0.5,-1.5,0.5,-0.5,-0.5,-0.5,-0.5,-0.5,0.5,-0.5,-1.5,-0.5,-0.5,-1.5,0.5,0.5,1.5,1.5,1.5,1.5,0.5,-0.5,0.5,-1.5,-1.5,1.5,-0.5,-0.5,0.5,-1.5,0.5,-1.5,0.5,-0.5,1.5,-0.5,0.5,1.5,-0.5,-1.5,-0.5,-0.5,1.5,-0.5,-1.5,1.5,0.5,-0.5,0.5,0.5,-1.5,0.5,1.5,-0.5,0.5,1.5,-0.5,-0.5,0.5,-0.5,-1.5,-0.5,0.5,0.5,-0.5,1.5,0.5,-0.5,-0.5,1.5,-0.5,0.5,-1.5,-0.5,-1.5,-0.5,-0.5,1.5,-0.5,-0.5,0.5,0.5,-0.5,0.5,0.5,-0.5,0.5,0.5,-0.5,1.5,0.5,-0.5,-0.5,1.5,-0.5,0.5,1.5,-0.5,-1.5,-0.5,-0.5,1.5,-0.5,-0.5,1.5,0.5,-0.5,0.5,0.5,1.5,0.5,0.5,-0.5,0.5,1.5,-0.5,-0.5,0.5,-0.5,-1.5,-0.5,0.5,0.5,-0.5,0.5,1.5,0.5,-0.5,-0.5,-1.5,-0.5,0.5,1.5,-1.5,-0.5,0.5,1.5,-1.5,1.5,0.5,0.5,1.5,-0.5,0.5,-0.5,-0.5,0.5,0.5,0.5,1.5,-1.5,1.5,1.5,-0.5,-0.5,1.5,-0.5,1.5,-0.5,-0.5,-1.5,-0.5,-0.5,1.5,-1.5,-0.5,1.5,1.5,0.5,-1.5,1.5,-1.5,0.5,0.5,1.5,-0.5,1.5,-1.5,-0.5,-1.5,-0.5,1.5,-1.5,-0.5,-1.5,-0.5,-1.5,1.5,-0.5,-0.5,-1.5,-0.5,0.5,1.5,1.5,-0.5,-0.5,-0.5,0.5,1.5,0.5,0.5,-0.5,0.5,1.5,1.5,-0.5,-0.5,-1.5,-1.5,-1.5,0.5,-1.5,-0.5,-1.5,1.5,-0.5,1.5,-1.5,-1.5,1.5,-1.5,0.5,1.5,1.5,1.5,0.5,-0.5,0.5,1.5,1.5,1.5,1.5,1.5,-0.5,1.5,-1.5,-1.5,-0.5,-0.5,1.5,-1.5,0.5,1.5,0.5,-1.5,-1.5,-0.5,-1.5,-0.5,1.5,-1.5,0.5,1.5,-1.5,1.5,1.5,1.5,-1.5,-1.5,1.5,-1.5,-1.5,-0.5,0.5,-1.5,-0.5,1.5,-1.5,1.5,1.5,-1.5,-0.5,0.5,-0.5,0.5,1.5,1.5,-1.5,1.5,0.5,1.5,-1.5,1.5,1.5,1.5,1.5,0.5,-1.5,-1.5,0.5,1.5,1.5,-0.5,1.5,1.5,1.5,0.5,1.5,-0.5,0.5,1.5,-0.5,1.5,-0.5,1.5,-0.5,0.5,-0.5,-1.5,1.5,-0.5,1.5,1.5,-0.5,1.5,1.5,-0.5,-1.5,0.5,1.5,0.5,0.5,1.5,1.5,0.5,0.5,1.5,-0.5,-0.5,1.5,-1.5,0.5,1.5,1.5,-0.5,-0.5,0.5,0.5,-0.5,0.5,0.5,0.5,-0.5,0.5,0.5,1.5,-0.5,-0.5,-1.5,-1.5,1.5,-0.5,0.5,-1.5,-0.5,-0.5,0.5,1.5,1.5,-0.5,-1.5,1.5,-0.5,1.5,-0.5,1.5,1.5,-0.5,-1.5,-0.5,-0.5,1.5,1.5,-0.5,-0.5,-1.5,1.5,-1.5,0.5,0.5,-1.5,-0.5,-0.5,-0.5,1.5,-1.5,1.5,0.5,1.5,-0.5,-1.5,-1.5,-1.5,-1.5,-1.5,-0.5,-0.5,1.5,1.5,-0.5,1.5,0.5,-1.5,-1.5,1.5,-1.5,-1.5,1.5,1.5,0.5,1.5,0.5,-0.5,-0.5,-0.5,-1.5,-0.5,-0.5,0.5,-0.5,-1.5,0.5,0.5,1.5,0.5,-0.5,0.5,0.5,-0.5,-0.5,-0.5,-1.5,1.5,0.5,1.5,-1.5,-0.5,-1.5,1.5,0.5,1.5,-0.5,1.5,-1.5,0.5,-1.5,0.5,-1.5,-0.5,0.5,1.5,1.5,0.5,-1.5,-0.5,1.5,1.5,-1.5,-1.5,-0.5,-0.5,-1.5,-0.5,0.5,-0.5,1.5,1.5,-1.5,-0.5,1.5,-1.5,-0.5,1.5,-1.5,0.5,-1.5,0.5,0.5,0.5,-1.5,1.5,-1.5,-0.5,-0.5,-0.5,1.5,1.5,0.5,0.5,0.5,1.5,-0.5,1.5,0.5,1.5,-0.5,-1.5,1.5,-1.5,1.5,1.5,-1.5,-0.5,0.5,0.5,-1.5,1.5,0.5,0.5,1.5,1.5,1.5,-0.5,-0.5,1.5,-1.5,0.5,-1.5,1.5,-0.5,0.5,1.5,0.5,-0.5,-0.5,-0.5,-1.5,0.5,1.5,0.5,-0.5,0.5,-1.5,-0.5,-0.5,1.5,1.5,1.5,0.5,-1.5,-0.5,0.5,0.5,0.5,-0.5,-0.5,-0.5,1.5,-0.5,-0.5,0.5,0.5,-1.5,-1.5,-0.5,1.5,1.5,-0.5,0.5,-0.5,1.5,-0.5,1.5,0.5,0.5,-0.5,-0.5,-1.5,0.5,0.5,0.5,0.5,0.5,1.5,1.5,-0.5,-0.5,-0.5,1.5,0.5,-0.5,0.5,-0.5,-0.5,1.5,1.5,0.5,1.5,-1.5,-0.5,-1.5,1.5,-1.5,0.5,1.5,-1.5,-0.5,-0.5,-1.5,0.5,-1.5,0.5,1.5,1.5,-0.5,1.5,0.5,-0.5,0.5,-1.5,-0.5,-0.5,-0.5,1.5,-0.5,-0.5,1.5,-0.5,-0.5,-1.5,-0.5,0.5,-0.5,1.5,-0.5,0.5,-1.5,-0.5,-0.5,0.5,0.5,0.5,-1.5,0.5,-0.5,-0.5,1.5,-1.5,0.5,-0.5,-0.5,-0.5,-1.5,0.5,0.5,-1.5,-0.5,-0.5,0.5,1.5,-0.5,-1.5,-0.5,0.5,-0.5,-0.5,0.5,1.5,-1.5,0.5,-1.5,1.5,-1.5,-0.5,-0.5,0.5,1.5,0.5,0.5,-0.5,-0.5,-1.5,0.5,0.5,-1.5,0.5,0.5,0.5,0.5,-1.5,-0.5,-0.5,-1.5,-0.5,-1.5,0.5,1.5,-1.5,-1.5,1.5,-0.5,1.5,0.5,0.5,-1.5,1.5,1.5,0.5,1.5,0.5,1.5,-1.5,-0.5,1.5,0.5,0.5,0.5,-0.5,-0.5,-1.5,0.5,0.5,0.5,-0.5,1.5,-0.5,-0.5,1.5,1.5,-1.5,1.5,0.5,-0.5,-0.5,-1.5,0.5,-0.5,0.5,-1.5,1.5,-1.5,-0.5,-0.5,-1.5,0.5,1.5,1.5,-1.5,1.5,-1.5,-0.5,0.5,0.5,0.5,0.5,-1.5,-1.5,-1.5,1.5,-1.5,0.5,1.5,-1.5,-0.5,-0.5,1.5,-1.5,0.5,0.5,0.5,-0.5,1.5,0.5,-1.5,0.5,-1.5,-0.5,-1.5,-0.5,1.5,-0.5,-0.5,1.5,-0.5,-0.5,-1.5,-0.5,1.5,-0.5,1.5,-0.5,1.5,-1.5,-0.5,-0.5,0.5,1.5,1.5,1.5,1.5,1.5,-0.5,-0.5,1.5,-1.5,1.5,-0.5,-0.5,-1.5,-1.5,0.5,0.5,-1.5,-0.5,-0.5,0.5,1.5,-1.5,-1.5,-0.5,0.5,-0.5,-1.5,0.5,0.5,-1.5,0.5,-1.5,1.5,-1.5,-0.5,-0.5,0.5,1.5,0.5,-1.5,-0.5,-0.5,-1.5,0.5,0.5,-1.5,0.5,0.5,0.5,0.5,-1.5,1.5,-0.5,-0.5,-1.5,-1.5,0.5,-0.5,-0.5,-0.5,-0.5,1.5,0.5,0.5,0.5,-0.5,1.5,1.5,0.5,1.5,0.5,1.5,-1.5,-0.5,-1.5,-0.5,0.5,0.5,-0.5,-0.5,0.5,1.5,0.5,0.5,0.5,-0.5,-0.5,-0.5,0.5,1.5,-1.5,1.5,0.5,-0.5,-0.5,-1.5,0.5,0.5,1.5,0.5,0.5,0.5,-1.5,-1.5,0.5,1.5,1.5,1.5,0.5,-0.5,1.5,-1.5,-1.5,-1.5,-0.5,-0.5,-0.5,-0.5,-0.5,0.5,1.5,0.5,1.5,-1.5,1.5,-1.5,0.5,1.5,-0.5,0.5,-0.5,-1.5,-0.5,0.5,0.5,1.5,-1.5,-0.5,0.5,1.5,-0.5,0.5,1.5,0.5,-1.5,-1.5,1.5,1.5,1.5,-0.5,-0.5,-1.5,1.5,-0.5,1.5,0.5,-0.5,1.5,0.5,-1.5,1.5,-0.5,-0.5,0.5,-1.5,-0.5,-0.5,-1.5,0.5,-1.5,-0.5,-1.5,1.5,-0.5,-0.5,-1.5,-1.5,1.5,0.5,0.5,-0.5,1.5,-1.5,1.5,-0.5,-0.5,-0.5,1.5,-0.5,-0.5,-0.5,1.5,1.5,-1.5,-0.5,-1.5,1.5,-1.5,-1.5,-1.5,-1.5,-1.5,-0.5,1.5,-1.5,1.5,1.5,-1.5,1.5,0.5,1.5,-0.5,-1.5,-1.5,-1.5,-0.5,-1.5,0.5,1.5,-0.5,0.5,-1.5,-1.5,-0.5,-0.5,1.5,-1.5,-1.5,-0.5,-1.5,0.5,0.5,-1.5,1.5,-0.5,-0.5,-1.5,-0.5,0.5,-1.5,-1.5,0.5,-1.5,-1.5,-0.5,-1.5,1.5,-0.5,-0.5,-1.5,-1.5,0.5,1.5,-1.5,1.5,0.5,-1.5,1.5,-1.5,-0.5,-0.5,-0.5,-0.5,0.5,-1.5,0.5,-1.5,-1.5,0.5,1.5,-0.5,-1.5,-0.5,-0.5,-0.5,-0.5,-0.5,1.5,-1.5,-0.5,1.5,1.5,1.5,1.5,1.5,0.5,1.5,1.5,1.5,-1.5,1.5,-1.5,-1.5,0.5,1.5,0.5,-0.5,1.5,0.5,-0.5,1.5,-0.5,0.5,-1.5,1.5,-0.5,-0.5,-0.5,1.5,-0.5,0.5,-1.5,-0.5,-1.5,0.5,0.5,-1.5,-1.5,1.5,-1.5,-0.5,-0.5,0.5,0.5,-0.5,-0.5,-0.5,0.5,1.5,1.5,-1.5,1.5,-0.5,-0.5,-0.5,-0.5,-1.5,0.5,-1.5,-0.5,-1.5,0.5,0.5,0.5,0.5,-1.5,0.5,0.5,-0.5,-0.5,-1.5,1.5,1.5,-0.5,-0.5,0.5,-1.5,1.5,-1.5,0.5,-1.5,0.5,-0.5,1.5,-1.5,1.5,-0.5,0.5,-0.5,1.5,1.5,-1.5,0.5,1.5,1.5,-1.5,-0.5,1.5,1.5,-1.5,0.5,-1.5,-1.5,-1.5,-1.5,-0.5,-0.5,-0.5,-1.5,-1.5,-1.5,0.5,-1.5,-0.5,-1.5,1.5,1.5,0.5,-0.5,-1.5,0.5,0.5,0.5,0.5,1.5,0.5,-1.5,-0.5,-1.5,0.5,1.5,1.5,-0.5,0.5,0.5,0.5,1.5,-1.5,1.5,-0.5,-0.5,-1.5,1.5,-1.5,-0.5,-1.5,-1.5,0.5,1.5,1.5,-1.5,0.5,-1.5,-0.5,-1.5,-0.5,-1.5,1.5,-0.5,1.5,1.5,1.5,1.5,-0.5,-0.5,0.5,-1.5,1.5,0.5,-1.5,-0.5,-0.5,-0.5,1.5,-1.5,-1.5,-0.5,-0.5,0.5,-1.5,0.5,1.5,0.5,0.5,1.5,1.5,0.5,-1.5,-0.5,1.5,0.5,-0.5,1.5,-1.5,-0.5,0.5,1.5,-1.5,-0.5,-1.5,1.5,-0.5,-0.5,1.5,1.5,-1.5,0.5,0.5,0.5,1.5,0.5,-0.5,-0.5,-0.5,1.5,0.5,-0.5,-0.5,1.5,-0.5,0.5,-1.5,1.5,1.5,0.5,0.5,0.5,-0.5,1.5,1.5,-1.5,0.5,0.5,1.5,1.5,-0.5,-1.5,-1.5,-0.5,-0.5,-0.5,1.5,0.5,0.5,1.5,1.5,0.5,0.5,0.5,-1.5,-0.5,0.5,1.5,-0.5,-0.5,-0.5,-0.5,-1.5,-0.5,-1.5,-0.5,1.5,1.5,-0.5,0.5,-1.5,-0.5,-1.5,-0.5,0.5,0.5,0.5,1.5,1.5,0.5,1.5,1.5,-0.5,-0.5,1.5,1.5,1.5,-0.5,-0.5,1.5,-1.5,0.5,1.5,1.5,-0.5,0.5,0.5,-0.5,1.5,-1.5,-0.5,-0.5,-0.5,0.5,1.5,-1.5,-0.5,-0.5,1.5,0.5,0.5,0.5,-0.5,-1.5,0.5,0.5,0.5,1.5,-1.5,-0.5,-0.5,1.5,0.5,0.5,0.5,0.5,-1.5,1.5,0.5,1.5,-0.5,0.5,-1.5,1.5,1.5,1.5,-0.5,-1.5,0.5,-1.5,0.5,-0.5,-0.5,-0.5,-1.5,-0.5,0.5,0.5,0.5,1.5,0.5,-0.5,1.5,0.5,1.5,1.5,1.5,-0.5,-0.5,0.5,1.5,-0.5,1.5,-0.5,-0.5,1.5,0.5,-1.5,1.5,1.5,0.5,0.5,1.5,-0.5,0.5,-1.5,1.5,-0.5,1.5,-1.5,0.5,0.5,1.5,-0.5,1.5,1.5,-0.5,-0.5,-1.5,-1.5,-1.5,1.5,0.5,1.5,-0.5,-0.5,-0.5,0.5,0.5,0.5,-1.5,1.5,-0.5,-0.5,-0.5,-0.5,-1.5,-0.5,1.5,0.5,0.5,-1.5,-0.5,-1.5,-1.5,-0.5,-0.5,-0.5,1.5,1.5,1.5,0.5,0.5,-0.5,-1.5,-0.5,-0.5,-0.5,-1.5,-1.5,-0.5,-0.5,0.5,-1.5,-0.5,-0.5,0.5,1.5,1.5,0.5,-1.5,-0.5,0.5,0.5,0.5,0.5,-0.5,1.5,-1.5,-0.5,-1.5,0.5,0.5,-0.5,-0.5,-0.5,-0.5,-1.5,-0.5,0.5,-1.5,1.5,-0.5,-0.5,-0.5,-0.5,1.5,0.5,1.5,0.5,0.5,0.5,1.5,-0.5,-0.5,-0.5,-0.5,1.5,0.5,0.5,-0.5,1.5,0.5,1.5,-1.5,-0.5,1.5,1.5,-0.5,1.5,0.5,1.5,0.5,0.5,-1.5,0.5,0.5,-1.5,-0.5,-1.5,-0.5,1.5,-1.5,-0.5,-0.5,-1.5,-0.5,0.5,0.5,1.5,0.5,0.5,-0.5,-0.5,1.5,-0.5,-1.5,-1.5,-1.5,-1.5,0.5,-1.5,1.5,0.5,1.5,1.5,1.5,0.5,-1.5,-0.5,-0.5,1.5,0.5,0.5,0.5,0.5,0.5,1.5,0.5,-0.5,-0.5,-0.5,1.5,-0.5,-1.5,0.5,1.5,-0.5,-0.5,1.5,-1.5,0.5,0.5,0.5,-0.5,-1.5,-0.5,-0.5,1.5,0.5,0.5,0.5,-0.5,1.5,1.5,0.5,-1.5,-0.5,0.5,1.5,-0.5,1.5,-0.5,-0.5,0.5,0.5,-1.5,0.5,0.5,1.5,0.5,-0.5,0.5,0.5,-0.5,0.5,0.5,-0.5,1.5,0.5,0.5,-1.5,0.5,0.5,1.5,1.5,1.5,1.5,0.5,1.5,1.5,1.5,-0.5,0.5,1.5,-1.5,-0.5,-0.5,1.5,0.5,0.5,-0.5,0.5,-0.5,-1.5,0.5,-0.5,-1.5,-0.5,-0.5,1.5,-0.5,-0.5,-0.5,-0.5,-1.5,-0.5,0.5,1.5,-0.5,1.5,0.5,1.5,1.5,1.5,-0.5,-0.5,-1.5,-1.5,-0.5,-1.5,0.5,1.5,-0.5,0.5,1.5,0.5,-0.5,0.5,-0.5,0.5,0.5,-0.5,0.5,1.5,0.5,-1.5,0.5,1.5,-0.5,-1.5,0.5,-0.5,0.5,-0.5,1.5,1.5,1.5,0.5,-0.5,0.5,-0.5,-1.5,-0.5,-0.5,1.5,0.5,-1.5,-1.5,1.5,-0.5,-1.5,1.5,0.5,1.5,0.5,-0.5,0.5,-0.5,-1.5,0.5,-1.5,0.5,1.5,0.5,1.5,-1.5,0.5,-0.5,-0.5,0.5,-0.5,1.5,1.5,-0.5,1.5,-0.5,-0.5,0.5,-0.5,-1.5,0.5,0.5,-0.5,1.5,1.5,-0.5,-0.5,-0.5,-0.5,1.5,-0.5,0.5,-1.5,0.5,-1.5,-0.5,-0.5,-0.5,0.5,-1.5,1.5,-0.5,-1.5,-0.5,0.5,0.5,-0.5,0.5,1.5,-0.5,1.5,1.5,-1.5,0.5,0.5,0.5,0.5,1.5,0.5,1.5,-0.5,0.5,-0.5,-0.5,0.5,0.5,-0.5,1.5,-0.5,-0.5,-1.5,0.5,-0.5,1.5,1.5,1.5,-0.5,1.5,1.5,-0.5,0.5,-0.5,-1.5,1.5,1.5,-0.5,0.5,0.5,0.5,1.5,-0.5,-0.5,0.5,0.5,0.5,1.5,0.5,-0.5,-0.5,1.5,0.5,-0.5,1.5,-0.5,-0.5,0.5,1.5,-0.5,0.5,-0.5,-1.5,0.5,-1.5,-1.5,0.5,0.5,-1.5,-0.5,-1.5,-0.5,0.5,-0.5,-0.5,1.5,-0.5,-0.5,-1.5,0.5,0.5,-0.5,0.5,-0.5,-0.5,0.5,1.5,1.5,0.5,1.5,-0.5,0.5,1.5,-1.5,-0.5,1.5,0.5,-1.5,0.5,-1.5,-0.5,1.5,0.5,0.5,1.5,1.5,0.5,1.5,1.5,0.5,1.5,1.5,1.5,1.5,1.5,0.5,1.5,1.5,0.5,1.5,1.5,1.5,0.5,1.5,-0.5,1.5,0.5,0.5,1.5,-0.5,-0.5,-0.5,-0.5,-0.5,-1.5,0.5,-0.5,-0.5,0.5,-1.5,0.5,0.5,0.5,-1.5,-1.5,-0.5,0.5,0.5,-1.5,0.5,0.5,0.5,-1.5,-1.5,0.5,1.5,-0.5,-0.5,-0.5,0.5,-1.5,-0.5,0.5,1.5,0.5,1.5,-0.5,-0.5,1.5,1.5,1.5,-0.5,-1.5,-0.5,-0.5,-0.5,-0.5,0.5,0.5,-0.5,-1.5,-0.5,1.5,-0.5,0.5,0.5,-1.5,1.5,-0.5,0.5,-1.5,0.5,-0.5,-0.5,0.5,0.5,0.5,1.5,0.5,-0.5,-0.5,0.5,-0.5,-0.5,0.5,0.5,0.5,1.5,-0.5,-0.5,0.5,-0.5,0.5,-1.5,0.5,1.5,1.5,-1.5,1.5,0.5,-0.5,-0.5,0.5,0.5,-1.5,-0.5,-1.5,-0.5,0.5,-0.5,-1.5,-1.5,-0.5,-1.5,-0.5,1.5,-0.5,1.5,-0.5,-0.5,-0.5,-0.5,-1.5,1.5,-1.5,-0.5,1.5,1.5,1.5,0.5,0.5,-1.5,0.5,-0.5,1.5,0.5,-1.5,1.5,-0.5,1.5,-0.5,1.5,-0.5,-0.5,0.5,0.5,-1.5,-1.5,0.5,1.5,1.5,0.5,1.5,0.5,0.5,-1.5,-0.5,0.5,-1.5,1.5,1.5,1.5,1.5,0.5,1.5,0.5,-1.5,1.5,0.5,-1.5,0.5,-0.5,1.5,-1.5,0.5,1.5,0.5,0.5,0.5,1.5,-0.5,1.5,0.5,-0.5,-0.5,-1.5,-1.5,-0.5,-0.5,0.5,0.5,-0.5,1.5,-0.5,-1.5,1.5,-0.5,-1.5,1.5,-0.5,-0.5,-1.5,-1.5,-0.5,0.5,-1.5,1.5,0.5,-1.5,-0.5,-1.5,-1.5,-1.5,1.5,-0.5,0.5,-0.5,-1.5,-0.5,-0.5,1.5,-1.5,1.5,-0.5,-0.5,1.5,-1.5,0.5,0.5,1.5,0.5,-1.5,0.5,-1.5,0.5,0.5,1.5,1.5,-0.5,-0.5,1.5,-0.5,-1.5,-1.5,-0.5,1.5,-0.5,-0.5,-0.5,-1.5,-0.5,-1.5,1.5,-0.5,-1.5,-1.5,0.5,1.5,1.5,0.5,0.5,-0.5,-0.5,-1.5,-0.5,-1.5,-0.5,1.5,0.5,1.5,0.5,0.5,0.5,0.5,-0.5,-0.5,-0.5,0.5,1.5,0.5,0.5,1.5,-0.5,0.5,0.5,1.5,0.5,-1.5,0.5,0.5,-0.5,0.5,-1.5,1.5,-0.5,-1.5,-1.5,-0.5,-0.5,1.5,-0.5,-0.5,-0.5,0.5,0.5,1.5,0.5,0.5,-1.5,0.5,-1.5,0.5,0.5,-0.5,1.5,-0.5,0.5,1.5,-0.5,0.5,1.5,-0.5,-0.5,1.5,-1.5,-1.5,-0.5,0.5,-1.5,0.5,1.5,-0.5,-0.5,0.5,-0.5,-1.5,-1.5,-0.5,1.5,1.5,0.5,-0.5,0.5,-1.5,-1.5,0.5,-0.5,-1.5,-1.5,0.5,0.5,-0.5,0.5,-1.5,0.5,-0.5,0.5,-1.5,-0.5,-1.5,-0.5,1.5,1.5,0.5,1.5,1.5,0.5,0.5,0.5,-1.5,-0.5,-0.5,-1.5,-0.5,1.5,-1.5,-0.5,-1.5,0.5,1.5,-0.5,-1.5,1.5,0.5,0.5,1.5,-0.5,-0.5,-0.5,-0.5,1.5,-0.5,-1.5,-0.5,-0.5,1.5,1.5,0.5,-1.5,1.5,-0.5,-1.5,-0.5,0.5,0.5,-1.5,-0.5,-0.5,1.5,0.5,0.5,-0.5,-0.5,-0.5,0.5,-1.5,-0.5,-0.5,1.5,0.5,0.5,-1.5,-0.5,-1.5,0.5,-1.5,-1.5,-0.5,-0.5,0.5,-1.5,-1.5,0.5,-1.5,1.5,-0.5,-1.5,-1.5,-1.5,-1.5,1.5,-1.5,0.5,-1.5,1.5,0.5,-0.5,0.5,0.5,-1.5,1.5,0.5,-1.5,0.5,-1.5,-0.5,0.5,-0.5,-0.5,1.5,-0.5,1.5,1.5,1.5,0.5,0.5,-1.5,0.5,0.5,1.5,-0.5,0.5,1.5,-0.5,1.5,0.5,-0.5,1.5,-0.5,-1.5,1.5,-0.5,-0.5,0.5,-0.5,-0.5,1.5,-0.5,-1.5,0.5,-0.5,1.5,-1.5,0.5,-1.5,0.5,0.5,1.5,-0.5,0.5,-1.5,-1.5,-0.5,-1.5,-1.5,0.5,1.5,0.5,0.5,-0.5,-1.5,0.5,-0.5,-0.5,-0.5,1.5,1.5,-1.5,-0.5,-1.5,0.5,-0.5,-1.5,1.5,0.5,0.5,-0.5,1.5,1.5,-0.5,1.5,-1.5,0.5,1.5,1.5,1.5,1.5,0.5,0.5,-0.5,-0.5,0.5,-1.5,-0.5,-0.5,1.5,-0.5,1.5,-0.5,-0.5,1.5,0.5,-0.5,-0.5,-1.5,-1.5,0.5,1.5,1.5,-1.5,-0.5,-0.5,1.5,-0.5,-0.5,0.5,0.5,-1.5,1.5,-0.5,-1.5,1.5,-0.5,0.5,0.5,-0.5,0.5,-0.5,0.5,-0.5,-0.5,-1.5,-0.5,-1.5,1.5,-0.5,-1.5,1.5,0.5,0.5,-0.5,0.5,-0.5,-1.5,-0.5,-0.5,-0.5,0.5,-0.5,-0.5,0.5,-0.5,0.5,-1.5,-0.5,0.5,0.5,0.5,-1.5,0.5,-0.5,0.5,0.5,-1.5,-0.5,0.5,0.5,-1.5,-1.5,-0.5,-0.5,-0.5,-0.5,-1.5,0.5,-1.5,0.5,0.5,0.5,-1.5,1.5,1.5,1.5,-0.5,-0.5,-0.5,-1.5,0.5,0.5,-0.5,-0.5,-0.5,1.5,-0.5,0.5,0.5,0.5,-1.5,1.5,1.5,-0.5,-0.5,1.5,-0.5,1.5,0.5,1.5,-0.5,0.5,-0.5,-0.5,0.5,-0.5,0.5,1.5,-1.5,0.5,0.5,-0.5,0.5,0.5,-0.5,0.5,-0.5,-1.5,-1.5,-0.5,1.5,0.5,0.5,0.5,-0.5,-1.5,1.5,0.5,-0.5,-1.5,-0.5,-0.5,1.5,1.5,-0.5,0.5,-0.5,-0.5,0.5,0.5,0.5,1.5,0.5,-0.5,-1.5,1.5,-0.5,1.5,1.5,1.5,1.5,-0.5,-0.5,0.5,-0.5,-1.5,0.5,-0.5,0.5,1.5,0.5,-0.5,0.5,-1.5,1.5,-0.5,0.5,0.5,0.5,1.5,1.5,1.5,0.5,0.5,-1.5,-1.5,-1.5,-0.5,-1.5,-0.5,-1.5,1.5,0.5,0.5,-0.5,-0.5,-0.5,0.5,-0.5,1.5,0.5,1.5,1.5,0.5,1.5,0.5,0.5,1.5,-0.5,0.5,-0.5,0.5,-0.5,1.5,0.5,1.5,-0.5,0.5,-0.5,-0.5,1.5,1.5,-0.5,-1.5,-0.5,1.5,1.5,0.5,-1.5,-1.5,0.5,0.5,0.5,-1.5,-0.5,-1.5,-0.5,-0.5,1.5,0.5,-0.5,1.5,1.5,-0.5,-0.5,1.5,0.5,1.5,-0.5,1.5,-0.5,0.5,-0.5,0.5,0.5,0.5,0.5,1.5,1.5,-1.5,0.5,1.5,-0.5,-1.5,-0.5,-0.5,-0.5,1.5,-0.5,-1.5,-0.5,0.5,-0.5,0.5,-1.5,0.5,-1.5,-0.5,-1.5,0.5,-0.5,0.5,0.5,-0.5,-1.5,0.5,-0.5,0.5,0.5,1.5,0.5,-1.5,1.5,-0.5,1.5,1.5,-0.5,-0.5,0.5,-0.5,0.5,0.5,-0.5,-0.5,-0.5,-1.5,1.5,-0.5,-1.5,0.5,0.5,-0.5,1.5,-0.5,-1.5,0.5,0.5,1.5,0.5,-0.5,-1.5,0.5,0.5,1.5,-0.5,-0.5,1.5,0.5,-1.5,-1.5,-0.5,-0.5,1.5,-1.5,-0.5,-1.5,-1.5,1.5,-0.5,1.5,-0.5,0.5,0.5,-1.5,1.5,-0.5,0.5,1.5,-0.5,-1.5,-0.5,0.5,-1.5,-1.5,1.5,0.5,-0.5,-0.5,1.5,0.5,-0.5,-1.5,1.5,-0.5,1.5,0.5,-1.5,1.5,0.5,0.5,0.5,-0.5,0.5,0.5,-1.5,0.5,1.5,-1.5,0.5,1.5,1.5,0.5,-1.5,1.5,-0.5,-0.5,0.5,0.5,0.5,0.5,1.5,-0.5,-0.5,1.5,-0.5,-1.5,-0.5,-0.5,0.5,0.5,-0.5,1.5,-0.5,-0.5,-1.5,-0.5,0.5,1.5,1.5,-0.5,-0.5,-1.5,-0.5,-0.5,-0.5,1.5,-0.5,-1.5,0.5,-0.5,0.5,-1.5,-1.5,0.5,-1.5,-1.5,0.5,1.5,0.5,1.5,0.5,1.5,-0.5,-0.5,0.5,1.5,-1.5,0.5,0.5,-0.5,-1.5,0.5,-1.5,-1.5,1.5,-0.5,0.5,0.5,0.5,0.5,0.5,-0.5,-0.5,-1.5,-0.5,1.5,0.5,-0.5,0.5,0.5,0.5,1.5,0.5,-0.5,-1.5,0.5,-0.5,-0.5,-1.5,-0.5,1.5,0.5,0.5,-1.5,-0.5,-0.5,-1.5,1.5,-0.5,1.5,0.5,1.5,-0.5,1.5,-0.5,0.5,-1.5,-0.5,1.5,0.5,-0.5,1.5,-1.5,1.5,-0.5,0.5,1.5,-0.5,0.5,0.5,-0.5,1.5,-0.5,1.5,-0.5,-0.5,0.5,-1.5,1.5,-0.5,0.5,-1.5,0.5,-1.5,-0.5,1.5,-1.5,-0.5,0.5,-1.5,-0.5,0.5,-0.5,0.5,0.5,0.5,-0.5,-1.5,0.5,-1.5,0.5,-1.5,-0.5,-0.5,-0.5,0.5,-0.5,-0.5,1.5,1.5,-0.5,-0.5,-0.5,-1.5,-1.5,0.5,0.5,-1.5,-0.5,1.5,-0.5,-0.5,0.5,-0.5,1.5,-0.5,-0.5,-1.5,-1.5,-0.5,-1.5,-1.5,-1.5,0.5,-1.5,-1.5,0.5,1.5,1.5,0.5,1.5,1.5,0.5,0.5,1.5,0.5,0.5,-1.5,0.5,1.5,-1.5,-0.5,-0.5,-1.5,-1.5,-0.5,1.5,0.5,0.5,-0.5,1.5,0.5,-0.5,-1.5,1.5,-0.5,1.5,0.5,1.5,0.5,-0.5,-0.5,0.5,-0.5,0.5,-0.5,-0.5,1.5,-0.5,0.5,1.5,0.5,-1.5,-1.5,0.5,-0.5,-1.5,1.5,1.5,1.5,-0.5,0.5,-1.5,0.5,0.5,-1.5,1.5,0.5,-1.5,1.5,-0.5,0.5,1.5,-0.5,-1.5,-0.5,0.5,-0.5,-1.5,-0.5,-0.5,-1.5,-1.5,-1.5,0.5,-1.5,-1.5,-0.5,0.5,-1.5,-1.5,-1.5,-1.5,-1.5,0.5,0.5,1.5,-1.5,-1.5,1.5,-0.5,0.5,0.5,1.5,-1.5,-0.5,0.5,0.5,0.5,0.5,0.5,1.5,-1.5,1.5,0.5,1.5,-0.5,-0.5,0.5,-0.5,0.5,-0.5,0.5,0.5,-1.5,-1.5,-1.5,1.5,-0.5,1.5,0.5,-0.5,-0.5,-1.5,-0.5,-1.5,-0.5,-0.5,-1.5,-1.5,-1.5,1.5,0.5,1.5,0.5,0.5,-0.5,-0.5,0.5,0.5,-0.5,-0.5,-0.5,1.5,-0.5,-0.5,0.5,-0.5,-0.5,1.5,-0.5,1.5,-0.5,0.5,-1.5,0.5,0.5,0.5,-1.5,0.5,0.5,0.5,1.5,-1.5,-1.5,-1.5,1.5,0.5,0.5,1.5,-1.5,-1.5,-0.5,-1.5,1.5,-0.5,-1.5,-0.5,-0.5,-1.5,-0.5,-0.5,-0.5,-0.5,0.5,0.5,1.5,-1.5,-1.5,-0.5,0.5,-0.5,1.5,1.5,1.5,1.5,1.5,0.5,1.5,1.5,-0.5,1.5,1.5,-1.5,-0.5,1.5,1.5,-0.5,-0.5,-1.5,-1.5,-1.5,1.5,-0.5,-0.5,-0.5,-1.5,-1.5,-0.5,-1.5,-1.5,0.5,-1.5,0.5,-1.5,-1.5,-0.5,-1.5,-1.5,0.5,-1.5,0.5,-1.5,0.5,-1.5,-1.5,-0.5,-0.5,-1.5,1.5,1.5,1.5,-1.5,-0.5,-1.5,-0.5,1.5,-0.5,-0.5,1.5,1.5,0.5,-1.5,-0.5,-0.5,0.5,0.5,-0.5,0.5,0.5,-0.5,-0.5,-1.5,-0.5,0.5,-0.5,1.5,-1.5,-1.5,0.5,-1.5,0.5,0.5,0.5,1.5,-1.5,0.5,1.5,0.5,0.5,-1.5,0.5,1.5,-0.5,1.5,-0.5,1.5,-0.5,-1.5,1.5,-0.5,1.5,-1.5,1.5,1.5,-0.5,0.5,1.5,1.5,-0.5,-1.5,-0.5,0.5,-0.5,0.5,1.5,1.5,-0.5,1.5,-1.5,1.5,-0.5,-1.5,-1.5,0.5,1.5,1.5,-0.5,1.5,-0.5,-1.5,-0.5,1.5,-0.5,1.5,0.5,1.5,-0.5,-0.5,-0.5,1.5,-0.5,-1.5,-0.5,0.5,0.5,1.5,-1.5,-1.5,-0.5,-1.5,1.5,1.5,-0.5,-0.5,-1.5,1.5,-0.5,0.5,0.5,1.5,1.5,-0.5,1.5,-1.5,-1.5,0.5,-1.5,1.5,0.5,-0.5,0.5,-1.5,1.5,1.5,0.5,0.5,1.5,0.5,0.5,0.5,0.5,1.5,1.5,1.5,1.5,-1.5,1.5,-1.5,-0.5,0.5,1.5,-1.5,-1.5,-1.5,-0.5,-0.5,-0.5,-0.5,-0.5,-0.5,0.5,-1.5,1.5,-0.5,1.5,-1.5,0.5,-1.5,-1.5,-1.5,-0.5,-0.5,0.5,-1.5,0.5,1.5,-0.5,-0.5,-0.5,0.5,0.5,0.5,0.5,-0.5,-1.5,0.5,-1.5,1.5,-0.5,1.5,-0.5,-0.5,-0.5,0.5,0.5,0.5,-1.5,-0.5,-0.5,-0.5,-1.5,0.5,-1.5,1.5,-1.5,-1.5,1.5,-0.5,-1.5,-1.5,1.5,-1.5,1.5,-1.5,-0.5,0.5,-1.5,0.5,1.5,1.5,-1.5,-1.5,-1.5,-0.5,0.5,1.5,-1.5,0.5,-1.5,-1.5,-1.5,1.5,-0.5,1.5,1.5,0.5,-1.5,0.5,1.5,-1.5,0.5,1.5,-0.5,-0.5,-1.5,-0.5,0.5,-1.5,-0.5,1.5,0.5,1.5,1.5,0.5,-1.5,1.5,-0.5,1.5,-0.5,1.5,0.5,0.5,1.5,-0.5,-1.5,0.5,-1.5,1.5,0.5,0.5,-0.5,-1.5,-0.5,-1.5,1.5,0.5,1.5,-0.5,0.5,0.5,1.5,0.5,1.5,0.5,0.5,1.5,0.5,-0.5,-0.5,0.5,-0.5,1.5,-0.5,0.5,1.5,-0.5,-0.5,-0.5,-0.5,-1.5,-1.5,-0.5,0.5,1.5,1.5,0.5,1.5,1.5,-0.5,1.5,-1.5,-0.5,-1.5,-1.5,-0.5,-0.5,-0.5,-1.5,1.5,-0.5,-1.5,1.5,-0.5,-1.5,-0.5,0.5,0.5,0.5,-1.5,-0.5,1.5,-0.5,0.5,-0.5,0.5,0.5,-0.5,0.5,-1.5,0.5,-0.5,-0.5,0.5,-1.5,0.5,-0.5,-0.5,-0.5,1.5,-0.5,1.5,-1.5,0.5,1.5,-0.5,1.5,1.5,1.5,-0.5,1.5,1.5,-1.5,-1.5,0.5,-1.5,-0.5,-1.5,0.5,1.5,-0.5,-0.5,-1.5,0.5,-1.5,-0.5,-0.5,0.5,-0.5,0.5,-0.5,0.5,0.5,-0.5,1.5,0.5,1.5,-0.5,0.5,1.5,-0.5,-0.5,-1.5,1.5,-0.5,-1.5,0.5,0.5,0.5,1.5,-0.5,-1.5,0.5,-0.5,0.5,0.5,-0.5,0.5,1.5,1.5,-0.5,0.5,0.5,-1.5,-0.5,0.5,-0.5,-0.5,-1.5,1.5,1.5,-0.5,-0.5,-1.5,0.5,-1.5,-0.5,-0.5,-1.5,0.5,-1.5,0.5,-1.5,1.5,1.5,-1.5,-1.5,-1.5,1.5,-0.5,0.5,1.5,-0.5,-1.5,-0.5,-1.5,-0.5,-0.5,-0.5,0.5,-1.5,0.5,-0.5,1.5,0.5,-1.5,0.5,0.5,1.5,-0.5,-1.5,0.5,-1.5,-0.5,0.5,-0.5,1.5,-0.5,-0.5,1.5,-0.5,-0.5,1.5,-1.5,-0.5,-0.5,0.5,-0.5,-0.5,0.5,-0.5,0.5,-0.5,1.5,0.5,0.5,1.5,0.5,1.5,0.5,0.5,-0.5,1.5,-1.5,-1.5,1.5,-1.5,-1.5,-1.5,1.5,-0.5,0.5,-1.5,-0.5,-1.5,-0.5,-0.5,0.5,1.5,-0.5,0.5,-0.5,0.5,-0.5,-0.5,1.5,1.5,1.5,1.5,-1.5,-0.5,-0.5,-0.5,-0.5,0.5,0.5,1.5,1.5,-1.5,0.5,-0.5,1.5,0.5,-1.5,-0.5,-0.5,0.5,1.5,0.5,-0.5,-0.5,0.5,0.5,0.5,-0.5,1.5,1.5,-0.5,-0.5,0.5,1.5,1.5,-1.5,1.5,-0.5,1.5,0.5,-1.5,0.5,-0.5,-0.5,-0.5,0.5,0.5,-1.5,1.5,-1.5,-1.5,-0.5,-0.5,0.5,0.5,-1.5,0.5,-0.5,0.5,-0.5,-0.5,0.5,-1.5,-0.5,0.5,-1.5,-0.5,0.5,-0.5,-0.5,-0.5,1.5,0.5,1.5,0.5,0.5,-0.5,0.5,0.5,1.5,-0.5,-1.5,-0.5,0.5,-0.5,-0.5,-0.5,-0.5,-1.5,-0.5,0.5,-1.5,1.5,-1.5,-0.5,-0.5,-0.5,1.5,-1.5,-1.5,-0.5,-1.5,0.5,0.5,1.5,-0.5,-0.5,-1.5,0.5,-1.5,0.5,-0.5,1.5,-0.5,0.5,0.5,-1.5,-0.5,1.5,-1.5,0.5,0.5,-0.5,-0.5,-1.5,0.5,0.5,0.5,1.5,1.5,-1.5,0.5,1.5,0.5,-1.5,1.5,-0.5,0.5,1.5,-0.5,-0.5,-1.5,-0.5,1.5,0.5,1.5,1.5,0.5,0.5,0.5,0.5,-1.5,1.5,0.5,0.5,0.5,-0.5,-0.5,-0.5,-1.5,0.5,0.5,1.5,1.5,-0.5,0.5,0.5,-1.5,-1.5,-0.5,-0.5,0.5,0.5,0.5,-0.5,-0.5,-1.5,0.5,0.5,1.5,1.5,-1.5,0.5,1.5,0.5,-1.5,-0.5,-1.5,-0.5,-0.5,-0.5,-1.5,0.5,0.5,1.5,-1.5,-0.5,-0.5,-0.5,0.5,1.5,0.5,-1.5,0.5,0.5,0.5,-0.5,-1.5,-0.5,-0.5,-0.5,-1.5,0.5,0.5,0.5,-0.5,-0.5,0.5,-1.5,1.5,-0.5,0.5,0.5,1.5,1.5,0.5,1.5,1.5,-0.5,-0.5,-0.5,-1.5,-0.5,0.5,1.5,0.5,0.5,-0.5,-0.5,-1.5,0.5,1.5,1.5,-0.5,1.5,-1.5,0.5,-0.5,1.5,-1.5,0.5,-1.5,-0.5,-1.5,-0.5,-0.5,1.5,0.5,0.5,-0.5,-0.5,-1.5,0.5,0.5,0.5,-1.5,-1.5,0.5,-0.5,-1.5,1.5,-0.5,0.5,-1.5,1.5,0.5,0.5,1.5,-1.5,-0.5,-0.5,-1.5,1.5,-0.5,1.5,-1.5,1.5,1.5,-1.5,1.5,0.5,1.5,1.5,1.5,0.5,0.5,0.5,1.5,-0.5,0.5,0.5,-1.5,0.5,-0.5,1.5,-0.5,-0.5,1.5,-0.5,0.5,0.5,-0.5,1.5,1.5,0.5,1.5,0.5,0.5,-0.5,1.5,1.5,1.5,-0.5,1.5,0.5,0.5,1.5,-1.5,-0.5,-1.5,-0.5,-1.5,0.5,-1.5,0.5,0.5,-0.5,1.5,-1.5,1.5,-0.5,1.5,-0.5,1.5,-1.5,0.5,-1.5,-1.5,0.5,0.5,1.5,0.5,1.5,1.5,0.5,-1.5,1.5,-1.5,0.5,1.5,-1.5,1.5,-1.5,-0.5,-1.5,-1.5,-0.5,-1.5,-0.5,-0.5,-0.5,1.5,-1.5,0.5,0.5,0.5,0.5,1.5,-0.5,0.5,1.5,0.5,1.5,-1.5,-0.5,-0.5,-0.5,1.5,-1.5,0.5,0.5,-0.5,-1.5,0.5,-1.5,-0.5,0.5,1.5,-1.5,0.5,0.5,1.5,1.5,-1.5,-0.5,-1.5,0.5,-1.5,1.5,1.5,1.5,-0.5,0.5,-1.5,-1.5,1.5,0.5,0.5,-1.5,-1.5,-1.5,-0.5,-0.5,-0.5,-1.5,1.5,-1.5,1.5,-0.5,-1.5,1.5,-1.5,0.5,-1.5,1.5,-1.5,1.5,1.5,1.5,-1.5,0.5,0.5,-1.5,-1.5,1.5,1.5,1.5,1.5,-1.5,-0.5,-1.5,1.5,-0.5,-1.5,0.5,-0.5,1.5,1.5,-0.5,-0.5,-1.5,-0.5,1.5,-1.5,-0.5,0.5,-1.5,1.5,-1.5,1.5,-1.5,0.5,-1.5,-1.5,-0.5,-1.5,-0.5,-1.5,-1.5,-1.5,0.5,1.5,0.5,-1.5,1.5,1.5,0.5,1.5,0.5,1.5,1.5,-1.5,1.5,-0.5,-1.5,-1.5,-1.5,1.5,-0.5,1.5,-1.5,1.5,-1.5,-1.5,-1.5,-1.5,-0.5,-1.5,-1.5,-1.5,0.5,-1.5,1.5,1.5,1.5,-1.5,1.5,1.5,-0.5,-0.5,-1.5,-0.5,0.5,-1.5,-1.5,-1.5,-0.5,-1.5,-1.5,1.5,0.5,1.5,1.5,1.5,-0.5,-1.5,1.5,-0.5,0.5,0.5,0.5,-1.5,1.5,0.5,-1.5,-1.5,-1.5,-1.5,1.5,1.5,1.5,-0.5,0.5,-1.5,-0.5,1.5,-0.5,-0.5,-1.5,-1.5,-0.5,0.5,-0.5,-1.5,1.5,1.5,-0.5,1.5,0.5,1.5,1.5,1.5,-0.5,0.5,0.5,0.5,-0.5,-1.5,-1.5,-0.5,-1.5,1.5,1.5,0.5,0.5,1.5,1.5,1.5,0.5,1.5,-1.5,-1.5,1.5,1.5,1.5,-0.5,-1.5,-0.5,-1.5,0.5,1.5,-1.5,0.5,-1.5,0.5,-1.5,0.5,-1.5,1.5,-1.5,-1.5,1.5,-1.5,-0.5,-1.5,0.5,1.5,1.5,-0.5,-1.5,-1.5,-1.5,-1.5,1.5,-0.5,-1.5,-1.5,-0.5,1.5,1.5,-1.5,-0.5,1.5,0.5,1.5,0.5,-1.5,-1.5,-1.5,-0.5,-1.5,1.5,1.5,-1.5,-1.5,-1.5,-1.5,1.5,1.5,-1.5,1.5,-1.5,-0.5,-1.5,1.5,0.5,-1.5,1.5,1.5,0.5,1.5,0.5,0.5,0.5,0.5,0.5,1.5,-1.5,-1.5,-1.5,1.5,-0.5,1.5,-0.5,1.5,-0.5,0.5,-1.5,1.5,-1.5,0.5,-1.5,-1.5,-0.5,1.5,-0.5,-1.5,1.5,-0.5,-1.5,-1.5,1.5,-1.5,0.5,1.5,1.5,-0.5,1.5,1.5,1.5,-1.5,-0.5,0.5,1.5,1.5,-1.5,1.5,-0.5,0.5,-1.5,0.5,1.5,1.5,-0.5,-0.5,-1.5,0.5,1.5,1.5,-0.5,1.5,-0.5,-1.5,-0.5,-0.5,0.5,0.5,-1.5,-0.5,-0.5,-0.5,-0.5,-1.5,1.5,1.5,-1.5,-1.5,-0.5,1.5,1.5,0.5,1.5,-1.5,0.5,-1.5,-1.5,1.5,1.5,1.5,-0.5,-1.5,-1.5,0.5,0.5,1.5,1.5,-0.5,-0.5,1.5,-1.5,0.5,-1.5,-1.5,-1.5,1.5,-1.5,-1.5,-0.5,-1.5,1.5,-1.5,1.5,-0.5,-1.5,-1.5,-1.5,-1.5,-1.5,-0.5,1.5,-0.5,-1.5,-1.5,-1.5,1.5,1.5,-0.5,1.5,-1.5,0.5,0.5,-1.5,-1.5,1.5,1.5,-0.5,-1.5,-1.5,-0.5,-0.5,-1.5,-1.5,1.5,1.5,-1.5,0.5,1.5,0.5,-1.5,1.5,-1.5,-1.5,1.5,-0.5,-1.5,-1.5,-1.5,-1.5,-0.5,1.5,1.5,-1.5,1.5,-1.5,0.5,1.5,-1.5,-1.5,1.5,-1.5,-0.5,-1.5,0.5,-1.5,1.5,-0.5,-1.5,1.5,-1.5,1.5,-0.5,0.5,-1.5,-1.5,1.5,-1.5,1.5,1.5,1.5,1.5,-1.5,-1.5,-0.5,0.5,0.5,-1.5,-1.5,-0.5,-1.5,1.5,1.5,0.5,1.5,1.5,-0.5,-1.5,-0.5,-1.5,-1.5,-0.5,1.5,1.5,-1.5,-0.5,0.5,-1.5,0.5,-1.5,1.5,1.5,1.5,-0.5,-0.5,0.5,1.5,0.5,-1.5,1.5,-1.5,0.5,0.5,1.5,1.5,-1.5,0.5,1.5,-1.5,-1.5,-0.5,-1.5,1.5,-0.5,-0.5,1.5,1.5,1.5,-1.5,-1.5,-0.5,-1.5,0.5,1.5,-1.5,-1.5,0.5,1.5,1.5,-1.5,1.5,-1.5,-1.5,0.5,-1.5,1.5,0.5,-1.5,0.5,0.5,-1.5,0.5,-1.5,-1.5,-0.5,-1.5,-0.5,-0.5,1.5,-0.5,1.5,1.5,-1.5,-1.5,1.5,0.5,-1.5,-1.5,-1.5,1.5,-1.5,1.5,0.5,1.5,-1.5,-0.5,-1.5,-0.5,-1.5,1.5,1.5,0.5,1.5,1.5,1.5,-1.5,-1.5,1.5,1.5,-0.5,1.5,0.5,-1.5,0.5,-1.5,0.5,-1.5,-1.5,0.5,0.5,-1.5,1.5,1.5,0.5,-1.5,-1.5,1.5,1.5,1.5,-0.5,-1.5,0.5,0.5,1.5,-1.5,-1.5,-1.5,0.5,-1.5,1.5,1.5,0.5,1.5,-1.5,-0.5,-0.5,-1.5,1.5,1.5,-1.5,-0.5,-0.5,0.5,-1.5,0.5,1.5,-0.5,-0.5,0.5,-1.5,0.5,-1.5,1.5,-1.5,-1.5,0.5,-1.5,0.5,-1.5,1.5,0.5,-1.5,0.5,1.5,-0.5,-1.5,0.5,0.5,-1.5,0.5,1.5,0.5,1.5,1.5,1.5,1.5,1.5,-0.5,-0.5,0.5,-1.5,-1.5,1.5,1.5,-0.5,1.5,-0.5,0.5,1.5,1.5,-1.5,0.5,0.5,-1.5,1.5,-1.5,-1.5,1.5,-1.5,1.5,-0.5,1.5,1.5,1.5,1.5,-0.5,-1.5,0.5,-1.5,-1.5,0.5,-1.5,-1.5,-1.5,1.5,1.5,-1.5,0.5,1.5,1.5,-0.5,-0.5,0.5,0.5,0.5,1.5,1.5,-0.5,-1.5,-0.5,1.5,0.5,-1.5,1.5,-1.5,-1.5,-1.5,-1.5,-1.5,0.5,-1.5,1.5,-1.5,0.5,-1.5,-1.5,-1.5,1.5,1.5,0.5,1.5,-0.5,1.5,-0.5,-0.5,-1.5,0.5,-1.5,-1.5,1.5,1.5,1.5,1.5,1.5,-1.5,-0.5,0.5,-1.5,0.5,-1.5,-0.5,1.5,-0.5,-0.5,0.5,1.5,1.5,0.5,1.5,-1.5,-1.5,0.5,1.5,0.5,1.5,-1.5,-1.5,1.5,0.5,1.5,1.5,-1.5,0.5,-1.5,1.5,1.5,1.5,0.5,1.5,-0.5,1.5,0.5,0.5,-1.5,1.5,1.5,1.5,1.5,-0.5,-1.5,1.5,0.5,1.5,0.5,0.5,-1.5,0.5,0.5,0.5,1.5,-0.5,1.5,1.5,0.5,0.5,1.5,0.5,-1.5,0.5,-1.5,0.5,1.5,-1.5,1.5,-1.5,0.5,1.5,0.5,1.5,-1.5,1.5,-0.5,-1.5,1.5,-1.5,-0.5,0.5,-0.5,1.5,-1.5,1.5,0.5,1.5,-0.5,-1.5,-0.5,1.5,0.5,1.5,1.5,1.5,0.5,-1.5,-1.5,0.5,-1.5,-0.5,-1.5,-1.5,0.5,1.5,-1.5,-1.5,-0.5,0.5,-1.5,1.5,-1.5,-1.5,-0.5,-1.5,0.5,0.5,-1.5,-1.5,0.5,-1.5,1.5,-0.5,-1.5,-1.5,-1.5,1.5,-0.5,-1.5,-1.5,-0.5,-0.5,-1.5,1.5,-1.5,0.5,1.5,0.5,-1.5,-1.5,-1.5,1.5,0.5,0.5,1.5,0.5,1.5,1.5,0.5,0.5,-1.5,0.5,-1.5,-1.5,-1.5,1.5,1.5,-1.5,0.5,1.5,-0.5,-1.5,-1.5,-1.5,-1.5,0.5,-1.5,-0.5,-1.5,1.5,-0.5,1.5,-1.5,1.5,0.5,1.5,1.5,0.5,-1.5,0.5,0.5,-1.5,1.5,0.5,-1.5,-0.5,-1.5,-0.5,1.5,0.5,1.5,-0.5,-1.5,-1.5,1.5,-0.5,1.5,-0.5,-0.5,-1.5,1.5,1.5,-0.5,1.5,0.5,1.5,-1.5,-0.5,0.5,0.5,1.5,1.5,1.5,0.5,-1.5,-1.5,0.5,-1.5,0.5,1.5,1.5,-0.5,1.5,-0.5,1.5,0.5,1.5,1.5,0.5,-1.5,1.5,0.5,-1.5,1.5,0.5,-1.5,0.5,-0.5,-0.5,0.5,0.5,1.5,0.5,0.5,1.5,-1.5,-1.5,1.5,-0.5,1.5,1.5,-1.5,1.5,-1.5,1.5,-0.5,0.5,-1.5,1.5,0.5,-1.5,1.5,1.5,-0.5,-1.5,-0.5,-0.5,0.5,1.5,1.5,1.5,0.5,-1.5,-0.5,1.5,-1.5,0.5,1.5,-0.5,1.5,-0.5,0.5,0.5,1.5,0.5,1.5,-1.5,-0.5,1.5,1.5,1.5,1.5,1.5,1.5,1.5,-0.5,1.5,-1.5,-1.5,-0.5,1.5,0.5,1.5,1.5,1.5,0.5,0.5,1.5,1.5,0.5,-1.5,-1.5,0.5,-1.5,-0.5,-0.5,-0.5,0.5,-1.5,0.5,0.5,0.5,-1.5,-1.5,0.5,1.5,-0.5,-0.5,0.5,1.5,-1.5,1.5,1.5,-1.5,-0.5,-1.5,-1.5,-1.5,1.5,-0.5,1.5,0.5,-1.5,-0.5,1.5,1.5,1.5,-0.5,-1.5,-0.5,0.5,1.5,-1.5,-0.5,-0.5,1.5,0.5,-1.5,1.5,1.5,1.5,-0.5,1.5,1.5,-1.5,-1.5,1.5,1.5,-0.5,1.5,-1.5,0.5,-1.5,1.5,1.5,0.5,1.5,-1.5,-0.5,1.5,0.5,-1.5,-1.5,0.5,0.5,0.5,1.5,1.5,1.5,0.5,0.5,1.5,1.5,0.5,1.5,1.5,0.5,-1.5,1.5,-0.5,1.5,1.5,-1.5,-0.5,1.5,-1.5,1.5,0.5,-1.5,-1.5,-1.5,0.5,-1.5,0.5,1.5,-0.5,-0.5,-1.5,-1.5,-0.5,1.5,1.5,1.5,0.5,1.5,0.5,1.5,0.5,1.5,-1.5,-1.5,1.5,0.5,1.5,1.5,1.5,1.5,1.5,-0.5,-0.5,-0.5,1.5,-1.5,-0.5,-1.5,-1.5,0.5,0.5,1.5,0.5,1.5,-1.5,1.5,0.5,1.5,1.5,-1.5,0.5,1.5,-1.5,-0.5,-0.5,-0.5,0.5,1.5,-1.5,-0.5,1.5,1.5,-1.5,-0.5,1.5,1.5,1.5,-1.5,-0.5,-0.5,1.5,-1.5,-1.5,1.5,-0.5,-0.5,1.5,-0.5,-0.5,-0.5,0.5,0.5,-1.5,-0.5,1.5,-0.5,1.5,1.5,-0.5,-0.5,0.5,0.5,-1.5,0.5,0.5,-1.5,0.5,-1.5,1.5,0.5,-1.5,1.5,0.5,1.5,-0.5,1.5,0.5,-1.5,0.5,-1.5,0.5,0.5,0.5,-0.5,-0.5,1.5,1.5,1.5,1.5,-1.5,-0.5,-1.5,-1.5,-0.5,-0.5,1.5,-1.5,-1.5,-1.5,0.5,0.5,-0.5,-1.5,-1.5,1.5,-0.5,0.5,-0.5,-1.5,-1.5,0.5,0.5,-1.5,1.5,-0.5,1.5,-1.5,0.5,-0.5,1.5,-0.5,0.5,0.5,-1.5,-0.5,-0.5,-1.5,1.5,0.5,-1.5,-1.5,-1.5,-1.5,-1.5,1.5,1.5,0.5,-1.5,0.5,-0.5,1.5,-1.5,0.5,-1.5,0.5,-1.5,-1.5,0.5,-0.5,-1.5,1.5,1.5,-1.5,0.5,-1.5,1.5,-1.5,-1.5,1.5,1.5,-0.5,-0.5,-1.5,0.5,-1.5,1.5,0.5,-1.5,1.5,0.5,-1.5,0.5,-1.5,0.5,-1.5,-1.5,1.5,1.5,-0.5,1.5,0.5,-1.5,-1.5,-1.5,1.5,-1.5,-1.5,1.5,-1.5,-0.5,0.5,-0.5,-0.5,-1.5,-1.5,-1.5,1.5,-1.5,-1.5,-0.5,1.5,-1.5,1.5,-1.5,-1.5,0.5,1.5,1.5,1.5,-1.5,1.5,1.5,-1.5,0.5,-1.5,1.5,0.5,-1.5,1.5,-0.5,-1.5,1.5,-0.5,0.5,0.5,0.5,-1.5,-1.5,-0.5,-1.5,0.5,-1.5,1.5,0.5,0.5,-1.5,1.5,-1.5,1.5,-1.5,-0.5,1.5,0.5,-1.5,1.5,1.5,-1.5,-1.5,0.5,1.5,1.5,-1.5,-1.5,-1.5,0.5,-1.5,1.5,-1.5,-1.5,-1.5,1.5,0.5,-1.5,-1.5,-1.5,-0.5,1.5,-0.5,0.5,-0.5,1.5,-1.5,-1.5,0.5,-0.5,-1.5,-1.5,-1.5,0.5,-0.5,0.5,-1.5,-0.5,1.5,-1.5,-1.5,-0.5,-1.5,-1.5,-1.5,-1.5,-0.5,-0.5,0.5,0.5,1.5,1.5,0.5,-1.5,1.5,-1.5,-0.5,-0.5,0.5,-1.5,-0.5,0.5,0.5,real
