1_104343867_104347101,1.0,0.5,0.3333333333333333,0.5,0.2,0.5,0.2857142857142857,0.25,0.2222222222222222,0.3,0.2727272727272727,0.3333333333333333,0.3076923076923077,0.35714285714285715,0.26666666666666666,0.3125,0.35294117647058826,0.3333333333333333,0.3684210526315789,0.4,0.42857142857142855,0.45454545454545453,0.13043478260869565,0.4583333333333333,0.16,0.46153846153846156,0.25925925925925924,0.17857142857142858,0.20689655172413793,0.26666666666666666,0.2903225806451613,0.3125,0.3333333333333333,0.35294117647058826,0.2,0.1388888888888889,0.35135135135135137,0.21052631578947367,0.3333333333333333,0.35,0.21951219512195122,0.23809523809523808,0.2558139534883721,0.13636363636363635,0.15555555555555556,0.2608695652173913,0.3191489361702128,0.2708333333333333,0.2857142857142857,0.28,0.29411764705882354,0.3076923076923077,0.1509433962264151,0.2962962962962963,0.3090909090909091,0.26785714285714285,0.2807017543859649,0.3103448275862069,0.288135593220339,0.3,0.3114754098360656,0.27419354838709675,0.2857142857142857,0.296875,0.13846153846153847,0.30303030303030304,0.31343283582089554,0.14705882352941177,0.2898550724637681,0.3,0.30985915492957744,0.1527777777777778,0.3150684931506849,0.32432432432432434,0.3333333333333333,0.2894736842105263,0.15584415584415584,0.16666666666666666,0.2911392405063291,0.175,0.18518518518518517,0.2926829268292683,0.3132530120481928,0.19047619047619047,0.2235294117647059,0.313953488372093,0.28735632183908044,0.22727272727272727,0.19101123595505617,0.2,0.23076923076923078,0.20652173913043478,0.3010752688172043,0.30851063829787234,0.3157894736842105,0.22916666666666666,0.26804123711340205,0.3163265306122449,0.32323232323232326,0.27,0.22772277227722773,0.19607843137254902,0.27184466019417475,0.23076923076923078,0.3142857142857143,0.27358490566037735,0.3177570093457944,0.32407407407407407,0.27522935779816515,0.19090909090909092,0.32432432432432434,0.2767857142857143,0.19469026548672566,0.2807017543859649,0.21739130434782608,0.19827586206896552,0.3162393162393162,0.3220338983050847,0.2773109243697479,0.2833333333333333,0.2892561983471074,0.319672131147541,0.3252032520325203,0.2903225806451613,0.328,0.19047619047619047,0.1968503937007874,0.328125,0.2868217054263566,0.33076923076923076,0.1984732824427481,0.2878787878787879,0.20300751879699247,0.19402985074626866,0.32592592592592595,0.20588235294117646,0.19708029197080293,0.2826086956521739,0.2014388489208633,0.32142857142857145,0.3262411347517731,0.33098591549295775,0.3356643356643357,0.3402777777777778,0.3448275862068966,0.19863013698630136,0.3469387755102041,0.19594594594594594,0.20134228187919462,0.20666666666666667,0.3443708609271523,0.2631578947368421,0.3464052287581699,0.2077922077922078,0.2129032258064516,0.26282051282051283,0.21656050955414013,0.34177215189873417,0.34591194968553457,0.21875,0.2608695652173913,0.18518518518518517,0.22085889570552147,0.22560975609756098,0.2606060606060606,0.18674698795180722,0.2275449101796407,0.2619047619047619,0.33136094674556216,0.2647058823529412,0.3333333333333333,0.3372093023255814,0.2254335260115607,0.1839080459770115,0.33714285714285713,0.22727272727272727,0.2598870056497175,0.2303370786516854,0.2346368715083799,0.2388888888888889,0.3314917127071823,0.33516483516483514,0.24043715846994534,0.33695652173913043,0.24324324324324326,0.24731182795698925,0.25133689839572193,0.2553191489361702,0.25925925925925924,0.24736842105263157,0.2617801047120419,0.328125,0.3316062176165803,0.17010309278350516,0.26153846153846155,0.2653061224489796,0.26903553299492383,0.24242424242424243,0.24623115577889448,0.25,0.26865671641791045,0.2524752475247525,0.270935960591133,0.31862745098039214,0.32195121951219513,0.27184466019417475,0.32367149758454106,0.27403846153846156,0.3253588516746411,0.2761904761904762,0.2796208530805687,0.32547169811320753,0.24413145539906103,0.1588785046728972,0.27906976744186046,0.24537037037037038,0.28110599078341014,0.28440366972477066,0.2876712328767123,0.3181818181818182,0.2895927601809955,0.31981981981981983,0.32286995515695066,0.29017857142857145,0.29333333333333333,0.15486725663716813,0.29515418502202645,0.3201754385964912,0.29694323144104806,0.3,0.15584415584415584,0.3017241379310345,0.30472103004291845,0.3076923076923077,0.3148936170212766,0.15677966101694915,0.22784810126582278,0.31512605042016806,0.3054393305439331,0.22916666666666666,0.15767634854771784,0.3140495867768595,0.3045267489711934,0.22950819672131148,0.3142857142857143,0.3170731707317073,0.31983805668016196,0.15725806451612903,0.321285140562249,0.3,0.1593625498007968,0.32142857142857145,0.30039525691699603,0.22440944881889763,0.30196078431372547,0.3203125,0.15953307392996108,0.32170542635658916,0.30115830115830117,0.3230769230769231,0.16091954022988506,0.16412213740458015,0.22053231939163498,0.29924242424242425,0.3018867924528302,0.30451127819548873,0.30711610486891383,0.30970149253731344,0.21933085501858737,0.3148148148148148,0.22140221402214022,0.16176470588235295,0.16483516483516483,0.30656934306569344,0.3090909090909091,0.16666666666666666,0.22021660649819494,0.22302158273381295,0.16845878136200718,0.225,0.30604982206405695,0.30851063829787234,0.31095406360424027,0.31338028169014087,0.3157894736842105,0.3181818181818182,0.1672473867595819,0.3194444444444444,0.1695501730103806,0.1724137931034483,0.29553264604810997,0.2979452054794521,0.17406143344709898,0.17687074829931973,0.17966101694915254,0.2972972972972973,0.2996632996632997,0.18120805369127516,0.3010033444816054,0.30333333333333334,0.30564784053156147,0.3079470198675497,0.18151815181518152,0.3059210526315789,0.3081967213114754,0.20915032679738563,0.18241042345276873,0.30844155844155846,0.3106796116504854,0.18387096774193548,0.2090032154340836,0.3108974358974359,0.3003194888178914,0.30254777070063693,0.3047619047619048,0.3069620253164557,0.30914826498422715,0.3081761006289308,0.18181818181818182,0.309375,0.205607476635514,0.30745341614906835,0.30959752321981426,0.3117283950617284,0.3076923076923077,0.3098159509202454,0.3119266055045872,0.31402439024390244,0.3100303951367781,0.1787878787878788,0.18126888217522658,0.3102409638554217,0.1831831831831832,0.20059880239520958,0.31044776119402984,0.30952380952380953,0.3115727002967359,0.3136094674556213,0.31563421828908556,0.3088235294117647,0.18181818181818182,0.3157894736842105,0.3177842565597668,0.3081395348837209,0.3188405797101449,0.3208092485549133,0.30835734870317005,0.1810344827586207,0.3209169054441261,0.32285714285714284,0.3076923076923077,0.32386363636363635,0.19263456090651557,0.3248587570621469,0.30704225352112674,0.1797752808988764,0.18207282913165265,0.30726256983240224,0.30919220055710306,0.18333333333333332,0.18559556786703602,0.32044198895027626,0.18732782369146006,0.3076923076923077,0.3095890410958904,0.1885245901639344,0.3188010899182561,0.1875,0.31978319783197834,0.1891891891891892,0.30727762803234504,0.30913978494623656,0.3109919571045576,0.31283422459893045,0.18933333333333333,0.31648936170212766,0.1856763925729443,0.19047619047619047,0.316622691292876,0.31842105263157894,0.19160104986876642,0.193717277486911,0.30809399477806787,0.3177083333333333,0.3090909090909091,0.31865284974093266,0.32041343669250644,0.18298969072164947,0.30848329048843187,0.31025641025641026,0.31202046035805625,0.3137755102040816,0.183206106870229,0.31725888324873097,0.3189873417721519,0.31313131313131315,0.1889168765743073,0.19095477386934673,0.18295739348370926,0.3125,0.3167082294264339,0.31343283582089554,0.315136476426799,0.31683168316831684,0.31851851851851853,0.32019704433497537,0.32186732186732187,0.18872549019607843,0.32273838630806845,0.1902439024390244,0.18004866180048662,0.1820388349514563,0.3220338983050847,0.32367149758454106,0.19036144578313252,0.3245192307692308,0.18225419664268586,0.3062200956937799,0.18377088305489261,0.3238095238095238,0.30641330166270786,0.3246445497630332,0.3262411347517731,0.3278301886792453,0.18352941176470589,0.3286384976525822,0.33021077283372363,0.18457943925233644,0.30303030303030304,0.30465116279069765,0.3062645011600928,0.30787037037037035,0.18475750577367206,0.3087557603686636,0.3103448275862069,0.3256880733944954,0.1853546910755149,0.3264840182648402,0.1867881548974943,0.32727272727272727,0.18140589569160998,0.3076923076923077,0.309255079006772,0.32657657657657657,0.3101123595505618,0.3273542600896861,0.18568232662192394,0.18080357142857142,0.30957683741648107,0.18222222222222223,0.31042128603104213,0.18584070796460178,0.18763796909492272,0.1894273127753304,0.1912087912087912,0.19298245614035087,0.19474835886214442,0.32096069868995636,0.3224400871459695,0.1956521739130435,0.3232104121475054,0.3246753246753247,0.17926565874730022,0.1961206896551724,0.18064516129032257,0.3240343347639485,0.32548179871520344,0.18162393162393162,0.326226012793177,0.3276595744680851,0.18259023354564755,0.298728813559322,0.3276955602536998,0.18354430379746836,0.1936842105263158,0.29831932773109243,0.1949685534591195,0.3263598326359833,0.2985386221294363,0.32708333333333334,0.18295218295218296,0.2987551867219917,0.32712215320910976,0.18388429752066116,0.32783505154639175,0.29835390946502055,0.32854209445585214,0.18442622950819673,0.19222903885480572,0.32857142857142857,0.18533604887983707,0.32926829268292684,0.3306288032454361,0.29554655870445345,0.33131313131313134,0.18548387096774194,0.19114688128772636,0.3313253012048193,0.29458917835671344,0.332,0.18562874251497005,0.19123505976095617,0.294234592445328,0.29563492063492064,0.297029702970297,0.3300395256916996,0.1854043392504931,0.297244094488189,0.3300589390962672,0.18627450980392157,0.33072407045009783,0.296875,0.2982456140350877,0.33073929961089493,0.18640776699029127,0.29844961240310075,0.3307543520309478,0.18725868725868725,0.33140655105973027,0.18846153846153846,0.29750479846449135,0.3314176245210728,0.18929254302103252,0.3320610687022901,0.3333333333333333,0.19011406844106463,0.33396584440227706,0.19128787878787878,0.1833648393194707,0.2943396226415094,0.295668549905838,0.29699248120300753,0.29831144465290804,0.33146067415730335,0.19065420560747665,0.29850746268656714,0.33147113594040967,0.2992565055762082,0.3320964749536178,0.3333333333333333,0.3345656192236599,0.1900369003690037,0.18047882136279927,0.18198529411764705,0.1908256880733945,0.2967032967032967,0.2979890310786106,0.19160583941605838,0.1930783242258652,0.33090909090909093,0.33212341197822143,0.19384057971014493,0.2965641952983725,0.18050541516245489,0.2972972972972973,0.33093525179856115,0.33213644524236985,0.3333333333333333,0.29695885509839,0.3339285714285714,0.33511586452762926,0.33629893238434166,0.33747779751332146,0.33865248226950356,0.17876106194690267,0.2950530035335689,0.17989417989417988,0.3380281690140845,0.29525483304042177,0.3385964912280702,0.29597197898423816,0.2972027972027972,0.18848167539267016,0.1794425087108014,0.1808695652173913,0.3368055555555556,0.18197573656845753,0.18339100346020762,0.1848013816925734,0.33620689655172414,0.3373493975903614,0.29381443298969073,0.18696397941680962,0.18835616438356165,0.294017094017094,0.189419795221843,0.1839863713798978,0.33503401360544216,0.3361629881154499,0.1847457627118644,0.33671742808798644,0.33783783783783783,0.18549747048903878,0.18855218855218855,0.1865546218487395,0.18791946308724833,0.33668341708542715,0.3377926421404682,0.33889816360601,0.34,0.2878535773710483,0.1877076411960133,0.33996683250414594,0.34105960264900664,0.1884297520661157,0.2871287128712871,0.18616144975288304,0.18914473684210525,0.18719211822660098,0.1885245901639344,0.2864157119476268,0.2875816993464052,0.3376835236541599,0.18892508143322476,0.28780487804878047,0.18831168831168832,0.18962722852512157,0.18932038834951456,0.3360258481421648,0.3370967741935484,0.33816425120772947,0.2861736334405145,0.33868378812199035,0.33974358974358976,0.3408,0.34185303514376997,0.34290271132376393,0.18789808917197454,0.1875993640699523,0.18888888888888888,0.34231378763866877,0.18829113924050633,0.34281200631911535,0.2823343848580442,0.28346456692913385,0.18867924528301888,0.18838304552590268,0.1896551724137931,0.3411580594679186,0.190625,0.1918876755070203,0.19314641744548286,0.3405909797822706,0.3416149068322981,0.2806201550387597,0.1873065015479876,0.18856259659969088,0.2808641975308642,0.18952234206471494,0.19230769230769232,0.33947772657450076,0.34049079754601225,0.19295558958652373,0.3409785932721712,0.27938931297709924,0.19359756097560976,0.1887366818873668,0.1945288753799392,0.19575113808801214,0.3393939393939394,0.340393343419062,0.3413897280966767,0.34238310708898945,0.27710843373493976,0.19548872180451127,0.34234234234234234,0.34332833583208394,0.344311377245509,0.19581464872944693,0.27611940298507465,0.18628912071535023,0.19642857142857142,0.18722139673105498,0.1884272997032641,0.27555555555555555,0.27662721893491127,0.3412112259970458,0.19616519174041297,0.2768777614138439,0.27794117647058825,0.19676945668135096,0.187683284457478,0.19765739385065886,0.3391812865497076,0.34014598540145985,0.27696793002915454,0.3406113537117904,0.34156976744186046,0.34252539912917274,0.34347826086956523,0.34442836468885674,0.19653179190751446,0.18614718614718614,0.34438040345821325,0.34532374100719426,0.1867816091954023,0.34576757532281205,0.27363896848137537,0.27467811158798283,0.18714285714285714,0.19543509272467904,0.19658119658119658,0.3442389758179232,0.19744318181818182,0.19858156028368795,0.19971671388101983,0.3437057991513437,0.3446327683615819,0.27221438645980256,0.18591549295774648,0.18706047819971872,0.27247191011235955,0.1879382889200561,0.19887955182072828,0.34265734265734266,0.3435754189944134,0.199442119944212,0.34401114206128136,0.34492350486787204,0.2708333333333333,0.18723994452149792,0.1994459833795014,0.20055325034578148,0.34392265193370164,0.3448275862068966,0.34573002754820936,0.3466299862448418,0.2692307692307692,0.20027434842249658,0.34657534246575344,0.34746922024623805,0.3483606557377049,0.20054570259208732,0.2683923705722071,0.18503401360544217,0.20108695652173914,0.18588873812754408,0.18699186991869918,0.2679296346414073,0.2689189189189189,0.34547908232118757,0.20080862533692723,0.2691790040376851,0.1868279569892473,0.20134228187919462,0.1876675603217158,0.34404283801874164,0.3449197860962567,0.34579439252336447,0.268,0.34620505992010653,0.3470744680851064,0.34794156706507307,0.34880636604774534,0.34966887417218545,0.19973544973544974,0.18626155878467635,0.20052770448548812,0.34914361001317523,0.1868421052631579,0.3495400788436268,0.2650918635170604,0.26605504587155965,0.18717277486910994,0.2,0.34856396866840733,0.20078226857887874,0.3489583333333333,0.18725617685305593,0.2012987012987013,0.26459143968871596,0.3484455958549223,0.34928848641655885,0.20155038759689922,0.20258064516129032,0.2036082474226804,0.3487773487773488,0.3496143958868895,0.20410783055198972,0.1858974358974359,0.18693982074263765,0.26214833759590794,0.26309067688378035,0.20408163265306123,0.18726114649681527,0.2633587786259542,0.204574332909784,0.3464467005076142,0.3472750316856781,0.34810126582278483,0.34892541087231355,0.18686868686868688,0.26229508196721313,0.18765743073047858,0.2037735849056604,0.26256281407035176,0.18820577164366373,0.2631578947368421,0.2640801001251564,0.265,0.26591760299625467,0.20324189526184538,0.3449564134495641,0.34577114427860695,0.26583850931677017,0.20347394540942929,0.2664188351920694,0.2042079207920792,0.34487021013597036,0.18641975308641975,0.20468557336621454,0.18719211822660098,0.2054120541205412,0.343980343980344,0.20613496932515338,0.20710784313725492,0.20807833537331702,0.343520782396088,0.3443223443223443,0.2634146341463415,0.18635809987819732,0.1873479318734793,0.26366950182260024,0.2645631067961165,0.20727272727272728,0.18765133171912832,0.26481257557436516,0.20772946859903382,0.3413751507840772,0.3421686746987952,0.34296028880866425,0.34375,0.3445378151260504,0.18705035971223022,0.20718562874251498,0.3444976076555024,0.1875746714456392,0.20763723150357996,0.34445768772348034,0.34523809523809523,0.2080856123662307,0.1876484560570071,0.2609727164887307,0.2618483412322275,0.1881656804733728,0.2624113475177305,0.2632821723730815,0.2641509433962264,0.34275618374558303,0.34352941176470586,0.18801410105757932,0.20657276995305165,0.2637749120750293,0.20725995316159251,0.34269005847953216,0.18808411214953272,0.20770128354725786,0.1888111888111888,0.34225844004656575,0.3430232558139535,0.20789779326364694,0.2088167053364269,0.3429895712630359,0.34375,0.261271676300578,0.18822170900692842,0.2618223760092272,0.2626728110599078,0.20828538550057538,0.2632183908045977,0.26406429391504016,0.26490825688073394,0.3413516609392898,0.34210526315789475,0.34285714285714286,0.3436073059360731,0.3443557582668187,0.1867881548974943,0.26393629124004553,0.3443181818181818,0.1872871736662883,0.18820861678004536,0.34428086070215175,0.34502262443438914,0.20564971751412428,0.18848758465011287,0.26268320180383314,0.2635135135135135,0.1889763779527559,0.1898876404494382,0.3434343434343434,0.20515695067264575,0.20604703247480402,0.3434004474272931,0.34413407821229053,0.20647321428571427,0.189520624303233,0.344097995545657,0.19021134593993325,0.20666666666666667,0.20754716981132076,0.26053215077605324,0.2081949058693245,0.20907079646017698,0.26077348066298345,0.34216335540838855,0.2613009922822492,0.2621145374449339,0.2629262926292629,0.34175824175824177,0.3424807903402854,0.20833333333333334,0.3428258488499452,0.3435448577680525,0.26229508196721313,0.34388646288209607,0.1875681570338059,0.20806100217864923,0.3438520130576714,0.34456521739130436,0.26167209554831705,0.1876355748373102,0.18851570964247022,0.2077922077922078,0.2616216216216216,0.26241900647948163,0.20819848975188782,0.3426724137931034,0.20882669537136705,0.1881720430107527,0.2620837808807734,0.1888412017167382,0.2090032154340836,0.20985010706638116,0.3411764705882353,0.26175213675213677,0.3415154749199573,0.1886993603411514,0.18956336528221512,0.26170212765957446,0.1902231668437832,0.262208067940552,0.26299045599151644,0.1906779661016949,0.2634920634920635,0.339323467230444,0.26399155227032733,0.339662447257384,0.19072708113804004,0.34,0.34069400630914826,0.34138655462184875,0.34207764952780695,0.20649895178197064,0.2628272251308901,0.34205020920502094,0.34273772204806685,0.2630480167014614,0.34306569343065696,0.18958333333333333,0.19042663891779396,0.34303534303534305,0.19106957424714435,0.262448132780083,0.2632124352331606,0.2639751552795031,0.2647362978283351,0.265495867768595,0.2043343653250774,0.19072164948453607,0.26570545829042225,0.2664609053497942,0.2672147995889003,0.20431211498973306,0.3394871794871795,0.19057377049180327,0.3398157625383828,0.34049079754601225,0.2665985699693565,0.20408163265306123,0.2670744138634047,0.26782077393075354,0.19023397761953204,0.2682926829268293,0.19086294416243654,0.268762677484787,0.3383991894630192,0.3390688259109312,0.1911021233569262,0.2686868686868687,0.2694248234106963,0.2701612903225806,0.338368580060423,0.27062374245472837,0.2020100502512563,0.19076305220883535,0.2708124373119358,0.3376753507014028,0.27127127127127126,0.272,0.2727272727272727,0.27345309381237526,0.2741774675972084,0.2749003984063745,0.2009950248756219,0.2753479125248509,0.2015888778550149,0.3353174603174603,0.33597621407333994,0.27524752475247527,0.27596439169139464,0.2766798418972332,0.20138203356367226,0.33530571992110453,0.3359605911330049,0.2017716535433071,0.2025565388397247,0.20333988212180745,0.2757605495583906,0.20392156862745098,0.2761998041136141,0.27690802348336596,0.3343108504398827,0.3349609375,0.18634146341463415,0.33528265107212474,0.3359298928919182,0.20330739299610895,0.20408163265306123,0.3359223300970874,0.33656644034917554,0.2751937984496124,0.33688286544046464,0.33752417794970985,0.2753623188405797,0.27606177606177607,0.2767598842815815,0.2774566473988439,0.3368623676612127,0.18461538461538463,0.27761767531219983,0.2783109404990403,0.27900287631831255,0.18486590038314177,0.20191387559808613,0.27915869980879543,0.279847182425979,0.3349236641221374,0.28026692087702576,0.2019047619047619,0.33491912464319695,0.1844106463878327,0.2801519468186135,0.2808349146110057,0.3345971563981043,0.1846590909090909,0.20151371807000945,0.18525519848771266,0.2804532577903683,0.2811320754716981,0.28180961357210177,0.2824858757062147,0.3330197554092192,0.18515037593984962,0.3333333333333333,0.18574108818011256,0.28209934395501407,0.28277153558052437,0.28344246959775493,0.2841121495327103,0.1858076563958917,0.19962686567164178,0.3317800559179869,0.186219739292365,0.33209302325581397,0.33271375464684017,0.18662952646239556,0.19944341372912802,0.20018535681186284,0.18703703703703703,0.2821461609620722,0.1876155268022181,0.1883656509695291,0.3311808118081181,0.2820276497695853,0.1887661141804788,0.18951241950321987,0.2821691176470588,0.3305785123966942,0.28256880733944956,0.3308890925756187,0.3315018315018315,0.3321134492223239,0.18921389396709323,0.3324200913242009,0.197992700729927,0.28167730173199634,0.1894353369763206,0.3321201091901729,0.2818181818181818,0.28247048138056313,0.2831215970961887,0.3318223028105168,0.18931159420289856,0.33212669683257917,0.189873417721519,0.1969286359530262,0.33212996389891697,0.3327321911632101,0.1972972972972973,0.18991899189918993,0.2814748201438849,0.1976639712488769,0.33213644524236985,0.19820627802690582,0.3324372759856631,0.18979409131602507,0.19051878354203935,0.19839142091152814,0.28035714285714286,0.19892952720785012,0.2807486631016043,0.19056099732858414,0.3309608540925267,0.19111111111111112,0.1989342806394316,0.33096716947648624,0.2801418439716312,0.3312666076173605,0.33185840707964603,0.1909814323607427,0.28003533568904593,0.19858781994704325,0.3315696649029982,0.19118942731277533,0.33186619718309857,0.1917326297273527,0.19859402460456943,0.1922739244951712,0.2789473684210526,0.19281332164767748,0.1987740805604203,0.33070866141732286,0.3312937062937063,0.19912663755458515,0.19284467713787085,0.1935483870967742,0.2778745644599303,0.19930374238468232,0.33043478260869563,0.1998262380538662,0.3307291666666667,0.3313096270598439,0.2001733102253033,0.3316017316017316,0.20069204152249134,0.33189282627484873,0.192573402417962,0.27610008628127697,0.2767241379310345,0.1929371231696813,0.3313253012048193,0.2003439380911436,0.3316151202749141,0.20085836909871244,0.19296740994854203,0.20137103684661525,0.3313356164383562,0.19332763045337895,0.19401709401709402,0.20153714773697695,0.3310580204778157,0.2020460358056266,0.20272572402044292,0.20340425531914894,0.3307823129251701,0.33135089209855567,0.2037351443123939,0.33163698049194235,0.19322033898305085,0.1939034716342083,0.2038917089678511,0.33136094674556216,0.19425675675675674,0.2042194092827004,0.33136593591905567,0.1946082561078349,0.27104377104377103,0.2043734230445753,0.20504201680672268,0.3308144416456759,0.3313758389261745,0.1944677284157586,0.3316582914572864,0.3322175732217573,0.1948160535117057,0.33249791144527985,0.19532554257095158,0.3327773144286906,0.3333333333333333,0.19567027477102414,0.19633943427620631,0.3333333333333333,0.19684385382059802,0.1975103734439834,0.3333333333333333,0.1980115990057995,0.1986754966887417,0.20264681555004135,0.19917355371900827,0.19983484723369116,0.3325082508250825,0.20032976092333057,0.20098846787479407,0.26584362139917694,0.20148026315789475,0.20213640098603122,0.2019704433497537,0.3314191960623462,0.20245901639344263,0.3316953316953317,0.3322422258592471,0.2027800490596893,0.20179738562091504,0.20244897959183675,0.2642740619902121,0.26487367563162184,0.20276872964169382,0.26525630593978844,0.3308943089430894,0.20308692120227456,0.2021103896103896,0.3309002433090024,0.33144246353322526,0.20323886639676114,0.20388349514563106,0.20452708164915118,0.20516962843295639,0.3309120258272801,0.33145161290322583,0.2054794520547945,0.20611916264090177,0.2011263073209976,0.3311897106109325,0.3317269076305221,0.20626003210272872,0.2012830793905373,0.20192307692307693,0.20656525220176142,0.2616,0.2621902478017586,0.20686900958466453,0.20191540303272146,0.20733652312599682,0.2621513944223108,0.20222929936305734,0.26252983293556087,0.20747217806041335,0.26290706910246225,0.2634920634920635,0.20777160983346551,0.20206022187004755,0.32779097387173395,0.20806962025316456,0.20237154150197628,0.26303317535545023,0.20836621941594316,0.20899053627760253,0.20961386918833727,0.32677165354330706,0.21007081038552322,0.26257861635220126,0.3267871170463472,0.32731554160125587,0.21019607843137256,0.20141065830721003,0.20203602192638997,0.3270735524256651,0.2619233776387803,0.20234375,0.26229508196721313,0.32683307332293293,0.2626656274356976,0.32710280373831774,0.3276264591439689,0.20217729393468117,0.3278943278943279,0.20885093167701863,0.20946470131885184,0.262015503875969,0.26258714175058095,0.32739938080495357,0.20959010054137664,0.3276661514683153,0.2625482625482625,0.2631172839506173,0.20971472629144178,0.2103235747303544,0.20092378752886836,0.21076923076923076,0.26287471176018445,0.26344086021505375,0.3261703760552571,0.21088957055214724,0.21149425287356322,0.32618683001531396,0.2631981637337414,0.20030581039755352,0.21161191749427044,0.2633587786259542,0.2639206712433257,0.21189024390243902,0.2003046458492003,0.2640791476407915,0.21216730038022813,0.324468085106383,0.2642369020501139,0.32473444613050073,0.21228203184230476,0.2,0.26419379258137776,0.3245083207261725,0.21239606953892667,0.26435045317220546,0.2,0.20060331825037708,0.3240391861341371,0.21234939759036145,0.20090293453724606,0.3240601503759398,0.3245679939894816,0.2012012012012012,0.21230307576894222,0.2128935532233883,0.20149812734082398,0.3241017964071856,0.2131637995512341,0.21375186846038863,0.20164301717699776,0.3238805970149254,0.20208799403430275,0.3241430700447094,0.2137006701414743,0.3244047619047619,0.324907063197026,0.2139673105497771,0.32516703786191536,0.21439169139465875,0.2016308376575241,0.3251851851851852,0.2146558105107328,0.20192307692307693,0.25942350332594233,0.21491875923190545,0.2022140221402214,0.32448377581120946,0.3249815770081061,0.2025036818851252,0.3252391464311994,0.21470588235294116,0.20279206465833946,0.3252569750367107,0.2582538517975055,0.3255131964809384,0.20293040293040293,0.3257686676427526,0.2033650329188003,0.20394736842105263,0.32578524470416365,0.3262773722627737,0.3267687819110139,0.3272594752186589,0.213401310997815,0.20378457059679767,0.32727272727272727,0.32776162790697677,0.20406681190994916,0.32801161103047893,0.2131979695431472,0.213768115942029,0.2556118754525706,0.32778581765557163,0.21402747650036152,0.21459537572254336,0.32779783393501805,0.2554112554112554,0.25594808940158614,0.20317002881844382,0.25629949604031677,0.3273381294964029,0.21423436376707405,0.21479885057471265,0.2031586503948313,0.25609756097560976,0.203584229390681,0.25644699140401145,0.3264137437365784,0.20386266094420602,0.20443173695496783,0.3264285714285714,0.21413276231263384,0.21469329529243938,0.3264433357091946,0.2150997150997151,0.21565836298932384,0.3264580369843528,0.25515280739161333,0.32670454545454547,0.2157558552164656,0.21631205673758866,0.20340184266477676,0.20396600566572237,0.20452937013446568,0.326025459688826,0.3265017667844523,0.21610169491525424,0.3267466478475653,0.20451339915373765,0.3269908386187456,0.3274647887323944,0.2047853624208304,0.25316455696202533,0.20520028109627547,0.20575842696629212,0.25333333333333335,0.2061711079943899,0.25367904695164684,0.21498599439775912,0.2540237928621414,0.2545454545454545,0.3256464011180992,0.25488826815642457,0.21493370551290997,0.21548117154811716,0.20557491289198607,0.25487465181058494,0.21572720946416143,0.3247566063977747,0.2550382209867964,0.25555555555555554,0.25607217210270644,0.3245492371705964,0.325017325017325,0.3254847645429363,0.3259515570934256,0.326417704011065,0.2045611610228058,0.3266574585635359,0.32712215320910976,0.21448275862068966,0.21502412129565818,0.20454545454545456,0.3269098417068135,0.2152682255845942,0.2542955326460481,0.3269230769230769,0.20452985586822237,0.20507544581618656,0.20562028786840303,0.20616438356164385,0.2539356605065024,0.25444596443228457,0.25495557074504444,0.32581967213114754,0.20614334470989762,0.32605729877216916,0.3265167007498296,0.2064032697547684,0.20694349897889722,0.20748299319727892,0.2080217539089055,0.20855978260869565,0.2131704005431093,0.2537313432835821,0.2542372881355932,0.21341463414634146,0.20853080568720378,0.2090663058186739,0.20960108181203516,0.21013513513513513,0.3241053342336259,0.21322537112010798,0.21375590020229265,0.21024258760107817,0.21414141414141413,0.21063257065948857,0.21116341627437793,0.323252688172043,0.21155137676292815,0.32348993288590605,0.21395036887994634,0.21179624664879357,0.21232417950435364,0.21285140562248997,0.21337792642140468,0.32286096256684493,0.32331329325317304,0.2136181575433912,0.2141427618412275,0.21333333333333335,0.2145236508994004,0.2137150466045273,0.3226879574184963,0.25,0.21461794019933556,0.21381142098273573,0.2149966821499668,0.21551724137931033,0.2140490390987409,0.21456953642384105,0.2157511581733951,0.21626984126984128,0.24917382683410444,0.24966974900924702,0.2501650165016502,0.21635883905013192,0.2504943968358603,0.21673254281949933,0.2139565503620803,0.31973684210526315,0.32018408941485865,0.32063074901445465,0.21667760998030203,0.21391076115485563,0.320655737704918,0.21690694626474444,0.21414538310412573,0.3206806282722513,0.2171353826030085,0.21437908496732025,0.21489222730241672,0.2154046997389034,0.21591650358773645,0.24837027379400262,0.2488599348534202,0.24934895833333334,0.21665582303188027,0.21586475942782835,0.3190383365821962,0.3194805194805195,0.21674237508111616,0.31971465629053175,0.21710952689565782,0.24870466321243523,0.2174757281553398,0.21798188874514876,0.248868778280543,0.21834625322997417,0.3189154293092318,0.24903225806451612,0.3191489361702128,0.31958762886597936,0.21828718609143594,0.31981981981981983,0.21864951768488747,0.2191516709511568,0.2138728323699422,0.21437740693196405,0.3194355355997434,0.31987179487179485,0.3203074951953876,0.21895006402048656,0.2143314139475368,0.3203324808184143,0.21916932907348244,0.3205619412515964,0.3209955328653478,0.2193877551020408,0.24665391969407266,0.2140127388535032,0.3208147676639083,0.2143765903307888,0.21487603305785125,0.2153748411689962,0.32063492063492066,0.21573604060913706,0.320862396956246,0.2458808618504436,0.32108929702343253,0.2158227848101266,0.24604680581910182,0.3211125158027813,0.2160454832596336,0.24621212121212122,0.21766561514195584,0.3209331651954603,0.32136105860113423,0.3217884130982368,0.21774701069855254,0.3220125786163522,0.245757385292269,0.217964824120603,0.2460765850596359,0.2465495608531995,0.32163009404388715,0.32205513784461154,0.21790857858484658,0.32227784730913644,0.2182614133833646,0.24625,0.2467207995003123,0.32209737827715357,0.32252027448534,0.21820448877805487,0.2467289719626168,0.21357409713574096,0.21406347230864967,0.32213930348258707,0.21814791796146674,0.246583850931677,0.21415270018621974,0.21836228287841192,0.3217606943583385,0.322180916976456,0.21424148606811144,0.21472772277227722,0.32220160791589364,0.21508034610630408,0.21803582458307597,0.21851851851851853,0.24552745219000616,0.3218249075215783,0.21873074553296365,0.21921182266009853,0.24553846153846154,0.24600246002460024,0.32145052243392747,0.21437346437346438,0.32166973603437693,0.21901840490797547,0.2145922746781116,0.21507352941176472,0.3214941824862217,0.21542227662178703,0.21590214067278288,0.21882640586797067,0.2449602932193036,0.2454212454212454,0.2190359975594875,0.21585365853658536,0.21633150517976843,0.21680876979293545,0.2172854534388314,0.3199513381995134,0.2188449848024316,0.21931956257594168,0.31997571341833636,0.21723300970873785,0.24439053972104305,0.32,0.32041187159297396,0.32082324455205813,0.21718088324258925,0.24425634824667472,0.21873111782477342,0.24456521739130435,0.21907060953530477,0.2448733413751508,0.24532851115129597,0.21686746987951808,0.21733895243829018,0.3194945848375451,0.21888153938665064,0.24519230769230768,0.24564564564564564,0.31932773109243695,0.21895620875824834,0.2170263788968825,0.31935290593169563,0.3197604790419162,0.21723518850987433,0.21770334928229665,0.3197848176927675,0.21804062126642773,0.21850746268656718,0.21897374701670644,0.31961836612999406,0.3200238379022646,0.2191780821917808,0.3202380952380952,0.3206424747174301,0.3210463733650416,0.21746880570409982,0.2179334916864608,0.21899109792284865,0.21826809015421114,0.24303497332542975,0.24348341232227488,0.24393132030787448,0.2183431952662722,0.3199290360733294,0.2186761229314421,0.24394565859421147,0.31995277449822906,0.32035398230088497,0.21816037735849056,0.21862109605185623,0.21908127208480566,0.24367274867569158,0.21823529411764706,0.2192827748383304,0.3196239717978848,0.2196124486200822,0.21830985915492956,0.2434017595307918,0.24384525205158264,0.31927357937902756,0.24414519906323184,0.3194850789935635,0.24444444444444444,0.21917007597895968,0.3195093457943925,0.21949795680093404,0.2176196032672112,0.319533527696793,0.2196969696969697,0.2201514269073966,0.24388824214202562,0.3193717277486911,0.22034883720930232,0.31958163858221966,0.31997677119628337,0.22054556006964596,0.32018561484918795,0.21681159420289856,0.21726535341830822,0.24319629415170815,0.2175925925925926,0.2203585887796414,0.24335260115606935,0.21779318313113807,0.22055427251732102,0.3190998268897865,0.31949250288350634,0.22074927953890489,0.3197004608294931,0.22107081174438686,0.22151898734177214,0.24266820011500861,0.24310344827586206,0.24353819643882826,0.21699196326061998,0.31899024670109005,0.31938073394495414,0.3197707736389685,0.2170675830469645,0.21751574127074985,0.21796338672768878,0.21841052029731275,0.24285714285714285,0.21873215305539692,0.2191780821917808,0.22019395322304622,0.3187001140250855,0.3190883190883191,0.2203872437357631,0.22083096186681844,0.3191126279863481,0.21887436043206368,0.21931818181818183,0.22089721749006247,0.24177071509648126,0.24220079410096426,0.24263038548752835,0.21926345609065157,0.318233295583239,0.2427843803056027,0.3184389140271493,0.318824194460147,0.2192090395480226,0.24280067758328627,0.21952595936794583,0.21996615905245348,0.318489289740699,0.21971830985915494,0.22015765765765766,0.2425436128306134,0.21991001124859394,0.2203485103991006,0.31797752808988766,0.2201010668163953,0.22053872053872053,0.31800336511497473,0.2202914798206278,0.2207282913165266,0.2206047032474804,0.22104085058757694,0.220917225950783,0.24147568474007824,0.24189944134078212,0.22110552763819097,0.3169642857142857,0.22085889570552147,0.22129319955406912,0.316991643454039,0.31737193763919824,0.31775180856983865,0.2413793103448276,0.24180100055586437,0.31777777777777777,0.220988339811216,0.24195338512763595,0.3178036605657238,0.22006651884700665,0.22049861495844875,0.22093023255813954,0.22136137244050913,0.3174778761061947,0.2216694306246545,0.24143646408839778,0.24185532854776368,0.3173289183222958,0.22007722007722008,0.24200661521499447,0.22148760330578512,0.2422907488986784,0.2427077600440286,0.31683168316831684,0.3172072567344695,0.31758241758241756,0.2213069741900055,0.24259055982436883,0.31760833790455295,0.31798245614035087,0.2191780821917808,0.21960569550930997,0.2200328407224959,0.2210065645514223,0.24220885729907052,0.22131147540983606,0.3173129437465866,0.21997816593886463,0.31751227495908346,0.3178844056706652,0.22016348773841962,0.22058823529411764,0.31790963527490473,0.22089227421109903,0.2207721587819467,0.22119565217391304,0.3177620858229223,0.22095548317046687,0.31795984807379274,0.22125813449023862,0.22113821138211381,0.22156013001083424,0.22198159177043855,0.31764069264069267,0.2222823147647377,0.24,0.22096164235548352,0.24028077753779697,0.22234214786832163,0.22114347357065803,0.22264150943396227,0.24030172413793102,0.22132471728594508,0.2217438105489774,0.24045185583647122,0.24086021505376345,0.22246104245029555,0.22287862513426424,0.31561996779388085,0.3159871244635193,0.2230563002680965,0.22132904608788853,0.22174611676486342,0.2403640256959315,0.2231139646869984,0.24064171122994651,0.3153393907001603,0.24091880341880342,0.22317138280832888,0.2214514407684098,0.22346666666666667,0.22388059701492538,0.31486414491209375,0.2215122470713525,0.2405534858967536,0.24095744680851064,0.22169059011164274,0.22210414452709884,0.3143919277748274,0.24097664543524416,0.223342175066313,0.3144220572640509,0.22363540010598834,0.3146186440677966,0.31498147167813656,0.22380952380952382,0.24061343204653624,0.3150105708245243,0.2213417855256207,0.24076029567053855,0.3150395778364116,0.22362869198312235,0.22403795466526094,0.3150684931506849,0.2211690363349131,0.22157894736842104,0.2219884271436086,0.314931650893796,0.22228060956384657,0.22373949579831934,0.2398950131233596,0.22402938090241342,0.3146303093864709,0.2222222222222222,0.22262964903090623,0.23979057591623038,0.2401883830455259,0.3143305439330544,0.24046001045478307,0.24085684430512017,0.22245430809399477,0.22286012526096033,0.22326551904016692,0.31386861313868614,0.31422615945805105,0.22291666666666668,0.2404997397188964,0.22320499479708636,0.22308892355694226,0.24064449064449064,0.22337662337662337,0.31360332294911736,0.22366372599896212,0.24066390041493776,0.22291342664593053,0.3134715025906736,0.22371828068358363,0.22412008281573498,0.22296947749612003,0.3133402275077559,0.31369509043927646,0.2231404958677686,0.2240578213732576,0.3137254901960784,0.22331098504383703,0.31391752577319587,0.2241112828438949,0.23944387229660144,0.23983530622748328,0.24022633744855967,0.22313624678663238,0.223535457348407,0.2239342578325629,0.3131416837782341,0.3134940995382247,0.2235897435897436,0.2398769861609431,0.24026639344262296,0.24065540194572452,0.22364380757420677,0.2235294117647059,0.3128834355828221,0.22381195707715892,0.22420837589376916,0.3129147524247065,0.31326530612244896,0.24018357980622132,0.31345565749235477,0.22312786551197147,0.24032586558044808,0.2407124681933842,0.22329603255340794,0.24097610574478903,0.3130081300813008,0.22346368715083798,0.3131979695431472,0.22323693556570268,0.22363083164300201,0.31322858590978203,0.31357649442755825,0.22379746835443037,0.2403846153846154,0.22306525037936267,0.22396359959555107,0.31328954017180394,0.31363636363636366,0.22412922766279655,0.313824419778002,0.22289460413514878,0.2242943548387097,0.22468513853904282,0.23967774420946628,0.31353799698037244,0.22283702213279677,0.2398190045248869,0.24020100502512562,0.22300351582119537,0.3132530120481928,0.22328148519819369,0.24022066198595787,0.3132832080200501,0.313627254509018,0.22333500250375563,0.3138138138138138,0.3141570785392696,0.2235,0.223888055972014,0.3141858141858142,0.23964053919121317,0.22305389221556887,0.314214463840399,0.2238285144566301,0.22321873442949677,0.23954183266932272,0.23992035838725734,0.22338308457711442,0.2401790154152163,0.22365805168986083,0.24043715846994534,0.24081429990069514,0.2238213399503722,0.24107142857142858,0.2240951908775409,0.3126858275520317,0.24120851906884597,0.22277227722772278,0.223156853043048,0.2413452027695351,0.22392486406327236,0.22430830039525693,0.31209876543209875,0.31243830207305034,0.3127775037000493,0.22435897435897437,0.3129620502710695,0.2246305418719212,0.2225504677498769,0.2406496062992126,0.2410231185440236,0.22271386430678466,0.24127764127764129,0.22298624754420432,0.3122238586156112,0.22325809617271836,0.312408043158411,0.3127450980392157,0.22390984811366976,0.24094025465230168,0.22320117474302498,0.22407045009784735,0.22444987775061126,0.2233626588465298,0.2237420615534929,0.24072265625,0.3118594436310395,0.22439024390243903,0.24085811799122378,0.2236842105263158,0.22454943984413053,0.2409931840311587,0.2413625304136253,0.2247081712062257,0.22508507535245503,0.24149659863945577,0.22340942204953862,0.3106796116504854,0.31101407083939836,0.3113482056256062,0.22491517207949588,0.22335271317829458,0.22372881355932203,0.24104549854791868,0.31107885824866954,0.2248549323017408,0.24117931367810536,0.22367149758454105,0.31096088845968134,0.2249034749034749,0.22383019778099372,0.24108003857280616,0.24144578313253012,0.3106936416184971,0.2416947520462205,0.3108758421559192,0.3112073112073112,0.22451923076923078,0.22345026429601153,0.22382324687800192,0.2414786365818531,0.22408829174664108,0.22446043165467625,0.24161073825503357,0.3104935313847628,0.2418582375478927,0.22450933460986117,0.22392344497607655,0.2419894787183166,0.24235181644359466,0.22408026755852842,0.24259789875835722,0.30978520286396183,0.2428435114503817,0.3099666189794945,0.22402287893231648,0.22439256788947118,0.31,0.31032841504045694,0.22454804947668885,0.2234902520209225,0.310361216730038,0.3106888361045131,0.22364672364672364,0.24205030849549122,0.31072106261859583,0.2422949265054528,0.2241706161137441,0.2235907153008053,0.3106060606060606,0.22385234264079507,0.24219489120151372,0.31063829787234043,0.22400756143667297,0.24232404345772318,0.24268177525967893,0.22369042000943842,0.2429245283018868,0.24328147100424327,0.3100848256361923,0.3104097974564296,0.2236346516007533,0.2235294117647059,0.3104421448730009,0.31076633756464506,0.2236842105263158,0.2235791451385627,0.223943661971831,0.22430783669638668,0.31050656660412757,0.22362869198312235,0.3106841611996251,0.2243559718969555,0.24204119850187267,0.24239588207767898,0.3105706267539757,0.2244039270687237,0.2425233644859813,0.22326015880429706,0.22362278244631187,0.22445170321978536,0.3101679104477612,0.22377622377622378,0.22460391425908668,0.31020027945971124,0.24208566108007448,0.22382503489995348,0.24232558139534885,0.3100883310088331,0.22444237918215612,0.22480260102183,0.22516248839368616,0.22552204176334106,0.24211502782931354,0.2257765414928141,0.22335495829471733,0.3094025011579435,0.22592592592592592,0.22628412771864878,0.22664199814986125,0.22699953767914932,0.22735674676524953,0.22771362586605082,0.22807017543859648,0.222888786340563,0.30857933579335795,0.30889810972798526,0.22811059907834103,0.3090741593735606,0.24079189686924493,0.22273354809019788,0.2281508739650414,0.24091954022988507,0.22288602941176472,0.3086816720257235,0.22819100091827366,0.22854520422212024,0.22889908256880734,0.22925263640531865,0.2227314390467461,0.22308749427393496,0.2403846153846154,0.3080091533180778,0.2291857273559012,0.2295381801554641,0.3080438756855576,0.22978529008679763,0.3082191780821918,0.24007302601551803,0.22992700729927007,0.22252621979024167,0.2228805834092981,0.30797266514806376,0.22996357012750454,0.22303140646335912,0.23976342129208372,0.23010459299681674,0.30772727272727274,0.30804179918218993,0.22297910990009082,0.3082160689968225,0.23003629764065336,0.30839002267573695,0.3087035358114234,0.23017671046669688,0.2391304347826087,0.22272521502942508,0.23936651583710408,0.2302125734961556,0.23960216998191683,0.23045639403524626,0.23080397470641373,0.23972911963882618,0.23104693140794225,0.2399639152007217,0.24030658250676284,0.23118521856692203,0.22207207207207208,0.24043223773075192,0.3069306930693069,0.2222222222222222,0.24055755395683454,0.30696629213483145,0.2223719676549865,0.24068253255500674,0.24102333931777378,0.24136384028712426,0.24170403587443945,0.23038995965934558,0.2222222222222222,0.24182713837886252,0.2421665174574754,0.2425055928411633,0.2428443649373882,0.30576665176575774,0.306076854334227,0.30638677981241624,0.221875,0.2222222222222222,0.24264049955396966,0.3062862238074008,0.22950089126559714,0.24276169265033407,0.30632235084594833,0.22963951935914553,0.22998220640569395,0.24277456647398843,0.2431111111111111,0.24344735673034207,0.30595026642984013,0.22148246782068354,0.30612244897959184,0.30643015521064304,0.22163120567375885,0.24324324324324326,0.30646589902568644,0.2434705621956618,0.22168141592920354,0.22202565236620964,0.24358974358974358,0.22889969067609367,0.30609540636042404,0.22207505518763798,0.2290379523389232,0.30613145125716806,0.2222222222222222,0.22256500661084178,0.30616740088105726,0.22280933509467196,0.22887323943661972,0.3062032556093269,0.3065083553210202,0.229010989010989,0.30667838312829526,0.24242424242424243,0.22914837576821773,0.24265028521281265,0.24298245614035088,0.22928540113985094,0.22217353198948292,0.22251423565484013,0.22285464098073554,0.3059080962800875,0.2230971128608924,0.22343681679055533,0.30594405594405594,0.22892092616863258,0.2423580786026201,0.30597992143168923,0.22905759162303665,0.24247710423026603,0.24280732345248474,0.22919389978213509,0.2229965156794425,0.30561602089682194,0.22323759791122716,0.30578512396694213,0.2234782608695652,0.3059539330725771,0.22893136403127715,0.2236213634389926,0.22916666666666666,0.22386117136659436,0.22940156114483956,0.22973558734286953,0.24176776429809357,0.2299696838458207,0.23030303030303031,0.22371267849415838,0.22404844290657439,0.30479896238651105,0.3050993949870354,0.2241900647948164,0.23013816925734024,0.23047043590850239,0.30500431406384815,0.3053040103492885,0.22413793103448276,0.3054717794054287,0.24074074074074073,0.23030563925957814,0.3055077452667814,0.22408602150537635,0.2407566638005159,0.3055436183927804,0.22422680412371135,0.30571060541004724,0.3060085836909871,0.22994422994422994,0.24056603773584906,0.23017573939134162,0.2240788346186804,0.24068522483940044,0.24101027397260275,0.23020967051775781,0.24123182207014543,0.3052586575459598,0.23034188034188033,0.24134985049124305,0.2237403928266439,0.23047375160051217,0.24146757679180889,0.2417910447761194,0.2237851662404092,0.3046442266723477,0.3049403747870528,0.22392507449978713,0.3051063829787234,0.3054019566142067,0.22406462585034015,0.22439439014024648,0.22982158028887,0.24118895966029724,0.24151103565365026,0.2299533305048791,0.224342663273961,0.30479016532428993,0.3050847457627119,0.22448115205421432,0.24132091447925486,0.3051206093948371,0.22461928934010153,0.30528541226215644,0.24133558748943365,0.30544993662864384,0.22466216216216217,0.3056141831996623,0.24135021097046414,0.22479966258962464,0.2251264755480607,0.3055204382638011,0.22535804549283908,0.3056842105263158,0.22853535353535354,0.30584770719394194,0.2409587888982338,0.22866750735603195,0.22899159663865545,0.30575388492230154,0.22502099076406382,0.24087284934955938,0.22902684563758388,0.22515723270440252,0.3055322715842414,0.24088814411395057,0.22906197654941374,0.2411050648807032,0.22510460251046024,0.22919280635717273,0.24122073578595318,0.22941913915587128,0.22514619883040934,0.2254697286012526,0.24123539232053423,0.3045473508552357,0.225604670558799,0.3047102959566486,0.305,0.30528946272386503,0.305578684429642,0.22555139409071992,0.22587354409317803,0.30561330561330563,0.3059019118869493,0.22600747818861652,0.30606312292358806,0.30635118306351183,0.3066390041493776,0.226047283284944,0.22802653399668324,0.306672192291753,0.30695940347970174,0.22815734989648034,0.2396523178807947,0.2399669011170873,0.22580645161290322,0.2261264985531211,0.3066115702479339,0.22800495662949194,0.3067712634186623,0.30705736690053653,0.22813531353135313,0.30721649484536084,0.3075020610057708,0.22826534816646066,0.2285831960461285,0.23919308357348704,0.2288065843621399,0.22542163718634306,0.2393092105263158,0.3070283600493218,0.22555464256368118,0.3071868583162218,0.2257799671592775,0.2260976610586787,0.2391304347826087,0.23944239442394424,0.23975409836065573,0.3068414584186809,0.3071253071253071,0.3074089234547687,0.3076923076923077,0.2278118609406953,0.22812755519215044,0.23947691050265632,0.3075980392156863,0.3078807676602695,0.3081632653061224,0.2252141982864137,0.3083197389885807,0.3086017121891561,0.22779136104319478,0.23910386965376781,0.30863192182410426,0.22507122507122507,0.22538649308380798,0.23912159414396095,0.2394308943089431,0.23973994311255586,0.3082859463850528,0.22533495736906212,0.2398538961038961,0.30831643002028397,0.22546634225466342,0.22578029995946494,0.30834683954619124,0.22600243013365734,0.22631578947368422,0.3083771752326993,0.22653721682847897,0.239385361908613,0.2267582861762328,0.22707070707070706,0.22617124394184168,0.2272910779168349,0.307909604519774,0.2263009277934651,0.22741935483870968,0.22773075372833534,0.23892022562449639,0.22633910592025774,0.3075684380032206,0.23903420523138832,0.23934030571198714,0.30759951749095293,0.227491961414791,0.2278023302531137,0.22610441767068273,0.22641509433962265,0.3073836276083467,0.3076614520657842,0.22654370489174017,0.22685370741482966,0.3076923076923077,0.22707248698438126,0.3078462770216173,0.3081232492997199,0.2272,0.30827668932427027,0.2270183852917666,0.2273272073511786,0.2272364217252396,0.3081836327345309,0.30845969672785317,0.22736338252891902,0.22727272727272727,0.22758070944599443,0.22788844621513943,0.2273994424532059,0.30812101910828027,0.3083963390370076,0.22752585521081942,0.22783300198807158,0.22813990461049286,0.3083035359555026,0.23669579030976967,0.2369988090512108,0.22738095238095238,0.23720745735819118,0.22759714512291832,0.2374157748711851,0.23771790808240886,0.238019801980198,0.2276326207442597,0.22793826671943015,0.23813291139240506,0.22736259391063662,0.2383399209486166,0.30699328328723824,0.22748815165876776,0.22779313067508883,0.30702446724546173,0.22761341222879686,0.23817034700315456,0.30705557745368545,0.3073286052009456,0.22764868058290666,0.2279527559055118,0.22825659189295552,0.23800157356412274,0.3071175776641762,0.22720125786163523,0.2275049115913556,0.2380204241948154,0.2281115037298783,0.22762951334379905,0.22832483326794822,0.22862745098039217,0.22775382203057626,0.30642633228840127,0.22875048962005484,0.2278778386844166,0.237573385518591,0.22887323943661972,0.23777864685177943,0.2290852228303362,0.305978898007034,0.229296875,0.22959781335415852,0.22755659640905543,0.23761217323449083,0.2297191887675507,0.2276803118908382,0.2279812938425565,0.22828204129333854,0.22858255451713397,0.30517711171662126,0.22957198443579765,0.30532866588875923,0.2297822706065319,0.2300816167897396,0.22843822843822845,0.30524271844660195,0.23020186335403728,0.236709351959643,0.2370054305663305,0.2303218301667313,0.22829457364341085,0.3049205734211546,0.30518977536793185,0.305458768873403,0.228328173374613,0.3056092843326886,0.30587780355761796,0.2284499420177812,0.22990726429675426,0.23020471224410968,0.22857142857142856,0.23041296796603628,0.23070987654320987,0.22869263401465484,0.235929067077872,0.30520231213872834,0.23073959938366717,0.23604158644589912,0.22863741339491916,0.2308580223162755,0.23615384615384616,0.2364475201845444,0.2309761721752498,0.304648482520169,0.3049155145929339,0.236468330134357,0.3050652340752111,0.23091676256233218,0.2281441717791411,0.30509773859716366,0.3053639846743295,0.23094599770202986,0.22817764165390506,0.22847301951779564,0.23106350420811017,0.23594646271510517,0.23623853211009174,0.23118074130683988,0.23147440794499619,0.30469644902634596,0.2316793893129771,0.304845478824876,0.30511060259344014,0.22798322531452536,0.23589939024390244,0.2361904761904762,0.2364813404417365,0.2367719832508565,0.22792998477929985,0.304678585013313,0.22813688212927757,0.23679209426073736,0.23708206686930092,0.2373718192176225,0.23766135155656795,0.2379506641366224,0.23823975720789076,0.304133485020857,0.2304776345716452,0.23076923076923078,0.23825757575757575,0.22756531616811815,0.23088569265707798,0.30382141505864546,0.231089258698941,0.2381852551984877,0.23129251700680273,0.3037400831129581,0.30400302114803623,0.22725556813892034,0.2381132075471698,0.22746133534515278,0.2277526395173454,0.23105917828872974,0.23134890730972119,0.23804143126177024,0.2315512048192771,0.23184042152803913,0.30323551542513166,0.2320421210981572,0.23233082706766917,0.23261931604659902,0.22727272727272727,0.23282012767555388,0.22747747747747749,0.2277673545966229,0.2374343585896474,0.23772028496437944,0.30247376311844076,0.2326714125140502,0.30262172284644195,0.3028828154249345,0.23278443113772454,0.2330714552936775,0.23335826477187735,0.2336448598130841,0.23729446935724963,0.2271199103474038,0.30246452576549665,0.3027248973497574,0.2335820895522388,0.3028720626631854,0.30313199105145416,0.22698471859858368,0.30327868852459017,0.2271880819366853,0.23678332092330603,0.23706736136955714,0.23735119047619047,0.3030866493120119,0.23308550185873605,0.22705314009661837,0.3031203566121842,0.23728184181210546,0.23311061618411286,0.23339517625231912,0.23738872403560832,0.2335928809788654,0.3028169014084507,0.30307521304186735,0.2374074074074074,0.2376897445390596,0.23353071798667654,0.23788383277839437,0.23816568047337278,0.22624768946395563,0.23835920177383593,0.23864056150720356,0.23338257016248154,0.2336655592469546,0.22619926199261992,0.2386573220213943,0.23893805309734514,0.22631772945079248,0.2391304347826087,0.30165745856353593,0.23932253313696614,0.2396025027603975,0.2398822663723326,0.24016182420007356,0.24044117647058824,0.23300257258360896,0.30124908155767816,0.23319867792875504,0.3013950073421439,0.301651376146789,0.24027879677182684,0.24055738907224056,0.24083577712609971,0.30157566874312935,0.24102564102564103,0.3017209813255218,0.3019765739385066,0.2411269667032565,0.24140453547915142,0.24168190127970748,0.2324561403508772,0.30179028132992325,0.22461650840029218,0.2248995983935743,0.3018248175182482,0.302079533017147,0.225018234865062,0.23222748815165878,0.3021137026239067,0.22513661202185792,0.22541879096868173,0.302147797597379,0.30240174672489084,0.24081484176064022,0.24109090909090908,0.24136677571792076,0.2318313953488372,0.24155466763530695,0.2251270878721859,0.24174228675136117,0.3018867924528302,0.3021400072542619,0.24184191443074693,0.3022834360275462,0.23152173913043478,0.3024266570083303,0.22483707458363505,0.22511762576909156,0.22539797395079594,0.3023508137432188,0.30260303687635576,0.22551499819298879,0.23121387283236994,0.23149151318165404,0.24115523465703972,0.3024178996752075,0.24134199134199133,0.3025604038946989,0.24152847873107425,0.2418018018018018,0.3025936599423631,0.23118473172488296,0.24190064794816415,0.2421734436847787,0.3025179856115108,0.3027687882056814,0.22465851905104242,0.3029105282069709,0.2309626436781609,0.23123877917414723,0.24192390524048815,0.22461428058844635,0.23134863701578193,0.24202223019003227,0.24229390681003585,0.23145825868864206,0.23173352435530087,0.3021840315073398,0.3024337866857552,0.24221824686940965,0.22424892703862662,0.24240257418662853,0.2426733380986419,0.24294390853876385,0.24321428571428572,0.23134594787575866,0.24339757316202712,0.24366749910809846,0.24393723252496433,0.23137254901960785,0.2316464718460442,0.24403277520484504,0.22364672364672364,0.22392310430758278,0.301067615658363,0.30131625755958735,0.2240398293029872,0.23142552435122646,0.3013503909026297,0.24369449378330374,0.24396306818181818,0.23145189918352857,0.301277501774308,0.3015253636041149,0.22375886524822694,0.2314781992201347,0.2437987243090007,0.3014523556500177,0.24398016997167138,0.24424778761061947,0.24451521585279548,0.30137955429784224,0.23125884016973125,0.24460940261576528,0.3014134275618375,0.2313670081243377,0.23163841807909605,0.24461701376632544,0.23182780522230065,0.24479717813051147,0.24506346967559944,0.23193514275643284,0.2452431289640592,0.24550898203592814,0.30070422535211266,0.24568813797958466,0.22237860661505982,0.2458670418571931,0.30063291139240506,0.2460456942003515,0.30077301475755447,0.24622409553916402,0.3009129213483146,0.2313092313092313,0.2463157894736842,0.24658014731673097,0.24684431977559607,0.3007360672975815,0.2312543798177996,0.22171628721541156,0.23144257703081234,0.24676233811690584,0.2470258922323303,0.30045470444211264,0.2472027972027972,0.24746592100664103,0.3004891684136967,0.24764233321690535,0.2479050279329609,0.30052356020942406,0.24808094905792044,0.22113707708406,0.2482566248256625,0.23074241896131056,0.2484320557491289,0.3002438174851968,0.24860724233983286,0.3003828750435085,0.220946416144746,0.2306086956521739,0.3004172461752434,0.2210636079249218,0.24843641417651147,0.3004515456755818,0.30069444444444443,0.23047552933009371,0.24843858431644691,0.22095039889004509,0.30062413314840497,0.30086655112651645,0.24844074844074845,0.30100450294423275,0.3012465373961219,0.30148840429214263,0.22076124567474048,0.30162573503977863,0.24827109266943292,0.3017628759073626,0.3020041465100207,0.3022452504317789,0.24827348066298344,0.24853296513634796,0.3022774327122153,0.24870645050017248,0.2489655172413793,0.24922440537745605,0.3022053756030324,0.30244574578022737,0.22004132231404958,0.24922547332185888,0.3024776324845148,0.24939800481596147,0.24965612104539203,0.3025094534204194,0.24982817869415808,0.25008588114050156,0.21978021978021978,0.25025746652935116,0.25051475634866166,0.25077186963979414,0.30212620027434844,0.30236544394926296,0.25085675119945167,0.302500856457691,0.25102739726027395,0.25128380691543994,0.2515400410677618,0.3024290112897708,0.2274281805745554,0.30256410256410254,0.25153793574846206,0.21899555859241543,0.2192622950819672,0.30249231819733696,0.3027303754266212,0.3029682702149437,0.2271487039563438,0.2512785543811797,0.25153374233128833,0.3028960817717206,0.30313351498637603,0.2271024855294518,0.25153165418652146,0.3031643416127935,0.2272108843537415,0.25161509690581435,0.25186947654656694,0.2521236833163439,0.2523777173913043,0.22716468590831917,0.3027834351663272,0.2524601289446895,0.2527137042062415,0.2529671074940658,0.2271186440677966,0.22738054896645205,0.3025067750677507,0.25296308838469356,0.21767095463777927,0.2531302876480541,0.2273342354533153,0.2532972607372337,0.3022312373225152,0.2274417032781345,0.30236486486486486,0.2276258020938872,0.25320729237002026,0.3023962200472494,0.22773279352226722,0.21720067453625633,0.2532029669588672,0.2534546680148298,0.25370619946091644,0.2539575614685079,0.2542087542087542,0.2275328172332548,0.21702557200538358,0.2542885973763875,0.25453934095494285,0.25478991596638656,0.3014112903225806,0.22741014444071211,0.21692411014103424,0.2171869754951326,0.25469798657718123,0.2549480040254948,0.22736418511066397,0.30103922225947033,0.21715817694369974,0.21742043551088777,0.2273945077026122,0.21760964178105122,0.22757697456492637,0.3007694881231181,0.22775919732441471,0.2544299565362755,0.25467914438502676,0.21750751754092884,0.2548430193720775,0.22771285475792988,0.30040053404539385,0.25492158825492156,0.21747831887925284,0.22774258086028676,0.228,0.22825724758413862,0.2548301132578281,0.22843822843822845,0.29993342210386154,0.2549084858569052,0.21723220226214238,0.29996674426338543,0.2283909574468085,0.3000997008973081,0.30033222591362124,0.2172035868482232,0.2546480743691899,0.21739130434782608,0.21765096217650962,0.30016583747927034,0.2546419098143236,0.300298309579052,0.3005301524188204,0.300761841669427,0.254635761589404,0.30089374379344586,0.25479814692256786,0.22758848825669864,0.25496031746031744,0.2171900826446281,0.25512227362855255,0.21737694086554343,0.22754293262879788,0.22779795311984152,0.22805280528052804,0.255031342791158,0.21734828496042216,0.22815694032311243,0.21753460777851022,0.25502471169686985,0.22826086956521738,0.21764899571946,0.21790651744568795,0.21816386969397827,0.22828947368421051,0.2992436698454456,0.2284681130834977,0.29937561616825503,0.25459921156373194,0.2548440065681445,0.25508864084044647,0.25533311453889074,0.2992125984251969,0.2994424401443096,0.25540983606557377,0.21763356276630613,0.25557011795543905,0.29937766131673765,0.29960707269155207,0.22782324058919803,0.2555628272251309,0.2996401701014066,0.22792674950948333,0.21739130434782608,0.21764705882352942,0.21790264619405422,0.2994774657086871,0.2997061704211557,0.29993472584856395,0.25513866231647636,0.21787345075016307,0.2552983371372677,0.29986962190352023,0.30009775171065495,0.3003257328990228,0.2552914360143276,0.3004557291666667,0.21770257077774163,0.2553675992192583,0.255609756097561,0.30039011703511054,0.2557686057848554,0.25601039636127354,0.21760311789542058,0.3003246753246753,0.2177864329763064,0.30045425048669694,0.2559195588712293,0.3005836575875486,0.2560777957860616,0.22618276085547634,0.3006154842889537,0.25615284974093266,0.25639365490449983,0.2174757281553398,0.30054998382400516,0.21765847347994827,0.3006789524733269,0.3009049773755656,0.21777059773828755,0.25613695090439276,0.2257022925411689,0.22595222724338282,0.22620200064536947,0.3006451612903226,0.21767171880038697,0.30077369439071566,0.2558814050918466,0.226159793814433,0.300805152979066,0.3010302640051513,0.301255230125523,0.2261904761904762,0.22643936957220973,0.21736334405144694,0.30118932819029254,0.301413881748072,0.3016382910375843,0.3018625561978163,0.2173354735152488,0.25513478818998714,0.3018928456849535,0.21744708146247593,0.3020198781660789,0.3022435897435897,0.3024671579621916,0.2549647661755285,0.25520333013128405,0.22567221510883484,0.3024,0.21721049264235445,0.22577550367764632,0.2260230179028133,0.30233301374240973,0.30255591054313097,0.217183008623443,0.21743295019157088,0.21768273220555379,0.2179323548181238,0.30239234449760766,0.3026147959183674,0.30283710551482307,0.3030592734225621,0.2179037910162472,0.30318471337579617,0.22540592168099333,0.21801400381922342,0.3032134902958956,0.2255089058524173,0.30333863275039746,0.21805467260012715,0.25357483317445184,0.30336721728081323,0.2254684026675135,0.2180952380952381,0.30339574738178354,0.22557106598984772,0.2534094513162068,0.2536461636017755,0.22567353407290017,0.21799746514575413,0.30313588850174217,0.3033565547815073,0.2535612535612536,0.30348101265822786,0.21796899715279974,0.3036053130929791,0.2254189061018021,0.21807838179519595,0.22559241706161137,0.21825647504737838,0.25323650142090304,0.3033459595959596,0.2533922372988324,0.22555205047318613,0.21822768842636392,0.30327868852459017,0.30349826662464546,0.21833648393194707,0.22551181102362206,0.3035264483627204,0.3037456720176267,0.25298930144745124,0.30386914123938347,0.22547169811320755,0.2530650738761396,0.30389692017598996,0.21803330191643103,0.30402010050251255,0.3042386185243328,0.2529817953546767,0.30436146846564166,0.21800501882057716,0.21825023518344308,0.30438871473354234,0.3046067063616421,0.21835839598997495,0.22486689633573442,0.2185347526612398,0.2187793427230047,0.2525031289111389,0.21895527056615577,0.25265791119449654,0.2528915286026883,0.3040625,0.2189940643548891,0.2245471580262336,0.21916952856696847,0.2194132334581773,0.30390015600624026,0.30411728009981287,0.30433426878702835,0.2194513715710723,0.22436896229354938,0.3043613707165109,0.21955777016505762,0.21980074719800746,0.22004357298474944,0.2520224019912881,0.22021772939346812,0.3041044776119403,0.2203916692570718,0.25201988812927284,0.25225225225225223,0.22391304347826088,0.22042843837317602,0.30384854127870886,0.3040645361464474,0.22053349875930522,0.22387596899224807,0.3040917544947303,0.220638363805392,0.3042131350681537,0.30442861567048624,0.2238390092879257,0.25162488393686167,0.22060643564356436,0.22084751005258274,0.25170068027210885,0.30417310664605873,classic
