2_133739728_133771254,1.0,1.0,0.3333333333333333,0.5,0.6,0.16666666666666666,0.42857142857142855,0.25,0.1111111111111111,0.4,0.45454545454545453,0.5,0.23076923076923078,0.2857142857142857,0.4666666666666667,0.5,0.23529411764705882,0.5,0.5263157894736842,0.55,0.23809523809523808,0.5454545454545454,0.21739130434782608,0.25,0.24,0.2692307692307692,0.48148148148148145,0.07142857142857142,0.27586206896551724,0.1,0.45161290322580644,0.125,0.45454545454545453,0.47058823529411764,0.2,0.4722222222222222,0.4864864864864865,0.23684210526315788,0.1282051282051282,0.475,0.4878048780487805,0.14285714285714285,0.4883720930232558,0.18181818181818182,0.15555555555555556,0.4782608695652174,0.19148936170212766,0.4791666666666667,0.4897959183673469,0.2,0.49019607843137253,0.5,0.18867924528301888,0.5,0.509090909090909,0.5178571428571429,0.19298245614035087,0.20689655172413793,0.22033898305084745,0.13333333333333333,0.4918032786885246,0.22580645161290322,0.49206349206349204,0.234375,0.24615384615384617,0.16666666666666666,0.1791044776119403,0.25,0.13043478260869565,0.18571428571428572,0.4507042253521127,0.25,0.136986301369863,0.14864864864864866,0.25333333333333335,0.15789473684210525,0.16883116883116883,0.4230769230769231,0.17721518987341772,0.425,0.18518518518518517,0.24390243902439024,0.1927710843373494,0.4166666666666667,0.4235294117647059,0.2441860465116279,0.19540229885057472,0.42045454545454547,0.42696629213483145,0.24444444444444444,0.15384615384615385,0.25,0.41935483870967744,0.19148936170212766,0.42105263157894735,0.25,0.25773195876288657,0.2653061224489796,0.15151515151515152,0.16,0.26732673267326734,0.4019607843137255,0.27184466019417475,0.40384615384615385,0.2761904761904762,0.2830188679245283,0.2897196261682243,0.17592592592592593,0.1559633027522936,0.39090909090909093,0.16216216216216217,0.17857142857142858,0.2831858407079646,0.2894736842105263,0.2956521739130435,0.3793103448275862,0.1794871794871795,0.16101694915254236,0.29411764705882354,0.16666666666666666,0.18181818181818182,0.29508196721311475,0.18699186991869918,0.3629032258064516,0.296,0.19047619047619047,0.2992125984251969,0.1953125,0.3023255813953488,0.3076923076923077,0.1984732824427481,0.20454545454545456,0.15789473684210525,0.34328358208955223,0.34814814814814815,0.3014705882352941,0.30656934306569344,0.15942028985507245,0.16546762589928057,0.17142857142857143,0.3404255319148936,0.3028169014084507,0.34265734265734266,0.3055555555555556,0.3103448275862069,0.3424657534246575,0.19047619047619047,0.16891891891891891,0.19463087248322147,0.34,0.304635761589404,0.3092105263157895,0.19607843137254902,0.16883116883116883,0.33548387096774196,0.3076923076923077,0.17197452229299362,0.310126582278481,0.3333333333333333,0.3375,0.3416149068322981,0.30864197530864196,0.17177914110429449,0.34146341463414637,0.34545454545454546,0.3072289156626506,0.31137724550898205,0.31547619047619047,0.31952662721893493,0.3235294117647059,0.32748538011695905,0.18023255813953487,0.32947976878612717,0.3333333333333333,0.1657142857142857,0.3352272727272727,0.1807909604519774,0.1853932584269663,0.3240223463687151,0.18888888888888888,0.19337016574585636,0.32967032967032966,0.3224043715846995,0.33152173913043476,0.33513513513513515,0.3225806451612903,0.32620320855614976,0.32978723404255317,0.3333333333333333,0.33157894736842103,0.18848167539267016,0.3333333333333333,0.3316062176165803,0.19072164948453607,0.3333333333333333,0.336734693877551,0.3299492385786802,0.3333333333333333,0.33668341708542715,0.335,0.1890547263681592,0.33663366336633666,0.3399014778325123,0.14705882352941177,0.15121951219512195,0.3300970873786408,0.15458937198067632,0.3317307692307692,0.15789473684210525,0.3333333333333333,0.33175355450236965,0.33490566037735847,0.3333333333333333,0.3364485981308411,0.3395348837209302,0.1574074074074074,0.3317972350230415,0.3394495412844037,0.3424657534246575,0.1590909090909091,0.33031674208144796,0.34234234234234234,0.17488789237668162,0.33035714285714285,0.3422222222222222,0.1592920353982301,0.16299559471365638,0.32894736842105265,0.3318777292576419,0.17391304347826086,0.1645021645021645,0.33620689655172414,0.16738197424892703,0.33760683760683763,0.3404255319148936,0.326271186440678,0.34177215189873417,0.3445378151260504,0.3472803347280335,0.17083333333333334,0.16597510373443983,0.32231404958677684,0.16872427983539096,0.3237704918032787,0.17142857142857143,0.3252032520325203,0.32793522267206476,0.1693548387096774,0.3293172690763052,0.336,0.3386454183266932,0.17063492063492064,0.17391304347826086,0.33858267716535434,0.3411764705882353,0.17578125,0.3424124513618677,0.17829457364341086,0.18146718146718147,0.3192307692307692,0.1839080459770115,0.32061068702290074,0.33840304182509506,0.16287878787878787,0.32075471698113206,0.3233082706766917,0.1647940074906367,0.3358208955223881,0.16728624535315986,0.17037037037037037,0.33579335793357934,0.31985294117647056,0.336996336996337,0.17153284671532848,0.32,0.322463768115942,0.17328519855595667,0.3237410071942446,0.3333333333333333,0.325,0.17437722419928825,0.3262411347517731,0.17667844522968199,0.1795774647887324,0.1824561403508772,0.32517482517482516,0.18466898954703834,0.3263888888888889,0.32525951557093424,0.18620689655172415,0.32646048109965636,0.18835616438356165,0.19112627986348124,0.3231292517006803,0.3254237288135593,0.19256756756756757,0.3265993265993266,0.19463087248322147,0.16387959866220736,0.32,0.32558139534883723,0.19536423841059603,0.32673267326732675,0.32894736842105265,0.33114754098360655,0.3333333333333333,0.3355048859934853,0.16233766233766234,0.313915857605178,0.33548387096774196,0.19292604501607716,0.33653846153846156,0.33865814696485624,0.1942675159235669,0.3396825396825397,0.16139240506329114,0.34069400630914826,0.34276729559748426,0.19435736677115986,0.1625,0.3052959501557632,0.30745341614906835,0.19504643962848298,0.30864197530864196,0.16307692307692306,0.3098159509202454,0.3363914373088685,0.16463414634146342,0.3100303951367781,0.31212121212121213,0.1933534743202417,0.3132530120481928,0.3153153153153153,0.31736526946107785,0.19402985074626866,0.31845238095238093,0.19584569732937684,0.32840236686390534,0.3303834808259587,0.16176470588235295,0.3313782991202346,0.16374269005847952,0.31486880466472306,0.3168604651162791,0.3188405797101449,0.3208092485549133,0.3227665706051873,0.32471264367816094,0.16332378223495703,0.32571428571428573,0.32763532763532766,0.1903409090909091,0.3286118980169972,0.3305084745762712,0.3323943661971831,0.3202247191011236,0.16246498599439776,0.32122905027932963,0.33147632311977715,0.3333333333333333,0.32132963988919666,0.3342541436464088,0.162534435261708,0.32142857142857145,0.1863013698630137,0.16393442622950818,0.33242506811989103,0.16576086956521738,0.31978319783197834,0.3216216216216216,0.32345013477088946,0.32526881720430106,0.32707774798927614,0.32887700534759357,0.16533333333333333,0.3271276595744681,0.32891246684350134,0.328042328042328,0.1662269129287599,0.32894736842105265,0.33070866141732286,0.32722513089005234,0.3289817232375979,0.3307291666666667,0.33246753246753247,0.3290155440414508,0.3333333333333333,0.33505154639175255,0.33676092544987146,0.17692307692307693,0.3375959079283887,0.3392857142857143,0.34096692111959287,0.3426395939086294,0.1620253164556962,0.3434343434343434,0.3224181360201511,0.3442211055276382,0.3458646616541353,0.175,0.34663341645885287,0.3208955223880597,0.34739454094292804,0.349009900990099,0.3506172839506173,0.16009852216748768,0.3194103194103194,0.17401960784313725,0.3202933985330073,0.32195121951219513,0.34793187347931875,0.34951456310679613,0.17433414043583534,0.321256038647343,0.3493975903614458,0.35096153846153844,0.3213429256594724,0.15789473684210525,0.3221957040572792,0.1738095238095238,0.32304038004750596,0.3246445497630332,0.15839243498817968,0.32547169811320753,0.3458823529411765,0.32629107981220656,0.32786885245901637,0.34579439252336447,0.17249417249417248,0.32790697674418606,0.345707656612529,0.1736111111111111,0.17551963048498845,0.1774193548387097,0.3264367816091954,0.32798165137614677,0.17848970251716248,0.18036529680365296,0.3416856492027335,0.3431818181818182,0.18140589569160998,0.15384615384615385,0.3431151241534989,0.32432432432432434,0.3258426966292135,0.3273542600896861,0.18120805369127516,0.34151785714285715,0.3273942093541203,0.3288888888888889,0.3303769401330377,0.3407079646017699,0.152317880794702,0.34140969162995594,0.34285714285714286,0.3442982456140351,0.15317286652078774,0.32751091703056767,0.15468409586056645,0.1565217391304348,0.3275488069414317,0.329004329004329,0.1771058315334773,0.15732758620689655,0.15913978494623657,0.1781115879828326,0.32762312633832974,0.1794871794871795,0.3368869936034115,0.3382978723404255,0.1592356687898089,0.326271186440678,0.3276955602536998,0.33755274261603374,0.3389473684210526,0.17857142857142858,0.15932914046121593,0.3389121338912134,0.325678496868476,0.33958333333333335,0.340956340956341,0.34232365145228216,0.15942028985507245,0.34297520661157027,0.16082474226804125,0.3230452674897119,0.34291581108829566,0.1762295081967213,0.3231083844580777,0.34285714285714286,0.34419551934826886,0.3231707317073171,0.32454361054766734,0.3259109311740891,0.17575757575757575,0.1592741935483871,0.17706237424547283,0.3413654618473896,0.17835671342685372,0.342,0.17964071856287425,0.3426294820717131,0.34393638170974156,0.18055555555555555,0.3445544554455445,0.3201581027667984,0.15779092702169625,0.34448818897637795,0.34577603143418467,0.34705882352941175,0.18003913894324852,0.318359375,0.18128654970760233,0.1575875486381323,0.15922330097087378,0.3449612403100775,0.34622823984526113,0.3474903474903475,0.1811175337186898,0.34807692307692306,0.18234165067178504,0.3486590038314176,0.1835564053537285,0.1851145038167939,0.1580952380952381,0.311787072243346,0.34724857685009486,0.3484848484848485,0.18525519848771266,0.3113207547169811,0.3126177024482109,0.15789473684210525,0.34709193245778613,0.34831460674157305,0.3121495327102804,0.31343283582089554,0.34823091247672255,0.34944237918215615,0.35064935064935066,0.18333333333333332,0.15711645101663585,0.3505535055350554,0.35174953959484345,0.18382352941176472,0.3100917431192661,0.31135531135531136,0.3510054844606947,0.3521897810218978,0.3114754098360656,0.15636363636363637,0.3121597096188748,0.3134057971014493,0.18264014466546113,0.35018050541516244,0.31351351351351353,0.3147482014388489,0.1561938958707361,0.34946236559139787,0.18246869409660108,0.35,0.3511586452762923,0.35231316725978645,0.18294849023090587,0.3528368794326241,0.184070796460177,0.31095406360424027,0.3527336860670194,0.3538732394366197,0.18453427065026362,0.3543859649122807,0.30998248686514884,0.15384615384615385,0.3542757417102967,0.3554006968641115,0.3565217391304348,0.1840277777777778,0.30849220103986136,0.185121107266436,0.153713298791019,0.15517241379310345,0.3080895008605852,0.1563573883161512,0.18524871355060035,0.18664383561643835,0.35213675213675216,0.18771331058020477,0.1890971039182283,0.1564625850340136,0.30560271646859083,0.35084745762711866,0.3062605752961083,0.35135135135135137,0.18887015177065766,0.35185185185185186,0.35294117647058826,0.18959731543624161,0.15577889447236182,0.3528428093645485,0.35392320534223703,0.19,0.30282861896838603,0.30398671096345514,0.35323383084577115,0.3543046357615894,0.30413223140495865,0.3547854785478548,0.18945634266886327,0.3042763157894737,0.19047619047619047,0.3540983606557377,0.35515548281505727,0.3562091503267974,0.3034257748776509,0.19055374592833876,0.3040650406504065,0.1525974025974026,0.3047001620745543,0.3058252427184466,0.3069466882067851,0.19032258064516128,0.3526570048309179,0.19131832797427653,0.35313001605136435,0.3541666666666667,0.192,0.3546325878594249,0.35566188197767146,0.1926751592356688,0.356120826709062,0.35714285714285715,0.15055467511885895,0.3575949367088608,0.19273301737756715,0.3580441640378549,0.19370078740157481,0.1509433962264151,0.29984301412872844,0.30094043887147337,0.3568075117370892,0.3015625,0.35725429017160687,0.3582554517133956,0.19284603421461896,0.15062111801242237,0.30077519379844964,0.3018575851393189,0.357032457496136,0.30246913580246915,0.1926040061633282,0.19384615384615383,0.19508448540706605,0.15030674846625766,0.3016845329249617,0.3547400611620795,0.19541984732824427,0.19664634146341464,0.3546423135464231,0.3009118541033435,0.30197268588770865,0.30303030303030304,0.3040847201210287,0.35347432024169184,0.3046757164404223,0.3057228915662651,0.3067669172932331,0.35285285285285284,0.3073463268365817,0.3532934131736527,0.3542600896860987,0.3074626865671642,0.14754098360655737,0.3541666666666667,0.3075780089153046,0.3545994065281899,0.35555555555555557,0.14792899408284024,0.3559822747415066,0.19174041297935104,0.30633284241531666,0.3558823529411765,0.19236417033773862,0.3563049853372434,0.35724743777452417,0.19298245614035087,0.14744525547445256,0.30466472303207,0.3056768558951965,0.3066860465116279,0.3076923076923077,0.35507246376811596,0.30824891461649784,0.3554913294797688,0.3564213564213564,0.19164265129682997,0.35683453237410073,0.3577586206896552,0.19225251076040173,0.35816618911174786,0.3590844062947067,0.1457142857142857,0.3594864479315264,0.30484330484330485,0.35988620199146515,0.19176136363636365,0.14609929078014183,0.3045325779036827,0.3055162659123055,0.3587570621468927,0.1918194640338505,0.3056338028169014,0.3066104078762307,0.35814606741573035,0.1458625525946704,0.3585434173669468,0.3594405594405594,0.19134078212290503,0.3598326359832636,0.19220055710306408,0.36022253129346316,0.3611111111111111,0.30374479889042993,0.36149584487534625,0.3623789764868603,0.1919889502762431,0.3627586206896552,0.36363636363636365,0.14442916093535077,0.364010989010989,0.19204389574759945,0.3643835616438356,0.19288645690834474,0.1448087431693989,0.30013642564802184,0.3010899182561308,0.3020408163265306,0.36277173913043476,0.36363636363636365,0.19241192411924118,0.14479025710419485,0.19324324324324324,0.300944669365722,0.36253369272237196,0.30148048452220727,0.3629032258064516,0.363758389261745,0.19302949061662197,0.36412315930388217,0.3649732620320856,0.19359145527369825,0.36533333333333334,0.36617842876165113,0.3670212765957447,0.36786188579017265,0.14323607427055704,0.36821192052980134,0.36904761904761907,0.14398943196829592,0.36939313984168864,0.19235836627140976,0.14473684210526316,0.3692509855453351,0.14566929133858267,0.36959370904325034,0.14659685863874344,0.1477124183006536,0.1919060052219321,0.36897001303780963,0.3697916666666667,0.19245773732119636,0.37012987012987014,0.37094682230869,0.14766839378238342,0.2910737386804657,0.29198966408268734,0.37032258064516127,0.3711340206185567,0.37194337194337196,0.19151670951156813,0.3722721437740693,0.3730769230769231,0.147247119078105,0.1918158567774936,0.19284802043422733,0.37244897959183676,0.3732484076433121,0.28880407124681934,0.289707750952986,0.2906091370558376,0.14702154626108999,0.14810126582278482,0.29077117572692796,0.2916666666666667,0.29255989911727615,0.19143576826196473,0.2930817610062893,0.14824120603015076,0.1493099121706399,0.19172932330827067,0.2928660826032541,0.29375,0.149812734082397,0.36658354114713215,0.1917808219178082,0.2935323383084577,0.29440993788819875,0.1501240694789082,0.3655514250309789,0.36633663366336633,0.1915945611866502,0.2938271604938272,0.1504315659679408,0.1921182266009852,0.1931119311193112,0.36486486486486486,0.3656441717791411,0.2928921568627451,0.2937576499388005,0.15036674816625917,0.1514041514041514,0.2939024390243902,0.29476248477466505,0.1922141119221411,0.29526123936816523,0.1929611650485437,0.3624242424242424,0.1513317191283293,0.19347037484885127,0.19444444444444445,0.1519903498190591,0.3614457831325301,0.29362214199759323,0.36177884615384615,0.3625450180072029,0.29376498800959233,0.15209580838323353,0.3624401913875598,0.3632019115890084,0.3639618138424821,0.36471990464839094,0.1523809523809524,0.15338882282996433,0.2921615201900237,0.3641755634638197,0.29265402843601895,0.15384615384615385,0.29314420803782504,0.2939787485242031,0.294811320754717,0.2956419316843345,0.3623529411764706,0.36310223266745006,0.36384976525821594,0.3645955451348183,0.18969555035128804,0.19064327485380117,0.3644859813084112,0.3652275379229872,0.2937062937062937,0.15250291036088476,0.15348837209302327,0.2938443670150987,0.3642691415313225,0.3650057937427578,0.29398148148148145,0.3653179190751445,0.36605080831408776,0.36678200692041524,0.1889400921658986,0.29344073647871116,0.2942528735632184,0.29506314580941445,0.2958715596330275,0.15234822451317298,0.36498855835240274,0.296,0.2968036529680365,0.2976054732041049,0.15261958997722094,0.3640500568828214,0.36477272727272725,0.1532349602724177,0.29705215419501135,0.29784824462061155,0.2986425339366516,0.2994350282485876,0.3002257336343115,0.30101465614430667,0.15315315315315314,0.15410573678290213,0.30112359550561796,0.30190796857463525,0.30269058295964124,0.303471444568869,0.3042505592841163,0.30502793296089387,0.15401785714285715,0.3054626532887402,0.3062360801781737,0.30700778642936594,0.15444444444444444,0.3074361820199778,0.3082039911308204,0.3089700996677741,0.30973451327433627,0.18232044198895028,0.18322295805739514,0.35501653803748623,0.355726872246696,0.18371837183718373,0.18461538461538463,0.3556531284302964,0.35635964912280704,0.307776560788609,0.3085339168490153,0.15300546448087432,0.1539301310043668,0.3555070883315158,0.3082788671023965,0.30903155603917304,0.35543478260869565,0.18349619978284473,0.1540130151843818,0.15492957746478872,0.354978354978355,0.3081081081081081,0.183585313174946,0.18446601941747573,0.3545258620689655,0.35522066738428415,0.15483870967741936,0.3071965628356606,0.30793991416309013,0.35476956055734193,0.1841541755888651,0.30802139037433157,0.3547008547008547,0.3084311632870864,0.35501066098081024,0.154419595314164,0.3553191489361702,0.18384697130712008,0.18471337579617833,0.15482502651113467,0.15572033898305085,0.30687830687830686,0.35412262156448204,0.1562829989440338,0.18459915611814345,0.3540569020021075,0.3547368421052632,0.15667718191377497,0.18487394957983194,0.15739769150052466,0.15828092243186584,0.30471204188481676,0.18514644351464435,0.35318704284221525,0.35386221294363257,0.3044838373305527,0.3541666666666667,0.18522372528616024,0.158004158004158,0.1588785046728972,0.3039419087136929,0.3533678756476684,0.30434782608695654,0.1592554291623578,0.35330578512396693,0.18472652218782248,0.15979381443298968,0.3038105046343975,0.16049382716049382,0.16135662898252826,0.18480492813141683,0.16205128205128205,0.18545081967213115,0.16274309109518936,0.16359918200409,0.3503575076608784,0.18571428571428572,0.18654434250764526,0.18737270875763748,0.301119023397762,0.18800813008130082,0.3015228426395939,0.18864097363083165,0.30192502532928067,0.16295546558704455,0.3023255813953488,0.30303030303030304,0.16347124117053483,0.3467741935483871,0.3031218529707956,0.1881287726358149,0.16381909547738693,0.1646586345381526,0.3460381143430291,0.3466933867735471,0.1881881881881882,0.165,0.34665334665334663,0.3013972055888224,0.18843469591226322,0.1892430278884462,0.1900497512437811,0.34592445328031807,0.34657398212512414,0.3472222222222222,0.1645193260654113,0.3475247524752475,0.34817012858555885,0.1650197628458498,0.29911154985192495,0.29980276134122286,0.1891625615763547,0.18996062992125984,0.3470993117010816,0.3477406679764244,0.34838076545632973,0.29901960784313725,0.2997061704211557,0.1643835616438356,0.3479960899315738,0.1650390625,0.2995121951219512,0.18908382066276802,0.189873417721519,0.3472762645914397,0.34791059280855197,0.3485436893203884,0.34917555771096026,0.3498062015503876,0.3504356243949661,0.1895551257253385,0.2975845410628019,0.3503861003861004,0.18997107039537126,0.16377649325626203,0.29740134744947067,0.2980769230769231,0.34966378482228627,0.16410748560460653,0.2981783317353787,0.3496168582375479,0.2985645933014354,0.29923518164435947,0.3495702005730659,0.16412213740458015,0.29933269780743565,0.16476190476190475,0.29971455756422455,0.30038022813688214,0.3010446343779677,0.301707779886148,0.1876777251184834,0.1884469696969697,0.16461684011352887,0.34688090737240074,0.1652502360717658,0.3471698113207547,0.3477851083883129,0.1657250470809793,0.30009407337723426,0.16635338345864661,0.3474178403755869,0.300187617260788,0.3477038425492034,0.18726591760299627,0.30028063610851263,0.34766355140186916,0.3006535947712418,0.1875,0.34762348555452005,0.30074487895716945,0.3013953488372093,0.3475836431226766,0.30176415970287834,0.34786641929499074,0.1872103799814643,0.34814814814814815,0.1877890841813136,0.30129390018484287,0.30193905817174516,0.16420664206642066,0.30230414746543777,0.34714548802946593,0.16467341306347746,0.3474264705882353,0.3021120293847567,0.1651376146788991,0.3473877176901925,0.3021978021978022,0.302836230558097,0.16544789762340037,0.16621004566210046,0.3467153284671533,0.30264357338195075,0.18579234972677597,0.30300272975432213,0.16636363636363635,0.3033605812897366,0.3457350272232305,0.34632819582955576,0.34692028985507245,0.34751131221719456,0.16636528028933092,0.34778681120144533,0.18501805054151624,0.18575293056807934,0.30180180180180183,0.34743474347434744,0.16636690647482014,0.16711590296495957,0.3016157989228007,0.3022421524663677,0.30286738351254483,0.34646374216651743,0.167262969588551,0.18498659517426275,0.3464285714285714,0.16770740410347904,0.30213903743315507,0.1682991985752449,0.18505338078291814,0.3022222222222222,0.34547069271758435,0.18544809228039041,0.30230496453900707,0.18600531443755536,0.34513274336283184,0.34571175950486294,0.18639575971731448,0.18711385701676964,0.18783068783068782,0.345374449339207,0.3459507042253521,0.16710642040457344,0.1678383128295255,0.34591747146619845,0.3,0.18755477651183172,0.1681260945709282,0.18810148731408574,0.29982517482517484,0.1685589519650655,0.16928446771378708,0.18831734960767219,0.16986062717770034,0.299390774586597,0.17043478260869566,0.17115551694178974,0.18836805555555555,0.1717259323503903,0.17244367417677642,0.2987012987012987,0.29930795847750863,0.18841832324978391,0.29965457685664937,0.1725625539257981,0.17327586206896553,0.34022394487510765,0.1884681583476764,0.2992261392949269,0.29982817869415807,0.33991416309012873,0.3404802744425386,0.18851756640959727,0.2996575342465753,0.30025662959794697,0.30085470085470084,0.17250213492741248,0.30119453924914674,0.30179028132992325,0.3023850085178876,0.1727659574468085,0.30272108843537415,0.17332200509770604,0.3030560271646859,0.3375742154368109,0.338135593220339,0.30313293818797626,0.338409475465313,0.30346576500422656,0.1866554054054054,0.33839662447257385,0.18718381112984822,0.17270429654591407,0.3383838383838384,0.17325483599663583,0.33865546218487397,0.33921074727120065,0.30201342281879195,0.30259849119865884,0.18676716917922948,0.3389121338912134,0.3394648829431438,0.17293233082706766,0.18697829716193656,0.3394495412844037,0.3016666666666667,0.302248126561199,0.17304492512479203,0.3025768911055694,0.3388704318936877,0.3394190871369295,0.33996683250414594,0.1864125932062966,0.17301324503311258,0.30190239867659224,0.3396694214876033,0.34021469859620146,0.30198019801980197,0.1731244847485573,0.17380560131795716,0.30205761316872426,0.3026315789473684,0.33935907970419066,0.3399014778325123,0.34044298605414275,0.1737704918032787,0.3022113022113022,0.3404255319148936,0.30253475061324614,0.17401960784313725,0.17469387755102042,0.18433931484502447,0.3023634881825591,0.1750814332247557,0.30268510984540276,0.33902439024390246,0.3395613322502031,0.3400974025974026,0.1841038118410381,0.30226904376012964,0.18461538461538463,0.30258899676375406,0.185125303152789,0.3392568659127625,0.3397901533494754,0.3403225806451613,0.3408541498791297,0.17391304347826086,0.3016894609814964,0.17443729903536978,0.1751004016064257,0.3017656500802568,0.3023255813953488,0.1842948717948718,0.3026421136909528,0.3392,0.3029576338928857,0.3035143769968051,0.18435754189944134,0.3038277511961722,0.3043824701195219,0.18471337579617833,0.3046937151949085,0.1740858505564388,0.18506751389992057,0.3373015873015873,0.337827121332276,0.33835182250396195,0.18527315914489312,0.33860759493670883,0.30355731225296445,0.17377567140600317,0.17442778216258878,0.1750788643533123,0.17572892040977148,0.33779527559055117,0.1848937844217152,0.1761006289308176,0.1767478397486253,0.3021978021978022,0.33725490196078434,0.30250783699059564,0.3375097885669538,0.3380281690140845,0.3385457388584832,0.3390625,0.3395784543325527,0.34009360374414976,0.17614964925954793,0.17679127725856697,0.177431906614786,0.33981337480559876,0.18337218337218336,0.34006211180124224,0.18386346004654772,0.3,0.17738187451587917,0.3397832817337461,0.17788089713843774,0.178516228748068,0.33976833976833976,0.2993827160493827,0.18350038550501158,0.18412942989214176,0.29946112394149343,0.3,0.17832436587240585,0.17895545314900155,0.33844973138910206,0.3389570552147239,0.2996168582375479,0.3392036753445635,0.17903596021423107,0.2996941896024465,0.3391902215431627,0.17938931297709923,0.18001525553012968,0.18064024390243902,0.18126428027418126,0.3386605783866058,0.1817490494296578,0.182370820668693,0.33864844343204253,0.18285280728376327,0.3388931008339651,0.3393939393939394,0.2975018925056775,0.33963691376701965,0.18291761148904007,0.33987915407854985,0.34037735849056605,0.1832579185520362,0.34061793519216277,0.18373493975903615,0.2964635063957863,0.3406015037593985,0.18407212622088656,0.18018018018018017,0.34058514628657166,0.18440779610194902,0.1805243445692884,0.3405688622754491,0.3410620792819746,0.18460388639760836,0.3412994772218073,0.18507462686567164,0.18568232662192394,0.3412816691505216,0.18019359642591215,0.18080357142857142,0.18141263940520447,0.2934621099554235,0.18188567186340016,0.18545994065281898,0.18606375092661231,0.18666666666666668,0.33974833456698744,0.29289940828402367,0.2934220251293422,0.18685376661742983,0.33948339483394835,0.18141592920353983,0.18717759764185704,0.1877761413843888,0.29286239882266374,0.18161764705882352,0.2931667891256429,0.18208516886930984,0.293470286133529,0.187683284457478,0.1824175824175824,0.18814055636896046,0.3372348207754206,0.18859649122807018,0.1891891891891892,0.1897810218978102,0.19037199124726478,0.2922740524781341,0.33648943918426805,0.3369723435225619,0.18181818181818182,0.19040697674418605,0.29193899782135074,0.19085631349782292,0.3364757070340827,0.2920289855072464,0.18175235336712528,0.29232995658465993,0.1822125813449024,0.18280346820809248,0.33574007220216606,0.18326118326118326,0.19033886085075702,0.3357348703170029,0.3362131029517639,0.1906474820143885,0.19122933141624732,0.19181034482758622,0.2907394113424264,0.19225251076040173,0.192831541218638,0.335243553008596,0.3357193987115247,0.19313304721030042,0.18227305218012865,0.18285714285714286,0.18344039971448964,0.1840228245363766,0.1931575196008553,0.19373219373219372,0.33451957295373663,0.33499288762446655,0.18407960199004975,0.2883522727272727,0.28885734563520227,0.18439716312056736,0.184975194897236,0.193342776203966,0.28874734607218683,0.3338048090523338,0.2890459363957597,0.3340395480225989,0.18489767113620326,0.1854724964739069,0.33403805496828753,0.18591549295774648,0.1928219563687544,0.19338959212376933,0.2881236823612087,0.288623595505618,0.3333333333333333,0.18583450210378682,0.2887175893482831,0.3333333333333333,0.1861441567529741,0.28881118881118883,0.3333333333333333,0.18645251396648044,0.3335659455687369,0.19246861924686193,0.1867595818815331,0.19289693593314763,0.1871955462769659,0.3331015299026426,0.18763029881862406,0.2875,0.19292158223455932,0.332871012482663,0.2875952875952876,0.2880886426592798,0.1875432525951557,0.18810511756569848,0.28818244644091223,0.18853591160220995,0.189095928226363,0.19241379310344828,0.2880771881461061,0.1893939393939394,0.3310392291810048,0.3314993122420908,0.18969072164948453,0.3317307692307692,0.19011667810569663,0.1906721536351166,0.19191226867717615,0.28698630136986303,0.2874743326488706,0.33105335157318744,0.19070403280929596,0.1919398907103825,0.28737201365187715,0.19099590723055934,0.19154737559645535,0.3303814713896458,0.19196732471068753,0.19251700680272107,0.2868796736913664,0.19293478260869565,0.28716904276985744,0.19131614654002713,0.19186440677966102,0.19241192411924118,0.1929587000677048,0.32882273342354534,0.28668018931710615,0.28716216216216217,0.28764348413234303,0.19298245614035087,0.19217801753202968,0.19339622641509435,0.28754208754208754,0.288021534320323,0.19233355749831876,0.1928763440860215,0.28811282740094024,0.19328859060402684,0.1938296445338699,0.32640750670241286,0.1942397856664434,0.2878179384203481,0.19264214046822742,0.28810160427807485,0.28857715430861725,0.19292389853137518,0.1934623082054703,0.194,0.1938707528314457,0.3249001331557923,0.2880904856952761,0.32513297872340424,0.19401993355481728,0.28818061088977426,0.28865295288652953,0.3249336870026525,0.32538104705102716,0.28874172185430463,0.28921244209133024,0.3253968253968254,0.19365499008592202,0.19418758256274768,0.2891089108910891,0.32519788918205805,0.1924851680949242,0.28919631093544135,0.19420671494404212,0.19473684210526315,0.19263642340565418,0.19513797634691196,0.32435981615233095,0.19291338582677164,0.28852459016393445,0.32437745740498036,0.19318925998690242,0.1950261780104712,0.19555264879005888,0.1934640522875817,0.1959503592423253,0.3237597911227154,0.2876712328767123,0.3239895697522816,0.19348534201954398,0.2877604166666667,0.19388418998048146,0.288036410923277,0.2884990253411306,0.19415584415584416,0.1946787800129786,0.19520103761348898,0.19507453013609852,0.3225388601036269,0.19546925566343043,0.19598965071151359,0.28765352294764057,0.19638242894056848,0.2879276952872821,0.19483870967741934,0.28820116054158607,0.32152061855670105,0.19510624597553122,0.32175032175032175,0.1954983922829582,0.19601542416452442,0.3217726396917148,0.196405648267009,0.19692110327132778,0.28717948717948716,0.19730941704035873,0.3213828425096031,0.2872680742162508,0.2877237851662404,0.197444089456869,0.2879948914431673,0.3209955328653478,0.19770408163265307,0.28808158062460165,0.32101910828025476,0.19796308084022915,0.3212468193384224,0.19834710743801653,0.2878017789072427,0.19365079365079366,0.2880710659898477,0.28852251109701965,0.19835234474017743,0.2887903736542115,0.19873417721518988,0.19924098671726756,0.3198482932996207,0.19330385344283008,0.32007575757575757,0.2883280757097792,0.19924337957124844,0.19344675488342786,0.2884130982367758,0.3196979232221523,0.19937106918238995,0.1998742928975487,0.31972361809045224,0.2002510985561833,0.20075282308657466,0.19310344827586207,0.287593984962406,0.28804007514088914,0.3191489361702128,0.20075046904315197,0.288125,0.28856964397251716,0.2009987515605493,0.288833437305053,0.2892768079800499,0.2012461059190031,0.20174346201743462,0.1922837585563161,0.2891791044776119,0.2896208825357365,0.20186335403726707,0.31719428926132837,0.2022332506203474,0.3174209547427154,0.20260223048327136,0.20309597523219813,0.19183168316831684,0.3172541743970315,0.20333745364647712,0.19209388511426806,0.3172839506172839,0.31770512029611353,0.2034525277435265,0.1922365988909427,0.31773399014778325,0.2036923076923077,0.20418204182041821,0.28703134603564845,0.19226044226044225,0.20441988950276244,0.2049079754601227,0.2869405272838749,0.20526960784313725,0.20575627679118189,0.3164014687882497,0.2868501529051988,0.20599022004889975,0.1918142944410507,0.2869352869352869,0.28737034777303233,0.20609756097560974,0.20658135283363802,0.315468940316687,0.19172245891661593,0.1922141119221411,0.28693009118541035,0.287363304981774,0.2877959927140255,0.28822815533980584,0.28865979381443296,0.3145454545454546,0.2059357964869776,0.2887409200968523,0.3145795523290986,0.20616686819830712,0.2066465256797583,0.3146135265700483,0.19130959565479783,0.206875753920386,0.19168173598553345,0.19216867469879517,0.28777844671884406,0.3140794223826715,0.19242333132892364,0.20673076923076922,0.2876876876876877,0.31392557022809126,0.20695860827834434,0.20743405275779375,0.2079089275014979,0.2874251497005988,0.28785158587672055,0.20813397129186603,0.2881052002390915,0.2084826762246117,0.208955223880597,0.2881861575178998,0.28861061419200956,0.31227651966626935,0.209053007742704,0.19107142857142856,0.28851873884592505,0.19143876337693222,0.31194295900178254,0.20902612826603326,0.1916913946587537,0.31198102016607354,0.2880853586247777,0.20912322274881517,0.28833629366489044,0.19171597633136095,0.3116499112950917,0.19208037825059102,0.2090962787950384,0.28807556080283353,0.31150442477876106,0.19221698113207547,0.2881555686505598,0.20906949352179033,0.3113596233078281,0.20941176470588235,0.20987654320987653,0.21034077555816685,0.3112155020551967,0.19190140845070422,0.3114369501466276,0.19226260257913247,0.19273579379027533,0.2101873536299766,0.1930953774136922,0.3111111111111111,0.2863822326125073,0.2867990654205608,0.287215411558669,0.31096849474912486,0.19300291545189505,0.19347319347319347,0.3110075713453698,0.20954598370197905,0.21000581733566026,0.311046511627907,0.2864613596746078,0.19337979094076654,0.1938479396401625,0.1943155452436195,0.31072463768115943,0.3111239860950174,0.19455703532136653,0.19502314814814814,0.31116252168883746,0.19537572254335261,0.19584055459272098,0.19630484988452657,0.19676860934795154,0.1972318339100346,0.20864553314121037,0.31048387096774194,0.19746689694876224,0.19792865362485615,0.2840713053479011,0.19827586206896552,0.1987363584147042,0.3099885189437428,0.3103843947217441,0.20814220183486237,0.2836676217765043,0.3104238258877434,0.1986262163709216,0.31064073226544625,0.3110348770726129,0.208,0.2832667047401485,0.3110730593607306,0.20821448944666288,0.19840364880273662,0.2831908831908832,0.2835990888382688,0.19863403528742174,0.19908987485779295,0.28368391131324616,0.2840909090909091,0.3100511073253833,0.20771850170261066,0.3102665910380034,0.28401360544217685,0.20793201133144476,0.19875424688561721,0.2840973401245048,0.30995475113122173,0.2843414358394573,0.3101694915254237,0.2845849802371542,0.31038374717832956,0.28482797518330516,0.310597519729425,0.28507042253521125,0.3108108108108108,0.28531232414181207,0.3110236220472441,0.2855536818437324,0.3112359550561798,0.2857944974733296,0.3114478114478115,0.2860347728547392,0.3116591928251121,0.28627450980392155,0.19708846584546472,0.31169557918298824,0.28635346756152125,0.19731693683622134,0.311731843575419,0.31211613623673923,0.28627232142857145,0.28667038482989404,0.2870680044593088,0.31197771587743733,0.20489977728285078,0.3121869782971619,0.28698553948832034,0.3123957754307949,0.205,0.2870627429205997,0.2874583795782464,0.3122573488630061,0.19623059866962306,0.20498614958448755,0.287375415282392,0.3121195351411179,0.3125,0.28745163073521285,0.312707182320442,0.2048591938155715,0.19591611479028698,0.28736900165471596,0.28776185226019846,0.19614325068870522,0.19658590308370044,0.28783709411117225,0.28822882288228824,0.3117097306212204,0.1967032967032967,0.2883031301482702,0.31174533479692645,0.31212287438288533,0.3125,0.3128767123287671,0.28806133625410735,0.31308155446086483,0.2882932166301969,0.19628212137780207,0.31311475409836065,0.20316766794101584,0.3133187772925764,0.31369339879978175,0.20338058887677207,0.3138964577656676,0.2875816993464052,0.3140990745781165,0.2878128400435256,0.19575856443719414,0.28804347826086957,0.31395980445410104,0.31433224755700323,0.31470428648941945,0.1957700650759219,0.28780487804878047,0.28819068255687974,0.31456415809420685,0.31493506493506496,0.20227149810708492,0.2881081081081081,0.2884927066450567,0.3147948164146868,0.2887209929843497,0.3149946062567422,0.19514824797843666,0.28879310344827586,0.28917609046849757,0.3148546824542519,0.20172135556750942,0.289247311827957,0.3148844707146695,0.31525241675617616,0.19484702093397746,0.315450643776824,0.20160857908847185,0.28885316184351556,0.19496518478843064,0.2890792291220557,0.19529159978598182,0.3149732620320856,0.3153393907001603,0.28899572649572647,0.3155365723438334,0.2892209178228389,0.3157333333333333,0.2894456289978678,0.31592967501331914,0.2896698615548456,0.31612559872272483,0.31648936170212766,0.2897395002658161,0.20031880977683317,0.20074349442379183,0.2898089171974522,0.19416445623342174,0.2900318133616119,0.19448860625331213,0.19491525423728814,0.29010058231868713,0.2904761904761905,0.195134849286092,0.3150105708245243,0.3153724247226624,0.20010559662090813,0.31556728232189973,0.20042194092827004,0.28993147074327885,0.315595363540569,0.20063191153238547,0.19473684210526315,0.3156233561283535,0.1950578338590957,0.19548081975827641,0.31565126050420167,0.2005249343832021,0.195697796432319,0.3156790770844258,0.3160377358490566,0.2006286013619696,0.19581151832460733,0.28833071690214546,0.28870292887029286,0.19602718243596445,0.3155694879832811,0.19634464751958225,0.2886221294363257,0.31559728742827337,0.3159541188738269,0.20010422094841063,0.20052083333333334,0.19625195210827695,0.2882414151925078,0.3156526261050442,0.316008316008316,0.31636363636363635,0.31671858774662515,0.3170731707317073,0.31742738589211617,0.20010368066355624,0.3176165803108808,0.2874158467115484,0.31780538302277433,0.19555095706156234,0.31799379524301963,0.2873385012919897,0.19576446280991736,0.2875580795043882,0.1996904024767802,0.28777720474471374,0.2881443298969072,0.19989696032972695,0.2883625128733265,0.28872876994338653,0.2001028806584362,0.20051413881748073,0.19527235354573483,0.2886492039034412,0.28901437371663247,0.31605951770138535,0.20051282051282052,0.19528446950281908,0.3160860655737705,0.2887864823348694,0.28915046059365407,0.2895140664961637,0.19529652351738241,0.2897291773122126,0.2900919305413687,0.31546707503828486,0.2,0.3156552779194289,0.3160040774719674,0.20020376974019358,0.31619144602851323,0.2005089058524173,0.2894201424211597,0.19471276054905948,0.2896341463414634,0.3158963941086846,0.2898477157360406,0.3160832064941654,0.20030425963488843,0.19462747085656362,0.1950354609929078,0.289620253164557,0.3157894736842105,0.3161355589276682,0.2896865520728008,0.19504800404244568,0.31616161616161614,0.19535588086824837,0.19979818365287588,0.20020171457387798,0.28931451612903225,0.3158690176322418,0.3162134944612286,0.20030196275792653,0.2892354124748491,0.2895927601809955,0.3160804020100503,0.20040180813661476,0.31626506024096385,0.2895132965378826,0.3164493480441324,0.19448621553884712,0.2895791583166333,0.3164747120681021,0.1946946946946947,0.3166583291645823,0.2895,0.2898550724637681,0.1998001998001998,0.3165252121817274,0.31686626746506985,0.2,0.317048853439681,0.20029895366218237,0.31723107569721115,0.20059731209556994,0.2890547263681592,0.20089507707608156,0.31709741550695825,0.3174366616989568,0.28897715988083417,0.20099255583126552,0.31746031746031744,0.3177987109568666,0.20118929633300298,0.28875681030212974,0.2891089108910891,0.3176645225136071,0.2893175074183976,0.19278299555116163,0.28952569169960474,0.28987654320987655,0.19299111549851924,0.3172175629008387,0.1932938856015779,0.1936914736323312,0.2896551724137931,0.19399310684391924,0.28986220472440943,0.31677324151500247,0.29006882989183874,0.31695331695331697,0.19990176817288802,0.29013254786450665,0.20019627085377822,0.2005885237861697,0.2901960784313726,0.20088192062714355,0.31635651322233105,0.3166911404796867,0.19324853228962818,0.20097799511002445,0.31671554252199413,0.20127015144113336,0.20166015625,0.2894094680331869,0.31658536585365854,0.20185275475377865,0.20224171539961014,0.2893326838772528,0.31645569620253167,0.3167883211678832,0.31712062256809337,0.2022362664073894,0.1924198250728863,0.2889752306945119,0.3169902912621359,0.20232896652110627,0.2890397672162949,0.19243819680077556,0.28924418604651164,0.19273607748184018,0.2894482090997096,0.3164005805515239,0.3167311411992263,0.20202996616723054,0.2893719806763285,0.31675519072911634,0.19256756756756757,0.2894356005788712,0.3167791706846673,0.1927710843373494,0.31695568400770713,0.3172845450168512,0.2016361886429259,0.31746031746031744,0.3177884615384615,0.20182604517059105,0.2886647454370797,0.28900624099855976,0.19241842610364684,0.31750599520383693,0.28906999041227227,0.317680881648299,0.31800766283524906,0.2015318334131163,0.20191387559808613,0.288857006217121,0.2891969407265774,0.20210224558050646,0.31757402101241644,0.2892601431980907,0.2895992366412214,0.1917024320457797,0.2897998093422307,0.3172939494997618,0.1919047619047619,0.28986197049024276,0.3173168411037108,0.3176414645744175,0.3179657794676806,0.19192399049881234,0.2896486229819563,0.2899857617465591,0.3178368121442125,0.20104314841156948,0.3180094786729858,0.19185220274751302,0.2897727272727273,0.29010884997633696,0.31788079470198677,0.3182033096926714,0.31852551984877125,0.2900330656589514,0.29036827195467424,0.290703161868806,0.19150943396226416,0.31824611032531824,0.29076343072573047,0.20018841262364578,0.2909604519774011,0.1915294117647059,0.20037629350893696,0.2910202162670428,0.3176691729323308,0.20056364490371067,0.31784037558685446,0.2008446738620366,0.29080675422138835,0.2911392405063291,0.3177132146204311,0.29133489461358314,0.31788389513108617,0.3182030884417408,0.19083255378858746,0.19121084618980833,0.2911214953271028,0.31807566557683326,0.19140989729225025,0.2001866542230518,0.20055970149253732,0.31794871794871793,0.31826654240447344,0.29063809967396365,0.19134078212290503,0.20055839925546767,0.20093023255813955,0.2905625290562529,0.19144981412639406,0.31769623780771017,0.2906220984215413,0.20092807424593967,0.29081632653061223,0.3175707000463607,0.20111214087117701,0.31773969430291804,0.2013888888888889,0.3179083757519667,0.20166512488436633,0.31807674526121127,0.3183918669131238,0.3187066974595843,0.20175438596491227,0.3188740193816336,0.2896678966789668,0.31904103273397877,0.19032258064516128,0.319207738369415,0.2895948434622468,0.31937413713759777,0.2014719411223551,0.3195402298850575,0.31985294117647056,0.28938906752411575,0.3200183654729109,0.20146856356126663,0.3201834862385321,0.2017423200366804,0.18973418881759854,0.2890517636280348,0.32005494505494503,0.20183066361556065,0.3202195791399817,0.20210333790580703,0.20246800731261427,0.20283234353586113,0.32009132420091324,0.32040164308534913,0.18932481751824817,0.18969448244414044,0.2880583409298086,0.20273348519362186,0.28825136612021857,0.2885753299954483,0.31983621474067336,0.2028194633924511,0.32,0.20308950477055884,0.3201634877384196,0.2882433045846573,0.20326678765880218,0.3201814058956916,0.2883046237533998,0.18894426823742638,0.32019927536231885,0.2032593933906745,0.28823529411764703,0.2885572139303483,0.32007233273056057,0.2033438770899232,0.2037037037037037,0.3200902934537246,0.18862815884476533,0.2882273342354533,0.2885482416591524,0.3199639477242001,0.2036036036036036,0.2886087348041423,0.31998199819982,0.203778677462888,0.2886690647482014,0.18831460674157302,0.18867924528301888,0.3197126178715761,0.2885996409335727,0.31987438313144906,0.20358744394618833,0.32003585835948006,0.20385304659498207,0.18853560232870578,0.288272157564906,0.319910514541387,0.2039355992844365,0.32007152436298614,0.18856121537086684,0.18892362661902634,0.28794642857142855,0.31994645247657294,0.288135593220339,0.32010699955416855,0.3204099821746881,0.3207126948775056,0.28806767586821014,0.32087227414330216,0.20329181494661921,0.3210315695864829,0.32133333333333336,0.3216348289649045,0.2033747779751332,0.18819351975144252,0.28748890860692106,0.3215077605321508,0.20345744680851063,0.32166592822330525,0.20372010628875112,0.32182381584772024,0.32212389380530976,0.32242370632463513,0.1878868258178603,0.28678745028722935,0.2871024734982332,0.32229580573951433,0.32259488084730803,0.1879135421261579,0.32275132275132273,0.2869105332745703,0.20308370044052865,0.2870981946279172,0.20334507042253522,0.2872855257369116,0.20360598065083554,0.2874725274725275,0.3220562390158172,0.20377689942907334,0.28753292361720806,0.18736287845546293,0.3219298245614035,0.20385795703638754,0.287467134092901,0.2041173893999124,0.32180385288966723,0.32210065645514224,0.3223972003499563,0.20419763882815917,0.32255244755244755,0.20445609436435125,0.2868995633187773,0.18681798341335662,0.32242582897033156,0.32272132577409507,0.2868352223190933,0.2871459694989107,0.32273519163763065,0.32303003918154116,0.1866840731070496,0.32318399304045237,0.28695652173913044,0.2038244241634072,0.28714161598609905,0.28745115067303517,0.3229166666666667,0.2039045553145336,0.20424978317432785,0.32293021239705244,0.32322357019064124,0.20441749675184062,0.287012987012987,0.287321505841627,0.2876297577854671,0.28793774319066145,0.20440795159896283,0.3226781857451404,0.20466321243523317,0.3228312473025464,0.28774805867126835,0.3229840448469168,0.20474137931034483,0.1852649719948298,0.18561584840654607,0.2049074472664658,0.3227194492254733,0.28731182795698923,0.322871883061049,0.2874946282767512,0.28780068728522334,0.32288535852297123,0.32317596566523604,0.3234663234663235,0.20454545454545456,0.28761251607372484,0.20479862896315337,0.18501070663811564,0.3232020547945205,0.32349165596919127,0.20487596236099231,0.32364258230012827,0.20512820512820512,0.28705681332763777,0.32365499573014517,0.323943661971831,0.3242320819112628,0.2051172707889126,0.20545609548167093,0.3242437153813379,0.32453151618398635,0.20561941251596424,0.28638297872340424,0.2866865163760102,0.1840986394557823,0.2868678283042924,0.205607476635514,0.2059447983014862,0.20628183361629882,0.20661858294442087,0.323579304495335,0.3238660449342942,0.3241525423728814,0.2863193562049979,0.32430143945808637,0.20651713922979265,0.32445008460236885,0.1835095137420719,0.3245984784446323,0.18377693282636248,0.2858952702702703,0.20641620937104263,0.32447257383966244,0.3247574862927035,0.18381112984822934,0.324905183312263,0.18407750631844988,0.32505263157894737,0.18434343434343434,0.3251998317206563,0.32548359966358287,0.2849936948297604,0.2852941176470588,0.2855942881142377,0.3253568429890848,0.18422156945027277,0.32550335570469796,0.18448637316561844,0.3256496227996647,0.28529534981147886,0.3257956448911223,0.20510673922143155,0.28535564853556483,0.28565453785027184,0.3256688963210702,0.20518178019222733,0.3258145363408521,0.32609603340292276,0.20534223706176963,0.3262411347517731,0.20558798999165973,0.2851187994997916,0.18375,0.1840899625156185,0.2851790174854288,0.3258426966292135,0.2853577371048253,0.1841995841995842,0.2855361596009975,0.20523473203157458,0.2857142857142857,0.28601079286010794,0.2053941908713693,0.2861883036084612,0.3250414593698176,0.28636552009946126,0.3251864125932063,0.2865424430641822,0.28683774834437087,0.2871328092676872,0.28742762613730355,0.18354692021496485,0.28760330578512394,0.2878975629904998,0.32452518579686207,0.2880726372265786,0.20462046204620463,0.32453608247422683,0.32481450948062657,0.32509270704573545,0.18327841845140033,0.28777274598600244,0.2880658436213992,0.2044426162073221,0.18338815789473684,0.28812166050143856,0.28841413311421527,0.18357289527720738,0.1839080459770115,0.28846942962659006,0.18416735028712058,0.28864288642886426,0.2889344262295082,0.2892257271609996,0.18427518427518427,0.18460908718788374,0.2892798690671031,0.3231083844580777,0.28945216680294356,0.32325296281160604,0.3235294117647059,0.28950592078399345,0.3236734693877551,0.18441452468380254,0.2030995106035889,0.289441500203832,0.3235533822330888,0.20325865580448066,0.32369706840390877,0.32397232397232395,0.3242473555736371,0.28914192761285074,0.32439024390243903,0.28931328728159283,0.18399675060926077,0.32440113682501015,0.28936688311688313,0.2028397565922921,0.32441200324412,0.2894203486015403,0.1839546191247974,0.20291616038882138,0.3242914979757085,0.28935653581545934,0.20307443365695793,0.32430246663970885,0.20331447049312854,0.28929292929292927,0.18376413570274636,0.18409366168752522,0.28934624697336564,0.1843485276321097,0.28951612903225804,0.18460298266827893,0.28968573730862207,0.20298026580749093,0.2898550724637681,0.29014084507042254,0.20313757039420757,0.18455971049457176,0.3227491961414791,0.2900763358778626,0.20321285140562248,0.2902448815736652,0.29052969502407705,0.20336943441636582,0.2036888532477947,0.2905811623246493,0.29086538461538464,0.184221065278334,0.2910328262610088,0.3217286914765906,0.2036,0.3218712514994002,0.32214228617106316,0.32241310427487013,0.18410543130990414,0.2906187624750499,0.290901835594573,0.20343039489429598,0.18421052631578946,0.2909525707453169,0.29123505976095615,0.20350457984866588,0.18431528662420382,0.29128531635495425,0.18456642800318218,0.2914512922465209,0.2917329093799682,0.29201430274135876,0.20333598093725178,0.18459706232631998,0.2920634920634921,0.2923443078143594,0.29262490087232357,0.3202536662703131,0.20324881141045958,0.29267326732673266,0.32026920031670625,0.32053818757419866,0.1843354430379747,0.2926057730328193,0.32055335968379445,0.2927696562623469,0.1844391785150079,0.29293328069482827,0.32044198895027626,0.20276134122287967,0.32058359621451105,0.20299566417027987,0.18439716312056736,0.29263489562820005,0.32047244094488186,0.29279811097992914,0.1845003933910307,0.2929610696028313,0.3203616352201258,0.20275049115913557,0.32050274941084056,0.32076953278366704,0.18445839874411302,0.2926637897214594,0.3207843137254902,0.2026656213249706,0.18456112852664577,0.3207990599294947,0.29248238057948317,0.1847358121330724,0.29264475743348983,0.3206883066093078,0.32095387021110244,0.29269245799140287,0.20234375,0.29285435376805935,0.32084309133489464,0.2930159968786578,0.18447737909516382,0.32085769980506823,0.2930631332813718,0.20218153486560186,0.2932242990654206,0.29349941611521996,0.32062256809338524,0.29366005445352006,0.2939346811819596,0.29420909444228527,0.32051282051282054,0.20194174757281552,0.2942546583850932,0.3205277454404346,0.2944142746314973,0.18379216750678556,0.18410852713178294,0.29445951181712515,0.29473276529821846,0.20170344560588463,0.18421052631578946,0.31992263056092846,0.32018561484918795,0.32044839582528023,0.2017001545595054,0.32058709926612594,0.32084942084942086,0.18409880355075262,0.32098765432098764,0.32124951793289624,0.18427139552814187,0.18458574181117535,0.32126348228043144,0.3215248363496342,0.20130869899923018,0.20161600615621392,0.20192307692307693,0.32141484044598234,0.202152190622598,0.20245870149827122,0.32142857142857145,0.3216890595009597,0.3219493476592479,0.3222094361334868,0.32246932515337423,0.322729014948256,0.20229885057471264,0.32286480275756413,0.29173047473200614,0.18369690011481057,0.3228768171384851,0.20229445506692162,0.183868501529052,0.1841803591899121,0.3227654698242933,0.3230240549828179,0.18435114503816794,0.32315909958031286,0.32341723874904654,0.2908882958444529,0.29115853658536583,0.18438095238095237,0.1846915460776847,0.29120669965740387,0.3230593607305936,0.32331685051350323,0.18479087452471482,0.3234511592550361,0.32370820668693007,0.20129130269654386,0.20159453302961275,0.323719165085389,0.20182094081942337,0.20212362533181646,0.29037149355572406,0.20234937476316786,0.290530303030303,0.32336236274138586,0.20249810749432248,0.20279984865682937,0.3233736762481089,0.20302457466918714,0.20332577475434618,0.3233849641103136,0.2035498489425982,0.289920724801812,0.290188679245283,0.18370426254243682,0.32315233785822023,0.29023746701846964,0.20346646571213264,0.18380414312617702,0.3230421686746988,0.3232969514490026,0.18397291196388263,0.3234298608499436,0.28984962406015036,0.184141300263059,0.18444778362133735,0.3233195644010514,0.18468468468468469,0.2896810506566604,0.32333083270817703,0.3235845519310086,0.3238380809595202,0.20269763956538028,0.20299625468164795,0.2894047173343317,0.2032185628742515,0.2035166479610924,0.2894540014958863,0.18429906542056074,0.28961136023916295,0.3231228987672768,0.20351008215085886,0.18439716312056736,0.18470149253731344,0.20365535248041775,0.2039522744220731,0.20424897502795378,0.20454545454545456,0.2048417132216015,0.32241250930752047,0.2050614067733532,0.28869047619047616,0.2889550018594273,0.20520446096654274,0.3221850613154961,0.2890044576523031,0.20534719643520238,0.18411284335560504,0.3220779220779221,0.3223293768545994,0.20541342232109752,0.3224610822831727,0.20563171545016673,0.20592592592592593,0.3224731580895964,0.32272390821613617,0.2881982981871994,0.28846153846153844,0.20591497227356748,0.32261640798226165,0.2885112670853343,0.20605612998522896,0.3226282761166482,0.32287822878228783,0.32312799704905937,0.20612094395280237,0.3232583855510505,0.20633750921149593,0.1830570902394107,0.3232695139911635,0.3235185866764814,0.18322295805739514,0.20632585509378448,0.20661764705882352,0.32341051084160233,0.3236590742101396,0.2067572530297466,0.20704845814977973,0.2869724770642202,0.20726338958180485,0.20755408874220754,0.2870234604105572,0.18285086112128984,0.28717948717948716,0.32295862321493957,0.2075402635431918,0.18294914013904134,0.18324798829553768,0.2076782449725777,0.28691520467836257,0.1834124954329558,0.18371073776479183,0.2077400511135451,0.28686131386861313,0.3221452024808464,0.287016776075857,0.3222748815165877,0.20772594752186588,0.28706739526411656,0.28732702112163144,0.18347287950491445,0.3220524017467249,0.3222990178246635,0.18363636363636363,0.18393311523082514,0.2870639534883721,0.28732292045041774,0.32207697893972403,0.1840290381125227,0.32220609579100146,0.3224519405150526,0.18419144307469182,0.3225806451612903,0.32282608695652176,0.32307135095979717,0.20673425054308472,0.28664495114006516,0.2869030390738061,0.28716094032549727,0.2874186550976139,0.1839537405131912,0.1842485549132948,0.28746840014445646,0.1844765342960289,0.18477084085167808,0.18506493506493507,0.3220338983050847,0.32227829848594086,0.3225225225225225,0.20605187319884727,0.20633777457688152,0.32253419726421884,0.28679381072328175,0.2870503597122302,0.18482560230133047,0.28720345075485265,0.32231404958677684,0.3225574712643678,0.3228007181328546,0.3230437903804738,0.32328668819519196,0.18472022955523673,0.18501254930082467,0.3232974910394265,0.3235399498387675,0.20558739255014327,0.2058718224131758,0.18503937007874016,0.32343470483005365,0.3236766809728183,0.18519842688594923,0.18548963545389563,0.3236870310825295,0.18571428571428572,0.3238129239557301,0.3240542469664525,0.18587227970032108,0.1861626248216833,0.3240641711229946,0.2851033499643621,0.1863199144994656,0.28525641025641024,0.28551085795656816,0.2857651245551601,0.28601921024546423,0.20483641536273114,0.2861713473160327,0.28642501776830137,0.2049733570159858,0.20525568181818182,0.28647497337593186,0.2867281760113556,0.18588151826888968,0.18617021276595744,0.28677773839064163,0.2870304748405386,0.2872830322352108,0.28753541076487255,0.32212389380530976,0.28768577494692144,0.186062964273081,0.28783592644978784,0.3220219158713326,0.2879858657243816,0.28823737195337334,0.2884887005649718,0.32192022590893044,0.20430486944248413,0.2885361552028219,0.20451339915373765,0.2047937962636588,0.20507399577167018,0.32159210989785136,0.28838028169014085,0.18549806406195002,0.3216045038705137,0.3218431234611326,0.32208157524613223,0.28822495606326887,0.20484891075193254,0.18545837723919917,0.28827247191011235,0.2885222885222885,0.2887719298245614,0.28902139600140303,0.28927068723702665,0.2895198037153873,0.2897687456201822,0.3211908931698774,0.20448179271708683,0.32131606580329014,0.2046885934219734,0.204966771598461,0.2895104895104895,0.2897588255854596,0.29000698812019565,0.18477121900104784,0.32087988826815644,0.2900523560209424,0.20481507327285414,0.2901988140913847,0.2904463040446304,0.3206692227256884,0.2905923344947735,0.18460466736328807,0.2907381615598886,0.3205708318830491,0.290883785664579,0.2911304347826087,0.2913769123783032,0.32047271463329857,0.20430854760250175,0.2914206321639458,0.20451388888888888,0.204790003471017,0.2914642609299098,0.1841831425598335,0.32004160887656036,0.2915077989601387,0.3201663201663202,0.3204018011776931,0.3206371191135734,0.32087227414330216,0.20449826989619377,0.2912487028709789,0.1839557399723375,0.18423781541652265,0.3206634416033172,0.3208981001727116,0.20441988950276244,0.18432861580945806,0.2908902691511387,0.32080027595722665,0.2910344827586207,0.32092381937263015,0.20434183321847002,0.18429211160868067,0.18457300275482094,0.3208261617900172,0.3210598761183758,0.3212934296525628,0.2905777166437414,0.18459951873496047,0.2907216494845361,0.29096530401923737,0.29120879120879123,0.18468932372124958,0.3208647906657515,0.3210977701543739,0.2037037037037037,0.3212204319506342,0.32145305003427005,0.2908530318602261,0.2910958904109589,0.3214652516261554,0.20362765229295005,0.20390010263427985,0.29103967168262657,0.2041025641025641,0.3212576896787423,0.2910830201571575,0.20423497267759563,0.3212700580402868,0.1839590443686007,0.2910269532582736,0.291268758526603,0.18411183088987385,0.29141104294478526,0.29165247018739354,0.32084468664850135,0.29179434797412324,0.2920353982300885,0.29227628445049336,0.2925170068027211,0.32063923835430125,0.18388851121685929,0.18416581719334013,0.32065217391304346,0.18438030560271648,0.1846571622539036,0.2921615201900237,0.3205563093622795,0.18480840963038317,0.18508474576271186,0.2921043713995256,0.32046070460704607,0.29224517439891634,0.18517264725795532,0.2027072758037225,0.32036535859269283,0.29218802840716945,0.3204868154158215,0.29232848935451167,0.3206081081081081,0.29246876055386695,0.2927076299797434,0.29294633817077287,0.32051282051282054,0.3207419898819562,0.20229265003371544,0.3208628244017526,0.32109164420485176,0.20242505894240484,0.18451178451178452,0.20262537866038371,0.32099596231493943,0.29229734275142955,0.2925353059852051,0.32100840336134456,0.2926747311827957,0.29291232784682564,0.3210208193418402,0.32124874118831825,0.2929530201342282,0.293190204629319,0.2022132796780684,0.18404290982232652,0.29323056300268097,0.29346733668341707,0.2937039517749498,0.20220957482423838,0.20247657295850066,0.2937437269989963,0.18394648829431437,0.2938816449348044,0.3201871657754011,0.20247243568326095,0.18403473613894455,0.32020033388981634,0.20260347129506007,0.29362696029362695,0.3202134756504336,0.2937645881960654,0.294,0.20259913362212595,0.2028647568287808,0.1838161838161838,0.31990679094540614,0.3201331114808652,0.18396540252827678,0.18423678084469572,0.18450797872340424,0.20272515785975406,0.20299003322259135,0.31982729990036535,0.20318725099601595,0.31994689678061733,0.20338420703384208,0.18441127694859039,0.3199602122015915,0.20351342393105734,0.18455931080185553,0.18482941371315004,0.29238410596026493,0.1850380668652764,0.3196558570483124,0.185246443929871,0.2923280423280423,0.3196694214876033,0.3198942498347654,0.2923686818632309,0.18527080581241745,0.1855397821063057,0.20297029702970298,0.29231276806334544,0.20316622691292877,0.18562479393339928,0.2923533289386948,0.31927512355848436,0.3194993412384717,0.18570958182416858,0.3196181698485846,0.18591641987495885,0.31973684210526315,0.1861229858599145,0.29191321499013806,0.20276043378245154,0.31964520367936927,0.3198686371100164,0.20288903479973736,0.29176238923531345,0.20308398950131235,0.3197769760577238,0.1859016393442623,0.31989511635529333,0.32011795543905636,0.18604651162790697,0.2914210870988867,0.18625204582651392,0.18651832460732984,0.2914622178606477,0.1867233485938522,0.29159856162144493,0.3196078431372549,0.2025481868670369,0.1868060091443501,0.3196212863206007,0.3198433420365535,0.29135399673735723,0.2025440313111546,0.2914900554287577,0.20273794002607562,0.3196480938416422,0.2029315960912052,0.2914360143275806,0.2916666666666667,0.1864627399934917,0.2918022121014964,0.31934959349593495,0.3195708712613784,0.31979200519987,0.20272904483430798,0.3199090613835661,0.20292207792207792,0.3200259655955858,0.3202465931213498,0.20304897826792084,0.3203631647211414,0.18606158833063208,0.18632534024627348,0.3203757693553612,0.2030440414507772,0.18646811265781807,0.2906148867313916,0.1866709802652863,0.1869340232858991,0.3200775945683802,0.18713639301874596,0.29046849757673665,0.29069767441860467,0.3199870842751049,0.2908327953518399,0.29106163278476926,0.1870967741935484,0.291196388261851,0.31979368149580917,0.32001289075088624,0.20231958762886598,0.3201288244766506,0.32034771410173857,0.20244608947537818,0.3204633204633205,0.18687680926342876,0.2906752411575563,0.320475731276117,0.1870179948586118,0.3205910697076775,0.3208092485549133,0.32102728731942215,0.18709884467265725,0.3211421238370228,0.32135984605516354,0.29015710163513947,0.2903846153846154,0.3213713553348286,0.3215887251761691,0.2017291066282421,0.32170294494238155,0.18688,0.29014715291106846,0.3217141029740966,0.29028132992327366,0.3218280600830936,0.29041533546325876,0.2906419674225487,0.1867816091954023,0.18704117459304181,0.32163369495851946,0.29059011164274323,0.20121173469387754,0.3216448836467963,0.18706182281708095,0.18732080280344057,0.18757961783439492,0.18783826806749443,0.29026098026734565,0.29048679605472477,0.2010178117048346,0.32114467408585057,0.18785759694850604,0.18811566571337782,0.32115628970775095,0.3213718640838361,0.20095238095238097,0.18819422405585529,0.2899746192893401,0.3212813193783698,0.32149651236525045,0.32171156893819336,0.2008871989860583,0.2898321191004118,0.20107663077897403,0.201329534662868,0.289873417721519,0.2900980702309396,0.20145477545857052,0.18779639582674676,0.29013906447534765,0.29036334913112166,0.32090966519267217,0.20145247868645405,0.2904040404040404,0.18775639002840014,0.29053627760252365,0.2907600126143173,0.29098360655737704,0.32051686101481247,0.20132325141776938,0.2015748031496063,0.32052896725440805,0.29084041548630785,0.20169918187539332,0.3205410506448569,0.2908805031446541,0.3206538824269098,0.18730358265241986,0.1875589066918002,0.32066582914572866,0.18775510204081633,0.18801004394224732,0.1882648258550361,0.3205771643663739,0.32079021636876764,0.2012539184952978,0.20150423064869946,0.2901002506265664,0.20169119949890385,0.18816530995616781,0.18841940532081378,0.32040050062578224,0.1886143259305599,0.32051282051282054,0.28977805564238823,0.320625,0.2014995313964386,0.18863210493441598,0.28972837964408366,0.2899500624219725,0.3204368174726989,0.18870867124142232,0.18896164639850327,0.3204488778054863,0.18915550015581178,0.18940809968847352,0.320460915602616,0.28953922789539227,0.32057267351385,0.2896701929060361,0.28989113530326593,0.29011194029850745,0.3204849238420889,0.3206960845245494,0.2901522211867039,0.29037267080745344,0.3207078547035082,0.32091868404717566,0.2904126590133416,0.29063275434243174,0.2908527131782946,0.2910725356478611,0.320731329408119,0.29120198265179675,0.32084236605760297,0.2,0.32095326524295886,0.2911509900990099,0.2913702443550881,0.18831168831168832,0.29149922720247295,0.29171817058096416,0.3206672845227062,0.29184681902408893,0.19975301018832972,0.2919753086419753,0.32058006788028387,0.2921036397285626,0.2923219241443108,0.3205918618988903,0.29244992295839756,0.292667898952557,0.3206036341238066,0.2927955665024631,0.18775007694675286,0.32061538461538464,0.3208243617348508,0.18788437884378845,0.32093452197971106,0.29256299938537184,0.2927803379416283,0.18796068796068796,0.29290758366595027,0.3207489257213014,0.19883399815894445,0.32085889570552145,0.2928549524685679,0.32096873083997546,0.29298191847992644,0.2931985294117647,0.2934150076569678,0.2936313533374158,0.1876339149066422,0.32068543451652387,0.32089323952278986,0.3211009174311927,0.29348822989911344,0.2937041564792176,0.32111212954476015,0.29383017715332926,0.18748091603053435,0.1981074481074481,0.2938663411657003,0.2940817571690055,0.3208295211954864,0.1875,0.32093873818957636,0.29402803168799513,0.2942430703624733,0.18757612667478685,0.197869101978691,0.2942787583688375,0.1980529358077274,0.2944038929440389,0.1875950136819702,0.3203647416413374,0.3205712549377089,0.19805589307411908,0.294260552687519,0.294474802671524,0.187556904400607,0.19811893203883496,0.19836214740673339,0.32019405700424497,0.19854501364049712,0.18757575757575756,0.19872765828536806,0.2940642035130224,0.29427792915531337,0.18765133171912832,0.18789712556732224,0.294313369630974,0.19866948896280617,0.29443772672309554,0.319431852523421,0.31963746223564954,0.3198429477499245,0.29438405797101447,0.29459704195593117,0.29480989740494873,0.29502262443438915,0.1875753920386007,0.2951462164606572,0.1877637130801688,0.2952696595360048,0.29548192771084336,0.2956940680517916,0.2959060806742926,0.1980138429130304,0.296028880866426,0.318796992481203,0.29615153337342154,0.3189059212503757,0.1875,0.19795734454791228,0.18768768768768768,0.29600720504353045,0.3187274909963986,0.3189318931893189,0.3191361727654469,0.3193403298350825,0.3195443645083933,0.29577464788732394,0.29598562013181545,0.29619646600778676,0.3194610778443114,0.3196647710266387,0.296229802513465,0.19742746036494166,0.2963516746411483,0.18714499252615843,0.3194859533771668,0.29638482222886164,0.18727598566308243,0.319498357718722,0.31970149253731345,0.18740674425544612,0.3198090692124105,0.18759320011929614,0.3199165175909362,0.2959761549925484,0.18772348033373062,0.19690199582960977,0.18790946992257296,0.197082465019351,0.1880952380952381,0.2957453138946742,0.29595478881618087,0.3193577163247101,0.3195600475624257,0.31976225854383356,0.31996434937611407,0.2958122958122958,0.29602137767220904,0.2962303354111012,0.2964391691394659,0.31978641352714327,0.29655990510083036,0.3198932700859769,0.32009484291641965,0.18755555555555556,0.1877962085308057,0.2964169381107492,0.19626998223801065,0.19650784255696951,0.19674556213017752,0.2963620230700976,0.18775872264931992,0.3195388708247118,0.29639479905437355,0.31964549483013294,0.3198464264619019,0.3200472394449365,0.18772136953955135,0.2962525818825612,0.187905604719764,0.29637275140076674,0.2965801886792453,0.29678750368405543,0.3196817913965822,0.3198821796759941,0.3200824499411072,0.29673241095083897,0.1877575044143614,0.1879964695498676,0.29676470588235293,0.3199059100264628,0.18812463256907702,0.3200117543344108,0.18830787309048178,0.18854625550660792,0.32002348796241925,0.2964484884062225,0.18867370892018778,0.188911704312115,0.31994134897360704,0.18909410729991205,0.32004689331770225,0.19513624377380603,0.32015231400117167,0.1891654465592972,0.18940281030444964,0.295873573309921,0.3200702165008777,0.2959929804036268,0.3201754385964912,0.18941829874305757,0.1896551724137931,0.32018697049371897,0.3203855140186916,0.1897810218978102,0.19001751313485113,0.320396848555588,0.19019836639439908,0.3205016039661709,0.1903790087463557,0.2952491984844069,0.19055944055944055,0.19079522283716865,0.2952824694234129,0.32023289665211063,0.1941210710128056,0.19435554262438173,0.1908086096567772,0.2951439371910439,0.29534883720930233,0.1944202266782912,0.1946542707728065,0.19488817891373802,0.1951219512195122,0.29521044992743106,0.19529889727219965,0.1955323469683783,0.2952436194895592,0.19570890113076253,0.19594202898550725,0.29527673138220806,0.19611819235225955,0.2953953084274544,0.19629415170816444,0.19652677279305356,0.19675925925925927,0.19699161122360428,0.29525737420474263,0.19716681121711477,0.19739884393063584,0.29529037850332274,0.1975736568457539,0.1978053710655501,0.18966512702078522,0.1898989898989899,0.2951529140219273,0.1900778771271993,0.1978085351787774,0.19025655808590372,0.29510086455331414,0.19043503313166235,0.2952188940092166,0.19781169018139938,0.1980426021876799,0.19827338129496402,0.19850402761795166,0.19873454127121082,0.2949971247843588,0.19890773210692728,0.29511494252873566,0.1990807239299052,0.199310740953475,0.19954062589721505,0.1997703788748565,0.2,0.18990246701090074,0.1901347863492974,0.20011467889908258,0.2003439380911436,0.20057306590257878,0.20080206244629045,0.19014891179839633,0.1903807615230461,0.20091585575271895,0.1905579399141631,0.19078947368421054,0.2010294538175579,0.19096626643796455,0.19119748499571307,0.2937142857142857,0.19137389317337902,0.20102798400913763,0.31430202683414216,0.2011986301369863,0.20142653352353782,0.20165430690245295,0.2934131736526946,0.20182440136830102,0.20205186662866914,0.2022792022792023,0.20250640843064655,0.20273348519362186,0.2931966979789354,0.2933978372225384,0.29359886201991464,0.2027872582480091,0.2937162354279215,0.2029562251279136,0.20318272236430804,0.2034090909090909,0.20363533087191138,0.20386144236229414,0.2040874254896395,0.293416572077185,0.20425531914893616,0.2044809982983551,0.2047065494754749,0.20493197278911565,0.19013884953244545,0.20509915014164307,0.31209289153214387,0.3122876557191393,0.20520803849419755,0.20543293718166383,0.20565770862800567,0.20588235294117646,0.20610687022900764,0.29253815715093273,0.2062729584628426,0.20649717514124294,0.2925727195707427,0.292772444946358,0.20660457239627433,0.20682844243792325,0.2070521861777151,0.2927241962774958,0.20721736678883562,0.29284103720405863,0.31107354184277264,0.29295774647887324,0.20726555899746552,0.29307432432432434,0.20743034055727555,0.2076533483398987,0.2078762306610408,0.2080989876265467,0.29294349170649425,0.20826306913996628,0.2930598482719865,0.20842696629213484,0.2931760741364785,0.2085906793935991,0.20881279820376086,0.2090347923681257,0.29312762973352036,0.20919798093101513,0.2932436220913933,0.2093609865470852,0.20958251611095546,0.20980392156862746,0.21002520302436292,0.21024636058230683,0.21046739434648754,0.30917739227756014,0.30937062937062937,0.2105704697986577,0.18786692759295498,0.21073225265511458,0.1880413523330539,0.29245810055865923,0.1882155822395979,0.2925739810161921,0.3089589729277142,0.21065848214285715,0.2108786610878661,0.21109871723368656,0.2924449400613326,0.29264214046822745,0.2928392309835609,0.29303621169916433,0.2932330827067669,0.29342984409799555,0.3083774005009741,0.2109070673344463,0.21112656467315716,0.29338153503893216,0.211287183764248,0.21150639244024458,0.2934148374548486,0.2936111111111111,0.1874479311302416,0.18767351471404775,0.30779905634193727,0.18784683684794673,0.18807212205270457,0.29339988907376596,0.3077349598003881,0.21119733924611975,0.2114159046827376,0.2933518005540166,0.18803655497092217,0.29346622369878184,0.2936617769166897,0.18815716657443277,0.2937759336099585,0.2939712389380531,0.30716063035664914,0.2111663902708679,0.21138436032053054,0.21160220994475137,0.21181993924330295,0.2937603533959139,0.29395528567485507,0.29415011037527594,0.21186206896551724,0.18781025923883066,0.30658946787979047,0.18798235942668137,0.29402039129236707,0.1881542699724518,0.18837785733957588,0.21172907488986784,0.2119460500963391,0.2938910291689598,0.21210453920220082,0.294004400440044,0.29419851525982954,0.21220450797141285,0.21242099477878537,0.29423076923076924,0.2125789618236748,0.2943437671609006,0.1880318418885534,0.18825466520307355,0.18847736625514402,0.3052660449808009,0.18864820400329038,0.21244517543859648,0.3052891203069334,0.18876712328767123,0.21254450835387564,0.29381161007667034,0.2940049274568848,0.21264367816091953,0.18878248974008208,0.18900437636761488,0.212742685261143,0.29387643521049756,0.21289969937141295,0.2939890710382514,0.29418191750887734,0.212998361551065,0.29429429429429427,0.2944868995633188,0.2946793997271487,0.2948717948717949,0.3040632669757295,0.29498364231188656,0.2128645407467975,0.30408719346049046,0.18850449468809588,0.2949346405228758,0.29512659950993736,0.304028307022319,0.30421768707482993,0.21273122959738847,0.29507750883872724,0.18841761827079934,0.21282957325360152,0.21304347826086956,0.18853572398804672,0.21319934818033678,0.2948683138745588,0.2950597176981542,0.18860244233378562,0.18882257189365165,0.21318144833197722,0.2133947939262473,0.29493087557603687,0.21355013550135502,0.21376320780276348,0.30308775731310944,0.18873544543731383,0.21386031402273958,0.21407307171853857,0.29464285714285715,0.3029483364890452,0.1887506760411033,0.2141119221411192,0.2945945945945946,0.1888678735476898,0.2142085359265262,0.29462597893599785,0.29481641468682507,0.30256410256410254,0.2949271451699946,0.21418937145940115,0.29503775620280476,0.2952278242113777,0.2954177897574124,0.21422797089733225,0.18857758620689655,0.2954484244546189,0.18874528809908456,0.1889636608344549,0.29547900968783636,0.21415119720204465,0.2955890263582571,0.295778435063189,0.1889784946236559,0.21418973394248858,0.29580870499731327,0.2959978511952726,0.21428571428571427,0.18899328859060402,0.30112721417069244,0.18916018245237456,0.30123390557939916,0.18932689729149907,0.29571045576407506,0.295899222728491,0.18944265809217578,0.21403696758639165,0.2959292983395822,0.214190093708166,0.2960385438972163,0.3007760235483008,0.29614767255216695,0.2963359186948382,0.296524064171123,0.30072173215717724,0.2140566541956173,0.1891530857600855,0.296474358974359,0.21415220293724965,0.18926855312333155,0.21430477715505739,0.21451440768409819,0.3003467591357695,0.2962666666666667,0.1892828579045588,0.3003731343283582,0.18944844124700239,0.3004794885455514,0.1896138482023968,0.21432374866879658,0.2959808357732233,0.2961681745609367,0.3003458366586858,0.300531914893617,0.30071789417708056,0.18952684742158427,0.21419080520861014,0.18969181721572795,0.1899070385126162,0.29580456718003184,0.29599150517653305,0.19002123142250532,0.21411514990713718,0.29602122015915117,0.19013524264120923,0.29612937433722164,0.1902994964219454,0.2962374138844727,0.19046357615894038,0.1906779661016949,0.213926396611067,0.2961884595023822,0.29955014554114845,0.29973544973544974,0.2139645596403068,0.29613960867266,0.2963256674596881,0.29651162790697677,0.21400264200792601,0.29952456418383516,0.2965407974650119,0.2967265047518479,0.29955133280548957,0.29973614775725593,0.21392772355579004,0.2998417721518987,0.3000263643553915,0.1900369003690037,0.2964426877470356,0.3000526870389884,0.1901501185146168,0.21379673512374933,0.29639378783890497,0.29657894736842105,0.2138910812943962,0.2998421883219358,0.3000262950302393,0.21398527865404837,0.21419185282522996,0.29637414608512874,0.29655897031783557,0.18986344537815125,0.19007613546862695,0.29658792650918636,0.2967725006559958,0.2969569779643232,0.21400472069236823,0.2994231777661248,0.29960681520314547,0.2140985324947589,0.2143044275609117,0.2967522262964903,0.2969363707776905,0.18979057591623036,0.19000261711593824,0.21428571428571427,0.19016479204812975,0.1903765690376569,0.19058823529411764,0.19079979090433874,0.21426704990854456,0.2964994775339603,0.2966832071036824,0.1908616187989556,0.2986165492038632,0.29879958246346555,0.1909731280980955,0.21413667188315075,0.21434159061277705,0.1910844629822732,0.29632525410476934,0.2965085982282439,0.21437874446470434,0.19114583333333332,0.2965373600624837,0.29672045809474235,0.29820452771272443,0.29838709677419356,0.19115734720416125,0.19136765470618824,0.21419287756693528,0.2965176715176715,0.21434138737334374,0.2966233766233766,0.29680602440924436,0.2980269989615784,0.29820918764599014,0.2143227815256876,0.29831387808041504,0.21447095435684646,0.21467461757842882,0.2965266977708657,0.2982637989116351,0.19093264248704664,0.2147112147112147,0.29647850854479546,0.2966606264561222,0.2981366459627329,0.1909443725743855,0.2982410760475944,0.21463666925265062,0.21483971044467426,0.21504264667872836,0.21524547803617572,0.296305864117799,0.2964876033057851,0.29666924864446165,0.1907589055240062,0.2967741935483871,0.2977296181630547,0.2979107557389734,0.298091799896854,0.2982727507089456,0.19072164948453607,0.2148930687967019,0.2964966512107161,0.21503991758949267,0.29660144181256437,0.29806949806949806,0.2982501286670098,0.21507589400565988,0.2152777777777778,0.29647724350732835,0.2966580976863753,0.29683885890516576,0.2970195272353546,0.21525815566401232,0.2154596815613765,0.29704749679075737,0.29774127310061604,0.2979214780600462,0.1900974858902001,0.2969992305719415,0.29717948717948717,0.1902076390669059,0.21527421834956434,0.29720727645400974,0.21542008196721313,0.2973111395646607,0.2155657962109575,0.21576657281801895,0.21596724667349027,0.2972627270401637,0.29744245524296675,0.18997698798261314,0.1901840490797546,0.29695885509839,0.21589167092488504,0.19029374201787994,0.19050051072522983,0.2969109011998979,0.29709035222052066,0.297014544526665,0.2971938775510204,0.29711808212190766,0.2972972972972973,0.2972215141473362,0.2974006116207951,0.2973248407643312,0.29750382068262865,0.29742806213394446,0.2976069246435845,0.29753117841689997,0.29770992366412213,0.2976341897735945,0.29781281790437436,0.2977370963640987,0.2979156075241485,0.29783989834815755,0.29801829268292684,0.2979425958851918,0.29812087353986794,0.29804518913429806,0.2982233502538071,0.2981476782542502,0.2983257229832572,0.29825006340349985,0.2984279918864097,0.29835234474017747,0.29853015712113534,0.29845452242209275,0.2986322188449848,0.2985565966067359,0.29873417721518986,0.29865856745127817,0.29883603238866396,0.2987604351125727,0.29893778452200304,0.2988621997471555,0.29903943377148634,0.2989638615112459,0.2991409802930773,0.29906542056074764,0.29924242424242425,0.29916687705124967,0.29934376577486116,0.29926823113802675,0.29944500504540866,0.2993694829760404,0.29954614220877457,0.2994706327199395,0.2996471774193548,0.29957168052406147,0.29974811083123426,0.29967262654243265,0.2998489425981873,0.2997734709287692,0.2999496728736789,0.299874213836478,0.30005030181086517,0.29997485541865726,0.30015082956259426,0.3000753958280975,0.30025125628140703,0.3001758352172821,0.30035158211953794,0.30027617373838816,0.3004518072289157,0.3003764115432873,0.30055193176116407,0.30072736393278154,0.21213640922768304,0.18726497869140135,0.3007518796992481,0.30017539463793536,0.2121743486973948,0.21237165038817932,0.21256885327991987,0.30062578222778474,0.3008008008008008,0.3009757317988491,0.21260630315157578,0.29982495623905975,0.3,0.30092476880779806,0.3000999500249875,0.3010242318261304,0.3001998001998002,0.30112359550561796,0.30129805292061906,0.30147242325929624,0.30164670658682635,0.30007483162883514,0.30174563591022446,0.3019197207678883,0.3020937188434696,0.302267630201844,0.3024414549078226,0.1863013698630137,0.21190239043824702,0.30246452576549665,0.29965156794425085,0.2998258273202289,0.3024875621890547,0.29992539169360855,0.30009945300845353,0.3025105642555307,0.18613320079522863,0.18633540372670807,0.18653750620963735,0.2999751676185746,0.30014895729890767,0.30230826507818315,0.3024813895781638,0.30265442818159266,0.30282738095238093,0.3000247954376395,0.3001983143282102,0.21115241635687731,0.3002973240832507,0.30270002477086944,0.3028727092620109,0.30032186184699183,0.3004950495049505,0.30066815144766146,0.3008411677387432,0.30274548602522877,0.30093966369930764,0.3011124845488257,0.3027681660899654,0.3029404497158389,0.30113636363636365,0.3030377871079279,0.3012345679012346,0.21056529252036535,0.30133267522211254,0.30150505798174193,0.30167735569807597,0.30184956843403205,0.3020216962524655,0.21050036973132857,0.21069492360768852,0.18526730721852674,0.3024630541871921,0.30189608470819995,0.3020679468242245,0.3022397243416195,0.30241141732283466,0.3023370233702337,0.3025086079685194,0.21047455126628964,0.3026057030481809,0.30277709510936346,0.302948402948403,0.3031196266273643,0.30329076620825146,0.30198870611342993,0.3021600392734413,0.3033128834355828,0.2102551521099117,0.3034093696345352,0.18464933791074056,0.3035057612159843,0.21029411764705883,0.3018867924528302,0.3020578147966683,0.30222875336762184,0.3023996082272282,0.3025703794369645,0.30323054331864907,0.3026669929043308,0.30332681017612523,0.18439716312056736,0.30342298288508557,0.18455145441212417,0.20992179863147606,0.3024676276569753,0.302638006839277,0.21001221001221002,0.210205078125,0.18452526238711253,0.30307467057101023,0.30324469382776287,0.1846341463414634,0.30236527676176544,0.3025353486104339,0.18474287106994883,0.3026315789473684,0.30280146163215593,0.30297126156843646,0.30314097881665447,0.30331061343719573,0.303480165490387,0.30267639902676396,0.20968134273899294,0.20987354085603113,0.3026987600291758,0.30286825473991247,0.30303766707168894,0.3032069970845481,0.3031333495263541,0.30330257406508015,0.1842680262199563,0.18446601941747573,0.3033244358165494,0.3030082484230956,0.20955614843560513,0.30310378273520855,0.18448484848484847,0.3031992244304411,0.3031257572086261,0.30329457364341084,0.30322111891499154,0.30338983050847457,0.30355846042120554,0.3037270087124879,0.20929107186063392,0.303096274794388,0.18428053204353084,0.30319148936170215,0.1844331641285956,0.18463025616239728,0.18482725295965208,0.3031400966183575,0.30330837961844964,0.30323515210043456,0.20902727492155443,0.3033301158301158,0.3034981905910736,0.1847563917028461,0.30311068242102723,0.18490838958534234,0.3034466136418414,0.3036144578313253,0.30378222115152975,0.3039499036608863,0.3041175054177703,0.3042850264805007,0.18483754512635378,0.3043792107795958,0.3026220832331008,0.30447330447330445,0.30271699927867274,0.30288461538461536,0.30305215092525833,0.3044209514656415,0.2082632716790776,0.3045148895292987,0.30468187274909964,0.18458953432549208,0.3028557715382769,0.30302303262955854,0.30319021348045094,0.30335731414868106,0.2081035722848238,0.3044103547459252,0.3045770428947999,0.30474365117393387,0.30491017964071854,0.3031609195402299,0.20804405075412977,0.3032551460028722,0.30342187126106723,0.30358851674641146,0.30375508251614447,0.3046389287422286,0.3048051637580684,0.20793499043977057,0.3037037037037037,0.30482560917343526,0.18390255552901838,0.1840974212034384,0.30365242301265216,0.30477326968973745,0.3049391553328561,0.3051049618320611,0.30527068924397804,0.30352885073915115,0.30536352800953515,0.3055290753098189,0.30569454372170596,0.303477846593616,0.30578709216480116,0.30357142857142855,0.305879552487503,0.3036649214659686,0.30383059719248157,0.3039961941008563,0.30416171224732463,0.20708511650023775,0.20727359163299264,0.3041825095057034,0.30434782608695654,0.1833729216152019,0.3044407504155782,0.3046058879392213,0.2072157607405649,0.20740389178927385,0.3051008303677343,0.30526565464895633,0.3054304007588333,0.3055950687529635,0.30433752073951176,0.3056872037914692,0.20729684908789386,0.3057792515395547,0.30594364196069146,0.30610795454545453,0.30627218934911243,0.3064363464268812,0.3039981074047788,0.3065279091769158,0.30409080160794516,0.30425531914893617,0.18269912550224532,0.30647448015122875,0.2069454287739192,0.30656589513462446,0.30672963400236125,0.3068932955618508,0.30705687986783103,0.3072203869749882,0.30384524652040573,0.20683962264150943,0.30393775053053523,0.20697784064120697,0.30709403723780343,0.3072573044297832,0.30742049469964666,0.3075836081017428,0.3037438191664705,0.3039077212806026,0.30407154624617555,0.3075294117647059,0.18207480592801695,0.18226716839134524,0.2066776393134258,0.307475317348378,0.3076380728554642,0.30780075187969924,0.3079633544749824,0.18224518553311414,0.3035923925804179,0.30375586854460096,0.1823515606665102,0.3038479587048334,0.3077644851043866,0.1824577861163227,0.3078546307151231,0.3080168776371308,0.20623388797750175,0.20641986879100283,0.18247833216209886,0.3079625292740047,0.3034418169047062,0.3080524344569288,0.3035338169904049,0.30369677117454374,0.3080701754385965,0.30823199251637046,0.182370820668693,0.3083216456287985,0.3035756017761159,0.2060747663551402,0.3036673674375146,0.30382998598785615,0.3039925286014476,0.1823062558356676,0.3080513418903151,0.308212785814279,0.30837415442034055,0.18236940298507462,0.3084635113079972,0.1825174825174825,0.3036588207876952,0.3038210624417521,0.18262287444677383,0.3039124359571495,0.3040745052386496,0.20554003724394787,0.18268559460088435,0.30805025593299207,0.18283321702721564,0.303953488372093,0.3041153220181353,0.3079962807996281,0.2054380664652568,0.30808550185873607,0.30824622531939605,0.30840687412912215,0.18272579521708845,0.3084958217270195,0.1828730563935948,0.3037122969837587,0.3085131060078868,0.3038033395176252,0.20519360074194296,0.18289290681502085,0.30845886442641945,0.3086190917516219,0.18299745193421357,0.30870773506252897,0.20514007872192638,0.18310185185185185,0.3087248322147651,0.3033317908375752,0.30881332408049966,0.3089731729879741,0.20508670520231215,0.18307905686546463,0.2052230182574532,0.18322550831792975,0.3088473088473088,0.3090069284064665,0.1833294851073655,0.3090951061865189,0.3092545580429264,0.18343331795108445,0.18362168396770473,0.30927121771217714,0.30943048189993083,0.3095896726602121,0.2048859184143812,0.1836405529953917,0.30960608154803043,0.18378627360663288,0.30209532581165094,0.302255985267035,0.18388952819332566,0.3023469857340083,0.30940878766965724,0.2046918123275069,0.20487468383536445,0.20505747126436782,0.1838657779820731,0.30215992647058826,0.18401102687801515,0.30914101975195224,0.3021814006888634,0.20500459136822774,0.18407160890521002,0.18425883432767323,0.30901582931865107,0.3091743119266055,0.18436138500343957,0.3092618065107749,0.30185652074260827,0.3093492208982585,0.20481099656357388,0.30943655519926705,0.3095946874284406,0.1842948717948718,0.3096818493934539,0.30983981693363843,0.30999771219400596,0.30146386093321137,0.31008461010747773,0.31024234110653864,0.18422857142857144,0.3014168190127971,0.18437285812200138,0.3015075376884422,0.18451701301667048,0.3015981735159817,0.3099748915772655,0.30168872660885443,0.20419803787360255,0.20437956204379562,0.3017103762827822,0.3018695850433197,0.30202872122179164,0.18436645396536008,0.30963773069036227,0.3097949886104784,0.30198132543839673,0.3098816029143898,0.3100386979285227,0.31019572143832497,0.20409556313993174,0.31028207461328483,0.20423015692517626,0.31036834924965895,0.31052511934530574,0.31068181818181817,0.310838445807771,0.30145388459791006,0.31092436974789917,0.31108083560399635,0.3112372304199773,0.31139355424421244,0.20399364647152257,0.1837568058076225,0.20412792016330233,0.31133786848072564,0.31149399229199726,0.2042157751586582,0.3115794244278269,0.3117353874037154,0.3118912797281993,0.20425724637681159,0.20443740095087162,0.3119058397464916,0.31206155238741795,0.31221719457013575,0.2044786247455327,0.3123021257349616,0.20461225412615872,0.30018083182640143,0.31231638418079094,0.31247175779484865,0.18319403659363,0.31255645889792233,0.18333709641002482,0.1835214446952596,0.2999322951929587,0.20442238267148014,0.3124295059778931,0.3125845737483085,0.29988726042841035,0.3000450856627592,0.3002028397565923,0.30036052275799907,0.20432529849065104,0.31238738738738736,0.312542220220671,0.31269698334083745,0.31285167679495834,0.30018001800180016,0.20427446569178853,0.20445344129554655,0.3127951427928941,0.2045863309352518,0.1829624634749382,0.31280898876404495,0.31296337901595145,0.31311769991015276,0.2045811812261397,0.31320161652447237,0.3133557800224467,0.3135098743267504,0.31366389948395784,0.29946164199192465,0.2996187485983404,0.29977578475336325,0.31360681461555706,0.2998655311519498,0.3136903428187318,0.18257168458781362,0.18275475923852183,0.18293775190326914,0.18312066263711663,0.31356311548791405,0.31371671514880284,0.29955257270693514,0.313800044732722,0.29964221824686943,0.29979879275653926,0.18305766651765756,0.31374301675977656,0.2037533512064343,0.20393120393120392,0.2041089772219741,0.29962045099352536,0.20424107142857142,0.29970988618611916,0.2998661311914324,0.31340620120455054,0.18287243532560213,0.3134894091415831,0.2998216674097191,0.20414530866948963,0.18293226381461675,0.18311427934952104,0.29977728285077954,0.18325539968826543,0.29986642920747997,0.31315379479189853,0.1833555852247441,0.299888765294772,0.31316725978647686,0.2999777629530798,0.2038683859493108,0.20404534340964658,0.18333333333333332,0.2999333481448567,0.30008884940026653,0.31290250943815234,0.20404085257548846,0.18335183129855717,0.2041722148246782,0.18349234524073663,0.29991126885536823,0.31270791749833665,0.2042128603104213,0.2043892706716914,0.18351063829787234,0.20452027476179924,0.2997341603898981,0.18361018826135106,0.2046058458813109,0.29975647553686074,0.29991146525011064,0.31223722062403186,0.3123893805309734,0.29993364299933645,0.20455550641309156,0.30002210921954453,0.20468611847922194,0.2048618784530387,0.30004418912947417,0.1833443781753921,0.2049469964664311,0.30006623978803265,0.30022075055187636,0.18340322224674466,0.3117828773168579,0.18354290756673286,0.30017644464049403,0.30033076074972437,0.3117283950617284,0.3004187789288076,0.20471573380343763,0.31174267459792904,0.18348017621145374,0.31182558907729574,0.2047556142668428,0.2049306625577812,0.1835387323943662,0.18371837183718373,0.20501539815222172,0.31163404442489556,0.29991204925241866,0.18377665420971642,0.3,0.18391562294001318,0.20496485061511424,0.20513946848231934,0.20531400966183574,0.29989023051591657,0.3000438981562774,0.2053982883475971,0.20557261956998685,0.20574687431454267,0.1837719298245614,0.3108967331725499,0.31104778605874617,0.20578566732412887,0.20595968448729185,0.20613362541073385,0.31099430573806397,0.299540179548938,0.18366900175131348,0.18384766907419567,0.3109409190371991,0.18398599868737694,0.29943132108486437,0.18412420730373935,0.3108876257105378,0.31103825136612023,0.20585664335664336,0.2993227004588158,0.20598514635211884,0.20615854990172527,0.3109170305676856,0.29927963326784546,0.2994325621999127,0.18394065022910758,0.18411867364746945,0.18429661941112324,0.2993894461404274,0.2995421844342708,0.1843940714908457,0.205927217258662,0.20610021786492375,0.18449139620997604,0.29943379790940766,0.1846287829305465,0.31018720069656075,0.18476605005440697,0.18494342906875544,0.185120730911464,0.3101348412353197,0.31028484453141986,0.18521739130434783,0.18539447946098675,0.18557149065623643,0.2989354768629155,0.29908774978279756,0.20564603691639521,0.299174989144594,0.30996309963099633,0.2992621527777778,0.18550661748752442,0.2993492407809111,0.30991108219475166,0.20555073720728534,0.299371341859961,0.29952319029042046,0.18548212351029253,0.1856585788561525,0.30972492960797054,0.18579471632741446,0.18597098939164322,0.30974025974025976,0.2992858688595542,0.2053223712678494,0.18602638979017955,0.18620242214532873,0.18637837837837837,0.3095546908776481,0.30970391182191487,0.18647363872082973,0.18664938431626701,0.18682505399568033,0.18700064780824877,0.20509499136442141,0.20526656593999568,0.2054380664652568,0.18705501618122977,0.2985332182916307,0.18718999353029978,0.20547649849072877,0.2056477689157146,0.2984913793103448,0.2057746175393234,0.1872037914691943,0.1873788498815421,0.29844961240310075,0.18751345532831,0.20576840292724924,0.20593931568754034,0.20611015490533563,0.20628092062809206,0.1875268817204301,0.29821543754031393,0.18766122098022356,0.2063185041908446,0.29823807477438763,0.18775510204081633,0.29832474226804123,0.3079235559372987,0.20631172176899956,0.20648207769907706,0.20665236051502145,0.20682257026389186,0.18768768768768768,0.2069483165344199,0.20711835334476844,0.20728831725616292,0.2978996999571367,0.20741375616027427,0.18766066838046272,0.2979224673377597,0.29807280513918627,0.18775422821665597,0.2981592465753425,0.3070832441686283,0.2073170731707317,0.20748663101604278,0.20765611633875106,0.187727175539876,0.3069687900812313,0.1878606539858944,0.30705128205128207,0.18799401837214272,0.20760358821016658,0.2976724322015802,0.2978223740392827,0.30693703308431164,0.1880068288518993,0.18818007254107105,0.2977815699658703,0.2979313286415014,0.29808102345415777,0.18823278618631423,0.2981670929241262,0.1883656509695291,0.18853855986365572,0.29818956336528224,0.18867120954003408,0.1888439429423036,0.3063005534269902,0.20706533304958502,0.18893617021276596,0.29802169751116786,0.20714589536367503,0.30618753986816927,0.18898809523809523,0.1891604675876727,0.20718232044198895,0.3061397917994476,0.2977909940526763,0.20726268846888937,0.20743099787685776,0.20759923583103376,0.18909168081494057,0.1892637385953745,0.18943572337717438,0.18960763520678686,0.3057675996607294,0.20754716981132076,0.20771513353115728,0.20788302606484424,0.30572033898305084,0.18957847913577633,0.18975010588733587,0.20791869574423036,0.3056731583403895,0.20804232804232803,0.20820990266610243,0.30569071292574573,0.29674280879864634,0.18968069359272574,0.30570824524312895,0.2967660114140774,0.3057903634826712,0.2968518909782379,0.18969159273341782,0.18986272439281943,0.19003378378378377,0.19020477095207938,0.20789362600253272,0.30554969402827603,0.19029535864978903,0.30563172326513394,0.2079291438211725,0.2964368543116171,0.29658516020236086,0.19030558482613277,0.2966708807416772,0.30545607752264586,0.29675652906486943,0.2969046114971573,0.19031578947368422,0.30540938749736896,0.29692760942760943,0.19040605933094887,0.19057635675220866,0.29695057833859095,0.29709840201850296,0.2972461635484549,0.19062631357713325,0.3051061147299853,0.30525210084033616,0.19071623608485613,0.30533389332213356,0.30547973965987824,0.19080604534005038,0.3055613850996852,0.19093579521611415,0.29683238934340256,0.30557885906040266,0.29691759278674773,0.29706498951781973,0.29721232446028084,0.2973595976529757,0.30546825895663104,0.29744449099287806,0.2975916230366492,0.20665829145728642,0.3054218128532552,0.20678107994976977,0.2069470600544047,0.3054393305439331,0.20706965070069022,0.1905060644081974,0.29730294794062306,0.29744983277591974,0.30532915360501567,0.2975344755536983,0.20701900981825777,0.2976190476190476,0.29776571309250366,0.30521920668058455,0.19035691922354414,0.30530050083472454,0.3054454412685166,0.30559032123487695,0.2976016684045881,0.3056713928273561,0.1903272878882635,0.2976240100041684,0.29777036882683894,0.19041666666666668,0.30556134138721097,0.29779258642232403,0.20653758067874245,0.190466278101582,0.29781477627471387,0.2979608822305452,0.20657374661951322,0.305324459234609,0.2979829486379705,0.19043659043659045,0.19060486385366868,0.29800498753117205,0.3052150425929773,0.2064810968009971,0.19065420560747665,0.29796511627906974,0.2981108573801121,0.19074304690743046,0.3050425399460469,0.29813278008298755,0.19083177763949388,0.3050601410203235,0.2981546755131661,0.30514096185737977,0.30528497409326427,0.2981765437215085,0.3053656515434017,0.19076222038111018,0.2981983847587492,0.3053830227743271,0.2982819292072035,0.2984271523178808,0.19077177736395615,0.20583367811336367,0.30527404343329884,0.29838709677419356,0.20591275584039695,0.29847044233154196,0.2986154164083488,0.2987603305785124,0.20594918405288162,0.29884345311854604,0.2060706173859178,0.2989265070189926,0.29907120743034055,0.20614940156830375,0.29915411594800906,0.19038778877887788,0.3045988863683234,0.3047422680412371,0.3048855905998763,0.29905193734542457,0.2991963733772924,0.1903584672435105,0.19052523171987643,0.2992174629324547,0.19065266625488986,0.19081926718814327,0.19098579954723194,0.3045267489711934,0.2991154083521909,0.29925956396544634,0.29940366029200083,0.2995476973684211,0.19095580678314492,0.3043567612001644,0.1910828025477707,0.29950698438783896,0.29965085233107414,0.191170431211499,0.2997331143502361,0.3041871921182266,0.3043299815308845,0.29975379565038984,0.30441025641025643,0.29983593109105827,0.2999794955915522,0.3001230012300123,0.3002664480426317,0.30040983606557375,0.30055316533497234,0.3041786153215895,0.30063485562154413,0.19082719082719082,0.30071647901740023,0.3008595988538682,0.19091467157765502,0.3040098199672668,0.19104111270198404,0.30081799591002045,0.3009609486812513,0.1911283728536386,0.30390353566319234,0.3040457703310176,0.3041879468845761,0.19117647058823528,0.3007964059628344,0.19130257247856267,0.30414370279648906,0.30428571428571427,0.30075494796980207,0.30089759281925743,0.30104017948194983,0.2039151712887439,0.1912334352701325,0.3041174072564207,0.30099857346647646,0.30114099429502855,0.30128335709920556,0.3014256619144603,0.20382814090816534,0.30150651465798045,0.30388764502340726,0.30158730158730157,0.3017293997965412,0.3018714401952807,0.19097010372178158,0.30195201301342006,0.302093921528766,0.20365853658536584,0.3035968299126194,0.3037383177570093,0.3038797481210644,0.30402112103980505,0.30416243654822334,0.20361347949654893,0.30180637304647856,0.30194805194805197,0.2036924325420978,0.30405679513184586,0.30196714662340296,0.2037712895377129,0.1905534157713359,0.3040129712201054,0.30415400202634246,0.19064019448946515,0.3018027141989062,0.3019441069258809,0.19072686778700143,0.20364372469635628,0.20380489779396882,0.301902063941724,0.19077483309730933,0.3019822006472492,0.3021233569261881,0.20380105135463,0.3022033555690317,0.19078415521422798,0.30228328955344513,0.30242424242424243,0.2037972126843062,0.3033117932148627,0.3034524530587523,0.20387565603552685,0.20403632694248233,0.30347054075867635,0.30361105507363323,0.20411456232351755,0.30369026013309136,0.3038306451612903,0.19048578915541223,0.30390971382507054,0.3018335684062059,0.19057211925866238,0.19073514602215508,0.30386629077728555,0.3040064425206362,0.2039049919484702,0.30167035620849264,0.3040241448692153,0.30175015087507545,0.3041029766693483,0.19062939875326765,0.19079211901889828,0.30170854271356784,0.30184887459807075,0.20373719107896324,0.303937324226597,0.30407712392046593,0.30180722891566264,0.3041557920096366,0.3042954636692092,0.30182620911097735,0.1906099518459069,0.30431293881644933,0.3018451664661051,0.3019851614196912,0.19065757818765036,0.3042693926638605,0.1907815631262525,0.30434782608695654,0.30448717948717946,0.30182255157220106,0.1908289947937525,0.3045045045045045,0.1909527622097678,0.3017810686411847,0.3045218087234894,0.20304060812162433,0.3046,0.19096180763847231,0.2031187524990004,0.30461722966220267,0.30155875299760193,0.3046953046953047,0.20315621254494606,0.304773317355702,0.20327476038338657,0.3014573767219006,0.3015968063872255,0.3017361804031132,0.2033120510774142,0.1907041691601835,0.19086557638611887,0.3016949152542373,0.19098883572567782,0.19115008969503688,0.19131127939418094,0.3042438732815302,0.3043824701195219,0.3045210117506473,0.19135802469135801,0.30141349790961575,0.30453821656050956,0.20298507462686566,0.19140469558296858,0.3045554008354884,0.3013126491646778,0.30463312785842117,0.30139165009940355,0.20294176108129597,0.20310015898251194,0.19133717464732763,0.2032181168057211,0.3012909632571996,0.30142970611596503,0.20329561246773872,0.203453751488686,0.19130779916650129,0.19146825396825398,0.30132910136877605,0.3040460134867116,0.3041840174499306,0.3043219666931007,0.19147670961347868,0.30439952437574314,0.3045373489201506,0.20324881141045958,0.3010497128144187,0.3011881188118812,0.20332607404474362,0.30443388756927947,0.30120720364140113,0.2034032449544915,0.3012858555885262,0.20352056962025317,0.30136444532331425,0.304270462633452,0.203597548922712,0.20375494071146244,0.30428769017980634,0.20387198735677597,0.1909934821252222,0.30114533965244866,0.3012833168805528,0.1910777733912357,0.30412472863627393,0.20382794001578533,0.30124284868810414,0.2039447731755424,0.3013212384145139,0.3014589905362776,0.19101123595505617,0.3015372487189594,0.30167487684729066,0.20390070921985815,0.3037226708686232,0.20401732965734543,0.20417405000984445,0.3015748031496063,0.30171226136587287,0.20425029515938606,0.3035608892386386,0.1907946498819827,0.30363815142576206,0.3016122689736532,0.20424611755455083,0.30365566037735847,0.30379249361367655,0.30157170923379173,0.20428206639167157,0.19069128043990574,0.3015904182210878,0.3017275225755791,0.30186457311089304,0.2042778649921507,0.20443398077300373,0.3018830914083955,0.3020200039223377,0.19058823529411764,0.20446971182121151,0.30321442571540574,0.30197922790515386,0.20454545454545456,0.3020568070519099,0.2046611829220525,0.30213432543567653,0.303054032889585,0.30221178312781366,0.30234833659491195,0.3030718059088241,0.30320813771517996,0.19029923723841188,0.3032850997262417,0.30342130987292276,0.19038311180609852,0.3021301543873363,0.30226651035560764,0.20433678452822818,0.1904296875,0.3022847100175747,0.3024209293244826,0.20437243802459495,0.30249804839968775,0.3026341463414634,0.20444791260241904,0.30271113711722253,0.19032761310452417,0.3027880678494833,0.30292397660818715,0.20444357824985382,0.3026110678098207,0.1903370348723943,0.30268796260225944,0.3028237585199611,0.2044392523364486,0.19038349231068716,0.3026469443363176,0.3027826425374586,0.30291828793774317,0.1904298774557479,0.30260598988720344,0.30274159051137467,0.30287713841368585,0.19047619047619047,0.30295375048581424,0.3030891781620361,0.3032245532245532,0.3033598757040202,0.20407766990291262,0.3034362259755387,0.30240683229813664,0.19037453910343488,0.19053162592161427,0.30242483026188166,0.30256012412723043,0.30269536552259063,0.3032183016673129,0.3033533630548556,0.30348837209302326,0.19046696376671188,0.19062378922898102,0.30253728452450124,0.1907436096049574,0.3026137463697967,0.30332946186604726,0.30346429262628216,0.19078947368421054,0.1909460243760882,0.3034816247582205,0.3024560046412686,0.19102861562258314,0.3025323796636381,0.19114804793196752,0.3026086956521739,0.3027434312210201,0.3028781147382654,0.19119351100811124,0.3029542382699363,0.3030888030888031,0.19127581547963712,0.3029718255499807,0.3031063090874011,0.30304783950617287,0.30318225650916103,0.20285383725414577,0.30306535569693466,0.30319969159599075,0.3033339757178647,0.30346820809248554,0.3036023887497592,0.30373651771956856,0.30387059503177355,0.19098960338852522,0.2026948989412897,0.20284834488067743,0.30382913219164903,0.3026163909195845,0.3039045970378919,0.3026923076923077,0.19092482214958661,0.1910803537101115,0.19123582548529694,0.30265180630284394,0.3037463976945245,0.30388013830195926,0.3040138275398502,0.1912442396313364,0.3025532731810328,0.3026871401151631,0.1913260410669737,0.3027628549501151,0.30289660464224055,0.30303030303030304,0.20230105465004794,0.19133435582822086,0.30304772857964346,0.3031812955155232,0.20233761256945776,0.19137931034482758,0.30319862095384026,0.30333205668326313,0.3034654413172506,0.19142419601837674,0.30354066985645933,0.3030998851894374,0.3036158408264779,0.2021805661820964,0.3031172308280742,0.19139579349904398,0.3031925062129612,0.30351681957186544,0.30326772405885727,0.3034008406572411,0.19140401146131805,0.19155844155844157,0.3034179873973649,0.30336006109201985,0.19163962588280206,0.191793893129771,0.3033772180881511,0.30351011064479205,0.20179286667938204,0.30320366132723114,0.201906577693041,0.3034693099504384,0.19172860682294646,0.30354420731707316,0.30310535340064776,0.30323809523809525,0.30337078651685395,0.3035034272658035,0.20178945364553588,0.20194137799771603,0.30352045670789723,0.20205479452054795,0.3032147612706867,0.303347280334728,0.3034797490017114,0.30342205323193916,0.2020528416650827,0.20220448498669708,0.19133574007220217,0.3033814589665654,0.30332383665717,0.20224078997341435,0.3033985190810708,0.19134396355353075,0.30347314480926174,0.3036053130929791,0.1914247770821476,0.30311077389984825,0.3032429357102219,0.30337504740235116,0.3035071090047393,0.30363912054586806,0.30377108205419745,0.2019704433497537,0.191324114415609,0.303219696969697,0.30373035409960236,0.19140477092010602,0.3038046564452016,0.3039364118092354,0.3040681173131504,0.20185395384033294,0.304142235672404,0.3029500756429652,0.2019285309132161,0.20207939508506617,0.3041013041013041,0.20219198790627363,0.3028528244851691,0.3029845107669059,0.3031161473087819,0.30400302114803623,0.19105153860675855,0.19120422801057002,0.3030760520852991,0.19132075471698112,0.30390492359932086,0.3030931723877782,0.19140109372053554,0.30392156862745096,0.304052780395853,0.3030531473803242,0.3041266252119842,0.3031273549359457,0.19137313995102656,0.3032015065913371,0.3040858595368104,0.3042168674698795,0.2015810276679842,0.3042905532555514,0.3044214487300094,0.2016553799849511,0.3044950159864585,0.30293343362166225,0.30456852791878175,0.1911654135338346,0.3046419845893629,0.3028936490041338,0.3030246101822281,0.3031555221637866,0.20150234741784037,0.3045437476530229,0.3031725173643702,0.30461711711711714,0.3032463876899981,0.20150093808630393,0.3033202025886325,0.19092273068267065,0.30339396212263264,0.19103862017247844,0.3034676663542643,0.30359820089955025,0.1911186059584036,0.30367178718621207,0.3038022101517138,0.1911985018726592,0.1913499344692005,0.1915013103706477,0.191652629608834,0.30389221556886226,0.304022450888681,0.3041526374859708,0.3042827753880681,0.3044128646222887,0.20097214432604224,0.2011214953271028,0.30442907867688285,0.20123318385650224,0.3031944703904353,0.3033246171087038,0.19140989729225025,0.30339805825242716,0.30352809408250886,0.20119447555057857,0.19145362940847174,0.303544776119403,0.30404775228502146,0.1915330100708691,0.30356143949282116,0.3036912751677852,0.3038210624417521,0.3039508013417816,0.2010434134525806,0.19150521609538004,0.19165580182529335,0.3039106145251397,0.30404021597467884,0.20104244229337304,0.3041131583845152,0.3034983252698176,0.19162790697674417,0.3041294642857143,0.19174260740189697,0.3042023056898475,0.19185722253206916,0.304275092936803,0.30440438580189555,0.3032329988851728,0.30336243730261936,0.20078008915304607,0.30343546889507894,0.19179353880430747,0.19194356784852423,0.3034521158129176,0.3041380590090926,0.19202226345083487,0.304210721572992,0.3034124629080119,0.3042833302429075,0.303485354097145,0.30435588507877664,0.2005189028910304,0.191958495460441,0.3043719896257873,0.3045008334876829,0.20055555555555554,0.30327717089427886,0.20066641984450204,0.30446048491578753,0.3045891931902295,0.20074005550416282,0.1918238993710692,0.3031255779545034,0.1919378698224852,0.30449251247920134,0.3046210720887246,0.3030863056736278,0.2006651884700665,0.3046369850360244,0.3031030661248615,0.20073868882733148,0.1918389955686854,0.30459664020675653,0.3047249907715024,0.1919173279202805,0.3029520295202952,0.3047408227264342,0.30486905201032827,0.2006269592476489,0.3049410029498525,0.3028571428571429,0.19185403612237376,0.30495669799152386,0.30287398673544585,0.3050285503776018,0.3029465930018416,0.30307494015835024,0.30320324005891014,0.2004417448923247,0.3049319101950681,0.30505979760809565,0.3051876379690949,0.30310833180062535,0.30323648400147113,0.20040448611877185,0.30514705882352944,0.2005146112846903,0.3031973539140022,0.20062465552085246,0.30510653930933135,0.3032139577594123,0.3033419023136247,0.3051220855516798,0.30341409691629956,0.30354193429987153,0.3051376146788991,0.2005136672170244,0.30520909757887016,0.30350265908674123,0.30528052805280526,0.3035747021081577,0.3053519061583578,0.20047645226314825,0.19091242213264933,0.19106063381571717,0.30531135531135534,0.3034242812671672,0.3035518125228854,0.20043931905546403,0.3036237188872621,0.20054894784995425,0.30369557263080865,0.19096396561185294,0.19111192392099488,0.3049917718047175,0.30511882998171846,0.30360080424054103,0.1911549707602339,0.19130275899872098,0.30361709901351847,0.3037442922374429,0.30387143900657415,0.3039985393463575,0.3048557867834976,0.19127578025187078,0.19142335766423357,0.30395913154533843,0.304086099963517,0.2000729527630859,0.19146608315098468,0.304102096627165,0.19157856361647832,0.30417350100236923,0.3043002915451895,0.30442703588996173,0.2,0.30431615370606446,0.20010924981791697,0.3043874021481886,0.30451401528940664,0.20018198362147407,0.30458515283842796,0.1913771147898854,0.3046562386322299,0.19148936170212766,0.19163636363636363,0.3046718778403927,0.3038894947291894,0.3047428675268036,0.30486918604651164,0.1916439600363306,0.3038503450780966,0.30488469220991465,0.30501089324618735,0.3051370484661463,0.30381125226860256,0.3039375793866812,0.3051523947750363,0.19970977689098496,0.30395357272397533,0.19981867633726202,0.19996374184191443,0.1914083741163676,0.2000724900326205,0.3038593948179018,0.1914855072463768,0.3039304473827205,0.3047808764940239,0.3040014484881405,0.19152787834902243,0.3040723981900452,0.3041983351429606,0.1999276280079609,0.20007235890014471,0.3042141436064388,0.30452079566003615,0.1914662809618514,0.30422993492407807,0.1915778058919212,0.19172388868810986,0.3042457091237579,0.304371387283237,0.3043164168322196,0.19176598049837487,0.3043870734789673,0.3043321299638989,0.30445767911929256,0.3044027426921689,0.19971134764567924,0.30447330447330445,0.30459873760144274,0.1997836278398846,0.3046691905534523,0.19989185291997116,0.3047395927194089,0.30486486486486486,0.19149702756260134,0.30403458213256485,0.3041599135602377,0.30482535109830755,0.19153915391539153,0.30417566594672424,0.3048407414072341,0.3049658150413818,0.30419140133117467,0.30503597122302156,0.19151231792843013,0.3042071197411003,0.30433219485888907,0.30499640546369516,0.3051212938005391,0.30434782608695654,0.30447278606071493,0.19145114942528735,0.19159633686478722,0.3044883303411131,0.3046131753724646,0.30491744436468055,0.19917459178180513,0.30462863293864373,0.1915695067264574,0.3048780487804878,0.30500268961807425,0.19164575116529223,0.30507259365477685,0.30448028673835126,0.3051424475900376,0.30526692941597994,0.19899695504209206,0.1991404011461318,0.3052820053715309,0.19155030433225922,0.30535170932521927,0.30547602004294916,0.1991411701556629,0.30554561717352413,0.3040600965837954,0.19921316165951358,0.3055605220811729,0.305684662138005,0.3040214477211796,0.3041458184417441,0.19135251027336073,0.19149696320114326,0.305590283979282,0.30410714285714285,0.19157293340474915,0.3041770796144234,0.30555059789398537,0.3042469664525339,0.19161462979482605,0.3043168034249019,0.3044408774745853,0.19882310984308132,0.30451060795150653,0.19893048128342247,0.3045802887185885,0.19903777619387028,0.30464991982896844,0.3051300320627004,0.19145146927871773,0.30466524216524216,0.3047890332917928,0.19900320398718405,0.19149314824701905,0.30498220640569396,0.30510585305105853,0.19903948772678762,0.3046416503645741,0.3051209103840683,0.1991111111111111,0.30519018841094914,0.3053136662519993,0.3054371002132196,0.3044945816308403,0.19911190053285968,0.30545196235126976,0.19122869318181818,0.3044558849636073,0.19133830315938943,0.19148181011535048,0.3053584102200142,0.3044172432144758,0.3045406172401561,0.30466394750842346,0.19148936170212766,0.30526502393192695,0.30538816022686993,0.19883040935672514,0.3045712260807938,0.3054030115146147,0.3055260361317747,0.30458650610943866,0.1988314447592068,0.19897326960523987,0.30460176991150445,0.19129357635816668,0.19143665958952583,0.3053246064036795,0.3045631411390166,0.19151193633952254,0.3046322489391796,0.3047551705851158,0.19158713326263696,0.30517759321434884,0.3053003533568905,0.3054230701289525,0.19162839985870717,0.30549178880452055,0.1917372881355932,0.19187996469549867,0.30444758206847866,0.3054526204340921,0.19848270995059986,0.30446286823072854,0.3045855379188713,0.3047081643449127,0.19851904090267983,0.30477701392561257,0.3052520267888615,0.30537444933920704,0.3054968287526427,0.30561916505196407,0.19848538217682282,0.19158302518048953,0.3045774647887324,0.30469987678225663,0.19165786694825765,0.19180010557803978,0.19194229415904293,0.3046613896218118,0.30478367921209987,0.3049059257956743,0.30520393811533053,0.19194937598875023,0.3052724077328647,0.30539448251625373,0.1920238931834153,0.1981380642894783,0.30540920266947663,0.305531167690957,0.19820926966292135,0.19835000877654907,0.191997191997192,0.19213897174942973,0.30543859649122806,0.3043325732327662,0.19221325850578744,0.3054532702086621,0.3055750350631136,0.30569675723049955,0.30581843673326325,0.19817767653758542,0.3058864751226349,0.30600805745314413,0.30612959719789845,0.19821397303449484,0.19835434173669467,0.30614388237353407,0.303815190759538,0.1984251968503937,0.19856543037088872,0.30610460031485043,0.1918502973067506,0.30617240776359506,0.3036713286713287,0.1985666841461283,0.19870674589304438,0.3036868775117945,0.3038085255066387,0.19179039301310044,0.3038770520433112,0.30591932949188055,0.30394553072625696,0.3040670274044336,0.19860383944153578,0.19176409003664283,0.3058269364968597,0.3059480202337345,0.30397628182769443,0.3040976460331299,0.19177126917712692,0.19191214920690255,0.3058556988497734,0.30597665098449206,0.19198606271777002,0.1921268071764501,0.1922675026123302,0.30384816298102035,0.19237465181058497,0.3058311575282855,0.3038635572572224,0.19819036018792413,0.19241475295755045,0.30387893546703776,0.3057391304347826,0.3039471396278908,0.3058066759388039,0.30592734225621415,0.30604796663190825,0.30390964378801044,0.30611535788742184,0.19228764981761334,0.30392497394928797,0.3061295363778434,0.19791666666666666,0.30619684082624543,0.30388753904894134,0.19798715946555615,0.3062109646079112,0.19809193408499567,0.30385015608740895,0.19819663603259927,0.3039181692094313,0.30403882821979544,0.30606585788561524,0.3061861029284353,0.1981981981981982,0.3040013857613026,0.30412192587461034,0.19826839826839826,0.19840720221606647,0.19179504933356414,0.30408445829006575,0.30420487973697874,0.30432525951557093,0.19840857983047916,0.19854721549636803,0.1986858032163237,0.30567081604426005,0.1917026793431288,0.30573798824749393,0.30412994643165714,0.1986869384934347,0.1917429607877008,0.30414507772020727,0.30564669314453463,0.19872237569060774,0.1917831866045227,0.3056610286503279,0.30578084555651425,0.19875776397515527,0.3039503191305848,0.19886167644015176,0.19175719951715814,0.3039655172413793,0.30408550249956906,0.19889693209238193,0.19903498190591074,0.19917298414886286,0.3040482342807924,0.19927661040303135,0.3053211641122783,0.30544077134986225,0.19934584265794456,0.19948364888123923,0.3054551712269833,0.19958706125258086,0.19972475485979702,0.30546955624355004,0.1998280309544282,0.1999656121045392,0.30359291731132887,0.3037126160192506,0.3053789310878158,0.3037800687285223,0.3054457996907748,0.30556509790450015,0.3037952945217242,0.30563186813186816,0.303862660944206,0.3039821489872983,0.3056461300840913,0.19097460535346603,0.3039972551037914,0.30566037735849055,0.19962270622534728,0.30401234567901236,0.19972569861134923,0.19094960575934178,0.3040274207369323,0.3041466758053461,0.30426589001199245,0.19972593353888318,0.3053605069361192,0.19982876712328768,0.30542715288478,0.30554604587470047,0.19082663015574192,0.3056125941136208,0.30573139435414887,0.3058501539514198,0.305968872926287,0.1908344733242134,0.19097281586596,0.30376068376068377,0.30387967868740384,0.3039986329460014,0.19101315564667692,0.19115134950461224,0.19128949615713065,0.30396174863387976,0.3040805873313983,0.19136223967224308,0.30414746543778803,0.19146757679180887,0.304214297901382,0.30535653360627774,0.30547501279208594,0.30559345156889495,0.19147485080988919,0.3056597340606887,0.30577808079086416,0.3058963871847307,0.3060146532629068,0.1989778534923339,0.19144949753023335,0.3060286103542234,0.30614677336965773,0.3037112700034048,0.19897872340425532,0.19911504424778761,0.19142419601837674,0.30605648179652944,0.30617451947610136,0.3062925170068027,0.19911579663322565,0.19925195511730703,0.19139894611592725,0.3062542488103331,0.30637213254035683,0.19928644240570845,0.30643791404790216,0.30655570652173914,0.3066734589913398,0.3067911714770798,0.1992870480393821,0.30685675492192804,0.30697437637875447,0.19935527655242619,0.3070398642917727,0.30274762550881956,0.19942343564524334,0.30705323838589355,0.3071707068994745,0.1994915254237288,0.30266056600576174,0.19959335818366655,0.30272742673217007,0.307079945799458,0.3071972904318374,0.30731459532678634,0.19079058743863214,0.3073798239675017,0.30749703841597564,0.19086294416243654,0.19099983082388766,0.19113667117726657,0.3074581430745814,0.3075752451809266,0.3076923076923077,0.3022312373225152,0.3077573094473551,0.30229807367353834,0.3078222672748775,0.1991554054054054,0.30788718121938863,0.3080040526849038,0.3081208846868141,0.19918973666441595,0.30210970464135023,0.3081336483293959,0.302176480512907,0.3081983805668016,0.19075729465339855,0.3021922428330523,0.30230989715056483,0.30242751180040456,0.3081071970335412,0.30249410178631614,0.1907329401853412,0.19086927223719677,0.3025096850261075,0.30262714718760525,0.3079643037548409,0.30808080808080807,0.19087695674128935,0.3081454055873443,0.3025408043075888,0.3082099596231494,0.19091673675357443,0.19105280861083082,0.30250546494030606,0.3081708137188971,0.19112455874936965,0.30823529411764705,0.3083515375567132,0.19119623655913978,0.30236855367041826,0.3083641249580114,0.19832073887489504,0.3023841504365346,0.30837669968104753,0.19838872104733132,0.19852324215472394,0.30838926174496645,0.19862439188055694,0.30845353908084533,0.3085695119906088,0.19097920858484238,0.30209555741827326,0.3085819644653034,0.19859225741578682,0.3021112600536193,0.19869324845032668,0.30217755443886096,0.30229442304471615,0.19876088412592097,0.30838774485183323,0.30850351523267494,0.1907949790794979,0.30220883534136544,0.1908984440354693,0.3084643693542991,0.3085800301053688,0.30869565217391304,0.30881123557933454,0.19859578736208625,0.3020223967909076,0.19869652406417113,0.19883040935672514,0.30872034747744737,0.3019876398864206,0.30878423513694053,0.3088996493571548,0.1988313856427379,0.30195292939409113,0.30891188251001334,0.190555648256299,0.3089756423089756,0.3090909090909091,0.30920613742494996,0.30181757545439386,0.30193397799266425,0.30921820303383896,0.19866666666666666,0.30194967505415765,0.30206597800733087,0.1904047976011994,0.3091272485009993,0.3092422980849292,0.3093573093573094,0.3094722823372732,0.19856857523302263,0.19038109502413048,0.30183028286189684,0.3019464315421727,0.19860279441117765,0.19042075503076666,0.19055537080146326,0.3092269326683292,0.1986369680851064,0.30929034402526173,0.30176138251910933,0.19870410367170627,0.30930232558139537,0.19880418535127056,0.30172700099634675,0.19890420056450275,0.301792828685259,0.3092116182572614,0.19897112512446066,0.19031027044964327,0.3092236230922362,0.3093381987062531,0.30165837479270313,0.30940142596584314,0.3095159151193634,0.30963036631858115,0.30974477958236657,0.3015741507870754,0.3098078197481776,0.3016398873612722,0.19874130506790327,0.1900976982944196,0.3097682119205298,0.3098824697897699,0.30999668983780204,0.3015058745656131,0.19870946393117142,0.1900744416873449,0.3099569963612306,0.31007110964114437,0.19014550264550265,0.310133906430815,0.3102479338842975,0.19864485209056354,0.31031064111037676,0.3104245828514786,0.1901222332342253,0.3104872006606111,0.190224570673712,0.31054977711738485,0.3106635853416969,0.19029542828849647,0.3107260726072607,0.3007754495957763,0.19036621577037283,0.3008411677387432,0.3009564643799472,0.19835119538334708,0.1984833498186614,0.31053238833031155,0.31064601186552404,0.3107595979568298,0.31087314662273474,0.1902487234393016,0.3007246376811594,0.300839782644492,0.31083305893974317,0.19835390946502057,0.3108953258722844,0.31100872140858976,0.3007568279039158,0.30087185392334265,0.19835526315789473,0.1984870909389903,0.1986188753699441,0.31086634884103237,0.19000657462195925,0.19868529170090385,0.31087742359513637,0.310990635781173,0.19875164257555847,0.19001478075217607,0.30049261083743845,0.31095058282712196,0.31106369008535784,0.3005087805678648,0.31112569740728585,0.18999179655455292,0.3005249343832021,0.3111366245694604,0.31124959002951785,0.19003115264797507,0.3004918032786885,0.19013276512047206,0.3005571943625041,0.3111584466655743,0.3112712975098296,0.19017199017199019,0.31133311496888305,0.31144588177501226,0.1902423051735429,0.3115076117204125,0.19034369885433716,0.3115693012600229,0.30022905759162305,0.31163095043350236,0.1980700032711809,0.30024529844644315,0.19032047089601045,0.300310609776034,0.3004249754821837,0.311488805360353,0.1980392156862745,0.3004411043947067,0.19029728846782099,0.30050628776743427,0.30062050947093405,0.31134693877551023,0.1980084884100555,0.31140851966704747,0.31152088772845954,0.30053842388644153,0.19021207177814028,0.3115315609199152,0.19031311154598826,0.3115930213598565,0.31170524942940986,0.19788101059494703,0.3003585397653194,0.31171582206289716,0.3118279569892473,0.19791496986479884,0.19022801302931597,0.31183846279107635,0.30022793878215565,0.19794888490965326,0.30029296875,0.3117982099267697,0.3119101854864953,0.31202212461363266,0.3121340273259597,0.19011221336802733,0.1902439024390244,0.3001138026337181,0.30022756827048114,0.3120429058995612,0.31215469613259667,0.19025182778229083,0.31221572449642626,0.3123274321910021,0.3124391036050666,0.19029063159603832,0.3125,0.3126115890277552,0.29990262901655307,0.30001622586402726,0.19743672939649579,0.1902676399026764,0.19039896204995135,0.3124695962380412,0.29993514915693903,0.3125303939050089,0.19043760129659643,0.29995138551288286,0.3125405055087492,0.31265187105135267,0.3127632005183026,0.3128744939271255,0.19041450777202074,0.3129350817548972,0.3130462932988022,0.3131574688460916,0.19045307443365697,0.31321792590195763,0.31332901973471367,0.1969917515769044,0.29948253557567917,0.31333872271624896,0.31344972518590364,0.31356069177307255,0.3136716224951519,0.19033769591210212,0.31373182552504036,0.19043773219189145,0.29925710594315247,0.2993702567414823,0.2994833710041976,0.19047619047619047,0.3135894125242092,0.19057608520251734,0.19667634720877702,0.19067591547023713,0.19080645161290322,0.29930656345750684,0.299419542083199,0.3133967435112043,0.2994842037395229,0.19661563255439163,0.2995488237189816,0.19075237634928308,0.313305412371134,0.3134160090191657,0.1966183574879227,0.3134760908066334,0.313586606567933,0.3136970867535812,0.3138075313807531,0.31391794046661303,0.31402831402831405,0.19655782531767735,0.2991315535541975,0.19054510371442354,0.19067524115755627,0.29914804693779135,0.19077467052394728,0.3138357705286839,0.3139460154241645,0.19646586345381525,0.19081272084805653,0.3139553557090092,0.3140655105973025,0.19650024080911863,0.19085072231139646,0.19098058096613707,0.31402439024390244,0.314134445692283,0.3142444658325313,0.19647153167602247,0.31430404105195636,0.3144139810806477,0.2984931067649888,0.1908959769193781,0.3144230769230769,0.2985098541900337,0.19641140660044856,0.31443216402370655,0.3145419602818706,0.3146517213771017,0.19084213896894012,0.31471106130942855,0.31482074263764404,0.31493038886221797,0.19088,0.3149896016637338,0.3150991682661548,0.2980969134815289,0.29820914614646626,0.31510791366906477,0.31521739130434784,0.19082627457247883,0.31527644614892936,0.3153858443840869,0.31549520766773165,0.1908640792205718,0.19099329287767486,0.2979402842088456,0.31545338441890164,0.29800478850758183,0.1910309607405043,0.3154619435136429,0.19112954690491385,0.2979741585579837,0.2980861244019139,0.2981980545367565,0.3153698979591837,0.19113661724852543,0.29821485495696526,0.19123505976095617,0.19136392606755895,0.2982316393181456,0.31522777954762665,0.3153368370759675,0.19538216560509555,0.2982009234198376,0.3153454313912767,0.19544803437848163,0.315404201145767,0.19554494828957836,0.2981228125994273,0.19564180054079847,0.31536259541984735,0.2981396088408332,0.31542130365659776,0.3155301223970752,0.195645263827082,0.3155887494040998,0.19574197648554179,0.29801429706115967,0.19583862770012705,0.29807845005558203,0.2981899015560495,0.31544689633275125,0.29825396825396827,0.31550547532137757,0.29831799428752775,0.3155640171346978,0.19574873096446702,0.1958762886597938,0.2982873453853473,0.31552243538925007,0.3156309448319594,0.19591060389919163,0.315689381933439,0.2982094755189352,0.31574778200253484,0.1959448756534136,0.31580614507443777,0.3159144893111639,0.31602279924002535,0.3161310748773152,0.19594808483697373,0.2979901883209369,0.2981012658227848,0.19015978484417023,0.31603922809237583,0.3161473983868417,0.3162555344718533,0.31636363636363635,0.19585836231425863,0.31642168484273747,0.1959544879898862,0.29783536103649866,0.1900473933649289,0.3163797188437846,0.31648768161718255,0.19595768198326227,0.31654562677612885,0.29771112865035515,0.31660353535353536,0.19599179422439642,0.3166614073840328,0.19608771099542516,0.2976340694006309,0.29774483519949535,0.18984547461368653,0.2978086079142362,0.31651954602774274,0.3166272655634358,0.3167349511503309,0.1959981093429967,0.18982356647763074,0.19609387305087414,0.29763779527559053,0.19618957644465437,0.196316120906801,0.29765465134582086,0.31649354737173435,0.3166011014948859,0.18974197608558843,0.29762466572282525,0.3166089965397924,0.19625727315615663,0.19638364779874215,0.19650998270712153,0.2975479408990883,0.1896903976111897,0.3164676304211188,0.31657501963864887,0.19651272384542884,0.1966389194283022,0.2974246231155779,0.18966870780342282,0.31648351648351647,0.3165908020718882,0.29739485247959824,0.3166483602698886,0.297458424850957,0.31670588235294117,0.31681304893350065,0.1964873765093304,0.297428661022264,0.1965825364477191,0.2974921630094044,0.29760225669957685,0.3166718896897524,0.1966160112799624,0.2976190476190476,0.31667971808927176,0.29768243031631697,0.3167371222796305,0.3168440826549781,0.1965878854280795,0.2976525821596244,0.2977624784853701,0.1891426783479349,0.31675269826372593,0.1892399124178918,0.3168100078186083,0.316916823014384,0.19649835860559636,0.19662394498280714,0.2975464916393186,0.18921875,0.3168254960162475,0.316932208684786,0.1966265812900203,0.29747033104309806,0.2975800156128025,0.31689041523571654,0.19665990323084126,0.2975967540574282,0.3168981120299579,0.19672386895475819,0.29761347683668693,0.3169058016219588,0.19678777483237175,0.1969130028063611,0.2975837879968823,0.3168640897755611,0.3169705469845722,0.297600498597694,0.317027574388534,0.19688473520249222,0.297617193583554,0.29772656493304267,0.3169858321656547,0.1969178082191781,0.31704280155642023,0.19701213818860877,0.19713707795238836,0.18855009334163036,0.3170010888163011,0.31710730948678073,0.19716995801586068,0.31716417910447764,0.19726410694854657,0.29732670189617655,0.29743589743589743,0.3171224362958359,0.197296877427373,0.31717924821373095,0.19739089920795155,0.297360248447205,0.18832479428660145,0.3171375349270413,0.19742356045320503,0.2973308504034761,0.31714507370054307,0.29739373254731616,0.31720179928648984,0.1974255583126551,0.31725848968832376,0.2973643410852713,0.29747325995969615,0.31726596404215746,0.297536029753603,0.2976448713975829,0.2977536793183579,0.2978624535315985,0.31717515874245006,0.31728089191700215,0.1972441554420189,0.3173374613003096,0.1973378733942114,0.19746208604147322,0.18783846510908248,0.31729579207920794,0.19752513534416086,0.3173523043612744,0.29751043760630896,0.317408781694496,0.19755758231565929,0.31746522411128286,0.19765105856900014,0.19777503090234858,0.3174725784025954,0.3175780043249923,0.3176833976833977,0.19780728844966028,0.31773969430291804,0.2971596171657919,0.31779595616607503,0.2972222222222222,0.3178521833050455,0.2972847886454798,0.3179083757519667,0.18738433066008636,0.29730146491904397,0.29740980573543013,0.3178665022352397,0.2974722564734895,0.3179226383109878,0.18736517719568568,0.19750423663534125,0.3179297597042514,0.19759741259818267,0.19772097320603635,0.31793687451886066,0.2972598522167488,0.3179929198091427,0.31809787626962144,0.3182028004308355,0.3183076923076923,0.297185048454084,0.1976314980006152,0.29724742426572354,0.29735547355473557,0.29746348962336666,0.29757147248693516,0.18702935300445675,0.29763368162261833,0.29774158856967275,0.19754224270353302,0.19766548917217017,0.29775798525798525,0.31782588668816214,0.29782007982806263,0.2979278587874137,0.3178330263965623,0.317937701396348,0.3180423442773857,0.3181469550544562,0.18680981595092025,0.1869345192455145,0.1870591842992947,0.31810516633450864,0.18715511955855305,0.18727969348659004,0.3181121667177444,0.3182166385782136,0.31832107843137253,0.19727370194516772,0.3183767228177642,0.31848109018527027,0.29730557256582973,0.3185366600336752,0.3186409550045914,0.3187452180566182,0.2972766217870257,0.31880067309163224,0.31890486387274397,0.2972931640923689,0.31896024464831807,0.3190643632472099,0.18694588810761234,0.18707015130674004,0.297218826405868,0.1969442322383499,0.29728078215704246,0.1871085993584848,0.2973427000610874,0.2974499923652466,0.18717557251908398,0.31872996489085637,0.18727106227106227,0.318785289180528,0.19682636557827282,0.3188405797101449,0.3189444783404515,0.2972395912764984,0.31899969502897224,0.31910352187833513,0.31920731707317074,0.31931108062795305,0.18713806766229807,0.19670882218497637,0.19683120048750763,0.1872048743335872,0.29698446542796225,0.19689355870260392,0.18727161997563946,0.1873953417567362,0.18751902587519026,0.3189773246081266,0.29686548995739503,0.19686596683401794,0.31898387587465776,0.18752851711026616,0.1876520681265207,0.2967918503877148,0.29689875342049254,0.19683842529259765,0.3188449848024316,0.18766144962771616,0.19690063810391978,0.318851587422148,0.18772782503037666,0.2967350037965072,0.31885818402672333,0.296796720813724,0.18776563448694597,0.29685840036424344,0.3188163884673748,0.2969200424821727,0.19675364077669902,0.3188229940846352,0.29693660903851987,0.19681576952236543,0.31882959369314734,0.2969531605275125,0.31888451045771443,0.29701469919684803,0.2971212121212121,0.31889107710952885,0.3189942441684338,0.3190973799787975,0.18746214415505755,0.31915215745647235,0.2970027247956403,0.29710912668382017,0.1875,0.2971705250416099,0.19652042360060515,0.18756617758281652,0.2971869328493648,0.2972932103432633,0.18763229513153917,0.18775510204081633,0.19649334945586458,0.31872449750642284,0.18782109398609853,0.19655537090194894,0.19667673716012085,0.2970850324724362,0.19676834793113862,0.2971463083194927,0.3185386473429952,0.29720754716981135,0.2973136130395412,0.18771691564810622,0.29737477368738685,0.29748076632976317,0.1966817496229261,0.18775448650278992,0.31830518697225574,0.2974521332730288,0.29755803436840517,0.31831198191409193,0.19665461121157324,0.3183667319572096,0.3184694184995481,0.18767886729929206,0.1966867469879518,0.29739497063695225,0.31842818428184283,0.19674845702242963,0.3184828416616496,0.18765989465763733,0.18778212458621726,0.29727696705280576,0.3184416365824308,0.2973379455557227,0.3184962406015038,0.2973988873853556,0.31855081178592903,0.2974597925747783,0.18770664262097986,0.318557475582269,0.19651442307692307,0.3186119873817035,0.18774406728747373,0.2973419432347199,0.3186186186186186,0.1878096381924636,0.2973581507054939,0.2974636049827405,0.2975690276110444,0.29767441860465116,0.19636963696369636,0.3184340782960852,0.2976904619076185,0.297795771479982,0.18770614692653673,0.2978563933443262,0.18779976019184652,0.31829761726359956,0.2978723404255319,0.31835205992509363,0.31845416417016176,0.3185562378313614,0.31865828092243187,0.3187602934571044,0.2977544910179641,0.29785960185600957,0.3187668362765639,0.2979200957653748,0.2980251346499102,0.19596110695587135,0.31872569548309904,0.31882757589352473,0.29799641148325356,0.31888174615039616,0.31898355754858,0.19593483784187715,0.18738792588164974,0.18750933811444792,0.3189423364206752,0.2978342046303211,0.1959378733572282,0.1960579363894281,0.19617796357121528,0.29780564263322884,0.3188059701492537,0.19623936725861812,0.2978215458072217,0.18737878561837984,0.31876491646778043,0.19627143922445936,0.19639129138085296,0.18741613239898613,0.19648181276088253,0.31867640482933374,0.18748137108792848,0.19654298912233648,0.2975268176400477,0.29763146134366153,0.29773607387548406,0.29784065524944153,0.3184931506849315,0.31859461068929584,0.18740696635903542,0.3186486084238726,0.19642857142857142,0.318702574021723,0.29767926212436774,0.19648966235311616,0.3187091017251636,0.3188104089219331,0.31891168599464764,0.18730489073881373,0.2975624256837099,0.29766681527715855,0.1964338781575037,0.31882335462784134,0.2976827094474153,0.29778701915936434,0.3188298188298188,0.19643652561247216,0.29780285035629456,0.3188362772747514,0.3189373701395073,0.18711975070485234,0.29777448071216617,0.31894377688770215,0.3190447938297241,0.19635177220821592,0.3190984578884935,0.19644180874722017,0.29765787133115923,0.2977619682821995,0.2978660343805572,0.18699066528374575,0.2979259259259259,0.19641534587468523,0.31886848341232227,0.2979416555604916,0.18700029612081728,0.2980014803849001,0.3188277087033748,0.29806126979428743,0.19635986978395975,0.29812102382009176,0.19644970414201182,0.3187398313858897,0.18692694469091983,0.31879343486618367,0.18701951507983441,0.18713968957871396,0.2979603901862252,0.318752770799468,0.19636524822695037,0.31880632294282757,0.3189069423929099,0.3190075321222862,0.29784406379208506,0.29794773364830945,0.19633894301741955,0.31896678966789666,0.19642857142857142,0.31902021543455805,0.3191206845677191,0.3192211240595958,0.18687315634218288,0.18699306886889838,0.3192273665585373,0.31932773109243695,0.1963443396226415,0.2975681650700074,0.2976716769820218,0.3192868719611021,0.29773129051266944,0.1963470319634703,0.29779086892488954,0.2978942718303637,0.29799764428739695,0.3191520683056087,0.29805710921401235,0.29816041206769683,0.31915832842848735,0.19626305723113138,0.19638128861429832,0.298132078246801,0.18661764705882353,0.31907072489339805,0.31917083210820346,0.3192709098926944,0.3193709582598471,0.19632623071271124,0.3194240376138701,0.1964154546790069,0.19653349001175088,0.31943016595682183,0.19662261380323054,0.29775363382763176,0.1967116852613036,0.19682959048877147,0.18638098033460523,0.3192956713132795,0.2976819248826291,0.2977849493912278,0.1864183044881197,0.2978442586889573,0.18651026392961878,0.3191614132825099,0.29785986514218704,0.1966876740436758,0.3191676436107855,0.2978754578754579,0.18649282156460592,0.2979346711586348,0.29803749267721147,0.29814028408258897,0.2982430453879941,0.18650270824183868,0.29830210772833726,0.2984048002341578,0.19651741293532338,0.3188002926115582,0.18651258045640726,0.18663156355126517,0.298332845861363,0.31876005263927476,0.19649122807017544,0.18666861569945914,0.1867874890382929,0.3187198597106532,0.19652250146113384,0.318772826880935,0.19661115980134386,0.1967284942310501,0.31877920560747663,0.19681705358446488,0.29795620437956205,0.19690556123193695,0.19702276707530647,0.31869254341164455,0.18660636124890576,0.3187454412837345,0.29784130688448074,0.29794370716056584,0.31875182268883057,0.3188511444817029,0.2979591836734694,0.1969100714181606,0.31885747595453223,0.29797464665598133,0.3189102564102564,0.29803350327749456,0.18642586658898921,0.2980923256152614,0.1865171811298777,0.19682632115300627,0.2981077147016012,0.3187308979770048,0.3188300349243306,0.318929143023425,0.3190282222868781,0.1968,0.19691681210005818,0.3190344627017595,0.31913346903169526,0.2978630614914959,0.18633720930232558,0.19691905246330474,0.2978785236849753,0.2979805317448787,0.18637420104590355,0.2980392156862745,0.1864652918966018,0.18658341803397707,0.29805458768873405,0.19683553491072725,0.18664731494920175,0.19692352343636627,0.2980266976204295,0.298128536196141,0.2982303452277343,0.2983321247280638,0.31844547563805103,0.2983906046107003,0.29849231661351117,0.29859399913030876,0.29869565217391303,0.31835965802057675,0.2987539843523616,0.1967260611328408,0.3183661645422943,0.31846488052136135,0.19678540399652475,0.19690169393369045,0.3184713375796178,0.1862787668258793,0.18639652677279306,0.19693242656634352,0.2984664351851852,0.18646029220309562,0.31833960080995083,0.18655097613882862,0.2984384037015616,0.29853982940581175,0.19687771032090198,0.29859806330394567,0.2986994219653179,0.1865337378991475,0.18665125686217857,0.19687996533294813,0.1867417677642981,0.3179783393501805,0.29858504187120993,0.19691063952649054,0.3179849884526559,0.2986000865925819,0.19696969696969696,0.2986582022796133,0.2987593768032314,0.29886052214048753,0.18661667147389674,0.2989185291997116,0.29901960784313725,0.18668012108980828,0.31767079850100893,0.31776913099870296,0.1867435158501441,0.19680161360034576,0.1868337654854509,0.2988621633299726,0.18692396313364054,0.317638588912887,0.29887705154045496,0.18698718871455305,0.19674726540011514,0.29889192689595623,0.29899280575539566,0.31750827219105165,0.3176064441887227,0.3177045879476485,0.18694276675294794,0.3177570093457944,0.31785508913168486,0.2988357050452781,0.29893647599885026,0.2990372179910907,0.2991379310344828,0.2992386151415027,0.18687158862395864,0.317679161281057,0.19643882825962092,0.18693467336683417,0.18705139247774907,0.2991244438065164,0.19646957520091848,0.31754914621896974,0.29913916786226685,0.1870606799598336,0.2991967871485944,0.29929728954538937,0.2993977631201606,0.196415770609319,0.18706995412844038,0.19650279489752043,0.3172828890799656,0.19658976930792377,0.1871060171919771,0.29924079644750035,0.3172443425952449,0.31734211656880995,0.3174398625429553,0.3175375805297065,0.31763527054108215,0.29912695005009304,0.1870349170005724,0.3176420088710831,0.19642346208869815,0.29909884136747245,0.18707093821510298,0.19648219648219648,0.1965970832141836,0.31751250893495353,0.31761006289308175,0.31770758896670004,0.31780508716776223,0.1870267181025861,0.31785714285714284,0.31795457791744036,0.19651528134818624,0.29872911609310293,0.1966019417475728,0.19671663097787295,0.2987439337710534,0.2988440131297274,0.3177796803652968,0.31787701526608647,0.19671897289586304,0.31792896876337184,0.18682258984597833,0.19677741337516041,0.19689193042486455,0.3178902352102637,0.29860319270239455,0.18683197947840957,0.29866058706184095,0.2987605071947571,0.29886039886039883,0.3177610027061672,0.19681002563372257,0.31781290046988464,0.3179100227790433,0.2987900355871886,0.3179618559635639,0.3180589156112139,0.31815594763801935,0.18665528524683453,0.3182076813655761,0.29867728630351303,0.318259385665529,0.318356320204749,0.2986920671026443,0.19658848614072494,0.3183627060830017,0.1966747193406281,0.19678886047172492,0.3183690865179713,0.3184659090909091,0.3185627041613407,0.3186594717409827,0.18642623881868522,0.31871095968199886,0.31880766501064584,0.29832529094521715,0.29842486164325244,0.19665153234960273,0.29848205419208396,0.29858156028368793,0.2986810381506169,0.18633011911514463,0.29873812562030344,0.29883753898497306,0.3184975194897236,0.31859410430839,0.196542440130367,0.318645508642675,0.18628700949142937,0.2987252124645892,0.1863758674408724,0.318606627017842,0.19651706073906272,0.1966308040770102,0.29865534324133053,0.29875459949051797,0.31852271119286824,0.3186191284663271,0.1966331871551846,0.29872701555869874,0.2988261914863527,0.3185803167420814,0.31867665771242754,0.31877297144472716,0.31886925795053006,0.1965799886941775,0.31892044651688567,0.19666572478101157,0.2986297499646843,0.19675141242937852,0.3188815139104646,0.3189776899181022,0.31907383876888323,0.3191699604743083,0.3192660550458716,0.18585944115156647,0.29843375194017213,0.29853273137697517,0.29863168288898295,0.31918194640338504,0.1965872232407277,0.2986463620981388,0.1858170026786973,0.2987031294051311,0.3190979563072586,0.1858793686583991,0.19656192757503171,0.31910397295012677,0.2986336103676574,0.3191549295774648,0.2986903253062949,0.29878907350042244,0.29888779388990566,0.2989864864864865,0.29908515130190005,0.299183788347875,0.3189812860560011,0.18570624648283623,0.29919819946546633,0.18579465541490858,0.2992546758543102,0.29935320584926883,0.2994517081400253,0.29955018273826256,0.31876317638791285,0.2996065205171445,0.299704931853309,0.2998033155380725,0.2999016715830875,0.1960674157303371,0.318635023170903,0.31873069362538614,0.29987364874350697,0.3187815833801235,0.2999298245614035,0.3000280662363177,0.30012628034236005,0.31874298540965207,0.18543975312105485,0.31879382889200564,0.1855279764408919,0.3188446438586652,0.19585027337726063,0.29997196523689373,0.3000700770847933,0.3001681614349776,0.1958806221101303,0.31871672737461476,0.31881215856562545,0.30014005602240895,0.3188629043551323,0.30019602352282276,0.3002939941201176,0.3003919372900336,0.30048985304408676,0.18527847746991324,0.31873513362249895,0.3188304420817012,0.3189257238774654,0.19566433566433566,0.31897636694168646,0.30033557046979864,0.19572207465399133,0.31898238747553814,0.31907756813417193,0.18515930687534934,0.30026547436076567,0.31908354288907514,0.30032127392093866,0.3004189944134078,0.18516966904063678,0.3190449595085172,0.31914002512913586,0.3192350642099386,0.3193300767620377,0.1851800167457438,0.18529370726942934,0.3002232142857143,0.31929139349979074,0.3193863319386332,0.3194812438990378,0.1953430005577245,0.3001533528509689,0.3002509060496236,0.3003484320557491,0.3193979933110368,0.18517486414936604,0.30036221788799106,0.31940381668756096,0.31949860724233986,0.3195933713967414,0.19521024784182678,0.1953222887372964,0.19543429844097995,0.18510786360473208,0.3195101586418035,0.18519549186030332,0.3195603784084585,0.18528307135902072,0.3,0.30009734390209986,0.3001946607341491,0.3002919505074378,0.3194328607172644,0.3195274496177901,0.1952473596442468,0.18521606224815895,0.30022228396776884,0.3194888178913738,0.30027777777777775,0.3195389529232051,0.19522354901416272,0.30029154518950435,0.18517490283176014,0.319500346981263,0.3195947821260061,0.3196891910642431,0.19519977802441732,0.319739214870301,0.18515950069348128,0.3000970739148523,0.30019412090959513,0.3197005406904201,0.3197948433601331,0.3198891198891199,0.30016629711751663,0.30026326728557573,0.3003602105846495,0.3004571270259039,0.31980609418282546,0.30051239440520705,0.18499030739407366,0.3005676311781808,0.30066445182724255,0.3007612456747405,0.3196789371713258,0.31977307319773074,0.3198671831765357,0.3199612671185503,0.3006915629322268,0.18489835430784124,0.3007466814159292,0.3008433568367206,0.3009400055294443,0.18493434692467173,0.19458264234383638,0.3009534337432638,0.18499585520862116,0.18510844039231938,0.3196132596685083,0.31970722275928737,0.3008837337752002,0.19453265221593263,0.3009387078961899,0.3196687370600414,0.19459011868617168,0.30095211811784184,0.3010485651214128,0.3011449855152435,0.30124137931034484,0.3013377465177217,0.3014340871483729,0.30153040121329105,0.184863523573201,0.18497587870434185,0.30154355016538037,0.30163979605897756,0.3017360154312483,0.3018322082931533,0.3191460055096419,0.3018867924528302,0.3019829248141008,0.302079030703566,0.3191079295154185,0.19421885753613213,0.3191577208918249,0.31925141048575756,0.19427627958172813,0.31930114183519054,0.30192572214580465,0.19433365424288268,0.30198019801980197,0.3020761721435446,0.18463018971679956,0.31917525773195876,0.3192688290269379,0.30204754706609865,0.30214344600164883,0.3022393185877181,0.3023351648351648,0.30243098475484137,0.19417742378467454,0.31909927227790746,0.3191927512355848,0.3024021962937543,0.3192423826516607,0.3193358034856594,0.3024149286498353,0.30251063245987103,0.3026063100137174,0.18433685365519134,0.31925397696105323,0.31934731934731936,0.3194406361392926,0.19396847155586017,0.31949013157894735,0.3024530629025627,0.19402576048232392,0.3194958213453898,0.3195890410958904,0.19408300232844816,0.30238290879211177,0.18417088867588663,0.30243702081051477,0.3195071868583162,0.1842321379687928,0.3195565895716436,0.3196496989600438,0.31974278287043373,0.3023255813953488,0.3197920941047736,0.18421772428884026,0.1939012717079174,0.3197976483456385,0.3198906356801094,0.31998359759431383,0.1939319393193932,0.30213172998086907,0.3022270802022134,0.31994535519125683,0.32003824614123755,0.3201311117181098,0.19390959989075515,0.3201802293828509,0.3202730375426621,0.32036582036582034,0.3020335744506619,0.18395196506550218,0.30208759721653705,0.30218281036834926,0.1840130950757059,0.18412438625204583,0.3201963725623892,0.18421052631578946,0.3021131561008862,0.3022082878953108,0.3023033937576666,0.32011447260834014,0.3023572693827497,0.3024523160762943,0.32011987467647457,0.18414600926178154,0.30246493258886015,0.3025599128540305,0.32008168822328115,0.32017424448679555,0.32026677555464816,0.30253130103429504,0.18410668118111306,0.3025850340136054,0.18419262685348933,0.32018498367791076,0.3202774377804978,0.19322817514277943,0.19333786539768866,0.32028276237085374,0.3203751529155906,0.1933949442783365,0.3204239706481859,0.3205163043478261,0.30226871349001494,0.3205650638413475,0.302322422925438,0.30241716458446494,0.3205702647657841,0.3024708118381754,0.3206189765168997,0.30252442996742673,0.32066766182657075,0.1932157394843962,0.19332519332519332,0.19343461747151383,0.3206293232062932,0.3024138866286954,0.30250847457627117,0.18370390455531455,0.3025620170801139,0.3026565464895636,0.3027510502778154,0.30284552845528456,0.1837149437745563,0.32037388241668924,0.19328186374102668,0.18377573131094257,0.3027758970886933,0.30287029515299213,0.32029240557736566,0.1838115863562534,0.32034104750304504,0.30284167794316647,0.19320795562170207,0.30289502164502163,0.18382253483024483,0.3029483364890452,0.1839080459770115,0.3030016224986479,0.30309584966878467,0.3200865098675318,0.32017840248682256,0.3031081081081081,0.30320226996351846,0.19305593082950553,0.3201404835877347,0.19313884386817937,0.30317353139770425,0.18376991628409398,0.3032266774672607,0.3200593952483801,0.1931434741530571,0.18380566801619433,0.19322628525165295,0.1933351322180248,0.3031161473087819,0.1934178581062854,0.3198921105866487,0.1935005393743258,0.18376702170688958,0.31989754650849284,0.30300579592937055,0.1935309973045822,0.3199029780353052,0.19361358124494746,0.30297723292469353,0.3030711206896552,0.19367003367003366,0.19377861567465662,0.18365423454961627,0.31973613354873454,0.3198277022479472,0.18371467025572005,0.19378280177634236,0.3198331539289559,0.19386519574868827,0.18375033629270918,0.3027572293207801,0.30285099515868746,0.19389538792523867,0.1940037644528099,0.19411211184298965,0.3196236559139785,0.19419432871925815,0.3027411986025262,0.19427650141072147,0.19438473938742612,0.319543317662861,0.18358850389470857,0.18369813347656774,0.19441460794844254,0.1945227547321788,0.19463087248322147,0.19473896121325995,0.3193773483628556,0.31946867033409365,0.31955996780252216,0.19476861167002013,0.3023068669527897,0.31956550891779534,0.3196567444355055,0.19479823032578095,0.18351206434316353,0.18362149845865167,0.3021978021978022,0.18370628433605787,0.18381564844587353,0.30221031480241123,0.1947495312081436,0.183875719833936,0.1839850026780932,0.30218235372874547,0.18406961178045517,0.19475304510774996,0.3191916488222698,0.3021544225879834,0.19480867005619482,0.18408026755852844,0.3021669341894061,0.3191119432927645,0.19483819202995453,0.31916031555020724,0.19491978609625668,0.19502740275364255,0.3020582731889869,0.3191233462515034,0.3192143238909674,0.3193052772211089,0.31939620625166976,0.19500467476960065,0.18389423076923078,0.30190946721858725,0.18397863818424567,0.19503404084901882,0.30192205018686596,0.30201521419991995,0.30210835334934616,0.30220146764509676,0.30229455709711844,0.3190609577164199,0.31915177380634835,0.3023069742632351,0.18386666666666668,0.1949073456872417,0.18395094641428952,0.19498867119818739,0.30223880597014924,0.18401065956029314,0.31894484412470026,0.319035566804316,0.3022109749600426,0.3190837661472899,0.3191744340878828,0.1949141259486087,0.3021831735889244,0.3022760548382803,0.30236891136545113,0.30246174318030605,0.3190526875997871,0.1948915790874019,0.3024740622505986,0.31905838542359355,0.3191489361702128,0.31923946283738863,0.19489497474076042,0.319287518277283,0.30236576289207867,0.3193355481727575,0.3194259899016742,0.19489836588282183,0.19500531349628056,0.3194315314118741,0.18353253652058432,0.19506041694330103,0.18361656930430165,0.19514137793707687,0.3020971595434032,0.18367617783676177,0.3192675159235669,0.31935783468223433,0.19514460068983816,0.1837113675553787,0.3193633952254642,0.1951995756530964,0.301909307875895,0.30200185602545404,0.3020943796394486,0.30218687872763417,0.30227935329976147,0.3191996819928448,0.1951510333863275,0.3192475824612531,0.18357615894039736,0.19520593298900807,0.3192531779661017,0.1952866410697736,0.1953931691818904,0.19549966909331568,0.31921651667548967,0.1955802567156279,0.1956866896004234,0.3192221193279534,0.19576719576719576,0.3192699378389102,0.18341708542713567,0.31931773105910355,0.18350079323109467,0.3193654990085922,0.18358445678033306,0.18369234835469803,0.30153276955602537,0.30162504954419345,0.30171730515191547,0.3192444855369172,0.3193343898573692,0.3017298296579955,0.18365460786902563,0.3017821782178218,0.30187434002111935,0.31925564207469975,0.319345473739773,0.3018867924528302,0.30197889182058046,0.3193510091017016,0.3194407807966236,0.3019912963207174,0.3194883966244726,0.3195781147000659,0.319667809122067,0.31975747989982867,0.1951765946230891,0.18342337593885888,0.31976284584980236,0.301804768805164,0.3198103266596417,0.31989990780982486,0.3199894653673953,0.32007899934167217,0.3201685097419695,0.30169803869948664,0.30178994472229537,0.30188182655612583,0.30197368421052634,0.18326535982107617,0.32004735595895817,0.1833486781533605,0.19489742240925828,0.3019066403681788,0.1949776492242966,0.3199684501117392,0.3200578338590957,0.3201471941122355,0.30183968462549277,0.3201944553935094,0.3018917498686285,0.3202416918429003,0.3203309692671395,0.32042022324359815,0.18316701680672268,0.18327425495601943,0.320425308479916,0.19477621735135844,0.3017060367454068,0.3017976643485107,0.30188926790868537,0.3019808474353929,0.30207240293809023,0.19475409836065574,0.3021243115656963,0.32017831388488266,0.3202674357629785,0.32035653427710054,0.1947575360419397,0.3204036168261041,0.30201781970649894,0.3021092624132058,0.32040869793031174,0.19476096922069416,0.19486642221058145,0.32041377504255597,0.1949463210264467,0.3020028799581097,0.3204188481675393,0.3205077869388823,0.3205967024339178,0.32068559466178204,0.3207744636316065,0.320863309352518,0.3018571802249542,0.19484765267425133,0.18266213389121339,0.3208262517976206,0.18274509803921568,0.30179061560580317,0.30188186095138525,0.18280412909969945,0.1829108962633917,0.30189418680600916,0.3206635318704284,0.1829698315267076,0.30190650300339517,0.32066849458153807,0.32075718015665794,0.194622111995823,0.3018794048551292,0.3019705076340859,0.30206158663883087,0.3021526418786693,0.30224367336290114,0.3023346811008217,0.1828377673448096,0.19454948493936627,0.30234680573663625,0.3204275844088124,0.3205161626694473,0.32060471784178285,0.32069324993484494,0.1828013029315961,0.19450234497133925,0.182883939038687,0.3206564209429539,0.19455658288839692,0.3020833333333333,0.18291889076943108,0.3021348607133559,0.19458544839255498,0.32053617907339926,0.32062459336369553,0.19463960447567005,0.3206712631715884,0.18288241415192508,0.3019898556379243,0.3020806241872562,0.3206345078663373,0.3207228289131565,0.3020928116469518,0.30218351962568235,0.3207277452891488,0.18282224532224534,0.19449136027023517,0.3207326578332034,0.1828808936225484,0.3207792207792208,0.1945201921828334,0.3208257595429759,0.19459950668570686,0.3019210799584631,0.3020116807268008,0.3021022579807942,0.30219281172959644,0.19460300985988582,0.3022441302373849,0.30233463035019453,0.3024251069900143,0.18270228215767634,0.3024763386490341,0.3204563131967851,0.3205443940375891,0.3206324520476931,0.1827134896980692,0.3206789323658979,0.30237077341624563,0.1827720207253886,0.3206838492423261,0.19437969437969438,0.19448400880486857,0.3023045054375971,0.3023948220064725,0.3206057468288895,0.18273586126569172,0.32065217391304346,0.30236770604217883,0.18279430789133247,0.18290001293493727,0.19438696326952923,0.18298202508728825,0.32053271269718125,0.19444085326438268,0.19454498448810756,0.18301667312911982,0.302145257172396,0.1945987853727872,0.194702842377261,0.18305128536364812,0.3021183156807027,0.3022084463386284,0.3202479338842975,0.32033570045190446,0.18306222566485927,0.3203820833871176,0.18314403717088282,0.30210349722544844,0.3021935483870968,0.3203457618371823,0.3204334365325077,0.30220559783309686,0.3022955893732267,0.1831076724693746,0.1832129963898917,0.19440505350006446,0.18329466357308585,0.30222966877174895,0.32023195876288657,0.19443370699652107,0.32027827879412524,0.19451243076130362,0.30216383307573413,0.3022537025112685,0.30234354880247233,0.30243337195828507,0.19451596292481976,0.19461964216758915,0.30244530244530243,0.3025350662720371,0.30262480699948535,0.18306959989707963,0.1946231026498585,0.18315112540192927,0.18325617283950618,0.30255882731130257,0.19465158138338903,0.3197069032009256,0.19473007712082263,0.3025318082508675,0.302621434078643,0.3027110368752409,0.3028006166495375,0.1831727681438664,0.302851271512972,0.30294079876717606,0.19465844889573702,0.19476184362562587,0.31938382541720156,0.3029136182774997,0.31943018480492813,0.19479019633003977,0.3029253271747498,0.3194355355997434,0.18304258594150846,0.1831473643709119,0.1947935368043088,0.18322861905372484,0.18333333333333332,0.3193180361492116,0.3194052806972571,0.31949250288350634,0.3026652998462327,0.31953875720691866,0.3027158595951832,0.30280517484308955,0.30289446721311475,0.19464720194647203,0.1947503201024328,0.31942132889514785,0.3195084485407066,0.1831562779982081,0.31955464550806245,0.3196417146513116,0.31972876151484136,0.19470385058206474,0.3197748784855462,0.3025962399283796,0.18312020460358056,0.3197800792737502,0.3198670416773204,0.3025693467979036,0.19465746421267893,0.3198722044728434,0.3025811397904421,0.31991823176185,0.3026315789473684,0.30272065397879677,0.31992337164750956,0.3200102158089644,0.302732379979571,0.3200561726030895,0.3201429665560378,0.30274409700063815,0.19448698315467075,0.320148015822381,0.18282725184996174,0.3027171833141982,0.3028061224489796,0.32011223058283383,0.3201989288446825,0.19444090271579753,0.18281489036206017,0.18291905672402806,0.18302319653326535,0.19446922390722568,0.3200815494393476,0.19454707606064467,0.18305732484076434,0.3200866131702968,0.32017320427916457,0.3202597733350312,0.19455054749172396,0.18306810948440483,0.32026476578411406,0.30227822324042253,0.18312547722066683,0.3023285405267846,0.194529262086514,0.32018827121231397,0.3202747392520987,0.3203611852982322,0.32044760935910477,0.32053401144310234,0.302186625985253,0.3205796364560824,0.30223690899847483,0.3206252382767823,0.302287166454892,0.32067081692288146,0.18292682926829268,0.3022989965705576,0.3206756413512827,0.30234920634920637,0.3207211782630777,0.3023993906309509,0.3024879411018025,0.3025764690950628,0.32068527918781725,0.302626570232204,0.19411316924638417,0.19421540022833947,0.19431760527650938,0.3025998731769182,0.3205680953588638,0.32065424115633323,0.19434584178498987,0.3025732031943212,0.1944233206590621,0.3026232416677227,0.32057780030410543,0.3026732547827189,0.3027615910818343,0.32058264724509183,0.32066869300911854,0.3027732050145625,0.3207141048366675,0.3208001012786429,0.18240506329113923,0.30274648778635616,0.3028347253859782,0.3029229406554473,0.3207236842105263,0.3029728020240354,0.3207690361750569,0.3030226381687113,0.30311077389984825,0.3207738019977241,0.32085967130214915,0.30312223486284917,0.32090495449949447,0.32099077467458614,0.19396007076067728,0.3210360075805433,0.32112177867609903,0.3212075281040798,0.30298055064410206,0.3212526834196237,0.3213383838383838,0.32142406261835627,0.18202474122696288,0.321469140477092,0.3028773346794548,0.3029652996845426,0.3030532424930608,0.18203607922290904,0.3031029263370333,0.18211628200277463,0.30315258511979826,0.30324044887151685,0.3033282904689864,0.1936215807386865,0.19372321653642552,0.3211090107120353,0.30330141129032256,0.32115408844651633,0.19375157470395565,0.32119914346895073,0.1938287153652393,0.32124417579649917,0.19390581717451524,0.30316001510764196,0.32124874118831825,0.18187539332913782,0.32129373269569594,0.3031332578331446,0.19388525415198793,0.3212982765127689,0.1939622641509434,0.19406363979373664,0.32130281690140844,0.32138815541305166,0.30299220517978376,0.19409176618478943,0.1817496229260935,0.18185245695613925,0.18195526514199548,0.1820580474934037,0.3028894472361809,0.3029770129380731,0.3030645566440593,0.321110134371468,0.32119537920642893,0.32128060263653485,0.18202360030128045,0.3213254675536588,0.19390060240963855,0.19400175680762957,0.3028858218318695,0.19407853468824487,0.18201204214751632,0.3028972783143108,0.3029847002758967,0.19410658307210032,0.19420762286860582,0.19430863733233045,0.30295813487089496,0.1819776914400301,0.1943609022556391,0.32088710687883726,0.19443748433976446,0.1945383940874358,0.19463927855711421,0.3208515967438948,0.3209366391184573,0.18192062100913986,0.32098147220831247,0.30266616597822005,0.19461827284105132,0.32098610937304467,0.1946946946946947,0.18190917052420869,0.32099074305729297,0.18198874296435272,0.1947223611805903,0.18206827560335126,0.32095523880970245,0.18214776847105887,0.321,0.30233720784901885,0.18220444888777806,0.3023866050231163,0.1822838580709645,0.32092442223610246,0.30239820134898826,0.320969151992007,0.32105394605394605,0.32113871894119117,0.3212234706616729,0.32130820122331794,0.3213929106340489,0.19443404467739922,0.3022211130521587,0.32139737991266376,0.3022704590818363,0.32144193588624176,0.30231978049388875,0.30240678388826536,0.3214463840399002,0.32153098117441714,0.3024183495387684,0.32157547052224855,0.32166001994017945,0.3024299065420561,0.32170446050336404,0.32178896225239817,0.3218734429496761,0.302403786274754,0.3219178082191781,0.32200224131490474,0.3220866533864542,0.18175028009460972,0.3221309434901668,0.30230242688238956,0.30238924838227976,0.30247604827672014,0.18176163224682756,0.30252518970021147,0.3220149253731343,0.3220992413878871,0.30253668241730913,0.30262339922914333,0.19380905022376926,0.19390926041019266,0.3220233656475267,0.30259724120790354,0.1816600397614314,0.3026462914647782,0.32198757763975155,0.1938889578934294,0.32203179334326876,0.19396498199428786,0.1940650608393345,0.32203600248292985,0.18160377358490565,0.3220801787265732,0.1940928270042194,0.32212433304380195,0.3222084367245658,0.19414464706612083,0.3222525427933515,0.32233659928066477,0.3022073412698413,0.19417234965902047,0.18150260352095215,0.3223007313747366,0.19422409519087755,0.32234477630437475,0.1942998760842627,0.18151406269359435,0.19437561942517345,0.301994301994302,0.19445132524151598,0.18154798761609908,0.1945269935611689,0.30196855268045064,0.19460262441198317,0.19470231464290136,0.32202970297029704,0.1815369384977107,0.1947537738183618,0.19485339601633056,0.1949529935675408,0.3219542362399505,0.1950284442245857,0.18152590577470012,0.3219584569732938,0.19507973791568797,0.19517923362175527,0.30156964528488445,0.18153732081067722,0.3016186828123069,0.1952063256733383,0.19530574428659667,0.1815711462450593,0.19538100531060887,0.18164979007162263,0.3216446474873441,0.1954320987654321,0.18170596222688556,0.30140705998518885,0.3216092805133901,0.19545903257650543,0.19555829734731647,0.19565753762644955,0.18169483162698902,0.30130735076467685,0.18177333826612405,0.3214549938347719,0.30131919615337194,0.19563609467455623,0.195735239738691,0.1958343603648016,0.32138016019716575,0.18173977328733365,0.32142417149193053,0.3011825572801183,0.18179578765857865,0.3012315270935961,0.30131757172761975,0.19576459000246244,0.3213098608888342,0.30132939438700146,0.1958153846153846,0.3213142997784888,0.3013412083179525,0.19586614173228348,0.1816951654570058,0.3212792127921279,0.1959168613946624,0.3012788981800295,0.19599163900159844,0.30132776001967054,0.19606637984019668,0.30137659783677484,0.19614108393756913,0.18161710493978864,0.3013883769504853,0.32100737100737103,0.3210907750890554,0.19614345369688038,0.3211347169347906,0.1962180746561886,0.32117863720073664,0.19629265897372944,0.19639130968454646,0.19648993618065783,0.18149466192170818,0.3011042944785276,0.18157281315176052,0.32102551521099115,0.1964920888016681,0.1965906303654648,0.19668914776210913,0.18158410985777343,0.19676351599852887,0.3209119882324099,0.19683784777546268,0.19693627450980392,0.1970346771229016,0.19713305562362166,0.18155090040426314,0.18165115139637433,0.18175137783221065,0.3006367866764634,0.18182931308926167,0.3006856023506366,0.30077120822622105,0.19706242350061198,0.32052380369599803,0.197136563876652,0.32056772299033404,0.30070956691950085,0.19718654434250765,0.19728473581213307,0.30072153601565366,0.3204940083149914,0.18168480254309818,0.32053789731051346,0.3006967363403007,0.19726228306037644,0.1973603812782598,0.3007086999022483,0.1816737935247404,0.3007573906669924,0.18175155734701356,0.1818514899853444,0.19733789229454146,0.3007326007326007,0.18190697106580392,0.1973876953125,0.3007445380202612,0.3201122772760556,0.32019524100061014,0.32027818448023426,0.32036110772233745,0.19736521102707977,0.3006464202951579,0.18182926829268292,0.3203267894159249,0.3006583760058522,0.3007436303791296,0.3008288639687957,0.30091407678244975,0.32025347306848645,0.30096259290849275,0.3010477582846004,0.3011329029114387,0.30121802679658954,0.30130312994763125,0.3013882123721383,0.18166321685133324,0.30143657170684196,0.3015216068167985,0.31998539435248297,0.30156991602774735,0.197006570941835,0.3016182017277041,0.19708029197080293,0.301666463933828,0.301751398686451,0.3018363127812234,0.31979571984435795,0.31987841945288753,0.3199610989545344,0.30181110976054454,0.30189596499756927,0.31996597399441,0.18140947752126366,0.3019074231563601,0.3019922254616132,0.31993198105186443,0.302040320621812,0.3021250758955677,0.1968188440990772,0.3021731212820202,0.3198591891235737,0.30222114334263867,0.30230582524271843,0.19682077417789104,0.3023537976219364,0.19689433458692224,0.1969917515769044,0.3197089144936325,0.3023284016492845,0.3197526373226628,0.302376333656644,0.30246090435204265,0.30254545454545456,0.31971882196097445,0.3198012603005332,0.18102508178844057,0.3198449236733705,0.18110236220472442,0.31988856589147285,0.3024100762988979,0.1967788810850085,0.31989344957016586,0.19685230024213074,0.30238469918896016,0.18106995884773663,0.30243253055790875,0.30251694094869314,0.1811252268602541,0.30256472296152914,0.3026490867303738,0.1967827769714562,0.3196275244890555,0.3026602176541717,0.3027445290774997,0.30282882011605416,0.18107095370482293,0.30287648054145516,0.3029607250755287,0.319478008699855,0.18110426483025252,0.319521623580575,0.3029351370938519,0.31956521739130433,0.19659461417703175,0.3029461482733639,0.1966678739587106,0.3029937228392081,0.30307785153892575,0.3194545015689114,0.18100639555930975,0.3030888030888031,0.303172879720111,0.1810615199034982,0.3193824629115909,0.3031837916063676,0.3194260219462197,0.19652761032071378,0.19662447257383966,0.3194310511089682,0.19669760154272628,0.3030850807423476,0.31943607663573925,0.31951807228915663,0.19672328635104205,0.31956155143338955,0.30302300373359026,0.31960500963391136,0.30307043949428053,0.18083313267517456,0.30311785241362704,0.18090996629754452,0.1966542303526297,0.30312876052948257,0.3032126097942486,0.19670356111645812,0.30325995428846386,0.30334375751744047,0.1808779314491882,0.3033910533910534,0.3034748106288325,0.31918730464053857,0.3035220579396562,0.3192307692307692,0.19661098425669993,0.18084595049267002,0.19668388802114622,0.3034598750600673,0.30354354354354357,0.3036271919288974,0.31908250270205357,0.30367435158501443,0.1808140232921119,0.3190876350540216,0.3036850318089065,0.30376860297647623,0.3190927637105484,0.18082553395728343,0.30377924415116975,0.1809021113243762,0.31905961376994124,0.31914128088270566,0.19642643002758126,0.18093525179856115,0.30368061383527156,0.18101174778230641,0.19645211554596667,0.3036912751677852,0.1810665068903535,0.3037383177570093,0.30382173235893134,0.31887877335888837,0.303868726793628,0.3039520958083832,0.19638366662675127,0.31884578544061304,0.3039626481503651,0.30404596600430933,0.31885098743267504,0.19638583054092867,0.18092616967811415,0.30402010050251255,0.30410336164612994,0.1964114832535885,0.30415022126539887,0.30423343697679983,0.3043166327872773,0.3043998087039694,0.30448296473401076,0.3045661008845326,0.30464921716266286,0.1963432122370937,0.3046959015414028,0.18076463560334527,0.30474256361247165,0.1808408982322026,0.18093873163740595,0.19632194888941965,0.1964179104477612,0.3046800382043935,0.31813298316819866,0.3182143709715923,0.3182957393483709,0.3183770883054893,0.3046175874000716,0.31842042471963733,0.18084218060360252,0.1809398854961832,0.1810375670840787,0.19627951347483902,0.31834982711338977,0.1963519313304721,0.19644772916915007,0.3183551847437425,0.30437373376236443,0.31839847473784555,0.30442035029190995,0.19644984512747202,0.19654556283502084,0.3183658885183421,0.19661783970465643,0.30435818051917124,0.31837123467079415,0.31845238095238093,0.3185335079157243,0.1966198524160914,0.18076877305724146,0.1808662541646835,0.1966686496133254,0.3041874851296693,0.3184251219222077,0.18089914367269266,0.3041978832203591,0.18097502972651605,0.18107240518368803,0.181169757489301,0.1812670866516106,0.318279058711671,0.30409982174688055,0.3041825095057034,0.3182844243792325,0.18127821335234023,0.18137546026844042,0.3041567695961995,0.18145113406958793,0.19639040607931607,0.3181764217024813,0.3182573599240266,0.19643916913946588,0.3040588654165678,0.19651121395514418,0.19660654959658283,0.31818721081978885,0.1966785290628707,0.19677381093583204,0.30396110056925996,0.18131151428910233,0.31811714488973203,0.31819798458802606,0.1813655761024182,0.30389949034016833,0.30398198625266654,0.19670577082592725,0.18139810426540284,0.3180902736642578,0.18147358445865908,0.3181333649176833,0.1815490288962577,0.3038484310242747,0.18162443760359934,0.31810110098259736,0.3181818181818182,0.19659131258137058,0.1816568047337278,0.31818719678144597,0.18173213440605773,0.18182893647225837,0.3181925715637568,0.18190419869899468,0.3182355723746452,0.30353553269480904,0.3182785528493734,0.18193639910154866,0.30354609929078014,0.3036284127171729,0.19640746868352635,0.3036748198038521,0.1819470699432892,0.19645599527466037,0.18202220647295062,0.19652769576000945,0.3036136041568257,0.18207580588026923,0.3179456906729634,0.31802620705937906,0.19652974504249293,0.3035524607577009,0.31803162615057823,0.18206489675516224,0.31807456347333646,0.318155007667807,0.3182354328851144,0.19648543460313717,0.30341981132075474,0.19655700978658178,0.18203253949540202,0.1821289638099729,0.3033946251768034,0.30347672362993516,0.19655903841621494,0.3180157888535407,0.1966305372290292,0.19672517375427023,0.3034157832744405,0.18207513838181605,0.30346208195949126,0.3035440951371718,0.19672710148340006,0.3035903472630959,0.3036723163841808,0.3037542662116041,0.31772181689809365,0.18202141428403343,0.30376470588235294,0.18209622397365016,0.31768995530463423,0.18217099847112783,0.30373941674506116,0.30382128159905936,0.3176581236774042,0.30386740331491713,0.3177009873060649,0.18216006581266894,0.31774383078730906,0.18223475502291153,0.19642857142857142,0.31774932456243393,0.3178294573643411,0.31790957134468584,0.31798966651009863,0.18222378771868028,0.3035923925804179,0.182298391830027,0.31795774647887326,0.3036028635136721,0.3036845810842525,0.3179631585122609,0.19626935710933835,0.3180058651026393,0.18226600985221675,0.3036237832766506,0.1823405253283302,0.1824363934810646,0.317936694021102,0.3180166451764154,0.31809657759024845,0.30352748154224773,0.182446683852824,0.18254247217340364,0.19611059044048734,0.18261684432470424,0.31799016163035837,0.18269118163719406,0.18278688524590164,0.19611286734574407,0.1962069772886912,0.18283975184361465,0.19627808988764045,0.3032182562902282,0.19634916920196582,0.19644319644319644,0.31773514272344405,0.3031933559480641,0.19649122807017544,0.19658519471406852,0.1827642656688494,0.3031684788962937,0.1828384381575871,0.19661016949152543,0.19670406732117812,0.30314362510225545,0.1828698293993924,0.1829652996845426,0.1830607476635514,0.18315617334423548,0.3173323989722028,0.18323017634006775,0.30301261092947224,0.1833041447752481,0.3030586037823955,0.3031399556437493,0.3172268907563025,0.18333527832885985,0.19649941656942824,0.3031151557577879,0.3171955202986468,0.30316108713402545,0.18334499650104968,0.1834402332361516,0.1964785447761194,0.18351404920135245,0.1965493121939846,0.1966429653805805,0.18356643356643357,0.316979373033446,0.18364017711489164,0.1837352906909006,0.3169850885368127,0.18380896913220734,0.1839040298159795,0.3027832770466985,0.183977643223102,0.3028292001397136,0.3029103608847497,0.31684320800838084,0.18400837988826815,0.3168858373094379,0.31696532464510124,0.1840605002908668,0.3170079106561191,0.3170873560544376,0.1963247266806234,0.19641818816141413,0.30267441860465116,0.19648878037437506,0.3027202976052081,0.19655933976519818,0.18398419339841934,0.3169087739686229,0.18405763420869162,0.1965841756709655,0.30262546468401486,0.18410965268904636,0.30267131242740997,0.19660898850307745,0.302717138875987,0.1966794380587484,0.3027629440445786,0.1840975043528729,0.30280872794800373,0.30288963676453523,0.1841494546298445,0.3029353753335654,0.1842227378190255,0.1843173645748753,0.31639990721410344,0.1965673199582512,0.30287569573283857,0.1966376811594203,0.18432645490377927,0.18442100382519996,0.19668521094112193,0.3162591262023409,0.18447276940903823,0.31630170316301703,0.30271084337349397,0.19668713077725009,0.19678017141533471,0.3027214823393167,0.1968503937007874,0.1969433831191386,0.1844176892799259,0.1970135432341706,0.1971064814814815,0.18446939011688462,0.30259199259430686,0.30267268309614714,0.18452105506709857,0.18461538461538463,0.3158686097617395,0.1846883312131375,0.18478260869565216,0.3025783327552318,0.30265895953757227,0.19697144838746966,0.3027045769764216,0.19704148850109787,0.3156921654726138,0.30271519352975157,0.30279574861367836,0.18470601825112626,0.30284130284130284,0.3029218154521307,0.19699769053117783,0.18473617365200323,0.18483029323481875,0.19704490361306706,0.3028624192059095,0.3154068090017311,0.19709208400646203,0.3028729664243683,0.18481772035071528,0.19713923174529935,0.18489042675893888,0.31530388651827934,0.31538284132841327,0.19716361120719475,0.184920451925294,0.31538904899135445,0.18499308437067774,0.19718796819177134,0.19728047937312745,0.31535891231708724,0.19735023041474653,0.315401451445686,0.3024648698456577,0.1849591155130715,0.1850529709811147,0.302475532527346,0.18512548929311537,0.18521929319673075,0.3152624309392265,0.3024513753021061,0.19723820483314153,0.3152686687377747,0.19730786930510816,0.18520648797883354,0.18530020703933747,0.31523864289821735,0.18537258509659613,0.30228814533747267,0.3023683605426535,0.1972640533394643,0.3024137931034483,0.3024939662107804,0.3150999770167778,0.31517867402045274,0.3025045955882353,0.18529580700746698,0.18538938662991042,0.3025152176409785,0.30259531465319245,0.31507635779079113,0.1971297359357061,0.30260590058546666,0.30268595041322316,0.31504648226787557,0.19715400504934588,0.18531267928858292,0.3026617714547958,0.30274176895721006,0.30282174810736406,0.3149443743548572,0.19713302752293577,0.31498681343882584,0.30279752350378353,0.18525736558523445,0.3149931224209078,0.3028080229226361,0.19711207884483153,0.1972040792941446,0.3028185151237397,0.3028983846946958,0.1852233676975945,0.3148551139617455,0.18529546495648191,0.31489751517233483,0.18536752919624455,0.3028048082427018,0.30288461538461536,0.314867803593911,0.18539711604486153,0.3149101727886486,0.1854691075514874,0.3149525225946688,0.18554106611759322,0.30275649090701134,0.18561299176578225,0.3149228130360206,0.30276697919048706,0.1968674974276895,0.30281207133058985,0.30289175905817806,0.31485714285714284,0.1968917837961376,0.18555758683729434,0.3028675882554553,0.3029472241261138,0.314791547687036,0.18558702603928734,0.31483384720794794,0.18565882621603105,0.3028884575864825,0.30296803652968035,0.196781189361945,0.18568819904131476,0.30297843204382063,0.3030579643998174,0.19680547632629777,0.19689710244125028,0.3145887989049846,0.1969662408759124,0.3146310867829855,0.19703534777651083,0.3146733553756698,0.19710442316461468,0.3028610509517839,0.1971734670617734,0.3029059829059829,0.19724247948951687,0.3029508943830466,0.30303030303030304,0.314500512586855,0.19726651480637813,0.30304065596173557,0.19733545889319062,0.31447113742457017,0.19740437158469945,0.19749573136027318,0.19758707033917597,0.30294753613292363,0.19765589440145653,0.19774718397997496,0.30295790671217293,0.3142987145944716,0.1851683348498635,0.3029682702149437,0.18523993632021832,0.3030130756111427,0.3030923146884948,0.3031715357508241,0.31416230961582176,0.19763609501079668,0.30318181818181816,0.19770480627201453,0.18518518518518517,0.3140974667726911,0.1852567014993185,0.30312322544009085,0.30320236202589146,0.31406835471783806,0.197661217075386,0.3141105687365195,0.19772985244040864,0.31415276359096583,0.19779845665002269,0.18518098263928287,0.3030406171999092,0.3031196823596143,0.19782214156079855,0.1979131223772258,0.303129961442504,0.3032089806100465,0.31394557823129254,0.19793674186600158,0.19802765812740875,0.1850844383996373,0.18517679057116954,0.3031161473087819,0.30319510537049627,0.19802877534836297,0.30323969188944266,0.1980971797485559,0.30328425821064553,0.198165553164987,0.18512228260869565,0.1852145363975999,0.18530676930043016,0.3135257498585173,0.18537799909461294,0.3031571800384746,0.185449196650826,0.3032017196515443,0.18552036199095023,0.30324623911322246,0.18559149513684686,0.1980097252063779,0.30325644504748983,0.19807801017524024,0.1856206194890346,0.3132135187069063,0.18569168173598552,0.18578370437337552,0.18587570621468927,0.1859676872669755,0.3131495707184817,0.31322715463684625,0.1860176191551841,0.31326933935629586,0.30295844625112917,0.3133115050242746,0.31338902686836756,0.31346653121119766,0.3029345372460497,0.3135086333370951,0.3029790115098172,0.1977885591786077,0.18592057761732853,0.18601240834743374,0.18610421836228289,0.30292094282169846,0.18617501127649977,0.186266771902131,0.3133032694475761,0.18633750422725737,0.3028629395852119,0.3029415079454525,0.3030200585981519,0.30309859154929575,0.30317710680486704,0.313168863354737,0.18630322144627168,0.18639486428651875,0.30315315315315317,0.30323161806102916,0.1864444944832245,0.18653608015310144,0.19743358847366052,0.31299943725379853,0.3130767499437317,0.3031394171261393,0.3131188118811881,0.19743503206209922,0.3131608548931384,0.19750309301540883,0.18645973909131805,0.3030473406049702,0.3031257027209355,0.18650927487352445,0.31306205035971224,0.30313588850174217,0.19746010339402112,0.1865378132374424,0.30314606741573036,0.18660824626446468,0.30319029431588407,0.31292822644052565,0.3130053908355795,0.31308253790005613,0.3131596676397934,0.1865948130683732,0.31320161652447237,0.19732854416881804,0.18664421997755332,0.19739647626529008,0.1867145421903052,0.30292830696735107,0.18678483284720665,0.3029725182277061,0.18685509196949304,0.19737579903555008,0.1869253195783808,0.1974436596030945,0.19753363228699553,0.3028808429548257,0.18695359784801613,0.19757928947663342,0.1976692066337965,0.31271708683473387,0.18698185077302262,0.18707292483477092,0.1976926523297491,0.1871430171351775,0.19776035834266517,0.18721307804277237,0.18730407523510972,0.18739505205418114,0.31251399149317216,0.19776161163961947,0.30248433303491495,0.3125209801946962,0.19780711568583575,0.18738113882984675,0.3125279642058166,0.1978525891958394,0.1979422947886379,0.3023593872302359,0.1873881932021467,0.197987702627166,0.19807735300693047,0.3123952162736113,0.18741618238712562,0.18750698402056096,0.19810055865921788,0.18757680706066363,0.1876675603217158,0.19814587289176813,0.31226267589903955,0.30206588498045783,0.18769539973202323,0.3021100815005024,0.30218798839026567,0.3022658778881572,0.31216517857142856,0.3023100100435219,0.30238785985271144,0.1876603815686712,0.19801427933958055,0.30239821528165084,0.18770912335489628,0.3120330099252816,0.3024085637823372,0.31207492474077375,0.31215161649944256,0.31222829116040574,0.3123049487293803,0.3123815892120807,0.18765322041453086,0.18774373259052926,0.18783422459893048,0.19783892168876016,0.31231900200490087,0.31239558970932174,0.31247216035634745,0.1978621534350295,0.30204854152749944,0.3021262384504063,0.3022039180765806,0.31240957150806903,0.18773647896728243,0.3124513185712696,0.30218068535825543,0.31249304705751474,0.18776418242491658,0.30219107996885775,0.19773131672597866,0.3022350717224508,0.19779853235490327,0.1877709838799333,0.312361049355269,0.1978437256863399,0.31240275616803737,0.18779864429381044,0.3021111111111111,0.19786690367736917,0.3021550766496334,0.30223258913695433,0.30231008440693025,0.3023875624652971,0.19786808794137242,0.187742866659265,0.19793516873889877,0.30236430236430234,0.19800221975582685,0.19809122183997335,0.3120284065690191,0.18772883612559635,0.18781894830264034,0.198114254021076,0.3022404614019521,0.3023178440723079,0.18784652916389444,0.30236168089588644,0.19811529933481153,0.3118279569892473,0.18787408556861007,0.3118696664080683,0.1981382978723404,0.1879224376731302,0.18801240859738533,0.30220449761825635,0.302281789986708,0.18806069332151956,0.18815060908084164,0.31170413021813753,0.31178033658104515,0.19805158861950625,0.19814035864511845,0.18815716657443277,0.18824701195219123,0.3117184906495518,0.19816331046691746,0.1982520190286536,0.18827433628318585,0.18836411901338349,0.19829683698296838,0.3116222492535663,0.18841220698805838,0.1885019347705915,0.19831969931461418,0.30175748867027746,0.1983863837312113,0.30180130401149297,0.18850828729281768,0.18859794497845542,0.3114228899690676,0.19838727493648514,0.19847581179589133,0.18862506902263942,0.30167844522968196,0.30175554819476647,0.188672996246412,0.311292637156419,0.31136865342163356,0.19843284405694736,0.19852129772677113,0.301666114972967,0.19858781994704325,0.1886376172090458,0.30167659386719614,0.1887062975625896,0.18879576532862816,0.301687065828647,0.1985667034178611,0.3111013118730019,0.1986331569664903,0.18880193982144824,0.31110866211152743,0.18887052341597796,0.31115028646981047,0.19863390988211965,0.301498127340824,0.18889745566692367,0.18898678414096917,0.3015086444224204,0.31105483373706233,0.1986127931300231,0.3015191545574637,0.30159603742432584,0.19865727492846136,0.30163970507318144,0.3017165492957746,0.3109252943118055,0.311001100110011,0.3017269827301727,0.3018037835459745,0.18882656988892554,0.3018473718935562,0.18889499725123696,0.30189094107299913,0.1889633945256678,0.19850516597054296,0.18903176173205846,0.19857142857142857,0.19865948796835511,0.30180180180180183,0.18905855212567285,0.31063268892794377,0.1986820428336079,0.3106742806940479,0.18908531898539585,0.18917435221783047,0.1987045778899989,0.18924259055982437,0.3106135440676106,0.18931079894644426,0.31065510808734775,0.3015141540487163,0.1893582007679649,0.3015577007459412,0.30163430953164416,0.19861811800833515,0.19870599846474393,0.1893640350877193,0.18945291086503674,0.19875027406270554,0.198838101501699,0.3015124945199474,0.18947945205479452,0.19888231426692965,0.19897008874767175,0.3102541630148992,0.18950596998575966,0.1895947426067908,0.19899244332493704,0.1896627244853263,0.19905835979415307,0.3012918765053646,0.18970990695128626,0.18979859894921192,0.3100580059100361,0.19905887502735828,0.19914651493598862,0.19923413566739606,0.3011705502680232,0.19929993436884708,0.309963906813956,0.1897419072615923,0.3011481683980317,0.3099715722720315,0.31004700994861706,0.30115872321818976,0.18974751338944146,0.3100546448087432,0.19921320074308818,0.31009615384615385,0.18977384464110128,0.18986235525453354,0.19923539049699618,0.19932284840541722,0.199410287211969,0.18988862196986242,0.3099683371547112,0.31004366812227074,0.30084051959393077,0.3100851342501637,0.1898941394739714,0.18998254037538193,0.3100927441352973,0.19005018546803404,0.19013854041671213,0.19928010471204188,0.19936743374413785,0.30065430752453653,0.3099989096063679,0.30069777583951157,0.19938951270031616,0.31000654022236757,0.1900817438692098,0.19017000871839582,0.1994115724092841,0.3099803878840706,0.30057740494607255,0.1994553376906318,0.3099880187343427,0.3005881071661947,0.19013394315583143,0.3006315331010453,0.30070767555797495,0.3007838014369693,0.3098944160226407,0.19939050936003483,0.19011862008923713,0.19020674646354732,0.19029485366119028,0.30069625761531765,0.30077232677036875,0.30084837937785514,0.30092441544317566,0.30100043497172685,0.19027943894748287,0.3010437051532942,0.1903467768235678,0.3095652173913043,0.19041408542549723,0.30102151706150837,0.1991741823318483,0.3095393307257714,0.1904399782726779,0.19052791657614598,0.1906158357771261,0.30951346655082534,0.19915300249755674,0.19066232356134635,0.19075018999022908,0.1908380373425966,0.3007706501682405,0.3008465378771435,0.30092240911557244,0.1908637152777778,0.1909515026581317,0.3009329572575396,0.30100878620240806,0.30921908893709327,0.3092940028196508,0.30936890045543264,0.19895912392930717,0.19904596704249783,0.19089430894308942,0.3008887925428138,0.19096130920125717,0.19104898136107498,0.3092426048325929,0.3008667388949079,0.1910952226194345,0.19898180242634314,0.30087728798873603,0.3009529997834091,0.19112073632918244,0.19900389779125163,0.19909061383566093,0.3090495778306993,0.1911462279467475,0.19123376623376623,0.1991126501460881,0.19130058428911492,0.19138807746402683,0.19915620943314583,0.300703082747431,0.19143413367942894,0.19152157456472368,0.19160899653979238,0.30879013947453776,0.30064864864864865,0.19911360933953087,0.1916342412451362,0.1917216038041716,0.1991571212448671,0.19924365207995678,0.300561797752809,0.19174678621583666,0.19928710304601427,0.1993735824603089,0.30853131749460044,0.1917719468739877,0.19185920967393652,0.30044262118104287,0.19192573402417962,0.3004856988667026,0.19199222965680984,0.3005287579583468,0.30060422960725075,0.30067968497141007,0.30075512405609495,0.3008305468665732,0.30823986194995684,0.30087350372047883,0.3009488893681259,0.3010242587601078,0.19911599827511858,0.19920232833890267,0.19928863979305886,0.3010022631749111,0.19181034482758622,0.30804870164852927,0.1993104934281405,0.308090057093612,0.19937526928048255,0.19181475498115239,0.30088304975231533,0.19941854204802412,0.30092592592592593,0.19948325976961997,0.3009687836383208,0.19954794962867292,0.19177787343951785,0.300979231679759,0.3010544437271358,0.1918235610543303,0.1919104991394148,0.30773367753038616,0.3078081307808131,0.19195612431444242,0.3078494623655914,0.1920223631867541,0.3078907761771662,0.19939804364183597,0.1994840928632846,0.307898979043525,0.192026649473458,0.3007413774578274,0.19950580146110872,0.19959179288860243,0.3007518796992481,0.1920309311566964,0.3077749140893471,0.19961344357349942,0.1920764440627013,0.1996779388083736,0.1997638471446973,0.3006332510464742,0.3076840523717536,0.19980684622813608,0.19989270386266095,0.3076923076923077,0.1920188800686548,0.1921055454252923,0.19991419991419992,0.2,0.1921509757666738,0.19223758979307387,0.30756861063464835,0.1923035695144174,0.30032154340836015,0.3003965277033544,0.19995713673381912,0.20004285867352406,0.30747803728305123,0.19228709159078736,0.19237360754070265,0.20006426046910142,0.3002784322124652,0.3003533568904594,0.1923982869379015,0.20008564393533884,0.20017126953543138,0.3072888793749331,0.19242294520547945,0.19250936329588014,0.20019259576289322,0.1925751578046432,0.3001711596063329,0.20023531928548507,0.30716577540106954,0.30018179873810286,0.19257912745936698,0.300224526889768,0.30029933718195423,0.20021378941742385,0.3070756733646858,0.20027786683766163,0.3071169053216499,0.30024575275136234,0.19252136752136753,0.3002884307232133,0.20027771843623157,0.30705970308661756,0.30029901751388294,0.19252536038441004,0.3003416613282084,0.30041635528984734,0.20025619128949615,0.30696979400149427,0.19252934898612592,0.19261551595347348,0.30036278275714895,0.30043742665101886,0.30051205461915936,0.20021333333333333,0.30684726962457337,0.20027727418150795,0.3004905097035615,0.30056509222731637,0.1925373134328358,0.3006076111288775,0.3067576209763377,0.30065011190450813,0.1925618073316283,0.30676611614278104,0.3068399744300021,0.19260679663364227,0.20014912654452494,0.2002343167536479,0.3005324813631523,0.1926312426791609,0.19271720613287904,0.19280315128287023,0.19288907813497977,0.3004789781798829,0.19295444870157513,0.30658720868362244,0.2001489678655033,0.20023406745398448,0.30042553191489363,0.30656313158174664,0.20027653690704106,0.20036158672764012,0.3004040833687792,0.3065390749601276,0.19285562406974271,0.30041458488359735,0.19292091836734693,0.2003400999043469,0.20042507970244422,0.3003931569440017,0.3004674883127922,0.20046743864867736,0.20055236881240707,0.30631970260223046,0.19286321155480035,0.19294892216204737,0.20057337014228074,0.1930141203949464,0.19309978768577496,0.19318543679014966,0.3002547229887497,0.19325055714740527,0.30029711375212226,0.30610079575596816,0.2005092297899427,0.20059403840033946,0.19325413661434027,0.19333969668045392,0.30604453870625664,0.20061499310783587,0.2006997455470738,0.30011661189441324,0.1933432266270935,0.2007419183889772,0.20082662144976685,0.3059234926353714,0.19336723882178428,0.19345269626019707,0.20084745762711864,0.19351763584366063,0.19360305020122856,0.3058350100603622,0.29987293519695046,0.30587612493382743,0.1936269320347237,0.19371228961575104,0.19379762912785775,0.29982008678167,0.3058201058201058,0.200719500581949,0.29983072365636904,0.19380090976409606,0.305796488258938,0.30586991010047593,0.2998096446700508,0.20069789573860633,0.19380418693169804,0.2998202769848821,0.29989429175475685,0.19384843039847796,0.30574931304164027,0.3058226777977386,0.30589602704987323,0.3059693608029583,0.20061271920557786,0.2997781768247597,0.2998521335023236,0.29992607455908754,0.19376979936642028,0.29996832435856824,0.19383445945945946,0.20057004116964003,0.19389909225248048,0.3057519788918206,0.3058252427184466,0.3058984910836763,0.30597172399240347,0.20054858107395296,0.299789029535865,0.299862883662061,0.2999367222105041,0.3000105451861225,0.2005482918599747,0.3000527148128624,0.3058191018342821,0.30589227363760935,0.3059654300168634,0.30603857097692067,0.3061116965226554,0.2999683911073649,0.3000421407501054,0.1936163488886548,0.30608805561407204,0.19368088467614533,0.3061288963774221,0.1937453932820891,0.2003579700989682,0.2999263080324245,0.3,0.30007367645510996,0.306040833508735,0.30611385878143743,0.20033670033670034,0.20042083114150447,0.3000210393435725,0.3000946670874093,0.20046276819520403,0.193606057419287,0.30010515247108305,0.19367048680475238,0.3059293523969722,0.20046252496583622,0.30597014925373134,0.30604308985811873,0.300021017234132,0.20048334559209835,0.3060516915318344,0.1936127744510978,0.19369747899159664,0.3060602877848965,0.1937618147448015,0.2999054919668172,0.30606887862242754,0.20041994750656167,0.1937854293512492,0.29988453867954235,0.29995801847187237,0.3000314828418512,0.30598111227701996,0.2003986989822684,0.19376835921107846,0.3000104898772684,0.3000839102160688,0.19381227058206607,0.1938968120805369,0.30009436929852157,0.19396099811281192,0.30579725338085756,0.300104821802935,0.20029347028613353,0.30014671976524837,0.3057738656606937,0.20033528918692373,0.19392352016762704,0.3057825267127593,0.19398764009636535,0.3058232090490155,0.30003141690229346,0.30586387434554974,0.2002931630195791,0.3000418760469012,0.20035590913849052,0.20043960644756123,0.19392987964416536,0.30002092925910423,0.19399393114994246,0.30571249215317015,0.300031384035987,0.3001046025104602,0.20039744796569398,0.3056891863626856,0.30576179023319044,0.30583437892095355,0.30590695243073707,0.30002090738030524,0.1938956830772447,0.30006270903010035,0.19395966140662557,0.30010449320794147,0.20029255041270505,0.3001462599247806,0.19398307740520213,0.30018800919156047,0.3002610966057441,0.3003341687552214,0.19400647384358358,0.2002505742326164,0.30556425514145524,0.19405010438413361,0.3002818077444943,0.3055729492798998,0.3056454137535219,0.20022954924874792,0.3002608242044862,0.1940329647402462,0.19411703348284134,0.19420108468919484,0.19428511836479298,0.30552659019812306,0.19434886873110208,0.3055671392827356,0.3056395288231002,0.3000833854492391,0.30015633142261594,0.30564818674447686,0.30019797853495883,0.20004167534903106,0.305656839254089,0.30020833333333335,0.19425059889594834,0.3002499479275151,0.20004165364990106,0.19429404414827156,0.19437792816241542,0.3002290235269623,0.3055064015821797,0.19442131557035802,0.30554688313039857,0.30020811654526536,0.19997919051087296,0.19444444444444445,0.19452824300426505,0.30549199084668194,0.30015600624024963,0.19457154742096505,0.3055006758864511,0.3001663547515076,0.3002391100946044,0.3055093555093555,0.19457436856875585,0.19465807524423198,0.19983373168450588,0.1999168744804655,0.3054545454545455,0.19468107209640556,0.3000934870676223,0.3001661819692563,0.3002388617717312,0.30539979231568015,0.30028034472017445,0.30544019933554817,0.19464341326689505,0.3054805895785759,0.30555267254800206,0.1946865919468659,0.3055930268755837,0.194749948122017,0.3056333644568939,0.300103734439834,0.3001763302561975,0.3002489110143124,0.19475267033080992,0.305578598092078,0.19481596682218766,0.19489944018245905,0.3055872291904219,0.19952321724709784,0.19960617680588663,0.3001036269430052,0.19966842814216143,0.30014504765851635,0.1948617010255879,0.19494510047648644,0.19968928016571724,0.1997721623860812,0.19498809153981567,0.3000621246634914,0.3001345895020188,0.3002070393374741,0.3002794741745161,0.3003518940178017,0.3051847252406085,0.3003932119205298,0.30046559751681323,0.3005379681357335,0.3006103237819385,0.30068266446007447,0.194849519081601,0.19493278179937953,0.3050356736635301,0.30066170388751035,0.3050759846996795,0.19950382468472194,0.30511627906976746,0.30518809425382387,0.30060969308670044,0.3052283529654887,0.3006508936873644,0.19483471074380165,0.19491788038425784,0.30520553604627143,0.3052772900960446,0.3053490293267245,0.19938048528652555,0.19492050381994633,0.19500361308970784,0.30532617671345996,0.30539787387759315,0.19504643962848298,0.3003817975441131,0.19510936855138258,0.30537501289590424,0.30544666804208787,0.19927797833935018,0.30033003300330036,0.30545529545220174,0.1950917714992782,0.19517476028456543,0.30030927835051546,0.19523760437068344,0.3003504432075861,0.3004225497268886,0.195280296784831,0.19536321483771252,0.3004327220276118,0.30050479035747396,0.30521219612690564,0.19909362447213924,0.1953656024716787,0.30522088353413657,0.30529242174629323,0.30042211469165037,0.3053325097796994,0.3004632012352033,0.30053519967064635,0.30060718328702274,0.3053097345132743,0.19528758102685462,0.30534979423868314,0.195350272605699,0.19543303846945073,0.3005245294662141,0.30059646236116827,0.19886889460154242,0.3006374665844129,0.30523285699599056,0.3053042763157895,0.3053756809538493,0.3054470709146968,0.19535505086835886,0.3054870530209618,0.1988081783622727,0.3055270186973495,0.30559835644581407,0.19535743631881677,0.30563828694669815,0.300369685767098,0.30567820104733545,0.19876796714579056,0.30571809875782774,0.1988298090741121,0.19891203941291183,0.3057266009852217,0.1952796305797845,0.19536219987687256,0.3001949317738791,0.3002667213787444,0.19540465688788594,0.19548717948717947,0.19556968516049636,0.3055783429040197,0.1988106223726033,0.19561205659216732,0.3001537672988211,0.3055555555555556,0.3056267295275187,0.1956343513014962,0.3056665641971513,0.30573770491803276,0.3000717139637332,0.30577750460971115,0.30584861210693437,0.30591970503891847,0.19559651817716334,0.30595945115707557,0.1956588512337463,0.19574119574119575,0.29992834476404956,0.3,0.1985467198853751,0.30004093327875564,0.3001125549984652,0.19572334765704932,0.19580562659846548,0.19854746317512276,0.30571750025570216,0.30578850480670894,0.3000306779834339,0.1985685071574642,0.30579695327676104,0.1957677366591699,0.19584994378002657,0.2999795584627964,0.19591211037301992,0.30002043735949313,0.300091958720752,0.3001634654679199,0.19593421187046686,0.30020429009193056,0.19844755387600857,0.3055555555555556,0.30562646788522413,0.19848887073718605,0.30566615620214393,0.1958962841976317,0.30009186485658873,0.3056746274749949,0.305745484233085,0.3001020408163265,0.3001734516886032,0.3057539277698429,0.3058247475262675,0.30018359853121174,0.19581845996940336,0.19590046910055067,0.3001937391659019,0.30026508972267535,0.3003364257314711,0.300407747196738,0.19590255835286924,0.3004484304932735,0.30561500050952817,0.19594456898308538,0.30045848191543556,0.19814588427057864,0.3055923398186819,0.30046852719494804,0.30053976983399533,0.3006109979633401,0.19814682822523164,0.19822846670739158,0.19831008856764737,0.1958469055374593,0.19592875318066158,0.3054142072053735,0.30049862623384554,0.1983109483109483,0.3005392206735171,0.3053916581892167,0.19835215135794934,0.3005492270138324,0.3054001830570528,0.30547081553792965,0.1958312150482969,0.3005286701911346,0.30547931279861745,0.30056922138646064,0.3006403089744893,0.3054878048780488,0.19581343359414694,0.3055273318431213,0.19587524128822514,0.19595692807801707,0.19603859827323514,0.19612025187893561,0.19620188890017265,0.30544272948822093,0.3055132500761499,0.30558375634517765,0.30565424829966503,0.30572472594397077,0.1980107581447275,0.19809214532169678,0.30573313039066463,0.3002232142857143,0.30029420716242267,0.30574152972205315,0.30581194847347604,0.19807302231237323,0.30027380590203834,0.3058203204218211,0.19811416404745005,0.3002838605028386,0.1959452610238216,0.3003243462396108,0.30039525691699603,0.1959870287798946,0.3004357077718107,0.196048632218845,0.30564279201701955,0.30044570502431117,0.1960903474121341,0.3004861251772331,0.1961518987341772,0.30052652895909276,0.30555836792548347,0.3056286697712087,0.3005364915477275,0.305668016194332,0.3005768646898087,0.30570734669095323,0.19609430334918548,0.1961756373937677,0.3005563985837127,0.3006271495043496,0.19773439870537068,0.30066747572815533,0.19779553038729902,0.3007077856420627,0.3007784854918613,0.19783663566518397,0.3054685130900637,0.30553871032949265,0.3056088933804952,0.3056790622473727,0.19783772860462767,0.3057183269347343,0.30578846348115973,0.3058585858585859,0.3059286940713059,0.30599878812361136,0.19590023225285266,0.30048465266558966,0.300555275113579,0.3006258833030487,0.3059452912082366,0.1959023011707711,0.30598445857301443,0.19596367305751766,0.1960447987085057,0.19612590799031476,0.3059618682538081,0.19618721000605205,0.3004538577912254,0.30597014925373134,0.30049410103862056,0.196208913087316,0.19628994858352655,0.3059475806451613,0.3060175385545812,0.3004434589800443,0.19742013503980652,0.19750100765820233,0.3059949622166247,0.3004231311706629,0.3060340485544475,0.3004633360193392,0.3005337899083493,0.19748237663645518,0.3005739603262511,0.3006443817962143,0.1975234068257324,0.19760418763841353,0.30065425264217416,0.30585748792270534,0.30592734225621415,0.3059971825316965,0.3060670087533957,0.3006036217303823,0.197565637259833,0.30064373365520014,0.19762647088403903,0.19770716009654063,0.305982905982906,0.197767946913332,0.30059314366140544,0.19782870928829915,0.3059603980299528,0.3060301507537688,0.3060998894583459,0.19573954983922828,0.30051240831909976,0.30610809724733773,0.3005524861878453,0.3006227400562475,0.1977503264035352,0.30066278369150434,0.19570237975700372,0.3060240963855422,0.3060937656861761,0.300642441276852,0.3061326909565392,0.19570453633079085,0.30617160060210735,0.3062412201485049,0.197652252433029,0.300561797752809,0.3062493730564751,0.30631895687061184,0.30638852672750977,0.1976534296028881,0.3005113807279655,0.3005815119310207,0.19769423558897242,0.3063352044907779,0.3064047308810264,0.30647424333533774,0.1955105722016234,0.30050100200400803,0.3064823164011622,0.19555199358845923,0.19563257537814285,0.1976161858974359,0.30045067601402103,0.197676747446425,0.30049063782917795,0.19773728474169003,0.3005305836420062,0.3063063063063063,0.3005705134621159,0.1977582065652522,0.30061042729910936,0.3062837702621573,0.3006503251625813,0.3007202881152461,0.30079023707112135,0.3062612522504501,0.19541954195419542,0.3063,0.1954804519548045,0.3007398520295941,0.30080975707287816,0.3062774890043982,0.3008495752123938,0.3009194483310014,0.30098930748476066,0.3010591526778577,0.19542411829353581,0.3061938061938062,0.1954849665368095,0.30103875349580506,0.19744332367921702,0.30107849011384064,0.19750374438342486,0.3061102236421725,0.19756414096036737,0.30614893192253945,0.3010280467112486,0.19760479041916168,0.1976848617902405,0.3010377170225504,0.3011074528584256,0.3060654429369513,0.30114713216957606,0.19768601635747057,0.1952727635384462,0.30604307937774233,0.19533353275501047,0.19541375872382852,0.19549396869703917,0.19557416267942584,0.19565434067576995,0.3059597368945585,0.3009466865969108,0.3059984057393384,0.1975689947195377,0.30603705917513446,0.19762924594083076,0.30607569721115535,0.19768947316004382,0.30611431985660226,0.19774967639151647,0.19553962564715252,0.3007466401194624,0.30609197690623136,0.19777047874987558,0.3007563694267516,0.3061001094636282,0.30079601990049754,0.3061386926673963,0.30620771985674494,0.3062767333134388,0.19544459916451165,0.3063152660367976,0.30071599045346065,0.1976732624042955,0.3063233247166435,0.3063922855154588,0.19771371769383697,0.30066593777954476,0.300735440270324,0.19775414886216833,0.30077503974562797,0.3063089915548932,0.300814623484999,0.19529154663752857,0.30085419149781484,0.30092362697388025,0.19533267130089374,0.30096316155297387,0.1953931691818904,0.3010026804328403,0.30613460393091124,0.3010421836228288,0.30617308455736403,0.30108167113228146,0.30115102202818017,0.30618116876674273,0.1953373015873016,0.1975002479912707,0.30113072803015273,0.30615888128533175,0.19535898452994843,0.19752107089737234,0.1976006345429308,0.30108059879052246,0.19766058683584456,0.30607592427396174,0.30614469772051534,0.3062134575364186,0.30628220372572335,0.19766174576439116,0.30097087378640774,0.3062902426944032,0.19770206022187004,0.19778151926314747,0.30095068330362446,0.1978413704327161,0.300990099009901,0.3062073062073062,0.1951098792318353,0.3062456696030882,0.3063143309580364,0.19515091538842158,0.195230556105284,0.30632235084594833,0.3008508112386229,0.19527154021169255,0.30089020771513353,0.19770546929087132,0.30626977848101267,0.19529318698704637,0.3008700810757366,0.30627780523974296,0.19770660340055357,0.19778590491252349,0.3062858272385847,0.30635438284415456,0.3007905138339921,0.30639264894773244,0.19521833629717447,0.19776746023905956,0.30077044646384826,0.19782716049382715,0.19790637961682797,0.1952206971462427,0.30075039494470773,0.30624938295981835,0.3007897334649556,0.19524232553548515,0.3008290564547967,0.30089805585710055,0.197848825735149,0.30093734583127774,0.3010063141278611,0.19788892177172734,0.30607614914184256,0.3010158792780353,0.3061143984220907,0.306182822206883,0.30102543876947346,0.3062210391402938,0.19785094637223974,0.3062592410054214,0.3010053222945003,0.30107420912585,0.3011430823807647,0.30121194206325747,0.3062068965517241,0.3012511082651955,0.30131993695823484,0.1977740569289865,0.19489856214299783,0.19783357951747907,0.19495864513588027,0.3012700600571035,0.19787359716479622,0.19499950782557338,0.3012795275590551,0.30134829249089656,0.3014170438889982,0.3059136081865591,0.3059818968909878,0.3060501721593704,0.3013968129057643,0.3014655257204682,0.3060582218725413,0.1949060871275445,0.3014749262536873,0.194966080031462,0.30603617774282343,0.19502604934630885,0.1951051700412817,0.30604422604422604,0.19516509433962265,0.1976024368674462,0.3013362153664767,0.3060222025739267,0.19518664047151277,0.3013456438463805,0.30141426045963465,0.1952273396837867,0.19530636292223094,0.3014236622484045,0.30591007264873354,0.3059782075193875,0.19532783667059286,0.30140347433506726,0.19538763493621197,0.30144244921989993,0.19740973312401883,0.3014814088099676,0.3015499313321562,0.3058361942128494,0.30158885837583366,0.3016573502010395,0.3058442831927829,0.30591234434748504,0.1952941176470588,0.19733359474561318,0.3016075279356989,0.3016759776536313,0.1953155625245002,0.30583047525722684,0.30168528316676463,0.30175369844224553,0.3058385579937304,0.30590655304143405,0.19725759059745349,0.3017334247380276,0.30180180180180183,0.30187016547537454,0.19522224397885254,0.30190895741556534,0.3057948316366484,0.30194773416854265,0.30201605010765314,0.197181720324885,0.30205479452054795,0.30574307797671463,0.305810995891215,0.3058789005184388,0.30203442879499215,0.30210268948655256,0.19509094465088989,0.3021413904370783,0.19515056707078607,0.30218007625378823,0.19521016617790812,0.3022187469455576,0.3057075840500391,0.30225740252125477,0.19699042407660738,0.30571568148510014,0.30578350918327474,0.19517436749047573,0.302207462394999,0.3022756128528177,0.30576171875,0.19519578166194707,0.19527436047646943,0.30225519867226397,0.19533385396329558,0.3022938018545632,0.19685731016982236,0.30233238996779543,0.3024004683840749,0.1953361303541809,0.3024390243902439,0.305531167690957,0.305598907530238,0.3024480639812738,0.1953384045250634,0.3024865919063871,0.30255460218408736,0.30262259920054596,0.30551764476506144,0.30266107807778536,0.3055555555555556,0.3056232336029627,0.3056908984603391,0.1966286660820423,0.3057287607170694,0.19522649780808574,0.1953048899279174,0.30252264536865686,0.19536423841059603,0.3025611062420878,0.3026290165530672,0.3026969136403466,0.1953855140186916,0.3027353256108245,0.3055285185906171,0.3027737226277372,0.302841572596341,0.19645811034348545,0.3028799377310761,0.1953497421928203,0.30291828793774317,0.3054177609181986,0.3029566232250535,0.19644072741417873,0.30542590431738625,0.3054934370442392,0.19531401905502624,0.30290658112180424,0.1953732503888025,0.19545145300806688,0.3029154518950437,0.3029831891944417,0.3030509133307423,0.3053531526279996,0.1963279580338061,0.19543467702768333,0.30303030303030304,0.3053316499951442,0.3030685570013595,0.3031362268181377,0.1963106796116505,0.3031744490826133,0.19539895165987187,0.30321265650781326,0.30522127329192544,0.3032508491023775,0.3033184552687755,0.303386048316678,0.19625533566162204,0.3051702395964691,0.19631425800193986,0.19532538066142954,0.30333591931730025,0.3034034713468438,0.303471010277293,0.3050896752302472,0.30350911205893755,0.19627798778714742,0.3050978871874394,0.30351778273088476,0.3035852713178295,0.1952330200561961,0.19531098624297616,0.3035939164971423,0.3036613715614103,0.1962227602905569,0.30495835754406353,0.1962815919434492,0.19529434546862898,0.30361119179010554,0.30493707647628265,0.3036492111121866,0.3037166085946574,0.19626439562566533,0.3037545964776466,0.19525882922109336,0.30379256965944273,0.3048273193382993,0.3038305281485781,0.30389786246252054,0.1962282398452611,0.30480611159462334,0.30487333204409206,0.19520448612588223,0.3038476411446249,0.3039149347510875,0.3039822153489271,0.3048226539093457,0.30402010050251255,0.19615421779882114,0.30483091787439615,0.19621292628731524,0.30399922720247297,0.30406645416787403,0.19509368360054086,0.3047802993722839,0.1951525685592893,0.3040455730423868,0.304112763081676,0.304179940148663,0.3047297297297297,0.3042177396004247,0.196101138776298,0.30473801022869823,0.30422616750289466,0.3042932947419199,0.3043604090295196,0.19504196006559274,0.30439814814814814,0.3046581155366959,0.19604628736740598,0.19506315687976086,0.30437716930196684,0.1951219512195122,0.3044148833622518,0.30457831325301205,0.19602929838087896,0.19514310494362533,0.3043939101946425,0.3044609307255034,0.30452793834296726,0.1960312108660052,0.30446927374301674,0.19512664933063661,0.3045069337442219,0.19518536350505536,0.30444829578278454,0.30451525945893904,0.30448594532152484,0.19597651362017518,0.3045235803657363,0.19516889616013858,0.19524634334103155,0.3044356778600981,0.19530498364441023,0.30447330447330445,0.3044440169295883,0.19592190054823508,0.30448163108290055,0.19598038272910856,0.19528846153846155,0.19603884241899816,0.30446068063833875,0.1960972796308757,0.19530949634755862,0.3042767900048054,0.19536805689025563,0.19544537330642836,0.19552267486548808,0.19559996157171677,0.1956772334293948,0.30419748343098646,0.19602381867076452,0.30423509075194466,0.3043019012867294,0.3041766682669227,0.3043394777265745,0.3042142651435154,0.19600691111537724,0.30434782608695654,0.19558541266794627,0.3043853756837156,0.30416426789483786,0.30423102753525855,0.1956062931696086,0.19568345323741007,0.19576059850374064,0.30430612832070586,0.3043728423475259,0.19580017259564675,0.30412272291466924,0.30418943533697634,0.19583972392638035,0.3042269721077351,0.19589802568525974,0.3042644944896981,0.3043311613645075,0.19593752994155408,0.30436865299865873,0.19599578503688092,0.30440613026819924,0.3044727516521406,0.1960352422907489,0.30451019821890263,0.1960934507851398,0.30454763044518907,0.1961516369902355,0.19622858236814397,0.19630551301684532,0.19638242894056848,0.19645933014354067,0.304468471916563,0.3045350172215844,0.3046015497943174,0.1954275875263057,0.19550454328072692,0.19644223412394798,0.3036243664530936,0.30455153949129854,0.1964814991873028,0.30363288718929254,0.3036994551190135,0.304530682469891,0.30459715186848896,0.19543195718654435,0.19646440516005734,0.19654118096694057,0.3036209037928728,0.19659915934275887,0.3036584200974305,0.3037249283667622,0.3037914239327667,0.1953781512605042,0.19545497947102072,0.30379988543059006,0.1955131264916468,0.19558991981672394,0.3042855779326143,0.19564802443214355,0.3043229315774406,0.19646946564885495,0.3043602709665108,0.19652738027094066,0.3036344557855576,0.1965852727966425,0.3043395326657129,0.19559412550066757,0.3036139982835892,0.19660564454614798,0.19668223853560873,0.3036224976167779,0.19674006291106663,0.19681662218833396,0.30363099208996475,0.1955403087478559,0.19561696045736066,0.3041158536585366,0.1956749547489759,0.1957515717279482,0.3035527193066006,0.19580952380952382,0.19588610608513474,0.3035612264330604,0.3040083785585071,0.3035986290936786,0.19666825321275583,0.30363601751380165,0.30398781764537924,0.1958507803578226,0.30402512132457893,0.30409134157944817,0.19589001997906955,0.3041286149162861,0.30352896413963665,0.303595206391478,0.3041369472182596,0.3036325599087105,0.3036987734144718,0.304145274767066,0.19583610609373514,0.1959125475285171,0.1959889744320882,0.3041246911233606,0.19604675472773925,0.19640820980615736,0.30413301662707837,0.1960858825764773,0.30350527215730977,0.30357142857142855,0.19612498812802737,0.19620132953466288,0.3040546956604311,0.19625902012913027,0.30409190164245703,0.19631668881716346,0.19629805410536308,0.3034358390280942,0.3035019455252918,0.30404251281078004,0.303539235221558,0.1962998102466793,0.3035765107674794,0.19635742743312465,0.3036137721711088,0.19641502276176023,0.19649122807017544,0.3036222264365636,0.19654878164406941,0.30365946150929085,0.3037254716086833,0.19611374407582938,0.30376267652355227,0.19655041698256254,0.19615275277172367,0.19622891794580255,0.19630506868782568,0.30361879499810535,0.3036847589277257,0.30375071036181095,0.19651482147930674,0.30359848484848484,0.19628823028122336,0.3036356750615414,0.30370159992426393,0.19651647103369935,0.19630856601987695,0.3037100132500473,0.19655531371250118,0.19663133989401968,0.3035291891380452,0.1966887417218543,0.19629174155709014,0.3036322360953462,0.1967275134777263,0.19633062228106676,0.3036406619385343,0.19676626323751892,0.19636948094922946,0.3036490830024579,0.19680499101994517,0.19640831758034027,0.3036574992911823,0.19684369684369685,0.19644713219313995,0.1965230536659108,0.3036372224846481,0.19658038919327414,0.3036743175592708,0.19682659614658105,0.303050335253565,0.19660056657223796,0.30365404588801814,0.30371978851963743,0.30303030303030304,0.30375684349631865,0.3030674846625767,0.30379388448471123,0.1965650655845994,0.3038309114927345,0.3038965940183036,0.19669811320754718,0.3029902839354778,0.3030560271646859,0.3038762614354428,0.1967182195397963,0.19651107967939652,0.3038845936262493,0.3039502215518054,0.3040158371040724,0.1965312470543878,0.30292177191328934,0.30402412590707756,0.30408970976253297,0.3041552812588335,0.1966270962879216,0.3041921808761187,0.3028447626224567,0.19666572478101157,0.3028818986626483,0.1964403427818062,0.30291902071563087,0.19668581112889558,0.3029561287893052,0.30405723430292764,0.30412274096385544,0.19670588235294117,0.3041596085074346,0.19638656252940623,0.3028791870530674,0.302944773732242,0.3030103480714958,0.19640673502022388,0.30408201655379985,0.19665193266246592,0.3029904081248824,0.19642689233662436,0.3040616773223016,0.3029989658738366,0.19665350629817635,0.30303599962402483,0.19642857142857142,0.3030730194530589,0.30313850779928586,0.3032039838391431,0.19663660278090944,0.1964302489431658,0.19650572985158746,0.19658119658119658,0.196656649135988,0.1967320875199549,0.30309859154929575,0.3037273495446437,0.30313556139692077,0.30376419787853187,0.3038295475877605,0.3031440638198029,0.3038663663663664,0.19667823965468706,0.19675361231000188,0.3038746599118116,0.19643527204502814,0.30306725447894195,0.30313262052147816,0.3031979743036669,0.3032633158289572,0.19671823722456633,0.3037689855615976,0.19677510077810068,0.3038057742782152,0.196363295529103,0.30384254920337395,0.30390778746134384,0.19640179910044978,0.19675817483369248,0.30307288738991944,0.303887587822014,0.19642188085425252,0.3039243233117917,0.3039895111444091,0.19646034272871993,0.3040262172284644,0.30409137721187157,0.19668601385508333,0.30291116727510997,0.19646199925121677,0.3040711277491811,0.19670597042859816,0.30410779451670256,0.1964820359281437,0.1965572083450276,0.3041159962581852,0.1967075109905528,0.30274971941638606,0.3041241933975498,0.3027866093136338,0.30285179990649835,0.30413238593866865,0.3041974385341685,0.1964853243596934,0.19656042620805683,0.30280373831775703,0.30417717970283153,0.19659876658568493,0.302812295618051,0.19656203288490284,0.3041569360112097,0.3028208481225481,0.302885962454469,0.19658199477026522,0.302922775235783,0.1965452847805789,0.30407991784147137,0.1966019417475728,0.30411649397927754,0.19656524173977974,0.30415305646290247,0.3042179917879806,0.19660352710646636,0.1966784847919388,0.302733463942532,0.30419776119402986,0.19671672418617667,0.3042342846483865,0.1967732910566073,0.3026855650876539,0.19645687645687646,0.3042140592951706,0.19679313880861377,0.19649515287099178,0.1968496598005406,0.3026095060577819,0.30267449445531636,0.30273947074170704,0.19649678561446007,0.3040804918949134,0.19655333022822544,0.3027198211624441,0.19679612554717332,0.3027565654684299,0.30282149175900924,0.30288640595903166,0.19681593892561214,0.19651833922919382,0.3039188308666108,0.19657483246463142,0.3028385295486273,0.1968174204355109,0.3028752209919047,0.3029400818756978,0.30384221788073307,0.30390697674418604,0.30397172356059904,0.3029203869047619,0.30400818376267086,0.19648502882648317,0.19674569967456998,0.19654146522870955,0.30287254810820863,0.30395984383714447,0.19657960777023886,0.19665427509293681,0.3028528947123873,0.3029176732949266,0.1966923720152374,0.30388331475288,0.3039479795633999,0.3028980122608211,0.3039843967679019,0.19660104011887072,0.30290649085337545,0.30399257195914575,0.19663912357255595,0.3029149647233568,0.302979671400724,0.3030443660664563,0.1965661252900232,0.30391610987379364,0.19662243667068757,0.3030246799035071,0.19667872715465257,0.19656771799628941,0.19664224097950098,0.3038397328881469,0.19669850690902346,0.19668026706231453,0.30292072322670377,0.3038197663638049,0.19671827199406694,0.1967927326659251,0.30382797293539715,0.30287303058387394,0.30386433138726715,0.19681245366938474,0.19688687112017048,0.3028534370946822,0.30384437239462714,0.19655427936272693,0.19690654811521718,0.19661048342285609,0.19696268172978978,0.3037962962962963,0.19664845847606702,0.19672282910572117,0.30380449875034715,0.19696408737504628,0.1970384081443776,0.3026096612992782,0.3037845840658832,0.3026461880088823,0.30382088999907486,0.19666975023126734,0.30265470354268803,0.1967258601553829,0.30380098030148894,0.196966894766044,0.3026352288488211,0.30380917159763315,0.19700471480077655,0.3026437419116288,0.30381735835104906,0.1966728280961183,0.19702430459292117,0.19709850304934393,0.1971726877945117,0.30376940133037694,0.302540415704388,0.19665619804175133,0.3025768911055694,0.3026413003324714,0.19669406224028071,0.1971375807940905,0.1967500692456837,0.19682422451994092,0.19717529770146774,0.1972494000369208,0.30253807106598984,0.3035252860834256,0.1972870720679155,0.19736113674109615,0.30251868253528924,0.30350553505535055,0.1967530670602343,0.30354178195904813,0.1968090011989302,0.19688306897823682,0.19695712309820193,0.3035220357735571,0.19728957315386744,0.30355825958702065,0.1969766798783298,0.30230414746543777,0.30236844530458024,0.19701437523037227,0.19727264350870727,0.19734660033167495,0.19742054352832797,0.30342667649226235,0.303490835405729,0.19699760545220113,0.19743991159406943,0.30349907918968694,0.19703526378786484,0.19747744430123365,0.3021264843965755,0.30347938144329895,0.19705476300046018,0.30351555310141726,0.3035796447961719,0.19746043430253957,0.3036157880209771,0.19705611775528978,0.3019961365099807,0.30206033848417957,0.30212452864894696,0.19707559315799153,0.30354022988505747,0.3021331371827878,0.3021972970488186,0.19709505423791138,0.19716885743174925,0.19724264705882352,0.3034647550776583,0.19729829075537586,0.3021225764954516,0.3021866960676222,0.3022508038585209,0.3023148998713944,0.30338936346100853,0.3023512123438648,0.19717145743410783,0.1972451790633609,0.19731888715453128,0.3033419023136247,0.19719085651335722,0.1972645492931889,0.3022487379531895,0.1973201174743025,0.19739377810406533,0.30225729491649844,0.1972658042022204,0.1973394495412844,0.19741308136868177,0.30315538433314987,0.1973768687517197,0.19745047688921497,0.19752407152682255,0.30212726939299467,0.19739616759878978,0.30216354968830217,0.3022275185626547,0.19752520623281394,0.3029969755292824,0.1975806451612903,0.19765417392101164,0.3030053142752428,0.19734310581768208,0.3021253206302675,0.1973985527159476,0.19747206448067411,0.1976371462588149,0.3029304029304029,0.19750938558740042,0.30205090642739424,0.19756477158289848,0.19763822775540096,0.30205949656750575,0.19769357495881384,0.19776699917635215,0.3020680819912152,0.19782230762192332,0.1978956999085087,0.3027170432714299,0.19795096963044273,0.19802433001006128,0.3019937808670203,0.198079561042524,0.1981528895391368,0.3020023772515315,0.19820808191625525,0.19828137855379835,0.3020109689213894,0.19833653230966092,0.19840979711204532,0.1972950744768345,0.30199195906432746,0.30242119689355873,0.19733235885254888,0.3024572942358637,0.19839240043843626,0.19736962279660242,0.30246575342465754,0.19742489270386265,0.19841124908692476,0.19848443348854194,0.19746211429614752,0.30241898676403467,0.19852135815991237,0.19749931550606917,0.3016973900346779,0.3023998540012775,0.19753649635036497,0.30170604871818263,0.19850392264185368,0.1975736568457539,0.3023531557825611,0.30241678066575467,0.30248039394492066,0.30163216923497765,0.1984865061998541,0.19855957698969823,0.301640838650866,0.19861452921338074,0.19750273423259204,0.3016495033263465,0.3017131401494441,0.1975398633257403,0.3022959183673469,0.19759497130363488,0.19766806339952633,0.30230439930776937,0.19854280510018216,0.19770512703761042,0.3015844108541249,0.3022853500864973,0.19774217042971595,0.3015930814747383,0.3022938285090115,0.1977791935924274,0.3016017473607572,0.19783419783419784,0.1979071883530482,0.3016104085160586,0.1984170305676856,0.1979441462749022,0.3021648171730035,0.30222828558435655,0.19798108403055656,0.30226425388742384,0.3023276959447172,0.1980180016365124,0.1980909090909091,0.30233615125897645,0.19814579167424104,0.3013723529946378,0.30234460196292257,0.19818264425261245,0.30138106487370525,0.30235304806032526,0.19821947674418605,0.30238895449177944,0.19818346957311536,0.19825628916538007,0.19832909553214675,0.30128030509397985,0.301343744325404,0.30140717203812983,0.19834785766158314,0.1984206226740492,0.3014158649482665,0.19847536074053906,0.3021778584392015,0.30142455312585065,0.30148793322446016,0.1984940578789803,0.30152394775036284,0.19854875283446713,0.19862144023217848,0.19796862247211391,0.19804134929270947,0.30202194215250705,0.19864007252946508,0.19871271870184026,0.3020304568527919,0.1987673343605547,0.30134130868225484,0.19882193022202085,0.19889452700253715,0.30135000453021654,0.30141329951078094,0.30192952260168493,0.19791666666666666,0.1979893125622679,0.3013946748777395,0.30145793715475866,0.3018833755885549,0.1980081484834767,0.30191924678616694,0.19806282248574272,0.30141202027516295,0.30192777626934564,0.30199095022624434,0.19808162157270834,0.30202678248280856,0.30208993033565545,0.198661118147277,0.3013116236996834,0.30137481910274966,0.19869765759247535,0.19877012117923676,0.1988425716610905,0.1980108499095841,0.19808335593526805,0.3019345507141566,0.301274518665823,0.30133767172812725,0.30140081337550834,0.3014639436110609,0.1987891930965935,0.19886158294181425,0.3014725810823019,0.1989159891598916,0.30177942371962785,0.19897037572254336,0.301815226225955,0.199024742640419,0.3013995485327314,0.19907908992416035,0.197887514670037,0.3017692724318469,0.3013809910641755,0.30180505415162456,0.19790632614384984,0.3018408229561451,0.1979608409275467,0.3013352580295922,0.1980153360396933,0.30137109868302364,0.1989717687381618,0.30176767676767674,0.1990260618631076,0.19801623083859332,0.19808854025786674,0.19816083663901912,0.1982331199855765,0.30169460969893636,0.19828751689950427,0.30118961788031723,0.3012525907903037,0.3013155523517751,0.30164879718893595,0.3013513513513513,0.3016845329249617,0.19888308412898578,0.19895523732324596,0.301693083573487,0.19819900945520036,0.3017287952458131,0.30179166291527865,0.3012243428159885,0.19893779818165452,0.1981998199819982,0.3017730177301773,0.3018358531317495,0.3018986772248718,0.19893827604822745,0.3011246063877643,0.30190716084922636,0.19897454349194926,0.3011332973556395,0.19902868963036244,0.30116906474820143,0.19908281629349878,0.19807588563208056,0.1981479816596242,0.3011506652283351,0.30175280898876405,0.30118641021031817,0.30124921362451695,0.3017613227893602,0.1990295624045287,0.30179694519317163,0.3012307968735963,0.3018325547969817,0.19904787568490073,0.19911981318483923,0.3012123933542883,0.19917385057471265,0.19798868636077938,0.30122104507092834,0.3017326510458749,0.30125673249551166,0.30176824342518627,0.19915634535989948,0.19797182087409135,0.3017767408470926,0.3012113055181696,0.3012739996411269,0.19915672378218355,0.30175816289917473,0.301820791102341,0.1979372197309417,0.3018563357546408,0.1991571018651363,0.1992289070205326,0.30186480186480186,0.3019273868220529,0.1979204015776264,0.3019628932508739,0.3020254525900699,0.19921139887086656,0.30206093189964156,0.19792133321386973,0.19799319118437556,0.300904774702141,0.30204227875313505,0.1980295566502463,0.30207773598423787,0.3021402346198621,0.1991404011461318,0.30083266183185603,0.19919427036705462,0.19926595649449466,0.30209452201933407,0.1979772666248993,0.3007875425093968,0.30210290827740494,0.3021653543307087,0.3022277892099848,0.30076936840221863,0.3008319169872082,0.30223613595706617,0.30229854216975227,0.19915936326238598,0.30233389966914065,0.1978719599427754,0.30236924452391595,0.19792597890219918,0.3007061768123715,0.3023775473721845,0.19796228438645097,0.3007149240393208,0.30238584576892147,0.3007505360972123,0.3008130081300813,0.3008754690012507,0.3023671281822242,0.3009110396570204,0.19898187014378851,0.19789248080014288,0.3009197249754442,0.19794642857142858,0.3009552718507276,0.30101767541510444,0.19798268320985452,0.3010531952873974,0.3021865238732709,0.30224879528823845,0.19800124921923798,0.3010349750178444,0.30225711481844947,0.30231935771632473,0.30104361787530104,0.19800214056368176,0.1980736644965665,0.30230069555912253,0.19812750780205082,0.30099857346647646,0.198181331906927,0.1982528079871635,0.30100721989482127,0.3022281639928699,0.302290348453792,0.19827125289609696,0.3009890403635392,0.30229864575908766,0.19857461024498888,0.30099768394797793,0.3023069386300882,0.3010331314570716,0.30234214979072044,0.19857524487978628,0.19864660315199004,0.30235042735042733,0.19870025816789816,0.19877158625600855,0.30093457943925234,0.30233179067283733,0.3009700097890896,0.301032212137391,0.3023400658421568,0.1987544483985765,0.30237523352014944,0.3024372887386586,0.1979898603575558,0.1980611881892565,0.3009337483325923,0.19873732882802775,0.3009691473281764,0.3010312944523471,0.19806204995999643,0.3023111111111111,0.30237312238912095,0.30101315321720584,0.3024082466897716,0.19806291096499024,0.30244335850733006,0.19811656005685857,0.30247845784844984,0.19861431870669746,0.3009148236965983,0.3024866785079929,0.30254861912796377,0.30261054874800214,0.3026724673710379,0.19859730113636365,0.19804704837993786,0.30268063199005857,0.19810064790982515,0.3027156549520767,0.30277753128050405,0.3007098491570541,0.3028125277260225,0.1981014904187367,0.3028475117537479,0.19815504701082137,0.1982261640798226,0.30063852429939697,0.19827968431320386,0.3028019152331974,0.19833318556609628,0.3028368794326241,0.3028986791951068,0.19836908349583407,0.1984401311707879,0.19851116625310175,0.30048737261852015,0.3005493531809321,0.1985470009745725,0.3005846917080085,0.3006466471786695,0.30274579273693536,0.3028075458329643,0.1985476443499823,0.3028424687859736,0.3029041969187179,0.30057547587428063,0.19812322946175637,0.3029122775958219,0.1981766684368915,0.3029471634657934,0.19849557522123895,0.19856649853995223,0.19819500973279067,0.3004512076439883,0.30051309271054494,0.302874834144184,0.3029364938970458,0.3029981427434333,0.30305978068623984,0.19851445751171634,0.3030946065428824,0.30315621960922995,0.3003889674681754,0.30045080880403074,0.3031642213187202,0.19805567830313742,0.30045952633439377,0.19810903949810021,0.30049478706485244,0.19842742291721885,0.19814487632508834,0.3005034890910697,0.19846316905140435,0.19853395743177604,0.3005121865065348,0.3029580573951435,0.19856966272293838,0.3005208793149113,0.3029661016949153,0.1986053491040692,0.19805825242718447,0.19812902656429265,0.30294740557712674,0.30300891202682434,0.3004235044997353,0.19858844287604763,0.3030169371912491,0.19811237540795626,0.19818310107602752,0.30302495810918073,0.19858906525573192,0.19821885195309055,0.3030329747839887,0.19862470245966676,0.30306770098730607,0.198677831643896,0.3031024149479993,0.19820216797391382,0.3001409940077547,0.19825535289452814,0.19832599118942731,0.30014976654039294,0.30021141649048627,0.3002730555800229,0.19834419587810465,0.19841479524438574,0.302923564635435,0.1984679052566699,0.19853847508364147,0.30293159609120524,0.3001760563380282,0.19848604876331308,0.1985565921492695,0.30018481034937955,0.3002463921154523,0.30285965684117905,0.30292099243357384,0.19846925310108207,0.19853976073187896,0.19861025595918727,0.3001759014951627,0.1984873801776449,0.1986457966936335,0.19871625780356986,0.3027958501846316,0.3028571428571429,0.19848804500703235,0.19873428847675134,0.30286517841448407,0.1985235960980754,0.19859402460456943,0.19875230647570513,0.30284659989457036,0.19880523587806379,0.2998945888966971,0.3028546332894159,0.29992973827507463,0.19855976113111443,0.29996487530734106,0.30002634120642724,0.30280948200175595,0.30287068738477746,0.19856039325842698,0.19871851136662863,0.2999824469018782,0.19877139096094779,0.30001755001755004,0.300078968149513,0.3001403755044745,0.3027458548995526,0.30280701754385964,0.19875449521971758,0.3028416067356604,0.30290274489169516,0.3000701508242722,0.3001315212626041,0.30019288093985624,0.3002542298588586,0.1983695652173913,0.302831098255763,0.30289219982471516,0.3002366137937078,0.3029267437784788,0.1986331376500482,0.1987033467671281,0.3029347349978099,0.1987561317449194,0.30016641849872994,0.19828341215624454,0.30291619231106054,0.19833625218914186,0.3029507048419578,0.3001225704780249,0.19872187691499607,0.3001575630252101,0.300218818380744,0.3002800630141782,0.3028791458825589,0.1987224361218061,0.30028873917228105,0.30034995625546806,0.30286064211355085,0.198740377886634,0.19881046094638327,0.19888053174742,0.30030607783121993,0.1981462049667716,0.19891579959779662,0.3027627207553768,0.1981816592359472,0.30026223776223776,0.300323398304344,0.3003845481559168,0.3027178187538233,0.30277874868926946,0.1981651376146789,0.3028132098549712,0.30034070062024987,0.3028476589797344,0.19879465455498296,0.30034934497816596,0.3028556457951271,0.30038421236465246,0.3004452981751506,0.30286362842675046,0.19877782627673504,0.19884776536312848,0.30042768613074977,0.30048874149066157,0.30054978619425776,0.19886561954624782,0.30276590175377366,0.30055836677717673,0.3028003140539126,0.30286113049546404,0.30292193632795467,0.19788941217512646,0.19883142931891515,0.300488315312173,0.19792484087540327,0.3028770706190061,0.3004969052392991,0.1979602510460251,0.19881460821058136,0.3005054906745686,0.30056644880174294,0.30062739630533286,0.30277947198745314,0.30284021606551664,0.1987978046868194,0.30060975609756097,0.1978921696716314,0.19883295593102246,0.30061830532090916,0.30067920585161967,0.3007400957771006,0.1978930872366359,0.3007747888917907,0.30266364902506965,0.30272434502567674,0.197911227154047,0.19876425028283004,0.3007309432648799,0.19794657617680328,0.30076561684357056,0.30082644628099175,0.3026270006958942,0.30086109419848656,0.19873021395025223,0.1987998956430994,0.3026086956521739,0.1988522737153291,0.30264301860545995,0.30270364252803617,0.1978442280945758,0.30073880921338547,0.30079958282635144,0.19787955157730078,0.19881821341675357,0.19888782691806411,0.30078192875760207,0.19789766310485624,0.3025538568450313,0.19890558499087987,0.3007642869550113,0.30256187581415545,0.19894060437651961,0.1990101588955457,0.30074665740579964,0.3025436235784356,0.19782986111111112,0.3025779012238521,0.197882312098594,0.30070294194220254,0.30258590767094756,0.3007375271149675,0.19790039909769216,0.30077210028628437,0.3025676613462873,0.3026281550871715,0.197918473547268,0.1988552597346284,0.30263614290669444,0.1989074828752276,0.30067626148777526,0.30264412657130474,0.19894244105409153,0.3006847534020976,0.30074536314785927,0.3026258774590519,0.30077989601386484,0.30266008144874795,0.19892566279674234,0.3007883565797453,0.30084892584892586,0.3026418362927674,0.19894335700675558,0.30267601974538844,0.19899549705576725,0.3008052645250671,0.19766233766233765,0.3026577785473119,0.30081371191135736,0.19769756773132519,0.3026657434654665,0.1977498918217222,0.19781931464174454,0.19892705719477374,0.19899636615331373,0.3007180551950861,0.19783737024221454,0.19790675547098002,0.30072651790347693,0.30078699299489753,0.30249048772051196,0.3025507998270644,0.1979076603838838,0.30258493991527624,0.3026452282157676,0.30270550609387153,0.19887640449438201,0.30066545674531153,0.19892844797787765,0.3006999049511795,0.19785726628650424,0.198963282937365,0.1990324809951624,0.3006823874924419,0.3025565728105027,0.1990672769669229,0.30259067357512953,0.3006648821345307,0.300725263339665,0.19908486575153242,0.3025725138121547,0.19775571860164004,0.30070775073364403,0.3007681021834815,0.1977908180876769,0.30252825955647594,0.1990509059534081,0.19782589940471054,0.19789510006901312,0.30251013542655053,0.19906848369846472,0.1991375592927986,0.3025181096929976,0.19918944554626197,0.30255216416623554,0.19786188464522803,0.19793103448275862,0.19920696491681752,0.19927598689881054,0.19934499698353875,0.3004136504653568,0.3024558380008617,0.3004480441151129,0.3005083139484794,0.3005685733976568,0.19786372641915756,0.302411714039621,0.197915769528895,0.3005511539786428,0.3024197020580384,0.30058550025830894,0.19793370641411967,0.3006198347107438,0.19798571059653955,0.3006541573420554,0.19915655392030296,0.19922547332185886,0.3006625935805869,0.1992772328342798,0.30069689408930567,0.30221954576737786,0.19793548387096774,0.19929468432822983,0.19936355035692785,0.3022015823873409,0.19941525496603318,0.3006018916595013,0.30066202390164215,0.30072214580467677,0.30215765494713315,0.3022176379577102,0.3022776106574989,0.30233757304915776,0.19781730686603077,0.19788623474823852,0.30062720164962625,0.3006872852233677,0.3022936173868224,0.19927847448891942,0.30069569698531307,0.3007557540364136,0.19931300987548303,0.19938176197836166,0.199450502275264,0.19951923076923078,0.3021718602455146,0.19957081545064378,0.19963951592138013,0.3006350841057329,0.3021539517720759,0.19770036039128197,0.30064350064350065,0.19963967055593684,0.30213605558891654,0.19771830502659118,0.3006261257397719,0.3021440823327616,0.30220392762198783,0.19773623735208368,0.3006087627540084,0.19958847736625515,0.19965709387055294,0.19972569861134923,0.30059141167395215,0.30065135413095645,0.19976004799040192,0.30068551842330765,0.3020306743209665,0.30071967100753944,0.30077957680116507,0.30083947233167724,0.30089935760171305,0.19758478931140802,0.3019611201507236,0.19969172803562255,0.1997602534463567,0.30085616438356166,0.3009160174642582,0.3019174798835816,0.19977745442095352,0.19753509072235537,0.30089858793324775,0.3018997090535684,0.3009326602207581,0.3009924709103354,0.19976045855077423,0.3018819503849444,0.3019416645282696,0.19748546014368798,0.30094928589754555,0.30194971780400204,0.19752030782385635,0.301983584131327,0.30204325895528766,0.3021029235766798,0.19753825113257542,0.3021367521367521,0.19758994957695925,0.3008032814903435,0.30086302657438263,0.30092276144907726,0.19760785988893637,0.3020673159063728,0.3021269326044247,0.3021865391185514,0.19762575796395934,0.3022203245089667,0.3008282811032363,0.30225409836065575,0.19943652352087424,0.1995048659723408,0.30081092616303884,0.30223625810856947,0.30229580950755314,0.3008192524321557,0.3008789145831556,0.3023037542662116,0.19750874498762905,0.30233748507080704,0.3023969973556257,0.1994199931763903,0.19948827292110874,0.19955654101995565,0.1996247974759103,0.3007332878581173,0.1974592889419388,0.30076726342710997,0.3008268689796266,0.19749403341288782,0.3008608199096565,0.19959093233339015,0.30089475926714954,0.30214723926380366,0.19962511715089035,0.30090304992332595,0.3009626032881847,0.3010221465076661,0.19964227919257305,0.3020780105603815,0.1973941922847654,0.30100476839237056,0.30106428267347807,0.19742891197003234,0.1996254362816038,0.3020088525706503,0.19746361392458933,0.3010212765957447,0.19751510509743853,0.3019911504424779,0.3010295243767549,0.30202484260677215,0.19753296469587409,0.30103776794828174,0.30109721867823425,0.3011566592957986,0.30121608980355474,0.3019557823129252,0.3012498937165207,0.3019894575752423,0.30204879707557597,0.19746684801088066,0.3012324691882703,0.30129185789563145,0.3020311039347327,0.19748470428280082,0.30206474636757585,0.30212404418011896,0.19751932715996942,0.19758749575263337,0.30213199694215576,0.19763886529641583,0.3021656050955414,0.19921875,0.3021992018340834,0.19765664798777383,0.3010442312590203,0.19770797962648556,0.19777608012902131,0.19784416907146496,0.19918526690995503,0.3010013577732519,0.1978786593126856,0.3010351264211777,0.30202765758886907,0.1991856124872752,0.3010433454915599,0.3020356234096692,0.30107709269782035,0.19920284938941654,0.30204358517764773,0.1978124470069527,0.3010597710894447,0.3020515428958969,0.3021107061117233,0.301067977623326,0.30112721417069244,0.19915254237288135,0.3020930429624608,0.19776309100152517,0.30212657798864695,0.19916977295831922,0.19923761118170266,0.3021345078773505,0.1992885576353011,0.19935636856368563,0.30214243373698024,0.30220152413209145,0.1976970620607908,0.30088046054859463,0.19774824346059425,0.19933976637887252,0.30088870080406266,0.1977826675693974,0.30210713379030213,0.3008969368759519,0.1993400456891446,0.3021150592216582,0.19939091447424076,0.3008797157841313,0.19775014801657786,0.19942489851150202,0.19949260042283298,0.3008625063419584,0.3020207998647163,0.3008961785593507,0.19773438160453125,0.30092983939137785,0.1977854788268109,0.3009634888438134,0.3010225640158878,0.3019266520196045,0.19940853400929445,0.19778641432916527,0.199459322463462,0.19952694711944585,0.30188360503420897,0.1995777027027027,0.3019170678152183,0.3019760175646006,0.30085282445326356,0.19773725092874028,0.1978049810046433,0.30086105014350834,0.30193297881320164,0.3008946657663741,0.30095366697611614,0.1978059071729958,0.30191545017298116,0.19946000674991562,0.19952754576900364,0.30091108486586804,0.3018979333614509,0.19956140350877194,0.1996289111917011,0.19775678866587956,0.19782443713635214,0.30185497470489037,0.19787538993339515,0.300792446467712,0.3018629351765995,0.19790964261631827,0.30189633375474084,0.1995617731333221,0.300749978933176,0.30080889787664306,0.30187884404751875,0.30193765796124683,0.19787717968157695,0.19794474393530997,0.3007664448749263,0.3019201616978272,0.3008,0.19796227686089593,0.3019280963206197,0.19944435090082505,0.1979964643488509,0.19806397306397305,0.19813147041494825,0.3007069516916344,0.30185979971387694,0.19816560080780882,0.3007151872107699,0.19821638902910987,0.19937747118701102,0.1982671601615074,0.3017915720413828,0.1983179142136249,0.3018249095954924,0.19836865119408006,0.19936096863701336,0.30057171683201617,0.30063051702395965,0.19939475453934097,0.3006640329494831,0.30173138342578587,0.19942852340532818,0.30176470588235293,0.30182337618687505,0.1994622752478575,0.3018566747878686,0.198252688172043,0.301889962200756,0.19830337644884932,0.3019232384311749,0.19944575075579443,0.1995129733814762,0.30041981528127626,0.3019058013600873,0.3004533243787777,0.19827079660874675,0.3004868222259527,0.30054553084347463,0.30060422960725075,0.19946295208525636,0.198271522067461,0.19951338199513383,0.301761744966443,0.30056203338646087,0.19954705586311022,0.19961419105929715,0.19968131499496813,0.19974842767295597,0.30169377829951366,0.30049467594533413,0.1981891348088531,0.1997652778942074,0.3016764459346186,0.19822311625178107,0.30045256453235,0.30051118746333694,0.19825708061002179,0.30054461667364896,0.30160857908847183,0.3016670855323783,0.1982744178254314,0.19834156964569896,0.19840871021775544,0.1996482706640985,0.1997152905710936,0.1997822992547936,0.30157401205626255,0.3016324822101298,0.19839276745354092,0.3003264417845484,0.19844325410110478,0.3016151979245125,0.1997489539748954,0.3016483976236298,0.19846050870147255,0.3016815862126663,0.3002342312196754,0.19849435382685068,0.3016895282703245,0.3017479300827967,0.19852818197022915,0.1985952002675809,0.3001672240802676,0.3017306245297216,0.3017889984952349,0.30017554125219426,0.30182213306586425,0.30020894274968657,0.30026742436904563,0.30183003258962143,0.19953208556149732,0.3018631464616927,0.19849624060150375,0.19956561690752653,0.3002004677581022,0.30184581976112923,0.1995991314514782,0.30020876826722337,0.30185370741482964,0.19963262920597813,0.3018867924528302,0.19843058686033893,0.1996661101836394,0.3001418913279359,0.19971624102820898,0.1984478010514896,0.3001502002670227,0.19849812265331665,0.19856499249123977,0.30015850504713437,0.1996996996996997,0.19859871548919844,0.19974979149291075,0.30164289884079726,0.3017011340893929,0.19978320687067455,0.19859929964982492,0.3000416840350146,0.19981660553517838,0.30165874802033843,0.3017169528254709,0.1985998833236103,0.3,0.30005832847262726,0.30011664722546244,0.1997833874864617,0.19860046651116295,0.30012494793835903,0.1998167582875229,0.19988340134921295,0.19861758827448367,0.1986843200932634,0.1999167360532889,0.30005827991008244,0.30011655011655014,0.19870140680928994,0.3013983685700017,0.30145651269246776,0.3015146471371505,0.19988349837729882,0.3015476784822766,0.30160579083118394,0.19991680532445924,0.1999833624490475,0.30161370820163036,0.29992514347500626,0.2999833666001331,0.1985862785862786,0.30001663063362716,0.1999667414982955,0.20003325573661457,0.3000249397289883,0.2000831255195345,0.2001496134984623,0.20021609042553193,0.30000831047951465,0.19852085757021773,0.3000415454923141,0.20023263542705216,0.20029907784331644,0.30004984216647285,0.20034886618489908,0.3012458471760797,0.19848849763308696,0.20038199634612192,0.3000083035788425,0.3000664231152441,0.3012038190120382,0.30009961813049973,0.3012368224454221,0.300132802124834,0.3012698149224002,0.19842323651452282,0.3001410671313584,0.1984732824427481,0.3001742304820377,0.30023228803716606,0.3002903359601825,0.2002322495023225,0.3003234635481463,0.19845745563111628,0.20026536197031264,0.20033167495854062,0.300306773899345,0.20038136295805006,0.30100306723037384,0.1984416445623342,0.19850808122668878,0.30101110558594396,0.1985580508825723,0.30021544580709314,0.3002734277902063,0.30099420049710024,0.3003065197580979,0.198558648111332,0.30100223639526213,0.30106012920324665,0.198592132505176,0.3002649884067572,0.20021528525296017,0.30029806259314457,0.30035598973424954,0.20024834437086092,0.3003890406423309,0.20029796391325938,0.2003641479764959,0.30039721946375375,0.20041373603640877,0.30043024987588945,0.3004881277405477,0.30079417604235603,0.3005211349160394,0.19842845326716294,0.30055413117194607,0.19847833278200464,0.3005871165136856,0.19852819579957004,0.3006200909466722,0.30067791005291006,0.3007357195999008,0.19854521408497272,0.3007686585668237,0.30082644628099175,0.30088422444426083,0.19856222112047595,0.3005040072709246,0.19861202908129544,0.19867823213548122,0.30084255740954896,0.30090030560832576,0.2001156260323753,0.30043769097365597,0.3004954582989265,0.3005532160845512,0.2001321003963012,0.3005861471146702,0.1986131748390292,0.3006190672719769,0.20014856388246946,0.3007345052405711,0.19863013698630136,0.19869626206782737,0.19876237623762377,0.19882847949839122,0.20013199142055765,0.2001979707993071,0.1988617617947872,0.1989278350515464,0.30059376546264227,0.200214397625134,0.3003792875989446,0.1989446780443565,0.3004122011541632,0.20023081361800346,0.20029673590504452,0.19896150993159153,0.2003461348277567,0.19901112484548825,0.2003955174686882,0.20046139902776633,0.30037897511945955,0.3004366092758876,0.20049423393739704,0.2005600856601598,0.3001976610113655,0.19896236514864532,0.19902832674571805,0.20057636887608069,0.30034579285361435,0.1990614966658434,0.30037866315442874,0.20059264136966004,0.1990946502057613,0.19916056291663237,0.3000329163923634,0.3000905126306262,0.2005923975645878,0.19917729329494036,0.2006416584402764,0.30023854569383895,0.300296101332456,0.20067439756558927,0.20074013157894738,0.1991612531864156,0.30027955928301264,0.20077283564909973,0.2008385399539625,0.30028771064529386,0.19916159789577512,0.19922741842689243,0.199293228139382,0.1993590270359109,0.2008216926869351,0.19940842987429136,0.30019717384160366,0.299679618828555,0.2997371447346805,0.2997946611909651,0.2998521681997372,0.20078837152007883,0.29988503859418625,0.30010674111174973,0.1993431855500821,0.3001395616123471,0.30019701198489573,0.20077156693753592,0.2008371634931057,0.200902749281904,0.29977022813064175,0.30015590383195206,0.19929438792254678,0.2009188612683567,0.20098441345365053,0.300139447133131,0.20103346456692914,0.20109899122447306,0.2011645071346564,0.201230012300123,0.30009839291571005,0.2995818643928835,0.20126250204951632,0.2013279777030904,0.30008196721311475,0.29956560937628063,0.2013604327159482,0.29959845939523067,0.3000655522779417,0.300122900450635,0.29960675077830573,0.20135987548128123,0.30013106159895153,0.30018838561716765,0.20139230139230138,0.19900090082712307,0.30019652800524077,0.2995169082125604,0.29957425904699525,0.20139173147769138,0.19900130975769484,0.3001555209953344,0.2014241283352431,0.3001882314428349,0.19901800327332242,0.3002209311840275,0.300278186876125,0.30033543319970546,0.30039267015706805,0.29938650306748466,0.30042532308195646,0.3004825386439846,0.20134118416748445,0.2014064927631041,0.3004905968928863,0.2993213964516393,0.2014388489208633,0.2015041281778795,0.3004740886055256,0.30053126277073966,0.3005884275907159,0.20151998038734983,0.29923190063735905,0.20156875561728899,0.19877450980392156,0.29924025814884403,0.29929750040843,0.2015845789430695,0.3004737014047697,0.3005308289097591,0.3005879470847624,0.29925696088838083,0.29931417374265185,0.2993713772552861,0.29942857142857143,0.29948575626479473,0.19866144302970942,0.20150167305965885,0.30047331483597195,0.20155038759689922,0.30050587467362927,0.30056294362405156,0.2015826399086311,0.3005954808711967,0.299347471451876,0.29940461626294756,0.20159843418691895,0.30057897741172634,0.2016470971950424,0.3006114961271912,0.3006685145931844,0.2993396918561996,0.1984838604499511,0.3006765017523841,0.19853300733496332,0.29932360850786405,0.3006844850065189,0.3007414650044814,0.20156428222258432,0.3007739307535642,0.20161290322580644,0.2992587765740816,0.30078188630070046,0.19846893069468197,0.20162866449511402,0.3007898379610781,0.30084676762742224,0.29919400797850687,0.2992510582872029,0.20162800162800162,0.2016929838840957,0.3008057296329454,0.20174153645833334,0.20180649361217348,0.3008136696501221,0.3008705556911561,0.2991376505043931,0.20182217522167087,0.3008784773060029,0.2991459943066287,0.30091086532205596,0.2991786614621452,0.29923564807285735,0.29929262541670054,0.19821138211382114,0.2993252581090968,0.3008453909933344,0.3009022189709827,0.3009590377113134,0.2993092238927265,0.20169023240695597,0.20175509872430325,0.300942476438089,0.201803558371923,0.29926888708367183,0.1981155064576395,0.20183560753736193,0.20190043043937303,0.299252882897515,0.30085261875761266,0.3009093861643391,0.2992611837298043,0.29931807111544084,0.20188326974592094,0.29935064935064937,0.30086843600357116,0.19801980198019803,0.30090075468635885,0.20188250567997404,0.201947261663286,0.30090864838552656,0.19802060517563072,0.3009409474367294,0.1980695920188174,0.30097323600973236,0.19811856297137295,0.3010055141096335,0.3010621908700235,0.30111885844008435,0.30117551682205107,0.3012321660181582,0.20183188781713546,0.20189657967255634,0.20196126104222384,0.2020259319286872,0.3011911514463982,0.30124777183600715,0.1980069675119501,0.3012799740764744,0.30133657351154314,0.2988012311679896,0.2988580221916255,0.20197602850664076,0.3013199449348125,0.2020242914979757,0.30135211723747063,0.3014086787564767,0.30146523111794704,0.19791160757649345,0.29874544718737356,0.29880220135966334,0.19794448490733996,0.3014241786696876,0.30148070232219437,0.2987864077669903,0.3015128225871693,0.3015693253518848,0.3016258189759767,0.2987706243934002,0.2018600889607764,0.30163351124049814,0.2019083043583731,0.3016655886157827,0.2019565041636349,0.3016976556184317,0.30175410233610866,0.30181053992887164,0.2986341226864948,0.29869080329723613,0.20193939393939395,0.2020038784744667,0.3017694110042821,0.29867506867022137,0.19767347927942483,0.30177705977382874,0.3018334544867135,0.3018898400904539,0.2986352257126706,0.19767441860465115,0.29866774323778766,0.2987243662199257,0.19770727375474287,0.30182434614142717,0.3018807006215191,0.3019370460048426,0.298684529093697,0.30196901226597805,0.20180747195997742,0.2986929159270615,0.19766034691407824,0.30195224265892223,0.19770912317496167,0.3019841909985482,0.29865311718686993,0.19774193548387098,0.3019917748568664,0.3020480567650379,0.19777473191969686,0.3020799742018704,0.20169286577992745,0.302111881347735,0.29854114612718624,0.302143778207608,0.1977596905471835,0.298549556809025,0.29860607525582145,0.19779245891073155,0.3021026343349714,0.29861446753665216,0.19782521143777687,0.30211018041237114,0.30216638479503904,0.20156224834917055,0.29857476447379017,0.29863123993558777,0.20159407455116335,0.20165834809209468,0.3021009418014972,0.3021571152607856,0.20169014084507042,0.3021889586351199,0.30224511145087307,0.19769874476987448,0.2017056883095985,0.29847144006436044,0.2017536803153407,0.20181788931788933,0.20188208799163515,0.19768377030722215,0.19774829111379172,0.30210678674815056,0.2018975637211546,0.3021386074931661,0.1977650936570464,0.29831189710610934,0.2019130294992364,0.2983443176338209,0.1977818853974122,0.29837672774027646,0.1978304539975894,0.20191226096737908,0.2019763798505664,0.2020404884318766,0.30195196401317376,0.30200803212851407,0.1978154365111236,0.2982653389013813,0.2983216895527182,0.20202344628231894,0.19783219590525894,0.20207129094412332,0.2983061732359316,0.29836249799325737,0.2021028975038125,0.3018459069020867,0.20215071021587352,0.20221473278767452,0.19778544491695418,0.2982991014120667,0.20224628961091054,0.20231028397240494,0.1978021978021978,0.2023580365736285,0.29825968401636055,0.20240577385725741,0.3016598508539812,0.2024534958306607,0.3016916539725808,0.3017476350809684,0.29819639278557114,0.2982526450785508,0.19772381181373727,0.3017310466420901,0.20242006571039345,0.3017628205128205,0.30181876452207357,0.19772472360198687,0.3018505167027157,0.19777314963152837,0.29811774128954743,0.19782156014736504,0.3018339072635541,0.2023542600896861,0.20241812795259828,0.29807846277021616,0.29813465695300617,0.29819084213896896,0.29824701833026496,0.19777493196734433,0.1978391356542617,0.2982554417413572,0.1978874929983196,0.29828772603616577,0.19793583486678934,0.29832,0.19798416126709864,0.1980483122700368,0.30152763336799165,0.19809660908509277,0.29828068772491,0.19814489045258277,0.2983129447509395,0.19819315637991686,0.3014629466783916,0.1982414068745004,0.3014946846774838,0.19828964194373402,0.3015264125309678,0.1983378615950136,0.19840191769876148,0.1984659635666347,0.19852999920108652,0.30148586036108005,0.3015416566818436,0.19856230031948882,0.3015733567606421,0.20196454240536654,0.30160504671404614,0.30166081124241456,0.20199600798403194,0.2020597157911544,0.1985311726670392,0.2978927203065134,0.2979487588793998,0.1985634477254589,0.30157210118905114,0.3016278327481647,0.30168355541370784,0.19857986277325673,0.29788591942560827,0.19862795149968093,0.30166706548616096,0.20194608390492902,0.30169870005582583,0.20199362041467306,0.29782314010047045,0.20204114176367405,0.2978553775013952,0.1985809948979592,0.30163411717815863,0.20205643232902917,0.2978401211444967,0.19859738603761556,0.20208781576221213,0.20215139442231075,0.2978248745119911,0.20219885277246655,0.2978570859555485,0.1985821252190537,0.19864595778574273,0.20221408091748966,0.2978418412041093,0.19867813346074215,0.3013774982084561,0.20222929936305734,0.2978266061619298,0.29788250278618056,0.30136113985513013,0.29791467685450496,0.20222841225626742,0.29794684068120325,0.19861542134160898,0.20225970719287079,0.20232317606810407,0.2979315831344471,0.19863177153766606,0.29796372892141265,0.29801956573610117,0.19866390965484332,0.2023061630218688,0.3011291348600509,0.19869603244016856,0.301160756877087,0.20232132919945942,0.1987281399046105,0.19879182894841427,0.29788586870131933,0.20233648573472146,0.20239987285441832,0.301072705601907,0.297870649928492,0.19877651545245095,0.20241499841118527,0.3010564778775121,0.1988085782366958,0.19887221030895083,0.19893583227445996,0.30104026046216154,0.2023979672860092,0.19896784438269155,0.19903143855192124,0.20242914979757085,0.19907921892363867,0.19914278911024685,0.30095238095238097,0.20244425045631298,0.1991747341691795,0.19923827660080934,0.2975245953665503,0.20245934153113843,0.20252260828177057,0.19925438248592053,0.2025697969543147,0.1993020858117218,0.29746233148295004,0.20260090397272223,0.20266412940057088,0.29747086339491,0.19930236245441574,0.29750297265160525,0.20267913760304376,0.3006261393358168,0.3006815660168014,0.297487915048736,0.29754358161648176,0.2026780762221694,0.3006655046743781,0.1992394834825319,0.30069708491761726,0.2026930693069307,0.19927134484397274,0.19933475885008314,0.29743427304402914,0.20270805289413255,0.2974663499604117,0.19935080357849735,0.20273907536415453,0.29747486741074963,0.20278613265790724,0.29750692520775623,0.19935106046217158,0.20281712431748042,0.2975154296565912,0.19938286256824117,0.19944620253164558,0.20283205442607388,0.29750039550704005,0.20287906351340662,0.1994621955077507,0.19952550415183867,0.30025304444092993,0.20289396694868347,0.297438330170778,0.19954146572851608,0.2974703557312253,0.20290886095960795,0.20297186215618085,0.3001659685450091,0.19954164691006795,0.30019755037534573,0.2974083438685209,0.2029706881567512,0.2974403539263707,0.19954182794849515,0.3001579778830964,0.2974488586999447,0.3001895435160322,0.2029534865355761,0.20301642451042326,0.1995262534544019,0.19958945207642506,0.30014999605273546,0.20303125986738238,0.29733996369089905,0.19960536700868192,0.29737195170073394,0.20304608585858586,0.20310897182987453,0.19962127189521855,0.29735700197238657,0.19966866519406753,0.19973179774394573,0.29736551506546777,0.20309172647685148,0.2031545741324921,0.29737402413058905,0.2974294275350891,0.20318536623827171,0.29746136865342165,0.2975167520693733,0.20321614378054548,0.1996531883029873,0.19971626733921816,0.29970840885806604,0.203230890464933,0.1997478528090773,0.1998109045067759,0.29740802016859685,0.20324562785567984,0.20330838912957858,0.1998267170762445,0.20335512325746238,0.1998739959048669,0.19993700291361524,0.20338582677165354,0.2034485473584757,0.29727601952448435,0.19995276706289852,0.2994332493702771,0.29728453364817004,0.2994648197701873,0.20343117966475172,0.29729304375196725,0.20347785034227714,0.2994492525570417,0.2995043662969082,0.29955947136563876,0.2972547785731141,0.2973100519112789,0.2973653165552497,0.2034444793960365,0.20350711645828418,0.2994967762226765,0.2995518515606573,0.2996069182389937,0.2035217357126012,0.29728030183933346,0.2973355340721528,0.29739075762338885,0.19968565815324166,0.2974225994027974,0.2035043608077316,0.2035669390320553,0.29947364286275435,0.2974076983503535,0.2974628858691383,0.2975180647188187,0.2975732349014372,0.20354955237945657,0.2976050255202199,0.19959170854271358,0.29936405747036193,0.29761344010048674,0.29766857681136666,0.297723704866562,0.2977788242681108,0.19957620467744466,0.2993015773365769,0.2993565599497803,0.2977638289525304,0.29781892358386947,0.29787400957087945,0.20340445560087858,0.299317593536748,0.29937254901960786,0.29942749588267586,0.2978356336260979,0.2978906923861052,0.29794574251215306,0.19945119560956487,0.2993885230479774,0.29795406443521205,0.2980090923342217,0.29806411160749274,0.1994514106583072,0.2980957605203354,0.2032596771665883,0.1994828802005798,0.20330617361328737,0.29808068938503723,0.20335265549114837,0.29920889794000155,0.2980889724310777,0.29924034771712743,0.2033672670321065,0.2992717876438807,0.29807391168180397,0.1994049949111407,0.19946766870205104,0.2992563600782779,0.29805886036318097,0.2992877827346012,0.298090467991861,0.2981453947883246,0.29820031298904537,0.298255222596041,0.199421060866844,0.29922553391222717,0.20322277847309136,0.2032850997262417,0.29923353668074454,0.29928833972002816,0.2981701595245543,0.20329971068887326,0.20336200156372167,0.29927292627628804,0.2993277048155097,0.19932775736731026,0.1993903392215101,0.199452911293474,0.2980618943419819,0.2981167461123701,0.29926551023597436,0.199468708492851,0.298125,0.29927349425826105,0.2981565380409311,0.19948449582129188,0.20321774445485785,0.2992581023037876,0.2981414961736686,0.1995002732880456,0.2032323547782636,0.2992427199625263,0.2981264637002342,0.2992740613535243,0.2981579768966594,0.2993053929602747,0.20321523333853597,0.29933671478735857,0.20326154806491886,0.299368026839354,0.29809642689967236,0.19939152820032763,0.29937597503900154,0.29810467202246316,0.1994228669474341,0.29813616158465256,0.2993605739238927,0.2981676413255361,0.29822236082956494,0.29827707180166835,0.19940754599314,0.2993218489360044,0.1994544037412315,0.19951679526147612,0.29932980049875313,0.2993843995947947,0.29819230169861305,0.29941566030385663,0.2030227485197881,0.2994469112721041,0.2995014799813055,0.29955604019004595,0.29813084112149535,0.29818549957168444,0.2982401495094222,0.29829479093669703,0.20297415135471816,0.2994939665239393,0.29830297368830766,0.29952518097610337,0.2983343711083437,0.2995563857109503,0.29961089494163423,0.29966539568905143,0.29971988795518206,0.2029098264996499,0.29827291115606036,0.2997277323998444,0.2983042937149969,0.29835887065411837,0.2029086949758905,0.2997122637841201,0.19914463452566097,0.29974341031024027,0.29832063442699425,0.2029075643318044,0.2997512437810945,0.2998056743101438,0.29986009637805067,0.20292220408797698,0.29989120298414673,0.2999456057191701,0.19906759906759908,0.2999766917877399,0.3000310752019888,0.29814340091664726,0.300062140748796,0.3001165048543689,0.3001708605156881,0.30022520773472083,0.30027954651343375,0.300333876853793,0.29805900621118014,0.2981135005046192,0.20276354603322466,0.30031824885508035,0.2981217013349891,0.30034924330616997,0.3004035387241968,0.3004578257158377,0.300512104283054,0.30056637442780665,0.30062063615205586,0.29803739042743,0.30065156686317096,0.20266811448072597,0.20272995191561966,0.20279177975959675,0.30063585607940446,0.30069008296503064,0.2979531710342689,0.3007209861229553,0.30077519379844964,0.30082939307030465,0.2979383041388932,0.3008602650546385,0.1986205827650341,0.20271212708252614,0.2027739036107237,0.29790036414348803,0.30082119615742176,0.19862111705012006,0.300852052672347,0.19866780264890405,0.30088289962825276,0.19871447378610702,0.20272572402044292,0.30089043747580335,0.2977702074945804,0.30092126654796003,0.2978015172627342,0.2978558711974611,0.29791021671826623,0.300905502670072,0.1986534592168395,0.30093631509711366,0.30099040544722994,0.19868471953578337,0.2026148847284543,0.19873133751063665,0.3009746287128713,0.3010286951813752,0.3010827532869296,0.2977341272910061,0.19873182802350758,0.2025825407871337,0.3010669553115819,0.3011209895632006,0.2976963512677798,0.30115173533276646,0.20258154274230947,0.297704613957802,0.30115919629057186,0.20261185379800634,0.301189924277546,0.2026578073089701,0.3012206427688504,0.29764387794515257,0.19859416035841188,0.29767513709739707,0.19864071671300587,0.29770638659355936,0.30115830115830117,0.2977376264381129,0.2977918468190241,0.20257855323091176,0.3011425042457928,0.3011964492473948,0.2026088298857672,0.2026703712279077,0.2977311313474302,0.20271625897059958,0.30115740740740743,0.30121132628655195,0.19850331738929178,0.20273084934043045,0.20279234804072818,0.30119552641727726,0.20283819219497146,0.1985038945014267,0.2975786551511413,0.2976328167167862,0.2976869699306091,0.19851977488243003,0.3011100832562442,0.19856625298697295,0.30114074302451055,0.1986127167630058,0.30117139334155363,0.29760345226169377,0.20272769301895516,0.2976346405732337,0.30115562403698,0.297665819274324,0.20274225851178554,0.3011630593853501,0.20278804682686383,0.29765113592606857,0.29770522100723856,0.29775929775929777,0.20280258700338774,0.3011009315574717,0.29776751347190145,0.29782156877838506,0.2978756157635468,0.2028015085045794,0.3010620286285978,0.20284724894190073,0.29786088027085256,0.2979149034392552,0.2028773657485767,0.2979459958458343,0.298,0.30097684793477425,0.30103061067528075,0.2980081519649312,0.19824669332513073,0.2980392156862745,0.1982930954943872,0.2028138694549089,0.3009686346863469,0.3010223691290645,0.301076095311299,0.301129813234955,0.2979557331693821,0.20279720279720279,0.2979867834639619,0.2028428736073761,0.19821757836508913,0.29799492970730584,0.2980488554309418,0.29810277287042014,0.20284178187403995,0.3009753475155518,0.29811088926432194,0.20287184212547033,0.2981418918918919,0.30095969289827257,0.30101335789958544,0.29814999616181775,0.19811175928768807,0.19817330570266328,0.20283960092095166,0.298135216023329,0.2981890730509515,0.29824292181385714,0.19817400644468314,0.2982738780207135,0.3008591592513041,0.3009127866840531,0.300966405890474,0.29825906894700516,0.30099693251533743,0.29829000843493597,0.30102744977764145,0.29832093843440927,0.2026985587243177,0.30103487926408584,0.1980683734478001,0.202728596612248,0.20278969957081544,0.30101923519043605,0.3010727969348659,0.2982146961918627,0.29826846460312595,0.1980387650348579,0.3010571472345641,0.29827652240520874,0.20274203431372548,0.3010645630696178,0.29828457650482465,0.2983383107435485,0.20275650842266463,0.19799402802235663,0.2983463481855765,0.19804026640128608,0.20277097366809552,0.20283199387677,0.3009337211082198,0.30098721971378284,0.2982858891949801,0.29833958221746115,0.1980107115531752,0.30097161655573407,0.3010250917992656,0.2983247915551136,0.3010555300596604,0.29835564053537283,0.3010859590088712,0.29838648007952895,0.3011163786511699,0.19795091367841577,0.298394495412844,0.19799709502331625,0.30110074912092955,0.29840250707024385,0.30113115255273615,0.2984333205961024,0.20258291303683326,0.29846412470390465,0.20262836185819072,0.20268928107571244,0.2027501909854851,0.2984493163241922,0.2985029025358998,0.29855648056213246,0.2027646250190927,0.20282550591828943,0.3009315821624924,0.30098495838741696,0.202855397770652,0.3010153446828002,0.29847328244274807,0.19777116250667887,0.30102274461914214,0.29848126383271006,0.20283882783882784,0.29851201831362073,0.20288417518693727,0.2985427634088655,0.20292950869697896,0.3009382866732779,0.3009916094584287,0.1976965906490733,0.30102196461256864,0.3010752688172043,0.19772761933811195,0.2984369043080442,0.19777371149740774,0.3010596935274834,0.29844488489098947,0.1978047107249028,0.2028201219512195,0.20288087798186114,0.2984301173601585,0.2984835784500495,0.30097531240475467,0.29851428571428573,0.30100563766570165,0.29854498362154336,0.202848872638635,0.30101302460202606,0.3010662604722011,0.2985301957200518,0.30109655802619556,0.2985608771796239,0.19765494137353434,0.2028169014084507,0.2985688185140073,0.29862221207277156,0.30103516516973666,0.1976558337773042,0.29863013698630136,0.29868350962636026,0.20278496423679807,0.2987141444114738,0.2987674984783932,0.19764168885507796,0.30092803894720827,0.1976876854035141,0.2987526620018254,0.19773366795954064,0.2987832699619772,0.29883659037335564,0.29888990267639903,0.1977495628373755,0.3008210430287365,0.20266058532877232,0.20272119185162663,0.19776544805046742,0.19782641738866089,0.300782734250323,0.2987841945288754,0.29883747435605196,0.29889074608722077,0.19782724302970447,0.2989213005165603,0.30072161033042155,0.19785811939845055,0.20262778157515,0.20268833535844472,0.3007062039638545,0.30075930144267277,0.2988383569964316,0.2988915882174309,0.29894481135656265,0.29899802641566725,0.3007210626185958,0.20264116575591987,0.20270167716475676,0.19775383214448322,0.20274679414219593,0.30068285280728374,0.20279189742811624,0.29889242906994384,0.20283698702874914,0.29892293689320387,0.20288206295032232,0.30062187168208704,0.2989307651474937,0.2989839247801031,0.30062931230570933,0.29901440485216074,0.2028655901751194,0.3006367495451789,0.20291063442734783,0.30066696983477337,0.20295566502463055,0.30069718096392845,0.29893157535803594,0.19752992877708744,0.30070459883324496,0.19757575757575757,0.30073479281872584,0.19762157248901682,0.19768234492160872,0.20289306270827023,0.30071942446043165,0.20293805845827653,0.30074960248353144,0.29875832828588733,0.2988114164584753,0.20295230885692658,0.298841874195746,0.29889494399031186,0.3006887156588209,0.30074163765703044,0.300794551645857,0.3008474576271186,0.30090035560263295,0.298834922075957,0.19751872305015508,0.30090771558245083,0.2988427501701838,0.20284374527302979,0.20290403085532785,0.2029643073200242,0.3008695652173913,0.2988053833358536,0.3008996749073864,0.30095252494708197,0.2988132133948144,0.20294784580498867,0.2030080870682488,0.30093712212817414,0.30098994936900175,0.2987758803082968,0.3010200226671704,0.19734058627984286,0.3010500868776913,0.19738631213174196,0.2987385754211043,0.29879154078549847,0.29884449814968655,0.19740220510496903,0.2988748772936646,0.29892781636967686,0.29898074745186864,0.20285369168050732,0.3008983165999849,0.2989885265700483,0.20288323647067702,0.2029433962264151,0.3008829522300204,0.29897373981285846,0.3009130008300008,0.30096574618982946,0.2989815164089023,0.30099577549788775,0.30104850267783057,0.2989892894855936,0.29904216004223544,0.19720965309200603,0.30103310459241384,0.1972553159402805,0.20281987483977984,0.30104041013269,0.20286468149264983,0.3010704055480175,0.3011230873596141,0.20289418148929755,0.3011530635315397,0.30120572720422006,0.29884711024037375,0.29889993972272455,0.30121298877420327,0.20287780623775803,0.20293785310734463,0.19712262729737873,0.19718309859154928,0.20296731435457147,0.20302733639581294,0.19721385542168673,0.3011068443641292,0.298750188224665,0.3011367913874878,0.29878048780487804,0.3011667293940534,0.29881077826283303,0.30119665838789794,0.298841059602649,0.2988938219580104,0.20293453724604965,0.20299450756150778,0.19711104423713513,0.20303919356052058,0.20309914247028735,0.298834148176006,0.20314380264741275,0.19711213055576446,0.19717250714393142,0.2031731709151064,0.19721804511278196,0.1972784001202917,0.29875206735829196,0.30090956927008944,0.19730907997594707,0.3009394964299136,0.19735457688260935,0.3009694145938228,0.197400060114217,0.30099932376587274,0.19744552967693463,0.20306513409961685,0.3010066105769231,0.3010591151506047,0.20309448700615892,0.30108899737138567,0.30114148392910783,0.3011939626041901,0.3012464333984082,0.29844582926646146,0.2984984984984985,0.29855115982283614,0.29860381324125507,0.19732792914508746,0.20301711197838487,0.29861163227016885,0.29866426534594026,0.29871689052299844,0.2987695078031212,0.2988221171880861,0.30105026256564144,0.19728452479183858,0.3010801080108011,0.3011325283132078,0.19731513424328784,0.30116235470566177,0.20290941811637672,0.2029691834745445,0.30116959064327486,0.29867306394782217,0.19730134932533733,0.30117682332658724,0.3012292010193374,0.30128157086112567,0.2029376498800959,0.3013113525665043,0.3013637044807433,0.19727279538473066,0.3013934671860953,0.19731815117237247,0.30142322097378277,0.2984795146430979,0.20289095266626722,0.29850969819516215,0.20293545005241875,0.20299513290902282,0.20305480682839172,0.3013401212847196,0.3013924240155712,0.19724530279212515,0.30142215568862274,0.301474440535888,0.3015267175572519,0.2983611464491506,0.29841364860820113,0.1972315750093528,0.3015112973215622,0.20296251963791426,0.19726211849192102,0.30151843817787416,0.20299177262528048,0.3015481265425174,0.3016003589590188,0.20302101248784865,0.20308060415732018,0.1972336448598131,0.19729366028708134,0.30156238319503625,0.1973389146359695,0.19739890873757382,0.29813153961136024,0.19744413720947612,0.2030339261694814,0.298139430620937,0.2030783024506874,0.3014568546880837,0.29814731809353057,0.20310749234331815,0.20316701523752614,0.2981552020315184,0.3014189693801344,0.29818534836830707,0.20318100358422939,0.3014261181214067,0.3014782738539645,0.20321015304217993,0.2981487011048074,0.29820108979622306,0.29825347066726376,0.19725352638256585,0.2032089552238806,0.3013954182523692,0.30144754514251604,0.20323808102663582,0.20329752312742466,0.20335695635956733,0.19722512307921827,0.20340120832400985,0.30138723150357993,0.29808337683645314,0.30141685309470545,0.3014689434046678,0.2980912615568148,0.2033847759636174,0.2981213657372894,0.19716734998136415,0.30143112701252234,0.19721249161511514,0.2981070204203309,0.2981593263283404,0.2033532041728763,0.19722822442440952,0.3013708836239011,0.3014229307904343,0.2981227651966627,0.30145251396648043,0.2981528377774467,0.20332166530125867,0.2033809949359547,0.3014371881748455,0.30148920327624723,0.29811629811629814,0.2981685527099464,0.3014963150450383,0.30154831025755546,0.2981764049125419,0.2982286394760345,0.2033191932723078,0.3015329662152106,0.3015849393556068,0.30163690476190474,0.29819209880217246,0.2982443088826068,0.19697984080934317,0.3016215412079738,0.19702491632577165,0.20325747434181168,0.3016286160481892,0.20330160618679358,0.20336084467246635,0.29814126394052043,0.29819344286670135,0.2982456140350877,0.19698208578012338,0.19704177196372827,0.19710144927536233,0.3015011890606421,0.29820911050011145,0.19713181750631595,0.20328404784902296,0.20334323922734027,0.30146348711091303,0.2981726340811172,0.3014929807620887,0.1971182412358883,0.30152246565168955,0.203326897371157,0.20338605480062374,0.3015295515295515,0.3015814091617789,0.29806978470675577,0.30161086779006757,0.2980997624703088,0.29815185927410376,0.19704616298055513,0.1971057513914657,0.19716533095874147,0.1972249016843511,0.19728446357026266,0.29809333036575414,0.30148367952522254,0.29812328462280246,0.3015131286159324,0.20321886820440554,0.2981311183625037,0.2981831664812755,0.20324781254634436,0.3014754949210351,0.3015272835112693,0.3015790644228631,0.29814677538917717,0.30160847972722554,0.29817669730210494,0.2032164826206181,0.2982066103453387,0.2982586143015932,0.30157083580320093,0.19708083277765429,0.3016002370721588,0.3016519742203126,0.2982222222222222,0.29827420191096954,0.2031550881350911,0.2983040805746871,0.29835604265402843,0.29840799703813403,0.29845994372871315,0.29851188272747464,0.19699437370447143,0.20312384336368347,0.19703923019985195,0.19709866035082527,0.20315275310834813,0.20321172204543772,0.2984312564747669,0.29848316685164633,0.2032406037289139,0.3013242583413479,0.30137594318686195,0.19705599526592205,0.2984467455621302,0.197100806153391,0.30136074545185626,0.30141240848924056,0.2984324164448388,0.2031792975970425,0.2984622209078811,0.20322318326310343,0.29849201655824953,0.20326705595387687,0.2985218033998522,0.301308107309142,0.19701448418563405,0.1970738195522057,0.29850746268656714,0.19711858145548578,0.30127068557919623,0.3013223018394031,0.1971487664352194,0.20319078218479947,0.29844903988183163,0.2985008492725796,0.19716437749224636,0.301262644908809,0.30131423508564675,0.3013658176448874,0.29846449136276393,0.20314460766221304,0.19715087097726602,0.30135065318473686,0.19719557195571955,0.20315843849162424,0.301357733175915,0.2032022430458201,0.30138704441493286,0.2032460346735522,0.30141634700501624,0.2982960832042487,0.19715297241481045,0.20325982742090123,0.30140117994100296,0.3014526952289654,0.3015042029199233,0.2032736120327361,0.30153347095252137,0.2033173608551419,0.29817190033908303,0.3015405026903516,0.30159198113207547,0.3016434519861449,0.20331613854089906,0.30167268440056,0.298113763631005,0.3017019082001031,0.3017533519964638,0.20331491712707184,0.3017825574543312,0.298077631288208,0.20334364413021064,0.19692171735768466,0.19698085419734904,0.1970399823282527,0.20335738477396553,0.203416034749319,0.29799764428739695,0.3016562384983438,0.19704107169144708,0.30168543460660924,0.2979835148660583,0.19707116049746118,0.2033848417954378,0.19711573835626517,0.19717480871100648,0.29794747296402563,0.30160364866853023,0.301655020228025,0.2979552809649897,0.19717584761344414,0.2979849977937932,0.3016398264578278,0.30169117647058824,0.3017425189324314,0.19717688575209527,0.20326398588546643,0.3017494854454572,0.3018008085262771,0.3018521240629134,0.2032777247005218,0.2978395061728395,0.301859063854802,0.20330639235855988,0.20336492542796267,0.30186600058771673,0.3019172849482113,0.29778169531364773,0.29783327212633126,0.3019242068155112,0.2978629654108835,0.29791452489352327,0.19700418532931932,0.30190895741556534,0.1970486748403201,0.2032741154015563,0.1970931512882625,0.30189371697005285,0.30194495412844036,0.3019961837663291,0.3020474058853746,0.3020986204872322,0.1970797564017903,0.29772560528246517,0.29777712566943,0.29782863849765256,0.2978801437687963,0.297931641484524,0.19706637330399707,0.30199471985919624,0.29793942949329033,0.20310896025810235,0.30200161302148254,0.3020527859237537,0.297925372040173,0.2031227092801642,0.30205966429670894,0.2979331574318382,0.302088677171125,0.19698080023450096,0.29794093940060085,0.3020955451348183,0.2030918015971866,0.20315018315018316,0.29792689180279835,0.2031936712569587,0.2032520325203252,0.20331038523509595,0.2979128524350055,0.20335383714118335,0.30196968587537526,0.29792063259628054,0.20338238524050076,0.2979502196193265,0.3019544689261401,0.3020055628751281,0.19680889994876674,0.2979361826697892,0.20336626417855835,0.2979657544270452,0.3019682446769591,0.1968100673105063,0.3019972199868315,0.2979517190929042,0.1968400263331139,0.3020040959625512,0.2033204124917721,0.20337867485739358,0.3020109689213894,0.2978941210880374,0.29794545587482635,0.2979967831554321,0.19679801155055193,0.2980263157894737,0.2980776259045391,0.19682794913024412,0.2033179858218227,0.20337620578778134,0.3018633540372671,0.29804179453456087,0.3018923065682765,0.19681472822910578,0.19687340200160713,0.3018991964937911,0.19691768314951427,0.2979842243645925,0.20331556269626816,0.2980137286402804,0.29806498722161373,0.19691880841121495,0.3018179163320435,0.29807271134472185,0.30184685013504636,0.19693430656934308,0.1969929202248011,0.20325499927017954,0.2980369262205356,0.2980881494454174,0.29813936519518425,0.19699401721873633,0.20325381192091632,0.3017216224102714,0.298125319133416,0.29817651349380014,0.2032674494931077,0.29820595099183195,0.20331072704732736,0.298235379903748,0.3016405395552315,0.3016914552347623,0.1969089451046147,0.20330952033824173,0.2033675923901159,0.30167638483965015,0.30172727935281685,0.3017781664480396,0.2033811848721125,0.2980909355872923,0.2981420765027322,0.2034095876438875,0.29817148685073214,0.29822261072261075,0.19680967295505863,0.30167516387472687,0.19685383438933798,0.2033935333527527,0.30168207966212773,0.2981651376146789,0.30171095740808157,0.29819452533488644,0.20339229817281793,0.20345028388411704,0.29820219812213405,0.2982532751091703,0.20347864056473328,0.3016300392955902,0.3016808557083606,0.3017316647264261,0.2982175336485995,0.3017605121489888,0.29824689023059575,0.2982979342449811,0.2983489708342425,0.2984,0.19664024434586574,0.30170157068062825,0.2984076201556024,0.29845863021666424,0.19665576154125772,0.3016865367839488,0.2033146761648615,0.2984445413577555,0.29849553019841557,0.30167151162790695,0.298524816510428,0.3017003342537422,0.30175107171401583,0.30180180180180183,0.19658554304395207,0.30183059712334737,0.2984673494588509,0.2985183033120279,0.20321010966664246,0.20326797385620915,0.30179362428291334,0.2985042114435086,0.20329630436360996,0.29853346885436327,0.29858439201451903,0.29863530778164926,0.20330986426653117,0.3017128755987807,0.30176355323318094,0.2986211901306241,0.29867208475437196,0.19641561456972864,0.2987012987012987,0.2987521764364481,0.29880304678998915,0.19643116204845495,0.30166098498585625,0.29881055990716565,0.2988614112698528,0.2989122552574329,0.1964324559495323,0.30162412993039445,0.3016747625607192,0.1964622299550529,0.3017035157665821,0.20310234850681358,0.29883307965499745,0.30171039281055223,0.30176099717370825,0.19644927536231885,0.30178972538221865,0.3018403129981162,0.3018908932840687,0.1964647928136772,0.30191959434987325,0.3019701579023613,0.19649453175925255,0.20299826187717265,0.2986458107031646,0.20304127443881245,0.30193324161899937,0.30198378221836086,0.2986317237385072,0.2986824960185319,0.20304017372421282,0.29871163867979156,0.20308315842802344,0.20314083080040526,0.2987191547868876,0.30188133140376266,0.2987482816004631,0.20315439154970338,0.30188815741879477,0.29875578703703703,0.3019168173598553,0.19629683205554752,0.30194546900990815,0.20313855944460515,0.30197411237255045,0.2986984815618221,0.2987491866097896,0.29879988432620014,0.20313742499819273,0.3019372560358537,0.3019877123238164,0.3020381613183001,0.29876418298764185,0.29881485763838705,0.20312161283329722,0.29884393063583814,0.29889458854129036,0.29894523912729376,0.2989958823954345,0.19611383993065587,0.30191404839292163,0.20309114545717175,0.3019426590597241,0.2989601386481802,0.2031193587984692,0.30194945848375454,0.2989675835679734,0.2990181923187987,0.2990687937630838,0.2991193879024109,0.2991699747383616,0.20308891454965358,0.2031464241899401,0.30184730841391255,0.3018976838155711,0.30194805194805197,0.2991126181372195,0.29916317991631797,0.20313063550458055,0.20318811309867282,0.2991705733862243,0.20323092456368094,0.30186774356385665,0.20327372368041535,0.3018963155238301,0.30194664744051913,0.3019969721000649,0.3020472895040369,0.20327254379009588,0.3020758252847052,0.3021261261261261,0.2990054770827328,0.2990559919290913,0.20327136474996396,0.30211110310541106,0.2990634005763689,0.2991138966933218,0.3021178504538251,0.19563494921846863,0.2991212906943244,0.30212459488656823,0.3021748523692928,0.3022251026139555,0.29910714285714285,0.20318237454100369,0.20323974082073434,0.3022100640702613,0.3022602936942125,0.3023105160872382,0.3023607312508997,0.3024109391867578,0.29900690846286704,0.19550982226379796,0.30241761404518636,0.2990143175768041,0.30244604316546764,0.29904323429969065,0.20313623939001582,0.3024527080486226,0.2990506329113924,0.20316432937792162,0.3024593700560909,0.3025095275760408,0.20319240724762727,0.3025379250844777,0.29899352983465133,0.30256631442743154,0.3026164462334675,0.30266657083303383,0.298979445163145,0.2990298239310097,0.2990801954584651,0.19530071136020694,0.30262968817358815,0.20310367124075004,0.3026580459770115,0.3027081387831334,0.30275822439304695,0.20311714429361488,0.30278655558747486,0.3028366247755835,0.30288668677294267,0.20313060960723775,0.3029149913842619,0.30296503697322136,0.30301507537688444,0.2988299475988802,0.20312948607522252,0.29885882437378886,0.2989091431032008,0.2989594546106925,0.19510619977037888,0.20312836334935783,0.29896685320705985,0.3028911686634622,0.3029411764705882,0.2989742486191808,0.29902453019652847,0.20311267302589112,0.2990533562822719,0.29910362136966656,0.29915387924853004,0.299204129920413,0.3028391167192429,0.19499605706502257,0.2992114695340502,0.1950397820944735,0.30282396788990823,0.3028739339210206,0.29919736276336534,0.30290218559656035,0.19504155918601318,0.1950992333596045,0.19515689926923627,0.29916183107672467,0.30286532951289397,0.1951865912183941,0.2991691734708494,0.19523025137864355,0.29919793755370955,0.20286430361618332,0.3028068165544895,0.3028567337295053,0.20289232531500573,0.20294938793041736,0.2991410164638511,0.299191181733591,0.20297738333810478,0.2030344235310957,0.20309145556032632,0.30275491949910555,0.3028048082427018,0.299134292051227,0.2991844326799256,0.29923456613491667,0.29928469241773964,0.30276804234318005,0.30281790873980835,0.3028677680040049,0.19500858123569795,0.29924919556667856,0.202988702988703,0.299277900907986,0.2993279954246497,0.2993780827793266,0.1949964260185847,0.19505396326209706,0.3027444253859348,0.3027942542699921,0.3028440760325854,0.29932118613790637,0.2029151186053158,0.3028506108451811,0.3029004143449064,0.1950139295663976,0.30292857142857144,0.3029783586886651,0.30302813883730895,0.2992215953724202,0.20287060839760068,0.20292752588361299,0.20298443524203913,0.3029913614621261,0.3030411193603655,0.30309087015490044,0.19493219129193434,0.2029833702091214,0.2030402512132458,0.2990794262470563,0.29912944198658487,0.299179450588655,0.2992294520547945,0.19490618534636514,0.29925809673277215,0.3029460018546259,0.2029957203994294,0.20305256401112617,0.3029525032092426,0.3030022106539257,0.19488020536223616,0.20306595365418895,0.19492371310423498,0.2031082911527768,0.19496720844026233,0.29909473234015255,0.19501069137562366,0.19506806357351578,0.1951254275940707,0.19518278343903656,0.20307823856348867,0.2990381189882437,0.29908805927614707,0.19519840421742538,0.20309160849123806,0.2990953771636156,0.29914529914529914,0.3026849939463001,0.3027346531833072,0.19518621377198606,0.20307604671033894,0.20313278746885013,0.20318952014808486,0.30269808500035594,0.29904612756264237,0.3027261726813296,0.19516014234875445,0.3027542523663796,0.19520352974665528,0.3027823240589198,0.19524690479578768,0.20313055852009962,0.2989470688673876,0.2989969410258234,0.2990468060890596,0.3027242335870261,0.19523470839260312,0.30275229357798167,0.30280187740008535,0.3028514541705184,0.19525028441410694,0.2030572342694632,0.2989478174321058,0.29899765408402645,0.1952658515780495,0.3027933755064326,0.30284292821606257,0.20304171700660933,0.3028709494030699,0.2030839195622824,0.1952536592297854,0.298898756660746,0.19529695936345554,0.19535412374795766,0.29890609461571244,0.2989558917536757,0.3027698863636364,0.1953696470421135,0.19542678596790228,0.2989419867925868,0.20299630786708323,0.2989705360312389,0.29902030384779216,0.29907006459856605,0.2991198182850653,0.19540066718716728,0.19545777146912705,0.1955148676460152,0.3025830258302583,0.2990846519548712,0.2029232297431531,0.20297978006385242,0.29909194097616343,0.20302191955735263,0.3025251808767201,0.3025746506844457,0.3026241134751773,0.3026735692504078,0.20302084810665155,0.20307735942707225,0.19540555870674986,0.19546260191421483,0.19551963703388628,0.3026157226908627,0.19556280124751912,0.19561981713799703,0.2988660524450744,0.2989157394940118,0.19564909297052155,0.2989442358109544,0.29899390675924614,0.20297555791710944,0.3024936242561632,0.30254303322235604,0.20300325825187704,0.30257100361215383,0.29893767705382435,0.3025989660788896,0.2030165698909503,0.30262692062592933,0.20305862361937127,0.29890265486725665,0.30263344188022084,0.19551213987400015,0.29890996602491504,0.298959586665723,0.20304317055909413,0.3025971268841554,0.20308519671667138,0.29894572985211915,0.30260365077119006,0.302652989034312,0.2989530277306169,0.2030841055386574,0.29898146838308104,0.29903104887191456,0.3026166902404526,0.2030973764231667,0.20315372648847405,0.3026232058262038,0.2989960407239819,0.2990455991516437,0.29909515057260005,0.3026083268537499,0.19529262086513996,0.3026362287087427,0.30268551236749114,0.3027347890608438,0.1953080836630865,0.3027626651593302,0.20305214073760067,0.30279053338043094,0.20309409437694265,0.29893338984248075,0.2031360361632999,0.29896179108694115,0.29901129943502824,0.2990608007909046,0.30271148142917664,0.20313492904045752,0.30273933916972606,0.29904694669961174,0.20316250176478892,0.20321874779416954,0.3027244494635799,0.29903310043051734,0.29908256880733947,0.29913203020252627,0.19510302003951455,0.19515981090806464,0.29913926908423877,0.30264550264550266,0.1951890519187359,0.3026733441489737,0.19523204965439414,0.20311728612737145,0.29908321579689706,0.29913264226782316,0.19524749682696377,0.3026158076570542,0.2991398759165257,0.3026436376454001,0.2991681939940787,0.2992175935715796,0.3026501268677756,0.2992458947071675,0.1952078928823115,0.3026566133464872,0.19525084554678693,0.20298738814908757,0.3026630970832746,0.20302923564635436,0.302690898844745,0.3027400154962316,0.19523876602338358,0.2030424677794211,0.3027464788732394,0.29906344623618053,0.3027742571468807,0.30282334718017323,0.19522669670515347,0.20302710313269975,0.3028297902294805,0.30287886253255436,0.19524211711711711,0.3029066084875783,0.30295566502463056,0.1952712687354866,0.19532789192231917,0.3029620769717864,0.2988602785985648,0.20295462539570877,0.2030106921778278,0.1953295350636562,0.19538613025742016,0.3029045643153527,0.2988045007032349,0.2988538077491034,0.19540149064829138,0.20298108697180622,0.29886107986501687,0.2989103690685413,0.20300857584704063,0.20306459548745343,0.30278324430700027,0.3028322440087146,0.2988756148981026,0.20307778792776332,0.29890387858347384,0.2989531370758097,0.19530701138119994,0.20309097295398665,0.20314695139084013,0.30273231720165766,0.20318865009130496,0.1953086593159632,0.19536516853932584,0.19542166982655712,0.3026962505266114,0.19546443867162816,0.20317326593653467,0.3027027027027027,0.30275164958584866,0.3028005895978101,0.2987085906793936,0.19545231244297845,0.29873684210526313,0.2031436390428742,0.29876508560202075,0.20318529432400195,0.3027220429353164,0.20322693791652052,0.2032828282828283,0.30272848425334925,0.302777388132978,0.30282628515323656,0.302875175315568,0.2986466587195849,0.20326742392371336,0.20332328402159433,0.3028603477285474,0.3029092183666316,0.2986120846768541,0.20333637064554566,0.20339220633585647,0.203448034200014,0.29859845830413456,0.20348959428211058,0.2986266816143498,0.30280950045540533,0.29865489701555276,0.29870402802101576,0.29875315214345755,0.19513903481123485,0.30277349768875195,0.19518173541564535,0.2987394957983193,0.302779917372733,0.29876767959669515,0.30280753343135197,0.20337440492859143,0.20343017150857542,0.20348593028139436,0.29873311401973823,0.2987821948488242,0.19511512352159002,0.2988103568929321,0.19515779161710167,0.20347047299188356,0.3026656405233331,0.3027144256331328,0.20349772647778944,0.29875489647453835,0.30272085052808284,0.3027696181284096,0.2987621511993846,0.2034965034965035,0.29879029438500804,0.2988393231715844,0.19506397259316227,0.20350950782997762,0.2035651869975533,0.29882566755207607,0.2988746767316698,0.19506569751188146,0.29890278845481866,0.2989517819706499,0.2990007686395081,0.20353549468977084,0.2990288548871655,0.29907782590470866,0.3024799161718477,0.20354847722827604,0.2990850038415869,0.30248638077943846,0.20357566869194776,0.29909217877094973,0.3024928426785839,0.30254154447702836,0.29909935069468685,0.2035744205529182,0.20363001745200698,0.3025268742147145,0.2990856424931947,0.2036571747627024,0.2991136855328355,0.29916259595254713,0.2992114995464378,0.3024699972090427,0.2992395171980744,0.29928840519045624,0.19476805022671784,0.29931640625,0.19481062983887842,0.2035848793416097,0.29932352325824674,0.2993723849372385,0.1948260232898682,0.2994003625714684,0.2994492086732204,0.19485499163413275,0.20355524573021958,0.19489753241321622,0.302223461350805,0.30227209367159186,0.3023207192138825,0.20355400696864112,0.302348268413351,0.2035953177257525,0.20365080470981675,0.2037062839626585,0.30233368164402646,0.29924770130955697,0.29929651041303895,0.2993453127176487,0.3023191030016018,0.19477715877437327,0.29935241278462504,0.3023255813953488,0.2036482628977233,0.2037037037037037,0.30233205708318833,0.20374495336210496,0.29929700006960397,0.30233853006681516,0.3023870833043357,0.20375782881002089,0.30241458492797996,0.29926245477317004,0.29931120851596743,0.1946570196187561,0.2993391304347826,0.19469949916527546,0.19475551227655283,0.2993462233968563,0.29939495097016483,0.2036856745479833,0.29942284959321325,0.2994715616743151,0.2995202669818536,0.19473025583982204,0.19478623566214806,0.2995273182260531,0.20365607840411482,0.2995551848762858,0.20369726874695948,0.29958304378040307,0.20373844764088667,0.3020428015564202,0.3020912943792121,0.20376545782965125,0.3021187912469607,0.30216726868574606,0.19469333889004653,0.20377830254201973,0.2994652406417112,0.20381944444444444,0.2038747309214638,0.2039300097208721,0.3020898423939457,0.3021382949180783,0.3021867407150295,0.2039428016104401,0.29936836260151317,0.29941699056079957,0.20396974113401348,0.30215128383067313,0.2994240510720977,0.29947266167082986,0.29952126552417957,0.2039683640904676,0.19451959764134583,0.29952830188679247,0.19456197544565443,0.29955611041753366,0.19460434149386227,0.30201109570041607,0.30205949656750575,0.19463319927887948,0.29952159744851975,0.2995701608430394,0.30204506065857883,0.2995979481491751,0.2996464961530464,0.29969503742722486,0.3020306327534826,0.30207900207900207,0.29970203035132703,0.29975055432372505,0.3020854985103582,0.2997783012331994,0.2998268098372012,0.2037267941257966,0.3020710673962735,0.2998337719905804,0.19447330147517142,0.20373961218836564,0.30205664427671214,0.29981996953330564,0.29986844838329985,0.19447521462198836,0.20373831775700935,0.302021320780839,0.29985464110195886,0.2999031007751938,0.20375112464530418,0.3020069204152249,0.20379212511244896,0.20384721837807915,0.20390230401992665,0.30199252801992527,0.3020408163265306,0.2998063087991146,0.20391505844919416,0.30204730944805647,0.30209558060723424,0.20394190871369294,0.3021229513864878,0.2997510717743051,0.20396874783931412,0.30212942477876104,0.3021776702385067,0.19424858288400387,0.2997165963917882,0.30218413049488524,0.19427742069251502,0.30221147201105736,0.19431967383041945,0.2039110005527916,0.299661438540731,0.2997098245129197,0.2039378238341969,0.30215529151699366,0.2997167921530704,0.20396463599944745,0.29974445749015816,0.30214088397790057,0.20399143705545197,0.3021682088109377,0.20403231374715183,0.19421430544048604,0.19426993441491197,0.29966864558884443,0.2997169876440947,0.30211209276642736,0.19428531989785355,0.19434092477570739,0.2997032640949555,0.2997515870825283,0.2039605326709446,0.2040154546708983,0.30203518454639533,0.2997378587196468,0.3020624956887632,0.20402814181266382,0.3020897992965032,0.3021379310344828,0.19426246465760982,0.30216521859053924,0.29966213886782045,0.30219249862107006,0.20399862116511547,0.3022197711291879,0.3022678706831185,0.3023159636062862,0.30236404990006205,0.19421088904203998,0.30239128936668735,0.19425303197353913,0.302418521325708,0.3024665839878738,0.3025146400275577,0.29946266189032794,0.19425501136598472,0.29949028791844606,0.29953853571182587,0.20385674931129477,0.30245850836719235,0.2038975347748244,0.3024857123183915,0.30253373726246213,0.3025817555938038,0.30262976731378216,0.2994424175672885,0.19417676211453744,0.3026361070961525,0.30268410185822436,0.19420549170738421,0.20382603908615468,0.29938760063304204,0.30266960231182055,0.2994152046783626,0.3026967528893781,0.2038247231203137,0.19418076764341724,0.3027030744893046,0.19422283356258596,0.3027302111271577,0.19426488791087884,0.2038093928350409,0.1943069306930693,0.3027157098659333,0.19434896191392823,0.2992369560734172,0.29928512510310695,0.29933328751116917,0.19436426116838487,0.30265961102329736,0.3027075316107751,0.20373806088091803,0.30273464339700423,0.20377877018206803,0.20383347073371805,0.20388816377000757,0.2992169254018409,0.29926505941342124,0.3026785714285714,0.20390083098688278,0.2992720780112622,0.3026848863558333,0.3027327657237023,0.2992790937178167,0.3027598517094604,0.2993066520216929,0.20387149917627678,0.30276614729905965,0.20391214824982842,0.2039667833367648,0.20402141092506176,0.3027516640362314,0.20406202826952108,0.302778730703259,0.3028265642151482,0.299169925224669,0.2992179997256139,0.2992660676315248,0.1940329218106996,0.30279130375145735,0.29927307639555617,0.20400466296372488,0.3027975863960505,0.30284538909838876,0.20403126285479226,0.2992390484678138,0.19399506443652317,0.1940503118788128,0.19410555174777244,0.29922554999657325,0.19414747807017543,0.3027478928253272,0.29923256132657255,0.20397396368619392,0.2040285009591669,0.29923956977461125,0.2992875736402247,0.20405507226522365,0.3026712328767123,0.20409560988973358,0.3026982605122586,0.3027460110936109,0.29923308682552724,0.3027730229373502,0.19402985074626866,0.3028000273841309,0.3028477546549836,0.2991991238277774,0.19404517453798767,0.3028540140989665,0.2992061319463455,0.19407376993088346,0.3028602709730395,0.30290797126240165,0.29919266557197594,0.299240610248341,0.20392666575454918,0.29926807579177783,0.29931600547195625,0.19403597565146022,0.30283135002051703,0.29932298433973875,0.3028583150984683,0.2038974358974359,0.20395186653904007,0.30286456552950025,0.29928903472791907,0.2993369334882767,0.2993848257006152,0.19397170391634203,0.30282941498086385,0.19401353105993302,0.3028563618969523,0.3029039972668261,0.2993304181470347,0.29937828790052606,0.19401557589834678,0.20383906004508504,0.29938524590163934,0.30284816610887233,0.19403087009971315,0.29939220105169706,0.29944004370390603,0.19405940594059407,0.3028130547589786,0.30286065405885165,0.19408793009284545,0.2037681753020684,0.3028668941979522,0.29936523104224966,0.1941031941031941,0.3028731317818877,0.1941449433601747,0.1941999317639031,0.30287936681222705,0.19424165927543152,0.19429662982671578,0.3028855992905382,0.3029331514324693,0.20366959961803424,0.20372391215386715,0.302939371206438,0.302986906710311,0.3030344357313331,0.299127233056048,0.1942455853276062,0.3030406326697573,0.20369486672574819,0.2991138377641445,0.29916161134210345,0.19424754634678298,0.30300552034348804,0.3030530189450729,0.19427597955706985,0.29912782774597985,0.3030592082850719,0.29915519825589315,0.20362422508345254,0.2991825613079019,0.2992302976636469,0.1942514643781501,0.3030034734046176,0.299237265050395,0.20360912495743957,0.19426664850878386,0.29924422959079455,0.1943082788671024,0.3029477840560964,0.1943498978897209,0.29923082159145054,0.30295398856520556,0.2992581501395222,0.29930583911800734,0.20353861857774752,0.3029395753946652,0.29931278492209296,0.302966389985032,0.30301381046329684,0.29931972789115646,0.2993673899734712,0.299415045572031,0.20349588519349793,0.30297878128400435,0.2994219653179191,0.20352237182102542,0.3029849731420412,0.2994288822409573,0.2994765109796723,0.29952413324269206,0.2995717490313371,0.19412724306688417,0.29959899408686197,0.29964659507951613,0.19415562351342167,0.19421038325631965,0.20343820072025548,0.2996331023236853,0.2996806848291324,0.2997282608695652,0.19421234970450377,0.1942670832767287,0.2997351083338993,0.1943086117902744,0.30268251273344654,0.29974195300828466,0.2997895022747335,0.2998370450841934,0.29988458143797947,0.203326544467074,0.29991175072975357,0.29995927233233777,0.20335301703658454,0.30256549477399214,0.2999660671869698,0.30001357220412594,0.3000610707742417,0.3025512281177907,0.19417870954610217,0.19423337856173678,0.19428804016009768,0.3000271333604667,0.3000746116801194,0.1943163320672816,0.3024754153950492,0.3025227180252272,0.19434461246355192,0.3025494982370491,0.1943860600718693,0.1944406779661017,0.30255575893159786,0.29995932754880694,0.19446892157527282,0.19452351904568252,0.302541511352084,0.30258877744646245,0.29992545910415397,0.19453855535980485,0.30259502676333083,0.2030487804878049,0.302621773592575,0.30266901503861265,0.20307525570683466,0.2031292332701165,0.3026752455130376,0.2031694433157253,0.30270197061014426,0.20320964247020584,0.29974947525221746,0.302708192281652,0.2997765892627446,0.299823991334958,0.29987138698977867,0.29991877622850954,0.20318104906937395,0.30265295073091497,0.29992555999187925,0.20320747056435243,0.3026591785641789,0.2999323410013532,0.2032338813341452,0.3026654038695711,0.29993911925860783,0.20326028138528138,0.2999661819411566,0.30001352630867034,0.20328667072428486,0.20334054638896404,0.30002028534721753,0.30006761325219744,0.30011493475762285,0.19415900486749593,0.302507942945988,0.20332567256996079,0.30010138560324434,0.3001486888348202,0.3001959856727715,0.30247330720367616,0.3002229880397324,0.30027027027027026,0.3003175461117492,0.20328334008917714,0.30243869485915015,0.20332342610105378,0.2033772374197906,0.3024449547480751,0.30249206456405753,0.3002431118314425,0.3025187386049024,0.19399054692775153,0.20336236580919587,0.20341614906832298,0.302504556808209,0.3001890103955718,0.30023624704691193,0.1939794816414687,0.30026321117635146,0.30031043325684975,0.3003576489641676,0.3004048582995951,0.20336009715943593,0.3023883416542977,0.3004115226337449,0.30241500269832705,0.19392917369308602,0.20335896398219344,0.3024212585148715,0.30037766387914755,0.3004248432126239,0.300472016183412,0.20335783156901086,0.3004989212513484,0.20339782916470034,0.3023459619792369,0.30239298955173577,0.30048530601240225,0.3005324526521534,0.19382666127510445,0.30237886650043805,0.1938679245283019,0.30051883296273835,0.30056596146071957,0.20332816816007546,0.20338183777957425,0.30232401481980464,0.20342179711706856,0.2034754495857749,0.3023302801724138,0.3023772644622533,0.2035016835016835,0.30240387852669853,0.300430918394829,0.20352790682017102,0.3024101252187963,0.300437563110064,0.2035541195476575,0.3024163693881672,0.3024633194238794,0.19368732754559526,0.3024899057873486,0.30038355426956465,0.30043062844839186,0.3024961313328399,0.30045748116254034,0.20349815001681804,0.19366339297726357,0.20353803726373848,0.3004439063761098,0.3004909543345215,0.3005379959650303,0.20355053459753883,0.3023803119956966,0.30054461104013985,0.20357671103939762,0.30057142857142854,0.3006184458187685,0.19358741681790684,0.3023255813953488,0.19362860407285437,0.3023521505376344,0.20354814864592433,0.20360166644268243,0.20365517704763825,0.3023380811609782,0.3005038629492778,0.3005508531506113,0.30234432726539934,0.19357872111767865,0.3005574585264289,0.30060443250503693,0.3006514001746021,0.2035992479183454,0.3022896662861747,0.30065798308043507,0.20362537764350452,0.3022959183673469,0.3023427535745452,0.30238958249429454,0.20363782804215047,0.3006040268456376,0.20367760552983022,0.30237552006442087,0.30242233107428035,0.2037037037037037,0.3024488426702449,0.30055011404803433,0.2037297913731804,0.30245505768714787,0.3005567107116507,0.3024815560026828,0.30058346187378443,0.19333422746781115,0.2037148796352176,0.3005900496178088,0.3006369426751592,0.20374094931617057,0.3006636723201716,0.3007105510122,0.2037670085126349,0.30234584450402147,0.3023926010321024,0.3006969575123978,0.3024190846344569,0.30246582685607076,0.3007035175879397,0.3024922953235964,0.20372479399745427,0.2037781350482315,0.3024984928662335,0.30066979236436703,0.19315518049695266,0.30250468791856416,0.19319627670260497,0.3006562207044328,0.20374958151991965,0.300682913765399,0.300729731539131,0.1931985540232963,0.3007564093982194,0.3008032128514056,0.19322669165383843,0.30236916075491904,0.30241584688482903,0.3024625267665953,0.30250920040147206,0.20366653285159908,0.30072924332642004,0.20370618142895372,0.30075590340491004,0.30247491638795987,0.30078255635074574,0.3025013376136972,0.30254798368220426,0.193125585127725,0.20367769976596456,0.30074886333244183,0.3007956140937354,0.3008423586040915,0.302493482184638,0.2036764705882353,0.3008488737383865,0.30249966582007753,0.30087549288244336,0.3009222133119487,0.30096892749749415,0.19303755178404383,0.30246542393265186,0.30097541421699625,0.1930656690493687,0.19311957247828992,0.30245140605169996,0.30096179535132245,0.3024777933613838,0.30098837985842125,0.20353923205342236,0.20359241452991453,0.30246377779261535,0.30251034851114966,0.1930702984177849,0.30093457943925234,0.3025165209265069,0.19309838472834068,0.3025428819328572,0.30258942872397226,0.302635969302636,0.3026825036700921,0.20350970841395877,0.20356285028022417,0.20361598505570752,0.30080053368912607,0.20365552664932293,0.30262806830309497,0.3008070432868672,0.2036814725890356,0.30263421140380126,0.20372099226460388,0.3026605321064213,0.30077343645819443,0.30082005467031137,0.30086666666666667,0.20371975201653222,0.3008932142381016,0.30093981203759246,0.20374566782191417,0.30096634455181603,0.2037851526056244,0.30252548810555074,0.30257196162046907,0.3026184289426344,0.30093271152564954,0.30097928185996936,0.30102584598987475,0.3026044095117565,0.1927534301318769,0.30263070263070263,0.1927943526904635,0.30265698874608776,0.19283526434944734,0.20367534456355282,0.20372836218375498,0.19286332467878303,0.1929170549860205,0.20375424349331026,0.30085197018104365,0.30089850249584027,0.20378011446825503,0.20383310041924535,0.20388607931860528,0.3008849557522124,0.30093147039254825,0.30097797884372296,0.20389835018626928,0.30100445686157123,0.20393774112012772,0.3023611572996342,0.3024075552008513,0.30245394693090377,0.30250033249102276,0.30095086109448765,0.3025265957446808,0.30097732863506416,0.3025528520143598,0.19271421923818388,0.20386865195426748,0.30255898969757394,0.30094377243121095,0.300990230610753,0.30103668261563,0.19270383414180345,0.20385382059800664,0.302504816955684,0.3025511559925591,0.2038796253238557,0.2039325096319915,0.19269345732314846,0.3025371944739639,0.30258351597263733,0.3009031743923496,0.3026097350421675,0.20391766268260292,0.3009096341544386,0.20395697782499003,0.3009360685122486,0.3025756771109931,0.3026219714570196,0.302668259657507,0.3027145417136789,0.3009025749933634,0.302740725993762,0.30092899800928996,0.19255523853758874,0.3027468152866242,0.19259603264114641,0.30277298659944274,0.3008955223880597,0.30279915096842663,0.30092193407176493,0.30096829818278287,0.30101465614430667,0.19257294429708222,0.3027650686294012,0.20375281792865668,0.30100112709673144,0.30104746751524797,0.30109380178985745,0.20376508020681428,0.3011201696825081,0.3026908801696713,0.2037908410100073,0.20384360503644797,0.3026969717049897,0.30274317519215477,0.30106671967137083,0.19246058036305816,0.302749254720106,0.19250132485426602,0.20381532754851958,0.30275533183203074,0.19252930657659448,0.30099337748344374,0.3010396662472684,0.20381406436233612,0.30272131364629545,0.3010460805084746,0.3027474346242966,0.19250628889183105,0.19255974051764083,0.30275350807519197,0.302799655834271,0.19258769027134348,0.30097280127059756,0.3010190577024881,0.301065308012969,0.30111155220325525,0.20370492887859742,0.3011378671606245,0.30118409737381757,0.2037306522026723,0.30266552020636284,0.3027116402116402,0.1925137226373917,0.30273773310408675,0.1925543873570059,0.20371594816186195,0.3010909090909091,0.30113711490149414,0.1925695775765188,0.30116340560549976,0.19261021878511467,0.3026437541308658,0.2036877932720904,0.30266983875231296,0.30271591885283816,0.3011100832562442,0.3027419887677569,0.30113636363636365,0.30276805179361826,0.19256176509446427,0.2036462117709228,0.20369881109643329,0.3011029654580279,0.302734117025492,0.30112923462986196,0.30117538298996305,0.30122152525586005,0.19252607949293543,0.30270020466098896,0.3012278848692897,0.19255396395801702,0.3027062706270627,0.30275229357798167,0.30121436114044353,0.1925691282254339,0.3027583476309885,0.20356318046849226,0.30278437582475587,0.3011809724879594,0.19257157936403219,0.20357543373573456,0.19261213720316622,0.19266539146494294,0.30114760585674716,0.19270592890588933,0.30117383276180426,0.3012199142762941,0.30126598971383356,0.30263071141293596,0.301292194092827,0.30265673412881533,0.1926829268292683,0.2034803243029464,0.30127867123648827,0.3013247215448494,0.20350599710030315,0.19268533772652388,0.19273853452820242,0.20353165974830337,0.20358413493213862,0.20363660320179194,0.3025032938076416,0.30254923918055465,0.3012119615333948,0.3025752486333399,0.3026211801896733,0.19269015475798484,0.30264717502963256,0.3026930927767169,0.3011588095865157,0.20356837184804794,0.20362080315997366,0.192679876242512,0.3026592943654555,0.20364641611268347,0.3026852705015138,0.20368542283645935,0.30271123979994735,0.3010462591300915,0.301092248980129,0.3027172840318442,0.3011184210526316,0.3027432405762779,0.3011445862386528,0.3011905544958232,0.20363062352012629,0.2036829990134824,0.19255557016966987,0.2037219701453278,0.3011572856391373,0.3026497468604116,0.3026955950032873,0.20373413976727367,0.30272153562976595,0.3011240386511536,0.30274746943604575,0.19250739401906014,0.302773396424816,0.203719524216337,0.20377184912603497,0.3010710296340101,0.30275952693823915,0.19249720780500623,0.30107738799106554,0.2037706102607896,0.3027456647398844,0.3010837438423645,0.3027715749376067,0.3011098706245485,0.20376937220908853,0.3027775953772408,0.30282337491792516,0.3010964480336156,0.19242384453781514,0.30282938357513295,0.19246422476040437,0.3028552674762061,0.19250459438172748,0.30104351250246114,0.20370127313295708,0.2037535271343264,0.3010498687664042,0.30280165343481397,0.30107597428159033,0.3011218264121236,0.2037522959853057,0.3011479173499508,0.3011937557392103,0.3012395881156949,0.20376442812172088,0.301265656764378,0.30131147540983605,0.3013572880466855,0.2037765538945712,0.3026289910181604,0.3026747082732398,0.20380203212061618,0.3027005768222339,0.30274628039588386,0.3012845720277887,0.302772134478013,0.2038007863695937,0.20385295852172203,0.30277814179006685,0.30125139225578196,0.30129716981132076,0.3013429413691451,0.3013887069304336,0.1921792100609157,0.3014147236049253,0.30146047547318094,0.2037982973149967,0.20385043546591577,0.19218177056050287,0.1922346624762653,0.30260573523634937,0.19227495908346973,0.30138779785284103,0.30261176932643846,0.3014137976174892,0.30263760717324434,0.2037958115183246,0.3014200641319285,0.3014657767307944,0.19223974350585618,0.3026040303585449,0.3026496565260059,0.30269527672379953,0.19225485706809708,0.30272108843537415,0.30276669500948394,0.302812295618051,0.30285789026224574,0.3013340308658122,0.30137971621003073,0.20367464365110502,0.30284406668846026,0.30138598326359833,0.19219454795057855,0.30141194927441495,0.30145761160860185,0.3015032679738562,0.3027906672766486,0.302836230558097,0.30150950793961967,0.3028619968635651,0.20359359686377002,0.20364562916503332,0.20369765466779904,0.30147635223412594,0.3015219805343262,0.19209666884389287,0.30154790673372084,0.20369644723093,0.3027492979821067,0.30155413347263943,0.20372184133202742,0.30275528858709844,0.20376052751844356,0.3027810419114767,0.30282655525817614,0.3015013054830287,0.30285229423666865,0.3015272157681765,0.30157279906023626,0.3016183764030279,0.3028384991843393,0.30164426464831007,0.20369282964702812,0.3028444676409186,0.3028899471589797,0.3016307893020222,0.3016763420520514,0.20369162535872684,0.30170221091762867,0.3028563975479327,0.19184871209651125,0.2037037037037037,0.3028623590011084,0.30166905724344767,0.30171458374079146,0.3017601043024772,0.3018056189296656,0.3018511276235171,0.19181385648178323,0.3027893639207508,0.3028347996089932,0.3018376124071419,0.3018831041897439,0.20360959082616628,0.20366147631767542,0.1917915309446254,0.302781577747378,0.20368681605002606,0.20373868299355175,0.20379054318093004,0.3027678280690329,0.3017712946079708,0.30181676108614963,0.30277379867170207,0.3018425678755127,0.20377604166666666,0.3027797669422564,0.2038146074729853,0.30182906984312957,0.3018745118458735,0.20383989586723072,0.3019002993622283,0.3027266219821696,0.30277199375325353,0.20385190968833367,0.3018867924528302,0.3019322100058552,0.3019776216497528,0.20386391725752945,0.30200338233381036,0.30204878048780487,0.19153225806451613,0.3026598166092216,0.302054883599948,0.3026854802002731,0.3020806241872562,0.20382289838111955,0.30269145754778315,0.30273678736267307,0.30278211128445137,0.30282742931426715,0.3020278174964253,0.20380840969649705,0.30283337665713544,0.30287867957632075,0.30292397660818715,0.30199467221103243,0.3020400207900208,0.191385694796336,0.19143822268416266,0.3020461188697629,0.3020914523252793,0.3021367798921868,0.30218210157163267,0.19144100266251055,0.3027922077922078,0.19148107265761963,0.20367484742241268,0.20372654677660196,0.3027784990911452,0.3028237585199611,0.3020900947682721,0.30284935418965403,0.30211578400830735,0.30287494321500424,0.19143413367942894,0.2036856790604114,0.302880872047755,0.3029261013430221,0.3029713247696899,0.30204346415828737,0.19142449403217437,0.30297723292469353,0.20365806200544817,0.3020299630326221,0.3020752269779507,0.1914272744958174,0.30294384645311895,0.3029890423393633,0.3020617219917012,0.19144246353322528,0.30208738493452614,0.3021326246191742,0.3021778584392015,0.2035776783978223,0.3029163966299417,0.3029615708638455,0.30300673924313115,0.20358971036091492,0.3030322664247765,0.2036281179138322,0.3030577869914486,0.3020664636911317,0.3021116724964374,0.3030636699268087,0.19132124352331606,0.3030891781620361,0.3020981738116824,0.30214336592630964,0.3021885521885522,0.303075428941405,0.30221416547973584,0.20353466692561661,0.20358622475401347,0.20363777590782575,0.1912621359223301,0.3030224580933273,0.3030675640693761,0.19128971720701482,0.3030930503429533,0.3031381429957942,0.3031832298136646,0.19130491039658407,0.3020442489325915,0.3031890807943593,0.30323415265200515,0.3032792186792575,0.2035312378734963,0.20358274590959063,0.2036342472840145,0.30326543808600065,0.30331048752101386,0.1912458783215879,0.30191362813550554,0.19128579740125412,0.3032967032967033,0.3033417361515093,0.30190020682523266,0.20358043042719576,0.30192581103787,0.3033279483037157,0.19126389247867667,0.3033533630548556,0.30339837188267216,0.30189288713741197,0.3034237726098191,0.30346876816743107,0.3018989794600181,0.20351353096945035,0.3034745543787135,0.30190506942202133,0.20353868009815318,0.3019306515141732,0.3034607438016529,0.20356381948479566,0.30348612007746933,0.30353108256406947,0.30189775367931837,0.20357580842961337,0.3035368529753453,0.20361406905453372,0.30356220960247804,0.3036071497709234,0.1910569105691057,0.19110910381314924,0.20361290322580644,0.3035933165602219,0.3036382402270675,0.3017480487647552,0.30366357069143446,0.19109964527571752,0.19115181220172836,0.3036693106339073,0.3037142120196028,0.3016957895415565,0.30174081237911027,0.3017858294113855,0.20351985559566788,0.3018113840005157,0.1911177001418074,0.20354495649371576,0.20359628770301624,0.30360250048334086,0.303647377239335,0.3017591339648173,0.3036726804123711,0.2035951291798209,0.30176523643860326,0.20363331830187464,0.3036588508116465,0.20367149758454106,0.30368414272832667,0.3037289882140787,0.30377382792375063,0.30381866185845835,0.19098518995492594,0.3038439250531196,0.30163533350502186,0.1910126826755939,0.30166087292390886,0.3017058255551979,0.1910401647785788,0.1910922314475124,0.20356545243918137,0.20361670635176007,0.20366795366795368,0.3037127597966669,0.3037575601595676,0.3038023547577688,0.30159547092125577,0.3038275972981666,0.30387237874694456,0.3039171544349392,0.3015821970671469,0.20361438034600296,0.20366559485530547,0.3039032859623175,0.30156893004115226,0.19095994341927602,0.30159444515880157,0.19099967855994857,0.30386988943173054,0.30391463649803946,0.19102712430903715,0.3015617970306575,0.3039203084832905,0.3039650408071461,0.30156792186094333,0.30161279958876824,0.2035466461063994,0.2035978156119499,0.3039316458948991,0.3039763602492452,0.30402106885919833,0.1909563876934935,0.19100834938985228,0.20358358486930833,0.20363472900077062,0.19103576703268477,0.3039681520482856,0.3014446227929374,0.19106317411402157,0.3039738075367529,0.1911028373347028,0.3014314140830605,0.30397946084724004,0.1911302227071433,0.30400462071621104,0.20355515626002696,0.3040297741273101,0.3013795316008983,0.3014243551905556,0.30146917302880605,0.19110854503464203,0.3039964077233947,0.2035279025016036,0.30145596818677445,0.20356593124679323,0.30148143397678445,0.30152622803642426,0.30394357165758257,0.3015516799179277,0.3015964608578573,0.3016412360559046,0.1910378870440413,0.1910897435897436,0.3038907762322928,0.3016279964107166,0.1911170928667564,0.3038964368110741,0.1911566805511054,0.3016147635524798,0.30390209521368616,0.3016401845207586,0.3016849253635723,0.2033952594490711,0.19114726795208506,0.20343325646938254,0.20348427592390955,0.30382989624695783,0.20352225424271533,0.3016137295081967,0.30165844912595247,0.1911256242796773,0.20353415711633266,0.3016645326504481,0.3017092375648166,0.20355908334400205,0.20361006208794727,0.2036610343061956,0.191104,0.191155766030974,0.20368592820119025,0.30163808548758636,0.30168276921108195,0.19117082533589252,0.30356343164224936,0.20368474923234392,0.30358856265592016,0.30363310733017784,0.19117364886472657,0.3036582246098746,0.19121314830210398,0.20367054610564012,0.3015538077882218,0.3036445012787724,0.2036954158941244,0.30366960746707583,0.20373329923927636,0.303694707236001,0.3037392138063279,0.30148280710724784,0.30152744935131337,0.3015720858895706,0.19113042366924404,0.3015974440894569,0.3016420675995144,0.20368004088934322,0.30166741199770014,0.3017120224862655,0.20370488661769404,0.30173735309146654,0.20374273487896788,0.3035509004981479,0.30359537646082124,0.303639846743295,0.30170487197496965,0.3017494572851488,0.3017940369022537,0.20371552604698673,0.3036067666773061,0.2037533512064343,0.3036318376204762,0.3017615522083227,0.2037781606994703,0.30178685386088067,0.3018314083338651,0.3018759571209801,0.20378995725132393,0.30356003572795714,0.3036044657097289,0.19086501658586374,0.20380174778337692,0.20385253221074118,0.3035907902289687,0.203890306122449,0.190867929341241,0.190919525570718,0.3035771217241599,0.20390206579954093,0.30168951227287216,0.3035828126992222,0.3036272072416651,0.19091024987251404,0.3016763337370132,0.20388782664117272,0.30361353642215283,0.3016823859291359,0.19091314598865736,0.3017076589779534,0.3017521503663587,0.3017966360856269,0.19092820284130727,0.19097974264237483,0.3018026625899739,0.3018471337579618,0.3034838545315585,0.30352821296650107,0.30357256575176716,0.20376974019358127,0.1909582935370901,0.30357825035018465,0.3017762780925702,0.3018207282913165,0.19097332739194092,0.303564608529599,0.19101266628476862,0.3018075356415479,0.3018519697066124,0.19103983708794706,0.20369074132993956,0.3018579791295495,0.30190239867659224,0.20371548543071638,0.30345441821998853,0.3019083969465649,0.30195280198460656,0.20372726116270196,0.20377790497996565,0.3034215212414144,0.3034658187599364,0.30351011064479205,0.30355439689705604,0.301881993896236,0.1909212283044059,0.303560076287349,0.20373784247663848,0.20378845664886855,0.30356575351172693,0.3036100165247235,0.19091197966317128,0.30179206914082357,0.203787252970706,0.3018172575930868,0.30186161763771524,0.20381194409148665,0.3018867924528302,0.30351924787193496,0.30191196087149846,0.19086636178861788,0.2038107335662115,0.20386129810745587,0.3034863783577824,0.3018796037592075,0.3035113340529557,0.19085714285714286,0.20386007237635706,0.20391061452513967,0.30349774646099154,0.30354195759807034,0.20393525864804823,0.20398578319370397,0.30177064161959766,0.30352836654397763,0.19081159972079448,0.3017766497461929,0.19085083433792271,0.3035147823880218,0.3035589672016748,0.19087794975894443,0.20393276244846179,0.20398325510592413,0.20403374135853364,0.30168696093353625,0.3017312448474856,0.19086873811033608,0.30346839135121423,0.19090793811818413,0.3034933113548469,0.303537466717383,0.3016798732171157,0.3035623732251521,0.30360651581415987,0.19089871973634173,0.20394194815894542,0.3036121673003802,0.30365629554527596,0.19091369915093145,0.30159031869733255,0.3016345666497719,0.19094076655052264,0.3016596984669961,0.19097992018749604,0.3035850012667849,0.1910190639052505,0.203863204559848,0.3016275093407637,0.30167173252279633,0.30171595010447666,0.19102190705331137,0.2038619816397594,0.2039123828817422,0.30170285497246313,0.20394986707178123,0.30343692638774605,0.2039873417721519,0.3016897664704766,0.3034426022022529,0.1909763968866671,0.3034674765882055,0.30167668459348307,0.19100341642414273,0.30347314480926174,0.19104251012145748,0.3034980074641027,0.30354206198608474,0.3035861109354247,0.30160637490513537,0.20388288117371783,0.3035917541418996,0.3036357888080936,0.20390743550834597,0.30366061832205854,0.30370464028322164,0.19097288071306656,0.30372945638432364,0.3014980089754124,0.3037542662116041,0.3037982683435505,0.3038422649140546,0.19096366508688783,0.3038670542145836,0.3014468945472926,0.3014910285569876,0.3015351569903342,0.3015792798483891,0.20377739877455625,0.30381505811015663,0.30158529653255856,0.3038398383225969,0.3016103568045469,0.2037762061126547,0.3016354107469849,0.3038262406869554,0.3038701938253678,0.3039141414141414,0.190833912000505,0.20376215124352987,0.20381240926592187,0.3015652612976521,0.3016093404859577,0.3016534141108166,0.30384299867482806,0.303886925795053,0.30393084737207393,0.20378548895899054,0.3016213488108006,0.30166540499621497,0.303917239639185,0.3039611454522518,0.19072847682119207,0.30398587285570133,0.3016333480481806,0.3016773868079203,0.19074342644555142,0.2037200504413619,0.301683374314356,0.3039339301475224,0.20374456281913889,0.20379475542107917,0.3039394894421683,0.3016513298878104,0.20381924749480054,0.3039450466347366,0.3039889091940261,0.20384373030875866,0.3040136097284355,0.20388104838709678,0.3015813015813016,0.30401915081264963,0.19061417322834645,0.3040438397581255,0.19065314606033887,0.30406852248394006,0.30153032306820327,0.3040931989924433,0.30413701907940305,0.3015363304369727,0.30416168230183216,0.30420548980105766,0.20377714825306895,0.304230139745688,0.30150437464593693,0.20380161127895266,0.20385172131663415,0.3015103838892385,0.20388899377005854,0.30417820286936825,0.30422198452148747,0.2039134264502328,0.1905001572821642,0.1905510820332159,0.30144052336918914,0.1905900113221789,0.3041700735895339,0.30421383647798744,0.3042575938620213,0.301408627845554,0.3014525561214865,0.19058098591549297,0.20383527192706696,0.3042248208223312,0.30426856101087574,0.20385969323610761,0.30140172229555595,0.3042740414833438,0.3043177675821759,0.30436148818501757,0.3013888016087476,0.20384567047882368,0.2038956958843858,0.30139482281980395,0.30432870515800714,0.30437240859404446,0.30441610653935547,0.3013819095477387,0.2038816657245148,0.30442155508102,0.2039188595113986,0.3044461190655614,0.30135007849293566,0.30447067688057267,0.30451434670685,0.30135610246107486,0.30139996233285204,0.19033270558694287,0.3045006590923357,0.19037157921164952,0.20385363710537877,0.30136814359231834,0.304486978349545,0.20387801204819278,0.30137416075798457,0.19036265528924584,0.30447330447330445,0.3013801756587202,0.30449783576939965,0.19037761886839794,0.3013861882958038,0.3045032614149523,0.30454687989965507,0.19039257494042394,0.30137329905311344,0.3014171055931778,0.304533199573641,0.304576802507837,0.3046203999749232,0.19038365095285859,0.30138531937566604,0.3014291086874765,0.20369790034471952,0.3045876159438456,0.30463119634016417,0.3046747712745958,0.19036280468701047,0.30469924812030075,0.20368397970052002,0.30134068412479637,0.2037211050554407,0.30468554247055873,0.304729094895083,0.20374545910058875,0.20379532786371893,0.30473446893787576,0.3047780073893168,0.30482154038822795,0.30486506793563334,0.19027047332832456,0.20378138108057348,0.3048704144234381,0.20381846635367762,0.3048948422633951,0.301120360518245,0.3011641006383778,0.30120783528381,0.1902377972465582,0.30486202365308807,0.30121386559879865,0.30488644184445973,0.30123873873873874,0.19024085079762276,0.19029150506693357,0.30487270907612435,0.3049161871403553,0.30120707986740886,0.19030644152595372,0.30492151835407416,0.30121310655327665,0.2036515975739386,0.30492684756783794,0.3012191309784308,0.301262815703926,0.2036631868475339,0.19027378422302788,0.3048940558784924,0.3049375,0.3049809386913318,0.30121234845644296,0.305005311504093,0.19026493376655837,0.2036238675413933,0.30501062101711857,0.30505403885799964,0.3011619190404798,0.30120557186582547,0.30124921923797626,0.3012928611579539,0.30502123407444415,0.20358458752263786,0.20363431997002623,0.20368404620668124,0.3050074925074925,0.3050508834363489,0.1901610687976027,0.2036956114613896,0.20374531835205992,0.30116721802634044,0.30121083510173513,0.3012544467328216,0.3049800299550674,0.3050234009360374,0.20373143641582428,0.20378111936107818,0.30122285999500875,0.3012664545511261,0.30131004366812225,0.20379265173725905,0.20384231536926148,0.3013160356764174,0.30135961082699264,0.30140318054256315,0.19000997755051136,0.20384111741597555,0.19004863449307893,0.304819502462747,0.3013715710723192,0.3014151237454024,0.3048248348086274,0.3014398803216356,0.20381451009723262,0.30146463072608287,0.2038514271469525,0.2039010406929644,0.3047731804586241,0.304816499470372,0.30485981308411214,0.30141424210329576,0.18994517817094442,0.30143898336759484,0.18998380465927495,0.304827156649019,0.30144494270054806,0.3048514666500592,0.20382363930751027,0.3014508998069618,0.3048567870485679,0.30147562418280305,0.2038351388370066,0.30486210545975223,0.3014815737051793,0.30488639900404607,0.30492966513133324,0.30148752100578824,0.3015309932785661,0.3015744601406435,0.18985687616677038,0.3048970194760749,0.18989547038327526,0.2037578547875319,0.3049023267388329,0.30494556765163294,0.30150534958945013,0.20376935995521553,0.30153004104988185,0.3015734809378693,0.20379353233830846,0.20384304458677943,0.3015794055465738,0.2038798731579929,0.304837105197712,0.20391669257071807,0.30156657963446476,0.20395350282837074,0.304823470909995,0.3015725029523277,0.3016159105034183,0.3016593126592505,0.1897216007954263,0.1897719505375008,0.18982229402261713,0.3016464740602672,0.18986083499005965,0.3047151643163322,0.30475835507516463,0.20386359401205043,0.30478260869565216,0.30159617415067386,0.30163954788225067,0.30168291622679005,0.3017262791852956,0.20384973610679913,0.3047311560908978,0.3017321661389458,0.30475540104296,0.30175678192314853,0.20384854127870888,0.3017813915958041,0.30182472691161866,0.20387264941351704,0.18971081047536303,0.18976109215017065,0.30181186398610077,0.20388409753676243,0.3046283658022087,0.3018177306284509,0.18976426799007445,0.3018423174741021,0.1898027540007443,0.30186689821993423,0.3019101959811461,0.1898294573643411,0.3045392533796354,0.18986792335834315,0.30189732142857145,0.18990637981275962,0.2037817730936144,0.30450685016428,0.30188445326060004,0.20380586375751564,0.20385521259452088,0.3044933374651379,0.20389191869112544,0.30185288467497057,0.3044986987235097,0.3018774397422393,0.20390334572490706,0.20395266712099622,0.3044851939041011,0.30452827851080966,0.2039767096134787,0.3045524930318984,0.30459556546513067,0.20400074317210629,0.20405003715630418,0.304600904080748,0.3046439628482972,0.3017150640827193,0.1896978702327885,0.3046492911533461,0.3017209359910858,0.30176415970287834,0.20401089378559048,0.20406015968310948,0.20410941948260924,0.3017513459991336,0.20414603960396038,0.30177588020543283,0.20418265066204677,0.1896306378766318,0.2042192526602326,0.20426848128673059,0.3017444018310033,0.3017875920084122,0.18963384463137062,0.30181210959242993,0.3043908472479901,0.18966050337023066,0.3018179569626515,0.30186112656897296,0.20421664399653766,0.30435857805255023,0.2042532146389713,0.20430240464857513,0.30182964519718136,0.30434513876012115,0.2043263288009889,0.304369322044373,0.3044123099740452,0.3044552925909905,0.3044982698961938,0.1895582329317269,0.18960830347213642,0.3045036140112436,0.30454657771188537,0.30458953610476247,0.3016676961087091,0.2042492742881848,0.30459486166007904,0.3046378064595813,0.3016549339261455,0.20426057425131214,0.30167942701901707,0.20429709205408408,0.30170391406346464,0.3017470214210754,0.3017901234567901,0.30183322017159436,0.30453030490062954,0.18947108560143183,0.18952110589977783,0.30182042579450785,0.304516845612736,0.20423273893996421,0.204281836130306,0.20433092726263188,0.3045033929673041,0.3045462957251249,0.3045891931902295,0.2043421945352495,0.30171456765757987,0.3017576318223867,0.18944252590034533,0.2043534562496146,0.30176347268467135,0.30180652321351503,0.18945745992601726,0.18950742864188397,0.18955739119713969,0.3017937496147445,0.20432692307692307,0.2043759630200308,0.30179958091951187,0.30184260799901397,0.18954892777914714,0.1895988662271243,0.30431300061614297,0.3018298318033393,0.18962543124691966,0.30185424752048295,0.3018972526795614,0.3042808746535263,0.18964030549396402,0.3019030609102667,0.1896785318388964,0.3042675041566599,0.2042487684729064,0.20429776491595344,0.3042728727989164,0.30431570522686696,0.18967003201181976,0.18971991381963682,0.3017973655053552,0.2042838677909768,0.3018217626784835,0.3018647301372392,0.3019076923076923,0.18971140237523845,0.18976126015259662,0.20426998092659818,0.30417128091546697,0.20430636727160872,0.20435531496062992,0.20440425662791412,0.30415795300775,0.3042007503536503,0.30424354243542434,0.3017649591046061,0.3042676177591932,0.18969439832749185,0.2043777668470241,0.30175222871195817,0.3017951555391614,0.30183807708858423,0.20438898450946644,0.3018624377650747,0.30190534726490476,0.20441275889619567,0.3019296951819076,0.3019725926381122,0.30410470689443286,0.3019969278033794,0.30203981322192186,0.3020826933710143,0.20438628824179875,0.20443516186497943,0.30405405405405406,0.304096799950863,0.2044589116816116,0.30412086224897134,0.3041635961680177,0.30199570156585814,0.3020385607270048,0.1894762694173267,0.3041502946954813,0.3041930136902204,0.18950276243093922,0.3020072432631514,0.30419837957279644,0.20438225004603203,0.2044310789247576,0.30420374347959495,0.30424644084437896,0.20445480763330676,0.304270462633452,0.3043131480458924,0.3043558282208589,0.30188332004171525,0.30192614403140716,0.3019689627675888,0.304342492639843,0.1893897577430236,0.20440328713357048,0.30434782608695654,0.3019376992886927,0.18940462321417623,0.3043531575720417,0.30439580651094356,0.20438940657184895,0.3044197878992215,0.20442564668382984,0.2044744100520993,0.3018509438587889,0.30189373046515905,0.3019365118274298,0.30197928794656537,0.18933823529411764,0.20446051099810061,0.30431319691214315,0.3019665502664951,0.3020093114432737,0.30431852986217456,0.30203356609089793,0.18931830709867092,0.3043238608525233,0.18935635985057261,0.30434782608695654,0.3043904231216704,0.3044330149399951,0.18937121165738077,0.3044569609403698,0.3044995408631772,0.204333986287953,0.304523474322091,0.3018729342636798,0.30454740192178226,0.18935128518971847,0.20433266017991555,0.3045526863297026,0.3045952395521018,0.3018232990699951,0.1893545426736005,0.20433133488315183,0.30182908178870743,0.2043675067286518,0.30454462046608355,0.30458715596330277,0.30462968625772124,0.30467221135029354,0.2043661713447074,0.3046960988137459,0.3047386120452461,0.1892883345561262,0.3017056917527664,0.18932632351143172,0.1893758787211932,0.3047066014669927,0.18941385000916813,0.18946339078352278,0.3047118499052741,0.30163774138352484,0.3047357164680721,0.20426493950873761,0.3047595771980204,0.30162512218963833,0.30166778666992483,0.20427611484422725,0.3016920163704111,0.30173466894698264,0.30177731631344284,0.3046903627702455,0.18937404580152672,0.20426233512457254,0.3017646699639739,0.30180730247893517,0.30465840405397154,0.18937728937728937,0.18942677492216592,0.30466365523135147,0.2042360983946774,0.3046875,0.30472993591699726,0.3017209813255218,0.30176359309208517,0.20423480595557725,0.3017877844895967,0.30183038438071996,0.2042584345067415,0.30185456320156173,0.301897151223083,0.18933756252287423,0.30460506251906067,0.30190290314710905,0.30462889552967004,0.20423222344188316,0.18934081346423562,0.301890243902439,0.20425583805865496,0.20430435312766737,0.20435286228129002,0.3018775908315045,0.3019201462968607,0.2043764476411069,0.30194429207045775,0.30198683568990736,0.3044670607593394,0.3020109689213894,0.18926329900676375,0.30447233731416035,0.20435021019923233,0.30449616181308636,0.2043862321047822,0.30196150097465885,0.30200402022293965,0.18924351321720062,0.30202813813265117,0.18928136419001218,0.3044272577796724,0.20436000487151382,0.3044510747122937,0.20439600584510473,0.30447488584474885,0.20443199805186898,0.3019419248797711,0.30198441684928173,0.30202690364599183,0.30444309190505175,0.3044854238938592,0.20441820837390456,0.30450921925394026,0.2044541803577948,0.3045330088226346,0.30195911413969334,0.3020015817971649,0.20446526341404064,0.20451365654845186,0.30200729927007297,0.30204975366461895,0.20453716092932733,0.30444566076749985,0.20457309657017758,0.3044694435998784,0.3045117353763833,0.304554022010093,0.2045841439688716,0.3045777858836403,0.30462006079027354,0.30192693453285513,0.18897398492584488,0.30195101197350027,0.20457031724808558,0.3019750835612276,0.3020175012153622,0.3020599137145288,0.30210232105966706,0.18895437146849747,0.20455650060753341,0.30210801287892597,0.30215040699793466,0.3021927959667132,0.304421768707483,0.2045551169146675,0.30444552411028786,0.3044877634055991,0.3045299975710469,0.3045722266075657,0.3046144505160899,0.2045413150385526,0.30463817387081105,0.30207005402780307,0.3021124195702319,0.20455235204855843,0.3021364408837096,0.30217879468349823,0.30222114334263867,0.20456338370046726,0.2046116504854369,0.30222680662581153,0.30226914209440603,0.30231147242613604,0.2046226644018442,0.30233545647558385,0.3023777750818877,0.18869412264208163,0.18874332848131975,0.1887925283522348,0.3043662825955124,0.3044084652234552,0.20458404074702885,0.30443218335051236,0.3022917424518007,0.3044558957259776,0.302315712900097,0.20458265139116202,0.2046308643471936,0.30444269349657554,0.30448484848484847,0.18871583540391493,0.30450854441885833,0.20462946131006485,0.20467765390208434,0.3045137837019085,0.3021931418877984,0.2047010359241534,0.3045190210806881,0.30219880065418864,0.18867353119321623,0.3045242565562352,0.3022044573643411,0.3022467147096227,0.304529490129587,0.3045716015743264,0.1886655364495035,0.3022340618756433,0.18870323283690518,0.3045583873115806,0.1887409200968523,0.2045880999939471,0.3045636121534923,0.2046238576529686,0.2046719922536916,0.1887443267776097,0.30212997700593003,0.3021722030616567,0.1887705711519845,0.304495129771916,0.20465819721718087,0.3021595789728389,0.30220179046697315,0.20468154599891128,0.2047296479980646,0.2047777441790142,0.3044267053701016,0.3044687670073169,0.3021526182126013,0.30449241187496223,0.30217654171704955,0.18868266731152894,0.30449764236488935,0.30453968445868346,0.30458172147001933,0.3021456633423995,0.20470204278979814,0.20475010575935215,0.30456852791878175,0.3046105504864342,0.3021148036253776,0.3021569693674098,0.3021991300144998,0.30459735395396603,0.18859490153437236,0.20471156750226518,0.3021865184827253,0.30222866461315456,0.30227080565285663,0.3023129416027538,0.20471014492753623,0.20475816677736852,0.3044922110856177,0.2047938175451307,0.20484182564597922,0.30449743434953214,0.3022455632017385,0.30452103579404843,0.3022694350555287,0.18848451928299836,0.2048280024140012,0.2048759881721079,0.3022568187303886,0.3022989199300066,0.20489923977313865,0.30232277526395174,0.20493484555984556,0.3023466248416481,0.3043792978646399,0.1884311478376259,0.30440289505428225,0.30233399674326034,0.20492099867326016,0.30440812880660917,0.30233960443801255,0.18842327404280976,0.18847220547449656,0.18852113100620968,0.30232698336146613,0.3023690397251191,0.3043399638336347,0.18853595322765354,0.3043635486981678,0.18857349484722474,0.2048330721947692,0.30436878577884907,0.3023017594601109,0.30234379707175996,0.20484395710326544,0.3043556840773541,0.20487951807228916,0.3023311848683814,0.20491507047343693,0.30235499608504485,0.30432425921464706,0.30237880156579344,0.20492593038660725,0.30240260131269947,0.3043111753371869,0.2049491239689325,0.3024081878386514,0.3043164168322196,0.30435829520828317,0.3024137723469572,0.30438184663536777,0.2049352994282275,0.3024193548387097,0.30246133477763737,0.3043687567697677,0.3044106143570612,0.30246690734055354,0.3025088743156248,0.20490915653952593,0.3025326355050232,0.2049446583253128,0.3043609022556391,0.3044027426921689,0.204967823419739,0.30442626894395,0.30446809790125684,0.30246542393265186,0.18820275389333174,0.30447330447330445,0.30247099140263334,0.302512925333654,0.30255485422302375,0.1882062995912479,0.3025785898900042,0.18824377930039668,0.30440531281928,0.30258413461538464,0.3026260441079262,0.20484316788847495,0.30439223697650664,0.3026315789473684,0.20486632622409132,0.3043974528415235,0.3044392383011954,0.1881907736665065,0.304462730494324,0.18822822822822824,0.20485256140772326,0.3044679317799664,0.3045096979523209,0.30250990752972257,0.3045331732212549,0.30253362151777136,0.3025754937863961,0.30453835994717254,0.30259919562998977,0.20480192076830733,0.30454354480523377,0.3026047293242108,0.3026465822480946,0.20481277004320692,0.3045304530453045,0.30265210608424337,0.30455390892182155,0.30459563234941206,0.18807366968624392,0.304619076184763,0.18811109111630975,0.30464251439539347,0.3046842199964014,0.30472592059493825,0.3025487256371814,0.30259054929239626,0.30263236793188225,0.3026741815565416,0.18808082019305714,0.20467625899280575,0.30465799412505246,0.3026615513727371,0.302703350716298,0.3027451450491489,0.30464489062031763,0.3027687882056814,0.2046503266015461,0.30465004793863854,0.20468572113368086,0.304673457159976,0.30471511593074113,0.30475676971004073,0.3027017312646019,0.3047801605367198,0.18796046720575021,0.30480354575946333,0.18799784392405822,0.3026709785603066,0.3027127372896581,0.30479041916167665,0.18801269385066763,0.3027182373368459,0.30479554571035145,0.1880387931034483,0.18808739898234061,0.3027056147491919,0.3027473514095888,0.18811347857313862,0.30277096175713686,0.1881508078994614,0.18819938962360122,0.30277644806127335,0.30281816549991025,0.20443939212636114,0.3046365539934191,0.204474754726011,0.30280552730753124,0.3028472305299677,0.18816914887254022,0.3028708133971292,0.3045870462292925,0.1881951919626839,0.18824373617173953,0.3045922028222913,0.20442451420029895,0.30282195384431426,0.30459735756561246,0.30284552845528456,0.20443541156076275,0.30460251046025105,0.3046440738748431,0.18820224719101122,0.3028147971075121,0.30464921716266286,0.3046907678518076,0.188217017208413,0.3028021748222501,0.2043852312104194,0.30467769878726325,0.20442054958183992,0.3047010333910758,0.30474256361247165,0.18819805291763722,0.30273530817009076,0.18823529411764706,0.3047294876388391,0.20439481698214607,0.3027227131597803,0.20443011523076005,0.2044776119402985,0.3046982269715241,0.30473973256924547,0.20450068644421895,0.3047630416616927,0.3026559236048941,0.20452375268560516,0.20457122396610372,0.30266141544337033,0.20460648010024465,0.18812649164677805,0.1881749298967842,0.3026488485860876,0.18821213386625305,0.3046408971605822,0.2045929018789144,0.20464034355242752,0.30464603089401804,0.20467557251908397,0.20472300077524003,0.30465116279069765,0.2047582135829706,0.3046744574290484,0.30471591247838786,0.20478120901395017,0.3024739195230999,0.302515498330949,0.30255707218215416,0.3046847061628323,0.3025806067107694,0.18808104886769964,0.20475537810619152,0.3046716720295555,0.20479056187809092,0.3046949475691134,0.30473637176050045,0.3025139997617062,0.30475963543217965,0.1880509888015249,0.30478289356126037,0.3025014889815366,0.18807694598296706,0.3047879942829919,0.18811409515869706,0.3024889841610099,0.3025305150342364,0.30257204096213386,0.30261356194558553,0.18811763305155377,0.3047205190785166,0.1881547619047619,0.2046306767454318,0.3025830258302583,0.30262453133369044,0.2046536538919305,0.2047009818506397,0.3046531000833036,0.2047361218539894,0.30467634459781057,0.3047177107501933,0.18810232004759073,0.20474689191600737,0.3025220080894599,0.302563492535538,0.20476983466159154,0.3025869759143622,0.20480494766888677,0.3046322173990605,0.20484005232489,0.3046554491943635,0.30469678953626633,0.3025384935497295,0.30257995482106764,0.20483861380253224,0.3026034236804565,0.2048736998514116,0.30262688696065615,0.30266833065905985,0.3027097694318992,0.3027512032800523,0.3045751633986928,0.18792703939159883,0.3045983840304182,0.3027386680924375,0.20482357134370915,0.18794178794178795,0.302744119743407,0.30278553186434637,0.18796769212495545,0.3028089554011521,0.18800475059382424,0.3044949824832255,0.18804180026125164,0.30451819747075937,0.18807884113037282,0.18812704066488573,0.30274249079900273,0.20472487683267052,0.3027659069325736,0.30280728826636594,0.18813056379821957,0.30443297133701264,0.3028127225255163,0.20471132736011394,0.30283612198884535,0.20474636606348265,0.2047935453251068,0.3028415495046568,0.20482856803891328,0.30434782608695654,0.3043890865954923,0.30443034220983334,0.3044715929308504,0.18804483188044832,0.3044947817836812,0.2048028461310406,0.30451796513696194,0.20483784905436653,0.30270334360920087,0.3027446795897801,0.1880260818020154,0.18807421018315454,0.3044689426268374,0.18811118354767972,0.18815929832878986,0.3026962962962963,0.3027376155487082,0.3027789299046039,0.30282023936485364,0.3028615439303276,0.30438388625592416,0.3028849001836384,0.30440706077478974,0.2047029556358467,0.30443022980336415,0.30447142434113117,0.30285443562714676,0.3028957186001066,0.20470156324017053,0.20474865296938835,0.3029011249259917,0.30294239535847495,0.20477148946246743,0.3043864322500444,0.3044276074345922,0.18798461083160697,0.18803267045454544,0.3028940048529325,0.2047579595218369,0.30291733238653173,0.3029585798816568,0.304360688716644,0.30440184593539227,0.30444299828432825,0.20474443918599147,0.3029281277728483,0.3029693599905359,0.3030105873306914,0.3030518097941803,0.2047430362528831,0.30307510348905975,0.30311631482467033,0.30315752128666035,0.3031987228758943,0.3032399195932364,0.20472953000295596,0.3032631827855285,0.30330436838682984,0.30334554911928124,0.18783616052958213,0.30336879432624114,0.1878730571479227,0.2047039357049994,0.3041422915558707,0.3033561805719688,0.1878877400295421,0.3033794162826421,0.30412949725290955,0.18791351606805293,0.30338472443735603,0.20466627288836386,0.304116708995334,0.3033900307110796,0.20468906868245437,0.18790598795323019,0.1879539415411869,0.20471185640056683,0.20475881206825294,0.30334159877199196,0.2047936714091741,0.3040141676505313,0.20482852251933178,0.20487545744304098,0.3033111019300006,0.3040014164305949,0.30404249041015047,0.2048861088162398,0.30406561633327434,0.3032806230823696,0.30332172989556905,0.2048967551622419,0.30334493540204116,0.30403492213308164,0.3040759747537309,0.2049073964846054,0.3040990858153937,0.304140127388535,0.18776906292386625,0.3041632267956127,0.3032608054720208,0.2048938679245283,0.3041683862979777,0.3032661242777974,0.20491658315156516,0.30417354397547747,0.3032714412024757,0.3041966285512201,0.30329463075381624,0.18770627062706272,0.30420177971595264,0.3042427813789039,0.3032820694125273,0.30426584963469244,0.18770989218170034,0.20484270060091905,0.20488954344624447,0.3042530631479736,0.3032337868881428,0.20491223936859465,0.3042582013074975,0.30323910482921085,0.20493492727165655,0.30426333765163116,0.30324442089147974,0.2049576071596797,0.30426847218133646,0.30430943129636173,0.20498027903691057,0.3043324699788086,0.30319618576726115,0.2050029429075927,0.30433759048908243,0.3032015065913371,0.20502559877596657,0.3043427091914793,0.30320682553692263,0.20504824664626972,0.30434782608695654,0.30321214260501234,0.20507088652273664,0.3043529411764706,0.3032174577966002,0.20509351840959886,0.30435805446097747,0.30322277111267937,0.30326374595707145,0.3033047159825944,0.3043452695948727,0.3033278457196613,0.30436827561879004,0.30335097001763667,0.20504379519134677,0.3043733834940042,0.3033562569799565,0.303397202303985,0.30343814281516307,0.30436060178655383,0.3044014808720691,0.30444235515336704,0.3034255831717492,0.20499412455934196,0.1872392926385054,0.18728704030078722,0.30341302943077014,0.18732377819548873,0.3043759177679883,0.30341830142135556,0.187349503729371,0.30438101949729857,0.3034235715544072,0.3034644744568409,0.3035053725559274,0.30354626585251293,0.3035871543474432,0.30433251144769286,0.20487232169063693,0.2049189950692651,0.3035745729882022,0.3036154478225144,0.30430189565115323,0.18726525821596243,0.20491755178686696,0.30430700621992723,0.30358504958047294,0.20494015489321754,0.30360809621589907,0.20497477414056084,0.20502141139203378,0.2050680431722196,0.3035955187987565,0.30363636363636365,0.30367720368306844,0.3041871921182266,0.205066557204011,0.20511316993080803,0.30419231896804455,0.3036468105065666,0.1871372457055754,0.30419744401453863,0.18717392578697462,0.3042203985932005,0.2050876267510697,0.30424334779041146,0.3042841235421673,0.3035630567276137,0.18716671549956052,0.30428923004804875,0.18720337493408332,0.18725099601593626,0.18729861151795654,0.18734622144112478,0.3042586843184348,0.30347938144329895,0.18737187371873718,0.30426379290148764,0.18740849194729137,0.30428671820098385,0.3043274579844235,0.30436819299683804,0.30440892323906554,0.18741217798594847,0.3033780223640302,0.18744877648987238,0.3043961833401627,0.3044369000234137,0.1874743927421715,0.18752194779351516,0.18756949727863287,0.18761704119850187,0.20481011176780384,0.3032767700409596,0.3033175355450237,0.2048326702550901,0.20487919031182356,0.3033228033228033,0.30336355659549574,0.18758773982218063,0.304263905948412,0.3033688150660896,0.18761331071992515,0.1876608187134503,0.20484182211566576,0.304233422991463,0.3042741039583699,0.30332086061739943,0.30336159017831044,0.20484040687478078,0.20488688840825392,0.18763151741875145,0.18767899935706353,0.2049094097019287,0.30419028694991523,0.3032959326788219,0.3033366446561094,0.304195395582564,0.3042360502483202,0.18766066838046272,0.20488403341707076,0.3033064610351677,0.30334715812839536,0.1876752336448598,0.1877226797500146,0.3041700735895339,0.3033346960228932,0.1877481896753095,0.30417518248175185,0.18778465491066215,0.1878320780054884,0.30330453059318074,0.3041625313795318,0.3033274956217163,0.20477496935380304,0.30416763950501985,0.30333274966439033,0.20479747869732695,0.30417274584184417,0.3033380018674136,0.20481998015988795,0.3041778503909441,0.3033432522317521,0.20484247374562428,0.3041829531532583,0.3033485007583713,0.20486495945867117,0.30418805412972466,0.3033537474482356,0.20488743730316109,0.20493380766314806,0.18766036855609983,0.30415767683246836,0.18769679300291545,0.20494431811556177,0.3032882462686567,0.3041450475135545,0.30331118106564064,0.2049548236665695,0.304150151550478,0.3033164306114122,0.20497727007809768,0.20502360277405443,0.18764568764568765,0.3041198065380805,0.30416035427106397,0.3032686593252928,0.20502213936145422,0.20506845324788814,0.20511476173831994,0.3041300168928759,0.3032385834109972,0.30327916593861026,0.3033197437390798,0.3041174072564207,0.30415793151642206,0.20508938449892272,0.3033073250262024,0.30416302765647746,0.18752911038658593,0.1875764103161204,0.3032949120968681,0.3041504162058327,0.18760186263096623,0.18764914731389326,0.2050401583052031,0.3032648547983472,0.30330540037243947,0.30334594122781494,0.18765274060281625,0.20503869203467737,0.20508494298347685,0.3040316481470708,0.3033158813263525,0.2051073235995579,0.30333876221498374,0.3033792822660385,0.30341979760381527,0.2051177667926723,0.303442661083973,0.30348316566843053,0.20514013257355507,0.3035060177917321,0.30354651162790697,0.1875472356258357,0.3035693524008836,0.3036098354938092,0.18757265752150662,0.3036326649229875,0.30378937579913984,0.18759807055268204,0.30381218038121804,0.30385263524899764,0.30360255665310865,0.3036430189994771,0.3036834766442017,0.2050194620345088,0.3037062855815034,0.3037467325007261,0.2050418215613383,0.30376953011558344,0.3038099663143222,0.20506417329693943,0.30383275261324044,0.3038731780965101,0.20508651724538382,0.30389595308598966,0.3039363678588017,0.30362844702467345,0.30395913154533843,0.2050850409241307,0.20513118179707454,0.30396424632886415,0.20516540917005224,0.3039870001741048,0.2051996285979573,0.20524574943422502,0.30352790994545664,0.30397447055410504,0.20526804362961243,0.30399721529268436,0.3040375913679081,0.30407796275886073,0.18729698375870069,0.205266515863349,0.20531260874608515,0.20535869628254944,0.30404778473672,0.30408814149028707,0.20538095790328192,0.3041108598596857,0.30415120593692024,0.20540321178039306,0.30417391304347824,0.30421424844936523,0.20542545791792255,0.3042369442995421,0.3042772690390634,0.18719211822660098,0.30429995363931384,0.304340267717448,0.30316375014486036,0.1872066747783765,0.18725376593279258,0.1873008516308441,0.205364384196501,0.30313387012686094,0.3031742354031511,0.304257167680278,0.3042974632225182,0.20536283083338158,0.30316191799861014,0.30430250738317216,0.18726114649681527,0.18730820450466099,0.20536127836961557,0.3031320558096451,0.3031723978233183,0.3042547033285094,0.18731187774947905,0.30427736296810787,0.1873480726935988,0.3031425429712368,0.20532407407407408,0.20537005960303223,0.18736257377618332,0.18740959324191403,0.18745660726683638,0.30419438819785943,0.30423464074973966,0.20535662636663388,0.20540259139287367,0.20544855110185667,0.20549450549450549,0.30298999479498007,0.20552856812398798,0.30301277973746604,0.20556262287498556,0.3041341428158427,0.20559666975023128,0.30300052032144303,0.3030408139669326,0.303081102953928,0.303121387283237,0.20559505230911507,0.3031441451855277,0.3040513205802462,0.3040915395284327,0.3041317538283733,0.30417196348087366,0.20558155659559715,0.3041945920961405,0.30307932289560346,0.3042172154823801,0.20559182022991163,0.30308456561922364,0.304222260728932,0.304262446575026,0.18717874675137164,0.3030723030723031,0.30311254836288043,0.1872040651345421,0.18725099601593626,0.20554272517321015,0.30310028289359736,0.3041796559288766,0.3042198233562316,0.3042599861463865,0.20554112554112555,0.30428258109200046,0.3043227333064004,0.20556325023084027,0.3043453170985054,0.3043854587420658,0.18717904333275634,0.3029656127394415,0.3043904690474817,0.18720433829468097,0.30441303720796076,0.3044531610521458,0.30449328026763567,0.18721882570077286,0.18726570159755465,0.2054786620530565,0.20552447955711897,0.3044631530388652,0.20555843856310904,0.30448570110701106,0.3045257999423465,0.20558053729966563,0.30454833688822275,0.30274383214203365,0.18721540146406132,0.18726224783861672,0.3045357616275719,0.3045758414015675,0.18728750072033654,0.3026967846029734,0.20553154710458083,0.20557732196358608,0.2056230915480786,0.20566885585896993,0.30451062849242466,0.20570276497695852,0.30453314901215367,0.3045732058518604,0.20572481713989518,0.30258005067956695,0.3045781744889145,0.20574686168374987,0.30460067944953073,0.3046407185628742,0.2057688986124705,0.30253310305123776,0.3046456738241897,0.18714022565047203,0.3025384216888275,0.30257856567284447,0.30463309352517987,0.3046731123388582,0.30471312654658456,0.18713315686500173,0.3047356004373094,0.3047756041426927,0.187158391346873,0.3024968358071568,0.30253696139906805,0.3047630004601933,0.30480299108426806,0.30484297710801794,0.20561338931385517,0.3048654244306418,0.3049053999654954,0.3049453709028177,0.3024552929676269,0.20561177552897883,0.30247800839418154,0.3025181096929976,0.302558206381144,0.3048976776270407,0.30258090475369315,0.18703299229796527,0.30260359790792574,0.1870689655172414,0.20556289868398367,0.2056085507412941,0.3025915072114003,0.30481498506090554,0.3026141913243321,0.3048374123865334,0.20560693973688746,0.30485983455882354,0.3048997644896318,0.20562894887995406,0.3025673424846361,0.3049046634504939,0.20565095043932693,0.3025726427012748,0.20568475452196383,0.3048920532843362,0.20571855084113222,0.3049144563095648,0.2057523393995063,0.30252583237657865,0.20578612019975892,0.30490184823786015,0.3049417436721575,0.3049816345270891,0.20579626972740317,0.302479054286698,0.304986515177598,0.3050263943080101,0.3050662688622411,0.3051061388410786,0.20578280075727154,0.30512849931161085,0.305168358859634,0.20580474934036938,0.3023802695726986,0.3051732048635008,0.20582669037105006,0.3023855946782888,0.3051780492000688,0.205848623853211,0.3023909179519523,0.20588235294117646,0.30516539586080377,0.3023962393946343,0.3051877328747492,0.20589246818755016,0.30521006476758183,0.3052498853736818,0.2059143790475099,0.3052722063037249,0.30531201650335227,0.30535182214072887,0.305391623216639,0.3054314197318666,0.2059008879977084,0.3022456461961503,0.302285616085238,0.3054187192118227,0.3054585027779369,0.18648339060710195,0.20588740621957505,0.2059328828312908,0.3054457996907748,0.3054855703160788,0.3022044088176353,0.1864765830756899,0.3022270567355585,0.3022670025188917,0.18650180319422976,0.20589582140812823,0.3054204109667449,0.30546016483516486,0.30549991415326505,0.30222044179924457,0.18649499284692417,0.20588235294117646,0.3054872117640327,0.3055269481634054,0.3055666800160192,0.18649885583524028,0.30215662719524056,0.18653472142775426,0.30217925985242805,0.18657057881491648,0.20583357163282814,0.1866064279995425,0.30216732429805,0.3054666056724611,0.3055063182571902,0.18662092624356774,0.30215539420273285,0.30551109078435856,0.30555079174526956,0.2057848405167486,0.3021434695627322,0.3055555555555556,0.30559524489912554,0.20579494799405645,0.30561746385507743,0.30565714285714285,0.20581681046797326,0.30207976231287853,0.20585042564131864,0.30564442413162707,0.3056840902599257,0.30572375185650635,0.20586051293768207,0.30574594471098926,0.3057855959792107,0.3058252427184466,0.18645422877048712,0.2058588396528095,0.20590418546222805,0.30192988466369763,0.30196974022266626,0.3020095912308746,0.20591425472398242,0.30574266468774974,0.30578229350990355,0.3019977168949772,0.30580446321556987,0.30202031731537493,0.30206014951777665,0.20588906642319105,0.3020827389443652,0.30577427821522307,0.20591088035602215,0.30208808763121864,0.18631981288151064,0.20593268682258983,0.30574411043294736,0.30578370978781655,0.18633434095705242,0.3020417474620737,0.18637011690903907,0.30206432481751827,0.3057535496379084,0.30579313490705895,0.30583271566223846,0.20587229190421893,0.30585485434125764,0.30589442480902973,0.18634213076440745,0.301983584131327,0.3020233684810487,0.30588168243474295,0.30204593377785377,0.30590380670161843,0.30206849393127816,0.30592592592592593,0.30209104894308014,0.30594804010938925,0.30598758047057484,0.18628232881394555,0.3020791797208772,0.18631806789701527,0.3059748248561827,0.30208451987697915,0.30212426675778803,0.18633257403189066,0.3021468025738853,0.3021865391185514,0.3059272333883733,0.30596675017080394,0.30600626245374324,0.20562450187862916,0.20566972163716057,0.20571493624772313,0.20576014571119586,0.2058053500284576,0.30208866882932106,0.30212838606874576,0.30592386046776304,0.302150904745647,0.20580369843527738,0.3059285389167046,0.3059680263981339,0.30600750938673343,0.1861880653051937,0.18623435722411832,0.20579034184631137,0.3059947673757252,0.18625945515554798,0.3020359417652411,0.1862951379016207,0.3020584555896736,0.30209814067208735,0.18632021833068002,0.3059298425152084,0.30596930073905626,0.1863452902052186,0.30599135970895863,0.30205195248110045,0.306013413663749,0.3020744529695936,0.30603546260513753,0.3020969483434676,0.18632799181725196,0.30211943860446616,0.3060227272727273,0.2056133174251463,0.30212475855016474,0.2056467647560075,0.30600999772778914,0.30604941777904004,0.20566852209474043,0.3060714488555688,0.3061108587005906,0.3020614458515532,0.2056785917092561,0.30611549599682014,0.302066772655008,0.3021063986827911,0.20568865675031225,0.3021288674425206,0.3060853769300636,0.18618379973888857,0.18622999205358157,0.30609001645950396,0.20567536889897844,0.302082742182623,0.20570877312450347,0.30210520342733926,0.3021448025419882,0.3060425531914894,0.18620220129354362,0.18624836897940658,0.306047197640118,0.2056838164388224,0.306069200226886,0.2057172026544155,0.3020644283121597,0.30607383882493056,0.3020868776227742,0.20572724695208391,0.3060784758448628,0.3061178204910132,0.20574895112824584,0.30613980384375533,0.20578231292517007,0.20582733405135764,0.18614669538601067,0.1861928243496004,0.30610972568578554,0.3019552281099462,0.1862178397370509,0.30197767325891084,0.18625339981867634,0.302000113320868,0.30606232294617564,0.20576737861877514,0.30608429639700885,0.30198833059536623,0.3020278690381783,0.18623619371282923,0.18628228364295424,0.30203318797077644,0.30207271491675164,0.20573078883288975,0.3060022650056625,0.30604156050053793,0.3020609217529159,0.3060635226179018,0.18625452898550723,0.30206623266345883,0.18629004868108232,0.30605082922963717,0.18632556033506906,0.3020544456392552,0.30209394453876626,0.30213343896780037,0.3060208239022182,0.20562439880043004,0.20566934480027158,0.30212164073550213,0.20570264765784113,0.30214402896419074,0.3059735264170155,0.2057243056733978,0.20576923076923076,0.3021322323397998,0.18623458884741545,0.3059435616128485,0.3021375254467315,0.20576759966072944,0.30215990048626035,0.30593090970769493,0.30597014925373134,0.30216518740460174,0.3022046353872244,0.3022440789101803,0.18618584671037758,0.20573108008817045,0.20577596925511474,0.3022322690025431,0.3022716998191682,0.18618974967508617,0.3058537687874336,0.20577433753319396,0.20581920903954803,0.2058640754759618,0.30584114789289346,0.30588035926114215,0.18617261635788523,0.30217452696978253,0.1862080650626906,0.305867735923646,0.3059069347187712,0.20582754531594105,0.30214568040655,0.305911580373779,0.3059507678410117,0.20583752046519505,0.3021339053855707,0.20587073101891054,0.3059381350191917,0.30213918835017217,0.30596004063664073,0.20588069304136802,0.3059819413092551,0.2059138874781333,0.30211037128992213,0.3059865711222705,0.3060257278266757,0.306064880112835,0.30209861220805595,0.30213798160997346,0.30606949458483756,0.20587737605053866,0.18601240834743374,0.18605831594382718,0.30605684637942704,0.30609597924773024,0.18608322995376114,0.3020580772483789,0.3020974289580514,0.20584089755877544,0.3021197429247942,0.3060488189864141,0.30214205186020293,0.30607068372696017,0.20583925149363094,0.18604520092430818,0.18609107303877367,0.3021132713440406,0.30604079792629324,0.3021355722093875,0.20582600856434527,0.30215786804890415,0.20585915492957746,0.30601092896174864,0.3060500225326724,0.3060891116994311,0.20586909992114452,0.3021120811039144,0.30609371480063075,0.30213436954440503,0.3061155535533281,0.3061546258235261,0.20585585585585586,0.30617645402848936,0.3062155162706902,0.3062545741147329,0.20586579599189372,0.3020546017450042,0.3062591466846786,0.3020768841109923,0.30211616389013957,0.3062637177106196,0.1858750703432752,0.302121433796635,0.30216070222822417,0.30625105497102345,0.30629008664341173,0.1858790436005626,0.2057830783078308,0.3062946503909546,0.2058161772977838,0.3020979807638225,0.3021372328458943,0.302176480512907,0.3062647621189967,0.3063037732666029,0.30634278002699056,0.30638178240089964,0.20577982683009108,0.3064035531567999,0.3064425455363166,0.30648153353195795,0.30652051714446316,0.18576808498679107,0.2057666366906475,0.3020288877648514,0.20579970776666293,0.30205113796010113,0.20583277140930545,0.30207338315446425,0.3064389257219912,0.30209562334962636,0.3064606741573034,0.30211785854727263,0.18570947084597236,0.20580800988597428,0.30644798921590655,0.30648694187026115,0.30208918342131863,0.18571348346156005,0.20580637915543576,0.30209444662810936,0.20583941605839415,0.30643984054797596,0.205872445542331,0.30646157300847693,0.306500505220613,0.20589390962671905,0.30203188145487203,0.20592692372453275,0.3020541025928836,0.3020932712273416,0.3064534231200898,0.3064923404971663,0.18561328694871507,0.306514054872917,0.302064631956912,0.18563814866760167,0.3065185683832604,0.306557469007685,0.2058559569216962,0.20590049918671827,0.3065619742007852,0.3066008636644047,0.20592193808882908,0.30196826108899233,0.3066053605472693,0.1855901317633866,0.3019735366674142,0.3020126702920895,0.30659266733938784,0.30663153764224454,0.30667040358744396,0.20587411019561683,0.2059186189889026,0.3019671579891274,0.3066577000672495,0.3066965536564864,0.30197243079681724,0.18552137614164846,0.20590542357687136,0.3066838478346126,0.3067226890756303,0.3019438686908296,0.30198297109567557,0.3067271607012827,0.20589223703371792,0.20593671240548866,0.30197132616487454,0.3020104160833287,0.3020495016239221,0.30668010526905204,0.2059350503919373,0.30670175242147696,0.2059679767103348,0.3020209371326205,0.3067062248096731,0.1853904282115869,0.3020261950072764,0.18542564504393574,0.2059547794940676,0.3020314511164587,0.1854504756575266,0.30664204577248055,0.3066808415398389,0.18547529793543333,0.30670247286561486,0.1855104895104895,0.3019691206086373,0.18554567321138893,0.30199127419174404,0.30667263269757816,0.30671140939597313,0.20586096974442145,0.3067330276255452,0.3067717944416485,0.185528964437486,0.30192899077439195,0.3067762495806776,0.3019511376977693,0.20583631484794276,0.18553300911174464,0.18557853549468978,0.3067464088088983,0.3067851553767047,0.1856033085564187,0.3018889013077009,0.3019279128248114,0.20580017881090745,0.30675532212102585,0.2058330539725109,0.301916308173641,0.30675977653631287,0.3067985028769343,0.3068372248910736,0.30190470870803776,0.30685880250223413,0.18553476682490924,0.30688037529319784,0.20578544703188698,0.30187625642171095,0.301915238148417,0.18553880513679508,0.3019373569314946,0.18557391692719966,0.20577234410763132,0.30194261471474826,0.3067820262349986,0.20579370395177496,0.3019478707372886,0.3067864717044313,0.3019699760031252,0.185546875,0.30199207633502595,0.3020310233232898,0.30675668135914747,0.30205311314438743,0.20574616457461645,0.30207519803637173,0.3067440174039159,0.3067826863007586,0.20575603770427797,0.30206358059118793,0.30678712843678546,0.18547847423600267,0.18552389449618023,0.20575443292070927,0.3067744633398383,0.30681311329170385,0.18553827284384233,0.3019846136693054,0.3068175483583254,0.20574136008918617,0.3019898556379243,0.3068219819418125,0.30686061416708466,0.30689924208649133,0.18551128448035664,0.3069207622868606,0.30194461469883543,0.30198350791174505,0.18552565602540533,0.3020055710306407,0.3020444543479472,0.3068738859180036,0.18554002116637888,0.3068953993539044,0.3069340016708438,0.3069725996881265,0.30701119340647104,0.205590823031518,0.30196558828442566,0.30701559020044544,0.30705417293023773,0.18550272798129383,0.30707565551411237,0.20557782231128924,0.30192040077929305,0.20561059779583657,0.30706294873935547,0.30192564559216384,0.18548611497579165,0.20562047857540344,0.20566468198764676,0.18551079456933006,0.30189729038001445,0.30699899855346613,0.1855354659248957,0.1855807743658211,0.30700339322467596,0.3070419401490711,0.20562878914288893,0.30183537263626253,0.3070463266781603,0.20565009453898342,0.3070677862425624,0.30710631672597866,0.20567139282735614,0.30712776604025355,0.30716628676266194,0.3072048032021348,0.20568124965256546,0.3017231795441912,0.3017619921071647,0.2057025344597599,0.3017840271216584,0.20573524508169388,0.3018060572381217,0.3018448544120916,0.205756514974718,0.30186687409712193,0.30190566142563474,0.30194444444444446,0.20576634631409366,0.20581046550383292,0.20585457979225685,0.3019329037991557,0.3069702860316579,0.2058758191713873,0.20591992003109902,0.30697467792092403,0.3070131600866234,0.1852859522487507,0.3018710787851868,0.20591827670441928,0.3018930772220063,0.301931830798268,0.3069664168748265,0.30700488454706926,0.18526946772492645,0.1853146853146853,0.205893778789056,0.20593784683684796,0.30187004050829586,0.30190877816002665,0.30194751151306665,0.3019862405681314,0.30690707350901525,0.30694552313325196,0.3069839684917069,0.30702240958508986,0.20589050973431694,0.20593455352190793,0.30192446342410295,0.20596716947648624,0.20601120168579826,0.2060552290118665,0.30191294704740784,0.3069416722111333,0.30698009646837054,0.30191817274642424,0.2060535506402794,0.30698447893569847,0.206086137132088,0.3070058751801352,0.30188992961259214,0.3019286189315008,0.18509282349681352,0.3019505707636041,0.306976228736078,0.1851174645390071,0.20605019668679705,0.30193905817174516,0.3069636031244806,0.3070019942388655,0.18512158643992688,0.30192755068128946,0.20603710883411797,0.30194949047408065,0.30697236528770006,0.3070107431609259,0.2060468464477546,0.3070321151716501,0.3070704833619401,0.3019045509910309,0.30709184520843713,0.3071302037201063,0.307168557985054,0.30720690800398537,0.2060109592073947,0.20605490369714413,0.3018429354142454,0.3018815716657443,0.30717724531016544,0.3019034971226206,0.1849720577657279,0.307181586809782,0.3072199170124481,0.18499668068156672,0.30724124578193285,0.30185861267839365,0.18502129542563195,0.30724557522123896,0.30728388916542226,0.3018471408030085,0.3073052037825582,0.3073435080734351,0.20591650539120818,0.20596041136790888,0.20600431248963344,0.3018022998673153,0.3073138371385925,0.20602542841348812,0.3018075286053839,0.3018461198319699,0.30188470679268226,0.30192328948822816,0.30726720088422216,0.1849027409372237,0.20600099463999558,0.18493756216156482,0.18498259572352063,0.3072375690607735,0.18501740235346115,0.18506242404154238,0.2059879577970502,0.3072249226690234,0.3072631869649268,0.20600905777090467,0.20605290771524826,0.20609675281643472,0.30172842233143743,0.3017669795692987,0.3072166086908509,0.1850154593639576,0.30723789543421853,0.1850502373854477,0.20607231576041954,0.30172223448884966,0.20610476348181267,0.30174412186775584,0.3071913461007782,0.30722958057395144,0.185033938524364,0.307250855313983,0.30728908017436407,0.18505848598543367,0.3073103448275862,0.3073485600794439,0.3016494731615822,0.20603486319505737,0.30735286005846985,0.30165471594043025,0.1850421929292372,0.20604456210015443,0.20608834721226493,0.3016433219366935,0.30730631375792666,0.30734450816056463,0.3073826983514363,0.30742088433123826,0.18501571200176414,0.30744211686879824,0.20605258806019514,0.20609635100870907,0.20614010913299896,0.30153218694885364,0.20617249931110498,0.3073955692714648,0.20620488234969966,0.30741679523914484,0.1849688688081988,0.1850137741046832,0.18505867445319818,0.3014543851917144,0.3073872087258304,0.18508317726120965,0.3014596529881575,0.3073914959242124,0.3074296414605937,0.30146491904394757,0.18508728454210033,0.3014867841409692,0.30741699245636256,0.20608963770509856,0.20613334801519573,0.3014754459370183,0.20616570327552985,0.3014973026533084,0.3015357516375846,0.3015741963892558,0.20617535362430514,0.30159603742432584,0.3016344725111441,0.30728593440457846,0.18499972486656027,0.18504456916474085,0.30162310866574965,0.1850792253521127,0.3072564229520823,0.20612828694025745,0.20617195665328125,0.30726072607260724,0.20620427919256368,0.18507314926850732,0.1851179673321234,0.20622525296964364,0.30723123453395657,0.20625756076102497,0.3072524330565789,0.18512205850010996,0.30144592885810106,0.30725673446948876,0.3014677587818152,0.20624450307827616,0.20628813279832903,0.3014730130812356,0.20632041769716955,0.3072103759067927,0.3072484475462988,0.18507528299813167,0.3072696301994615,0.30142857142857143,0.18509971979561562,0.18514448961652566,0.3014338295885294,0.30724016699626455,0.20626201592968965,0.3072613424145886,0.30142252979623224,0.1851384007029877,0.1851831511889725,0.3014277869302581,0.20624897040250398,0.3014495936745003,0.20628122769450394,0.20632480509498188,0.1851770518803184,0.18522178304787001,0.20634572102980733,0.3071138434515315,0.3013886601899116,0.18523600439077936,0.30141046045771364,0.18527055207990342,0.18531526093398454,0.18535996488147496,0.18540466392318244,0.18544935805991442,0.3070170625994404,0.18548387096774194,0.3013330407592298,0.3013713658804169,0.3070045526849871,0.3013931548924967,0.18548785169747162,0.30141493912471207,0.3069920482588429,0.18551217372230752,0.3014201897241871,0.30699638118214717,0.30703437688469765,0.3070723684210526,0.3071103557918974,0.18550597522201512,0.3013758701967878,0.20609515457136593,0.3070978350232941,0.3013811246300559,0.3014194114100948,0.30145769399386235,0.30149597238204834,0.3070684931506849,0.3015177250561613,0.30155599386368614,0.3015942584780584,0.3016325188999671,0.3016707751301013,0.3017090271691499,0.20600317686366873,0.30173074816518786,0.2060353798126951,0.3069550930996714,0.3017359399813811,0.18535757310261747,0.3017576520834474,0.18539202803328952,0.30177935943060497,0.30181758458337893,0.3018558055509936,0.30687541055397416,0.3069133504844272,0.3069512862616311,0.3018444529582398,0.3018826619964974,0.3069556175778471,0.20592098062821496,0.30188782489740085,0.3019260231998249,0.3069431525961591,0.3019476966845388,0.30198588544231086,0.18528446389496717,0.30200754882118047,0.20588557050650913,0.3020292074604824,0.30206738131699845,0.1852884878315559,0.30208902985890845,0.30682998851643245,0.18531277340332458,0.3068511126906884,0.3020776380535812,0.3068722322453666,0.3020992783730593,0.30213742961788664,0.3021755766918115,0.30685979775895056,0.30689768255356364,0.205771437940646,0.3069187889386818,0.20580359582490845,0.3069398907103825,0.30211463854434184,0.1852256583979893,0.3069442167950609,0.18526005244755245,0.30210325047801145,0.20577952583852288,0.3021248702682034,0.3021629888573301,0.20580042601999016,0.3021845985800109,0.30222270766206105,0.1852337265181302,0.30683121279965053,0.30222780386589493,0.3022659022659023,0.30230399650578726,0.20576513621226183,0.3023255813953488,0.3023636661389814,0.3067685589519651,0.20577479395229517,0.30678965178473966,0.3023522348960323,0.30681074001309755,0.1851568894952251,0.30235730655898724,0.1851912478856332,0.30237887385421214,0.30241693491188826,0.3067648663393344,0.20571709126616114,0.3024219943268601,0.30246004472808596,0.2057379731646122,0.3067357512953368,0.3024650959860384,0.3067568304520914,0.1851346929872396,0.185179126451824,0.30676117775354417,0.18521345619104737,0.30242067386326466,0.30676552363299353,0.3068033144352377,0.1852275824475334,0.3068243758857517,0.3023927617594157,0.3068454327447133,0.3024143005068396,0.20561307901907358,0.3024358345594246,0.2056451612903226,0.18520132948291831,0.30244088482074755,0.3024788885862163,0.18522553933318806,0.30250040856349075,0.3025384028761303,0.20562122119941173,0.3025599128540305,0.30259789771798923,0.3066659405293541,0.30261939770190055,0.30668699629710305,0.18518921862237953,0.20559729935750845,0.18522349866608592,0.30259146341463417,0.30262943001796505,0.30266739248775176,0.30662457133525667,0.30268887437404746,0.2055733957437544,0.30662893218678566,0.3026938775510204,0.3027318241184153,0.30663329161451813,0.2055718794210469,0.3027368191958213,0.20560391730141458,0.3066209673031935,0.30665868784680667,0.18511668389272698,0.2056135770234987,0.3026924122926299,0.20564559991297726,0.18513079893402948,0.30269741135523165,0.2056664310185437,0.3027188689505166,0.3027567832091784,0.30654632448890823,0.30277823084869243,0.30281613569642274,0.1851046480021745,0.30653402913676886,0.30282111213784857,0.30285900641374064,0.30653839882602313,0.18510869565217392,0.20558665289929895,0.3028475165742854,0.30288539911970874,0.18512279939143664,0.30290681879923936,0.3029446919482777,0.302982560982235,0.30302042590178185,0.18512684013254385,0.30304182509505706,0.3030796806257129,0.3031175320443189,0.18514093303644164,0.3031389160421418,0.3031767580776541,0.3032145960034752,0.2054623445729489,0.2055054837658812,0.30321950160160704,0.18512486427795874,0.30324086640247544,0.30620996634458797,0.3062476252510449,0.3062852800694746,0.30632293080054274,0.3032128514056225,0.30634395180984425,0.20544823095289777,0.2054913451625156,0.20553445469343462,0.18506863436601378,0.3063151041666667,0.18510280475234633,0.18514701095801236,0.30631950094928123,0.3031026252983294,0.30634051092910997,0.205499511877644,0.18515103855957482,0.1851952277657267,0.30632829022287295,0.18522936774753282,0.30304180447866397,0.30633268271524616,0.30637029005150446,0.30640789331020274,0.30644549249200415,0.20544232437120555,0.3064664751477045,0.18520325203252033,0.3029646089642838,0.30647084326902235,0.20544084972633175,0.3029695458979083,0.20547277160661068,0.2055158214130906,0.20555886655469469,0.20560190703218117,0.30640879787637465,0.3029252437703142,0.30296300308759005,0.3064131730040082,0.20560038996912744,0.20564341421143847,0.30295152992147306,0.20567529513700855,0.18508691178859588,0.306367771280052,0.30640532784666197,0.18511099079588522,0.302907260029235,0.18514508445214378,0.1851891950414118,0.30637652917613944,0.20562922868741543,0.20567222342498376,0.20571521350868646,0.20575819893927913,0.3063477460901564,0.3028138528138528,0.30285157729560086,0.3063521263932475,0.20575664123789428,0.2057996104739234,0.3028401406545848,0.3063399329222114,0.18510304538324227,0.3063608827347469,0.30639839904808264,0.18512709572742023,0.30279595478881616,0.18516115076789963,0.18520521278321528,0.3063696333946145,0.18523925385239254,0.1852833044982699,0.30275179758879817,0.20569791328792303,0.3063408832909887,0.3063783783783784,0.2057186098048754,0.3027240298346125,0.3027617143165973,0.18525724167747515,0.20572818157254796,0.3063330811628661,0.20575998270924514,0.3063540090771558,0.20579177697336432,0.30270124257158293,0.20582356436713306,0.3063418323249784,0.30637930103170746,0.1852111915307335,0.20583310829057522,0.3063836681788723,0.20586488092023547,0.2059077654174317,0.3063880339111183,0.20593952483801295,0.30640894120187895,0.3025591188856495,0.3064298439777574,0.20594903908443102,0.30256410256410254,0.30260174889344704,0.1851352080747018,0.3026230569948187,0.30638458632414056,0.18515920129519697,0.20592520641087908,0.18519317936542198,0.1852371445529596,0.20594582928671631,0.30633935797140543,0.3063767803193785,0.1852511193828559,0.3025137555291833,0.30638114245644316,0.30253505933117586,0.3064020279380832,0.3064394347966778,0.30647683762066547,0.1852351164797239,0.3025074143974117,0.18526906071390056,0.20585539440340755,0.20589821004960104,0.3024960914335005,0.30253369272237196,0.18527303110344456,0.3063820612332902,0.18530695844337844,0.1853508677374151,0.3025060630557801,0.20586333261478768,0.3025273481705017,0.3025649315659015,0.18535481437577456,0.30258620689655175,0.30262378104627985,0.30266135114750564,0.3062543769864785,0.20582848524024994,0.30266630756800433,0.20586017451254982,0.30624225776916036,0.20589185695820766,0.3026549625720287,0.30269251480883147,0.3062301437725486,0.30271376265345684,0.20589027082323805,0.20593302465812427,0.30621803499327055,0.2059646856158484,0.1852290466706142,0.30622241360749275,0.306259755638086,0.30629709364908503,0.20596308056616974,0.20600581207620278,0.30258838723564546,0.2060374515712441,0.3062684960990046,0.3025933498332078,0.30263087103889813,0.30627286421347105,0.1851632685997095,0.3062937062937063,0.20601366252487763,0.30260327022375216,0.20604528586027,0.20608798537162526,0.3062651250336112,0.30630243063024304,0.3063397322148734,0.185127433057318,0.20608634872842627,0.2061290322580645,0.1851513359496801,0.20616062788947426,0.3062946836531742,0.30633197161900666,0.20618113410373556,0.18515532623884767,0.18519911861127533,0.20620163370593292,0.18523295179751734,0.30236432025792587,0.18526677771210576,0.18531055233182891,0.30623757588782036,0.30235306758353925,0.185334407735697,0.1853781693167168,0.2061556641779019,0.30234181974433344,0.20618722810032764,0.1853920515574651,0.3023468127383062,0.3023842766620127,0.20619663856521506,0.20623926116838487,0.20628187919463087,0.20632449264469022,0.30606109411069954,0.20635602319089544,0.30232433302914813,0.2063875469672571,0.3023455531104074,0.30238299699441823,0.30601620780335964,0.20639690887624773,0.18529648510866648,0.3023717535951921,0.20641734184686378,0.30239296061809207,0.3059713503943345,0.3060085836909871,0.18529048870768736,0.30602939598755496,0.18532425038888592,0.1853679467925338,0.20638240815231965,0.30601737638099324,0.20641390035930712,0.20645645645645647,0.30602177060432195,0.20648793565683646,0.20653048093935983,0.30221960111516194,0.20656194713987025,0.30224080626139166,0.3022782095952828,0.3059605488850772,0.20657126011684623,0.30598134848322434,0.3060185433302964,0.20659163987138263,0.3060393333690585,0.30607651912978245,0.18523281358838342,0.1852764680668667,0.3021698365925529,0.18531018964963034,0.3021910323029946,0.18534390400685666,0.2065456103701323,0.30599892876272095,0.20657704461464302,0.18535775492716366,0.3021474856745033,0.20659740816107958,0.18538152610441766,0.18542514457057185,0.3021363173957274,0.1854588285683692,0.30215750307832323,0.2065845824411135,0.30217868422461325,0.3022160368268922,0.20660493496761762,0.30223720830657247,0.20663633930960665,0.20667879696029112,0.3057740675335795,0.1854130993150685,0.302209856065065,0.18544676297485285,0.20667701032582525,0.2067194521720522,0.30219868399935806,0.30571306301487106,0.20673976999197646,0.3057338468121523,0.3021875167139113,0.18542090063108355,0.18546446334028557,0.30219251336898395,0.18549810170579115,0.1855416532991124,0.20670480671550018,0.18557527801539778,0.18561881849772788,0.20672511493638404,0.3021328914310151,0.30217019456916827,0.20674541664439575,0.20678781400320684,0.3055421944310833,0.20681915348439503,0.2068615401058088,0.30212675002671796,0.30216403954047555,0.18556315452019662,0.3021851792488112,0.18559675178972113,0.305465035525402,0.3021901709401709,0.30222744511511135,0.20681551116333724,0.3022485712759707,0.3022858363597522,0.1855807743658211,0.2068247356616469,0.20686709029743153,0.18560444254592054,0.30225852955309945,0.30533902829684995,0.18562810314451977,0.30226350629938076,0.20685421448780228,0.18565175616526103,0.20688550840672537,0.30529461998292057,0.3053316966430058,0.18566549258191908,0.20689471156411762,0.30533617929562434,0.20692599114241503,0.18567922313520435,0.1857226697967241,0.30532437046521554,0.18575620165377435,0.3053451402965966,0.3020749986664533,0.20690206955408577,0.20694437036641955,0.30208,0.20697562796650845,0.2070179180887372,0.3052844878152829,0.30206889196971315,0.1857104772060784,0.3052889741949243,0.18574398891080662,0.20700501119522338,0.2070472839703609,0.3052771855010661,0.20707851393848942,0.3019933908964929,0.30203059212279487,0.18572798976764016,0.3020516919797495,0.30208888415219015,0.30521660361272446,0.3052536231884058,0.30209387820342054,0.20703249866808737,0.20707474295455755,0.30209887065842744,0.3021360464496884,0.30520933205496964,0.18567243675099868,0.18571580741371965,0.3021249400862758,0.3051975716263713,0.18573938974386284,0.30521831735889243,0.30211383845375644,0.3021509956341178,0.3021881488580099,0.3052065587734242,0.18573329784402448,0.20696263174704568,0.30217703731303563,0.20699382584628487,0.3051785619245303,0.3021820117083555,0.18572720983449523,0.18577054065559812,0.30218698451551107,0.3022241140789614,0.20696993881351422,0.3051181102362205,0.2070011171995531,0.3051388445579317,0.20703228895153997,0.3021808510638298,0.302217967129408,0.30512711413679394,0.2070414295591129,0.3051478408849181,0.20707258707790482,0.3051685632245028,0.20710373796990483,0.3021586558911102,0.20713488223722687,0.30515683147262096,0.3021636276646643,0.1856261960450776,0.30218465954393237,0.3022217497608164,0.3051288865267074,0.18563988095238096,0.3051495987670723,0.30221064937825487,0.30224772835963654,0.305154091392136,0.20705594814303172,0.3051747954521305,0.20708707432396536,0.30222056948576287,0.30225763612217793,0.18559439073621586,0.20709619163966644,0.30226258763543656,0.30229964416591426,0.1856080722251726,0.18565131963252085,0.3050658453695837,0.185684702384113,0.305086545609005,0.18571807804619062,0.3051072414525377,0.18575144662101184,0.3022083023675549,0.18578480811083392,0.3022292993630573,0.18581816251791305,0.30225029190107205,0.3022873215517699,0.3050307790278073,0.18583178561952773,0.3022922636103152,0.18586512442298508,0.3050191001697793,0.18589845615151998,0.18594164456233422,0.18598482839106678,0.30224909823891366,0.18601814034901606,0.1860613132491779,0.3022540440201538,0.3049427238014425,0.20681974863445934,0.30225898822780783,0.2068508404475317,0.3022799575821845,0.3023169503207677,0.30235393913688896,0.30488257435190586,0.18601569126378287,0.30235886562417175,0.18604897699565356,0.20681613399056553,0.30485478058087767,0.20684720970904658,0.3023317435082141,0.3023687138996344,0.3048431538787622,0.1860329571345308,0.30486383384550175,0.18606622516556293,0.304884509429964,0.1860994861471632,0.2068015679627079,0.3022935536839875,0.30233050847457626,0.1861130236745935,0.18615612752886346,0.3023354339882434,0.30237237873331924,0.30479216309240137,0.18616964947580217,0.18621273892095092,0.20674502329521388,0.20678701889988882,0.3023292747485442,0.3023662061299031,0.18621638788905356,0.3023871275075425,0.18624960304858684,0.30240804445620534,0.18628281117696868,0.20675239455998307,0.20679436977457932,0.20683634054711889,0.3046031746031746,0.20686736151526375,0.30234895778224524,0.20689837591916627,0.30236986881083366,0.2069293837609098,0.3023907754152121,0.20696038504257683,0.18621747408504336,0.30239568459463745,0.18625066102591223,0.20696948865739517,0.3044627749576988,0.2070004758631629,0.20704240245320926,0.20708432461009782,0.2071262423345316,0.30443516413807686,0.3044719314938154,0.2071462550874782,0.304492600422833,0.3022567517573067,0.30451326498256,0.30455001849601016,0.30458676812513213,0.3022457067371202,0.30460741836626865,0.30226660326517674,0.18612637362637363,0.20708965080035924,0.20713153724247227,0.20717341925941576,0.3022395943376294,0.2072043521892991,0.20724622372451673,0.30451544758383947,0.2072771440642163,0.3022125996725986,0.30224944555919314,0.30228628755478115,0.3023231256599789,0.30235995987540254,0.3044557068947313,0.2072533389642612,0.2072951858108108,0.3023489047242016,0.30238572785812307,0.20731514223887687,0.2073569769896559,0.18597287455802416,0.3043799472295515,0.30441665347475066,0.3023427606585057,0.30443729224924815,0.18597657486546376,0.3044579266684252,0.18600970668917494,0.20731128343092262,0.3022998206561874,0.3023366211298064,0.207331223628692,0.3044143241390222,0.30234152515557433,0.1859937773559036,0.20734022358152288,0.3023464276298444,0.20737108509965202,0.3023672694680234,0.3043547026571067,0.30439137540197164,0.3044280442804428,0.30446470929313163,0.2073582121020451,0.30448532124598116,0.18593865289343312,0.20737812911725956,0.18597175379426645,0.20740896875164674,0.30224470439456214,0.20743980188629538,0.3022655426765016,0.2074706285232601,0.30228637656727425,0.20750144866459463,0.18594605983986515,0.18598893863576507,0.30227536079216266,0.20751040185390004,0.1860122182431009,0.18605508452261835,0.3042654028436019,0.207519351271655,0.20756107834877843,0.18606855157163166,0.2075918711171949,0.20763358778625954,0.3021688776584544,0.30420592725167134,0.3021897041793873,0.20764250750039476,0.3022105263157895,0.30224725014472925,0.3022839701084096,0.3041625006577909,0.302304777941486,0.30234148908182057,0.20761864674313374,0.18598411111695692,0.18602693602693604,0.2076384870324583,0.3041031036296686,0.3022986691915207,0.30412371134020616,0.30416031136590754,0.3041969075418113,0.3042334998685248,0.3042700883466554,0.2076037229846979,0.20764538857924073,0.30427467269572533,0.1859621451104101,0.3042952526155302,0.30433182630638206,0.3043683961520265,0.18597560975609756,0.3021287779237845,0.30216545779459686,0.30220213380984917,0.3043409712003363,0.30437752903463133,0.3044140830267998,0.18595974988177186,0.30443463640184953,0.20753428256186623,0.3021435326258275,0.18597320724980299,0.30216432023534356,0.186006198455639,0.20753230381342577,0.30437522979148063,0.1860294117647059,0.3043957775326926,0.30443230753072154,0.3021057606469569,0.18604284814114683,0.3021265423995799,0.302163183870629,0.30219982149419855,0.3022364552708946,0.18604651162790697,0.2074540682414698,0.18607947089391633,0.3022254881377283,0.1861124232404346,0.18615513802876035,0.3042770926266072,0.20744122586062133,0.2074828147137535,0.18616853814671006,0.18621123878482607,0.3021511017838405,0.20749173705471907,0.3021718602455146,0.18622462361642975,0.30418590012589175,0.2075006556517178,0.20754222175600545,0.18623800283211833,0.20757289700020978,0.20761445277675808,0.30209753539590983,0.30213413035498926,0.20763422818791946,0.207675772033765,0.30407885079165353,0.3041153342070773,0.18620255818829942,0.18624521675315825,0.20767376035223817,0.20771528906127157,0.18626834381551363,0.18631098999004245,0.3020123676763442,0.20772415238694125,0.3040243135610983,0.18632433848572177,0.3040448496279996,0.20773301199769476,0.2077745180217938,0.30195400492430197,0.30199057097957044,0.18631816038971244,0.3020113136392206,0.20777248206148852,0.20781397297580392,0.3039539146373396,0.18632174277335567,0.18636435042153218,0.20782280867106503,0.3019529818315095,0.30198952879581153,0.20784252133396158,0.30389488011726523,0.30393131968800713,0.18634840871021777,0.18639099712117246,0.30194703234585996,0.1864238237295232,0.2078187146744819,0.30195195980951384,0.20784929356357928,0.2078907435508346,0.3019568857262453,0.18641762151415267,0.30380872658784136,0.1864504315982213,0.20788867964009208,0.30381335983679447,0.20791923841406004,0.3038338825252367,0.1864539748953975,0.3018670571622823,0.2079280409998954,0.2079694608586519,0.30187199330683956,0.30379084967320263,0.18644776743699676,0.3018769279029644,0.3019134253450439,0.1864708034920801,0.3019341348667015,0.18650358057602845,0.3037319673844867,0.30376835833376886,0.30192327793456675,0.30195975960282206,0.2078804347826087,0.3019804567069029,0.20791096248301807,0.30200114948534407,0.20794148380355276,0.18645838775403584,0.30367777661686346,0.18649114558846575,0.18653363978269955,0.30195873596239226,0.30366656220620497,0.3037029299629185,0.18654689784833925,0.30372343203300434,0.20788511749347258,0.3037439298208971,0.18656015037593984,0.2079047668772516,0.20794612091469145,0.20798747063429915,0.30371685111714347,0.30182178838022655,0.20800709886209418,0.30184247612088316,0.3018789144050104,0.18652471165388027,0.1865671641791045,0.20800500965402077,0.2080463368816531,0.1865901382728933,0.3018365856203694,0.3018730109041582,0.2080550918196995,0.3018936825082164,0.18659363588941053,0.30353137551510095,0.20806384310452744,0.30355186981693005,0.1866068634609367,0.20808344198174705,0.186639549436796,0.20811388642644835,0.20815517780790488,0.2081964648834663,0.3034932221063608,0.18664303216724884,0.18668543426128661,0.18672783193452536,0.3017097581317765,0.18676048996611935,0.30345043260710935,0.2081617762026372,0.30169897852824684,0.18677367241648862,0.3034392912975508,0.30170392371424104,0.20815964985410587,0.30344396394518836,0.1867771178493279,0.30346444386559,0.20816836841008543,0.3034849195186748,0.18679029065527658,0.18683264753372572,0.186875,0.20816624134159678,0.3034579731277992,0.3034942456907775,0.30155176004998957,0.30351470971101274,0.20816411538061022,0.20820534180246786,0.3035193669304456,0.2082357228382529,0.20827693909422176,0.18682005101244079,0.18686237768061628,0.3014625513974913,0.30347663162277505,0.3014832162373146,0.18687552039966696,0.30348129260550555,0.20824227286918515,0.30350174306675687,0.18688865764828305,0.30352218927215024,0.3014254500052024,0.18691151225094937,0.30352684144818975,0.30143042912873863,0.2082076354936024,0.30145108441254487,0.1869149157478677,0.30147173539965677,0.3034841393655746,0.18693775674691904,0.2081946755407654,0.20823584464202152,0.18696059062077572,0.3014296854691968,0.30146600124766065,0.30150231325050686,0.30153862147832416,0.3015749259317012,0.2082120582120582,0.3015955511667793,0.20824238644631535,0.3016161721145352,0.20827270837663686,0.3016367887763055,0.18689597838511898,0.3032680417727438,0.20828137988362427,0.3032884825185724,0.2083116883116883,0.3033089190171939,0.18688967380012467,0.20833116916844127,0.20837228627817597,0.20841339911711243,0.30151641046946404,0.3015526821415589,0.3015889500467338,0.20842203645049068,0.2084631360332295,0.3015938943980063,0.30163015263212545,0.3031718839225458,0.3032080564784053,0.30324422527900335,0.18680577182601474,0.18684797840867806,0.2084284824579614,0.3015724739218434,0.2084587441619097,0.20849981837994916,0.3031859692818597,0.1868416956363825,0.20851924872885752,0.18687418936446173,0.18691637269142974,0.30149919593297714,0.2085278555866791,0.1869391565952591,0.18698132780082988,0.3030963124319278,0.20853645887356084,0.30311673494788155,0.18699439950217797,0.20855587243971999,0.20859690967541222,0.1870171618188417,0.30137909581086686,0.20861630981388357,0.20865733540694661,0.20869835674666942,0.3030271615177276,0.1870108329445913,0.30304757955841194,0.20870691889090437,0.20874792703150913,0.18702388972379128,0.18706601720385532,0.3012591325975439,0.20875647668393782,0.18708875187814103,0.18713086726764067,0.30295808941615293,0.20876502279320347,0.302978502978503,0.18714389309023102,0.20878437872274305,0.30117049927491196,0.2088145424413486,0.3011910926980839,0.30122727978872144,0.3012634631317316,0.3012996427276964,0.3013358185771979,0.3028734144447321,0.30135638848622903,0.2087798312367345,0.30137695413603893,0.3014131166209431,0.1870600414078675,0.18710211686765696,0.30141807266328535,0.2087667546447239,0.30278410267025463,0.1871151358344114,0.3028045120562972,0.18714751384074094,0.2087644867549669,0.30136064980081745,0.18717020175892396,0.3013812011794527,0.1872025656941858,0.3014017483060053,0.18723492293369196,0.20874062580812,0.3014067025237898,0.30144282980813986,0.20875995449374288,0.2088008687108951,0.3026370217166494,0.3026730779173776,0.20882018405542344,0.302693480845784,0.20885028949545079,0.30271387955544066,0.18717047451669597,0.18721248772419496,0.3027186272482944,0.20884800248074836,0.30129198966408266,0.1872254663841662,0.18726746589499793,0.301296956544205,0.2088457166477214,0.302660811159907,0.1872804298408762,0.2088650100738751,0.30127079243723526,0.18730306317475076,0.3012913223140496,0.20887350859976242,0.1873256894948869,0.18736765997004595,0.30257178268952695,0.2088820036147689,0.20892285448724568,0.1873805958589353,0.18742255266418836,0.20894212401259746,0.20898296334537944,0.3025140674203707,0.20901300846582696,0.30114076291746245,0.3011768349334159,0.18740645161290323,0.1874483897605285,0.20901068276823037,0.20905150170296213,0.20909231642499612,0.1874613003095975,0.18750322480780146,0.3011041172221649,0.20910075839653305,0.1875257944696657,0.18756770698994069,0.3023315794903539,0.20910919688451024,0.20914998968434084,0.3010469854040951,0.20917998968540485,0.301067505543809,0.18755156765676567,0.30227401639766927,0.301072496648448,0.20917762309873678,0.3010930088678078,0.30112904057328455,0.30116506856376946,0.3022320738182381,0.1875257731958763,0.30225246121333954,0.3011545201525616,0.3022728444055043,0.3011750154607297,0.18752898737438806,0.3022776460888385,0.3011799866027722,0.20908903544929927,0.30120047400690403,0.30123647604327664,0.18752253876667868,0.3022357304759942,0.20908669448307834,0.2091274338106521,0.30121040432655166,0.3012463947259992,0.30128238141834474,0.18750643732619218,0.3021782790050981,0.1875386199794027,0.3012718191648216,0.3013077952836989,0.20908201616640065,0.30132825370675453,0.3021364221364221,0.30134870791722435,0.20909044113862152,0.3021412394482191,0.302177157856812,0.20910962429233146,0.3013226287890484,0.18747426924660354,0.30134307621056966,0.20911804054749408,0.2091587342423463,0.20919942374974274,0.20924010907032978,0.3013170079226258,0.20927002417819845,0.30205761316872426,0.1874389177511445,0.18748071186091966,0.301290953042226,0.30204690392923267,0.18750321419388016,0.187544996400288,0.301280403147015,0.3020361990950226,0.20921384132860302,0.1875578406169666,0.20924374068171303,0.301254369730619,0.18758032180126458,0.30127480209725505,0.2092521202775636,0.18760279605263158,0.18764454951945314,0.30193236714975846,0.2092604964283879,0.2093011305241521,0.18765736601407945,0.2093310040078101,0.20937162821764374,0.20941224825318536,0.3011559208836373,0.20944210418165005,0.30117634972003904,0.3018286418738443,0.18763161949766294,0.187673343605547,0.20943967952339376,0.20948027937551356,0.2095208750577723,0.18768614563007086,0.1877278562259307,0.3010885192031218,0.20952918827334804,0.18775028236985317,0.18779198110785975,0.30169404517453796,0.20953749807504748,0.20957807206652296,0.18780475286146897,0.20960788339150072,0.2096484475237362,0.3016524684388792,0.30096987735413355,0.30167282430213466,0.20965672943711838,0.20969728065674706,0.20973782771535582,0.3009439770162118,0.30164674498537936,0.18775007694675286,0.30094896127212106,0.20973533032416905,0.30163614915115144,0.3016719663555236,0.3009385096671624,0.18774358974358973,0.20973283421363006,0.3009434929750795,0.30097933651233144,0.2097518457752256,0.3016149705203794,0.30165077412078334,0.3016865740503409,0.30172237030961657,0.20974934645548207,0.3009226037929267,0.3009584337040644,0.30099425994259943,0.20975759749910317,0.30101465614430667,0.20978734306943378,0.1876409100225456,0.20981708254342368,0.30161901834204324,0.3016547978892361,0.3016905737704918,0.30172634598637366,0.1876344636819998,0.3009271116119449,0.30096291743495185,0.30099871959026886,0.3010345180784595,0.18763762994827674,0.30105489553461695,0.30165395053510163,0.30168970814132107,0.3017254620859147,0.30176121236944503,0.3017969589924743,0.3010136172826866,0.301049398515485,0.20966420966420968,0.3017863540973537,0.20969392977786877,0.3018066431240084,0.20972364380757422,0.18755437285706975,0.30099273359942685,0.30102850125364583,0.30106426524764635,0.3017651573292402,0.3018008799754425,0.18754796132398835,0.18758952322488234,0.3010384162872781,0.30107416879795396,0.18761188686000715,0.301759410801964,0.18764383981997648,0.30177968702055846,0.301815392482741,0.18766618940478624,0.3018356598660326,0.3018713569894672,0.30098675801421343,0.18767893660531698,0.3018761821992741,0.20953890195276556,0.20957930787711496,0.3018810059292578,0.20960899565550728,0.3009301850148216,0.3018858281800991,0.18765331152902698,0.2096172517757678,0.3009197751660705,0.3009554953758111,0.30099121193541795,0.3018443774587442,0.18764687851231224,0.20960408684546616,0.30098079280751944,0.3010164989528528,0.20962304627643272,0.20966341488329332,0.30102145045965273,0.2096930698125734,0.30175671535083237,0.30102640044936935,0.18760212418300654,0.30104671942813377,0.3017461452057592,0.18762444478480625,0.20966918521543804,0.3017509826943693,0.20969882593159775,0.3017712214792507,0.300990200081666,0.30179145613229214,0.18760845156680617,0.30099515182444503,0.18764033476219635,0.1876817880287799,0.20966425145423,0.3009847441195979,0.2096938775510204,0.30171930003571246,0.3009896949290889,0.30102535326225577,0.1876657824933687,0.30170874776842643,0.3017443639702132,0.3017799765389912,0.3018155854753162,0.30098424192972617,0.20963793982661907,0.30100453826933865,0.3018050173363247,0.3010248304695865,0.18762108697868868,0.30104511853173593,0.2096247960848287,0.30106540245705254,0.30110102966663266,0.301136653244304,0.20963302752293578,0.18760511696651547,0.3017021710325145,0.20965193905111348,0.301110884631064,0.30170700636942677,0.301742586365026,0.18759871605441483,0.3011004687181577,0.20963879973508584,0.20967906265919511,0.20971932148133055,0.209759576202119,0.30168593694290224,0.20978914128552512,0.30170613700025467,0.30174169892035035,0.3010133930844834,0.3010489866585192,0.3017465247721371,0.3010692464358452,0.18751591059518355,0.3017513491497811,0.3010741740060072,0.2097332518835268,0.18752863324001018,0.3010791000712613,0.20975212500636228,0.20979234527687296,0.30108402463229683,0.3016793893129771,0.20981120553661392,0.30169957256258906,0.30107362743601485,0.18749363997150706,0.20981938438056474,0.20985958485958486,0.3016737040240118,0.3010479194221182,0.2098784271834783,0.30167853509664294,0.30105284573521185,0.30108839385616926,0.30168336469511264,0.2098759153783564,0.2099160945842868,0.18743008237567374,0.18747139878985103,0.30165751474476304,0.20992424627586556,0.30101677681748856,0.3010523105078542,0.3010878405856039,0.3016316779342246,0.30110806140083357,0.3016518424396442,0.20990038625736937,0.3016720028459623,0.30170749059863805,0.2099192032115453,0.3017276422764228,0.20994868146943751,0.30174778985875417,0.3010211857948483,0.3010566957935379,0.30109220218440436,0.20994615462765417,0.30172194849393,0.20997561966680212,0.21001574483213978,0.30172676485525646,0.18729368747143366,0.18733495835872435,0.30102066724216725,0.18736671067330152,0.30104087331810103,0.2099918765231519,0.21003198456617758,0.18737942938369379,0.18742068125285546,0.2100507614213198,0.30099994924115525,0.3010354278753426,0.30107090290818656,0.30110637434023546,0.30114184217203754,0.21003755201461483,0.30116202364642003,0.30119748325553075,0.30123293926632505,0.3012683916793506,0.30130384049515496,0.21002435064935066,0.3014254552833156,0.3014608907375469,0.30129343139741316,0.30148103063501724,0.18730029923416341,0.3015011664469013,0.3015365890765252,0.3012677484787018,0.30155671619086255,0.3012879018355136,0.20995791715256298,0.2099979720137903,0.30154626108998733,0.30158166886342896,0.30161707304709284,0.18724655312246552,0.20999543818743982,0.21003547896604155,0.30160660888956464,0.3016420028380296,0.21005422388891704,0.3011553663727577,0.210083607803395,0.30163153627888123,0.30166691999797335,0.18720235079542,0.3011297431480825,0.30167173252279633,0.21007041183324046,0.210110424475737,0.30111938408549865,0.21013978930307942,0.3011395289946822,0.3011749215030892,0.21015850508938066,0.21019850111403687,0.30117980657248467,0.3012151898734177,0.301554351678396,0.18712029161603888,0.21019591960714828,0.30155917788802267,0.30159453302961275,0.30117432678679895,0.30161461760388725,0.30119445287984614,0.3012298193228402,0.3012651821862348,0.3016041698294621,0.21015079445400264,0.30162424733087084,0.21018012548067194,0.21022008601062483,0.3012243245977942,0.30125967521626956,0.18701942533387292,0.30127978147604834,0.30156803237228125,0.30160335845430175,0.30163868096297797,0.30167399989885196,0.21017497724284415,0.30169405815423517,0.18699433656957928,0.301714112352733,0.301749418545859,0.2101724050760908,0.3017694641051567,0.3011475658460139,0.30178950561116163,0.18697871910225952,0.3018095430651031,0.18701036138488755,0.1870514505205701,0.30181432253499774,0.21012734990903578,0.2101672646419728,0.3010611419909045,0.3010964579859532,0.21018593371059013,0.21022583741726872,0.2102657370920481,0.3017428643596868,0.18700747625782987,0.21028438652321058,0.3010405091423376,0.30173241072781454,0.30176767676767674,0.21029240947426897,0.3017876982123018,0.30182295611775994,0.3009997980206019,0.30184296894723556,0.30187821872159953,0.30191346493663856,0.21026857835218093,0.301933464586804,0.30095911155981825,0.21028721417394378,0.3009792045225116,0.3010144854388533,0.18688805894821844,0.30103456977037596,0.30106984255147357,0.2102740071655649,0.21031385609042286,0.30107472627276854,0.30181634712411703,0.30185157156551135,0.3010796085157905,0.18685365484538163,0.3018563357546408,0.21029003783102143,0.2103298698678503,0.30105411812175314,0.21035908815816018,0.301074184275556,0.3011094301563288,0.30114467248247695,0.21036708350141187,0.3011647254575707,0.1868004436825653,0.3017393496344845,0.3017745513208308,0.1868226042244291,0.3017945357394899,0.21034326326931801,0.3011088709677419,0.3017993044705408,0.30183449249067634,0.30111374288162074,0.3011489619028422,0.3018392542202066,0.30187443313514056,0.30115382677482744,0.210298266827892,0.21033805229482594,0.3011586901763224,0.30119389451413026,0.30122909530525893,0.3012642925502443,0.21033544877606528,0.3012843112566104,0.30177276390008057,0.21035403132396635,0.301289152986202,0.2103832015710761,0.30176233635448135,0.3012939932531091,0.3013291712818447,0.1866284045713135,0.18666935159081757,0.1867102944877926,0.18675123326286117,0.210348819650677,0.21038856452587074,0.3016759776536313,0.3012581781580272,0.18675456695687181,0.3012781803542673,0.3016655764102048,0.1867766931669518,0.3012830188679245,0.30167035620849264,0.30170548875584846,0.2103330314921018,0.3012726998339957,0.21036217303822938,0.3012926915145113,0.3013278342219093,0.21038072725443846,0.30134781734057536,0.1867236610510435,0.1867645579804888,0.18680545079700306,0.21037811745776347,0.30132233898134647,0.21040723981900453,0.1868181589663667,0.301327166700181,0.2104257779118283,0.3014979390771087,0.210454888162855,0.21049457177322076,0.18681208222345078,0.18685295004523067,0.30127142067440577,0.18688442211055276,0.18692528013667656,0.21048135865742137,0.18695674018992112,0.1869975884244373,0.1870384325546345,0.18707927258113133,0.2104787260762546,0.30118545308418726,0.21050781053794765,0.18709191361125063,0.3012907438099543,0.18712334270791484,0.18716416411389544,0.18720498142010647,0.18724579462716545,0.21048403293834103,0.18727720038158358,0.18731800381564415,0.1873588031527687,0.21049196787148594,0.3011896993122835,0.30102399357494225,0.18737137981227728,0.30104396707488457,0.18740276035131745,0.3011643079393757,0.1874341345912581,0.301184263348053,0.21044708715941593,0.3010035122930256,0.18744669108424064,0.30117399157134256,0.18747805147243266,0.3011939400020066,0.1875094055680963,0.18755016051364365,0.3009479861563926,0.18758150265824056,0.18762224785596068,0.1876629889669007,0.30113835815656187,0.18769431350917662,0.30090758662187234,0.3009426393902928,0.18771621960391074,0.2103178582171864,0.21035744723517322,0.3009324243031883,0.3010677226928668,0.18771929824561404,0.1877600120294722,0.21035485164394546,0.3009071317596351,0.18778189836624234,0.3010273114507642,0.30091200641411103,0.21035225735330962,0.3010321675518589,0.3009168796031865,0.1877755511022044,0.18781624167125896,0.3010219416892095,0.18784751790813004,0.21032859146463634,0.21036814425244177,0.3010117199238706,0.3008463965543146,0.21038661858974358,0.30086634283138863,0.30100150225338007,0.3010365029292474,0.3008712197075906,0.18780353477194212,0.1878441974566937,0.301026282853567,0.30106127352823386,0.21034189317715374,0.30108118930823907,0.3011161719805796,0.3008008008008008,0.3008357940043041,0.30112100890801724,0.30085572736826305,0.18780024019215372,0.3008756567425569,0.301110777544281,0.3011457447340771,0.3008805283169902,0.18780329181049576,0.30115057528764383,0.3008853984292932,0.3009203681472589,0.1878157355074276,0.3011403421026308,0.30092523130782695,0.3011602320464093,0.3009451417712657,0.30098009800980097,0.18780939046952347,0.30115,0.3009849507524624,0.30116988301169884,0.3010048492726091,0.30118976204759046,0.3010247438140465,0.18779366190142957,0.3010446343779677,0.3011795281887245,0.3010645209655655,0.3011994002998501,0.30108440357803207,0.18778732760343794,0.3011042822165592,0.3011891675826921,0.3012240819385461,0.30110911270983215,0.30124394264874854,0.3012788490358677,0.1877716169638843,0.3012987012987013,0.30133359972029367,0.30136849465587856,0.3010537881436348,0.30138833399920095,0.30142322097378277,0.3014581044641965,0.20986667998202427,0.3014779308967446,0.30101353038094764,0.30104842735896153,0.30108332085267836,0.20986421725239618,0.3011031797534069,0.30143755615453727,0.30147242325929624,0.3011080055899381,0.3011428856615262,0.1876434773929534,0.18768401616847147,0.30144710578842315,0.3011326780100793,0.20980940025945513,0.3011525220775333,0.3014368389543005,0.1876777251184834,0.3014566497056769,0.18770888412231257,0.18774940143655228,0.3014614195221707,0.30149625935162094,0.3015310957059498,0.18776181926989827,0.1878023238418192,0.3015358531963698,0.18783345799052606,0.30155564419625047,0.3015904671685696,0.3009771662179679,0.18784585472855078,0.20967098703888334,0.30158018044962864,0.18786761040773603,0.2096894781438469,0.18789872408293462,0.20971841515076003,0.18792983155586565,0.1879702994966861,0.18801076340442496,0.20972644376899696,0.18804185351270553,0.18808230780728413,0.1881227580709446,0.18816320430428934,0.30143469164092856,0.20971357409713573,0.1881848973899183,0.18822533246999054,0.18826576352226318,0.30140943274067433,0.18829681274900398,0.3014292116926448,0.3014639976097998,0.1883184783149928,0.18835889265086636,0.18839930296240975,0.20964851140097582,0.30059242296012345,0.18842094782955,0.1884613470058241,0.20965654554504728,0.188492359763078,0.20968544694405733,0.3005524311949435,0.2097143425898278,0.30131873600398107,0.3005573248407643,0.18848584365825746,0.20972236043387402,0.3013085228120802,0.18850746268656715,0.18854783344112233,0.20973037508705603,0.3012983136845247,0.18856943891762834,0.20974881870181547,0.1886004177857356,0.20977768936191377,0.18863139049134672,0.1886717390223283,0.30039781203381405,0.20978568942369846,0.18869331742243436,0.2098145478049023,0.3011832554439694,0.18871488938603032,0.18875521972559156,0.1887955460555749,0.18883586837657818,0.3011581092499627,0.20979125248508945,0.2098305253218031,0.3002683629857867,0.20985936490582915,0.30028821307891074,0.18881987577639753,0.18886018086057835,0.188900481939683,0.3010731319554849,0.30026330170400917,0.18892200695479383,0.30107793949629924,0.30026822968408506,0.18894352555505886,0.2097943776696136,0.3010677924012913,0.3002582439411998,0.30029299299796397,0.18894627073194956,0.30031282586027114,0.18897715988083416,0.3003326547837744,0.18900804289544235,0.20975028545896837,0.18903891977760126,0.20977910151402332,0.30095304278765017,0.189060406015784,0.20979749851101848,0.300263040349397,0.30094292803970224,0.18907250260532976,0.18911274315204446,0.1891529797052548,0.20978465813238067,0.1891838253535103,0.3002083746775154,0.1892146648806866,0.18925488639746008,0.18929510392380575,0.18933531746031745,0.20976142056445612,0.20980061501835134,0.20983980558448642,0.3001388613370363,0.2098685841805108,0.30015868293166714,0.2098973570684782,0.300178500595002,0.20992612425008678,0.20996529499256322,0.300679192900699,0.30071386079714457,0.1892628761215486,0.18930306334886488,0.3007187112763321,0.300109040444092,0.18932447836645686,0.20993160868272376,0.3001139798800733,0.2099603567888999,0.20999950448441604,0.300118917847587,0.1893177426547094,0.18935790725326992,0.30061927173643793,0.1893886852273853,0.20998662505572893,0.21002575787596592,0.2100648868195552,0.30004952947003466,0.2100936060621069,0.3000693343898574,0.3005496954390135,0.300584331979796,0.3000742758108443,0.30010893246187365,0.18933504975986531,0.21007030399049412,0.3005594336353285,0.2100990099009901,0.30057917924855204,0.3006138006138006,0.3000544473593031,0.30008909126905564,0.3006186587478347,0.3001088785509255,0.18929083980798733,0.30012866191607285,0.3006086397149785,0.30064324591786246,0.3001335906189699,0.1892934890164259,0.3006480977588681,0.30013851785890966,0.3006678209250557,0.3001582904629996,0.3006875401889499,0.30017805915520823,0.3007072555517088,0.30019782393669636,0.30072696701448987,0.30021758480862426,0.3002521881026554,0.30028678797468356,0.20988875154511744,0.3003065361415999,0.3006872002768577,0.3003262804034012,0.18918384497503585,0.30034602076124567,0.3006771785873165,0.30071174377224197,0.1891958681362131,0.18923593950775922,0.30071658018285147,0.3003063846610002,0.3007362751395958,0.18924794940211484,0.3007559662038638,0.1892786561264822,0.30077565337680945,0.1893093567829266,0.18934940473250012,0.30078047816637027,0.20973079772783404,0.30080015805591226,0.1893613868721292,0.30017779533781114,0.3008049780236061,0.18938271604938273,0.30082465063453656,0.30085917440252813,0.3001530637436429,0.1893946874691419,0.20967662305603554,0.30084913112164297,0.30014316038900135,0.20969493533418895,0.18939730490152526,0.30014807502467916,0.18942796505601894,0.18946796959826276,0.18950797019197552,0.20968219502566127,0.18953861337281028,0.30010855620250665,0.18956925050574827,0.18960923623445827,0.30070551087868175,0.20966946225949679,0.18963050663509448,0.1896704814522494,0.30005425935973956,0.3006806747558449,0.189691738594328,0.2096567370289998,0.30068550574542585,0.189712989446691,0.18975294639775137,0.18979289940828403,0.20965435629406834,0.2999704171186274,0.20968298575161465,0.1898047722342733,0.20971160956371704,0.18983535443162772,0.20974022773204515,0.29993099369085174,0.18985657252698507,0.30054213898472154,0.29993593218668374,0.18987778434851174,0.209727492238703,0.3005321769981275,0.1898989898989899,0.1899389042175798,0.20973542888111543,0.3005222189378264,0.1899600965564806,0.2097536945812808,0.1899906408551303,0.3005122648014974,0.3005467172339063,0.19001182033096928,0.19005171140113272,0.20974096326209002,0.19008223765204116,0.2097695489462281,0.300507164311389,0.19010339734121123,0.19014327211855644,0.1901831429696731,0.19022300989514104,0.3004824259131633,0.20974649273935517,0.3005020673360898,0.2996013190923857,0.1902254158873905,0.2996210443427334,0.190255905511811,0.19029575316175384,0.2996260210609192,0.3004477685381095,0.29964573902775044,0.19030750307503075,0.20968218045852602,0.29965071087715844,0.19032861078315624,0.20970042796005706,0.3003935071323168,0.19034971226206285,0.299626204997049,0.19038017016672404,0.29964591324874595,0.19041062208015735,0.2996656176239182,0.1904410680041304,0.20965680007867046,0.19047150794041004,0.20968534906588004,0.30028022221129735,0.29962638875233505,0.2097035835422504,0.19047384978372,0.30027033669206193,0.19050427602477146,0.19054406054946676,0.19058384116375074,0.19062361786819992,0.20968058968058967,0.20971942410692349,0.20975825471698112,0.299513585220852,0.30018669548983,0.29953328420535497,0.1906071919827078,0.19064695190843445,0.19068670792808723,0.20973525222260425,0.2995088408644401,0.20976376405873975,0.1906983596896179,0.1907381034228748,0.20978196817913966,0.30007365578197887,0.2098104684277718,0.2098492659694604,0.20988805970149255,0.2994255977220286,0.29945999018163966,0.3000343625742477,0.1907029255841351,0.2098856329455652,0.29945027976833216,0.1907239263803681,0.1907636435021594,0.19080335672572019,0.2098832073805084,0.19083370135924235,0.2099116781157998,0.19086404003728963,0.2999214993621823,0.19089437276161508,0.19093406593406592,0.1909737552121658,0.19101344059648778,0.20988865453475253,0.1910437512262115,0.19108342733827063,0.19112309955860715,0.20989652297582267,0.2099352687328364,0.29980875790712497,0.2992056487202118,0.19112527580289287,0.2992253383016278,0.20993283325979312,0.29978429257770367,0.19113682043237415,0.29980392156862745,0.20994068918190284,0.29918635427899226,0.19114836053521542,0.1911880023524799,0.20994854202401372,0.19121826913652848,0.19125790170039692,0.19129753038024305,0.19133715517663777,0.2997060264576188,0.19136739993140953,0.19140701548108954,0.20991525008572967,0.20995395316939355,0.20999265246142543,0.2990301724137931,0.19140911985110448,0.2990498579684592,0.19143934570742935,0.2996082272282076,0.1914695656432104,0.20996964058368425,0.19149977966018705,0.19153936545240893,0.29899632802937576,0.19156956819739548,0.1916091447593871,0.299001370667711,0.29952518478633317,0.19162995594713655,0.29900641182516763,0.2990407204385278,0.191650761023834,0.2995008319467554,0.20988500122339124,0.19167155999217067,0.2995057983069922,0.19170173206771698,0.19174127892754048,0.29951076320939335,0.29895797661562545,0.1917620585069954,0.20985178300640805,0.29896302093523774,0.2098801662998288,0.20991881052528613,0.29896806377463686,0.19175469483568075,0.19179421976624775,0.2994132029339853,0.19182436066696004,0.2099061216506943,0.20994475138121546,0.2099833773345067,0.29890002444390124,0.2100117324990223,0.29891968519333234,0.29934499951119364,0.299379246297473,0.2989247311827957,0.19177948291872343,0.1918189815267325,0.2993695939011875,0.29940383111806096,0.20996823845590032,0.2994234339880778,0.29945766355596815,0.29885675200312684,0.2988910059113782,0.2994626282364436,0.2989106540960383,0.19177413051973427,0.29893029844185026,0.29945296473576244,0.2994871794871795,0.2989353389333854,0.2989695756214289,0.20988377771266725,0.2994775135504663,0.298974609375,0.19173868463453933,0.20989161214725124,0.2994678513889567,0.2989650458894747,0.19175006102025874,0.2994728106999902,0.29950700444184114,0.19177079265911753,0.20986871003953342,0.2995119570522206,0.20989702796349616,0.19178215889127465,0.20992534036012298,0.19181223772811554,0.20995364723103196,0.2994730679156909,0.29950724496267744,0.2995414186749927,0.29957558905312454,0.1918048780487805,0.2099409784888542,0.2995805287289045,0.298736770228747,0.20995903238392508,0.19180687637161667,0.2987418316590266,0.2995562490856781,0.29959040374488005,0.2996245550733824,0.29965870307167236,0.29969284774023697,0.2987031981279251,0.2997123775166967,0.29872282343765233,0.2997319034852547,0.29874244492103724,0.2997514256470244,0.2098645092114241,0.29874750231492764,0.29975633528265105,0.29876711661225086,0.2997758503069876,0.29878672708668325,0.2988208926135256,0.29885505481120583,0.29976615024846537,0.29887465289618553,0.29890880748246296,0.2989429587412928,0.2997564539698003,0.29896254444498566,0.29977595947788815,0.29981006185165343,0.19158468880880491,0.29895300706111516,0.19161472536034282,0.29897258606417687,0.299785762975947,0.2989921612541993,0.29980525803310615,0.2998393456988462,0.2998734300457599,0.2989826218176508,0.2998929127725857,0.2999269895351667,0.20962717803952108,0.2989730860952937,0.2990072026474596,0.29991727091342646,0.29995133819951336,0.2990122135175904,0.2999708057609965,0.29903177151754,0.2990658752554247,0.29997567501824374,0.3000097295193617,0.29907087610059835,0.3000291857184551,0.3000632326475023,0.19143968871595332,0.30008268080346284,0.30011672016340823,0.3001507562126149,0.29901770083641316,0.300170192073912,0.30020422055820284,0.30023824573345653,0.20945157526254377,0.3002576693081822,0.2989790957705396,0.2990131738855671,0.29904724868753646,0.209449278180139,0.2990667833187518,0.2094775212636695,0.30020412130637636,0.299071779170919,0.29910584118961997,0.19131153117255453,0.1913508260447036,0.30017977746465185,0.29909629773588575,0.30019919350920665,0.19136222308589196,0.3002186057809084,0.19139220829690082,0.30023801428085684,0.2990577035166116,0.19141289037835738,0.3002428363283147,0.20936331406925357,0.30026223776223776,0.1914242703831399,0.19146353306788386,0.3002670551104637,0.19149349388230724,0.19153274748749818,0.3002718710554423,0.3003058400893247,0.29893203883495145,0.19154409980098053,0.20930006795456751,0.2093384458573994,0.3002814987381091,0.20936665857801504,0.29889352615742987,0.29892754889115347,0.2989615683229814,0.3002571691979232,0.30029112081513826,0.300325069137839,0.20934407141470987,0.30034444282734196,0.29892306199670127,0.19146252728595684,0.2989425688785409,0.1914924576805549,0.30032010864293335,0.2989475726271885,0.19151309408341416,0.1915523010523253,0.29895257491998833,0.19158221403287592,0.20927075252133437,0.3002666666666667,0.1916028313778726,0.20928879623794056,0.19163273220864843,0.3002569198700858,0.19166262724188077,0.3002762832630507,0.3003101977510663,0.20927640188048272,0.29882717844334594,0.29886115822631454,0.29889513471603024,0.3002858942675776,0.19163678651032076,0.2092640147293958,0.3002906976744186,0.209292185456131,0.19164809611471756,0.3002954996851233,0.30032939352838595,0.30036328408815693,0.3003971713649133,0.19165011866130674,0.20926966292134833,0.29875538767010507,0.3003874092009685,0.3004212871047407,0.2987604106139841,0.3004406139543892,0.3004744843613828,0.30050835148874366,0.3005422153369481,0.3005760759064724,0.2987220447284345,0.3005953821578973,0.2987415295256534,0.3006146846716035,0.29876101055076953,0.2987949474906838,0.30061943476577624,0.30065327849020085,0.2987999612890738,0.3006725697972613,0.3007064060383201,0.19149450868450335,0.3007256894049347,0.3007595181655459,0.3007933436532508,0.29874715812896047,0.20905485150430492,0.3007980652962515,0.2987521764364481,0.19146878173816317,0.19150788277396266,0.3007882392765608,0.29874274661508704,0.30080750447270443,0.2987622086838797,0.300826765943045,0.1915006768516728,0.20899202320522117,0.20903026201295563,0.20906849712379755,0.19151198762567673,0.3007878582821789,0.19154180763653939,0.20907641003334784,0.1915716218828533,0.3007780408833905,0.30081182951580165,0.19159217202222759,0.20907421724004638,0.20911243175339422,0.2985795729055947,0.20914053819025075,0.19159420289855073,0.29858460943915754,0.19162399768138344,0.2986040670434237,0.2091383307573416,0.1916445303066892,0.19168356997971603,0.19172260588206885,0.191761638014294,0.19180066637693757,0.2985514244326412,0.1918304282748298,0.3005986867516416,0.1918601844252402,0.300617939557787,0.19188993482983346,0.19192894381154663,0.19196794902736883,0.19200695047784536,0.29847000337854146,0.19203667953667955,0.20901500892814054,0.1920664028568671,0.19210539014621436,0.2984462458984752,0.1921351025331725,0.20901283412139343,0.20905099628503884,0.2984368969509842,0.2090790679724058,0.3004341534008683,0.29844194684289227,0.300453405363689,0.3004871460955964,0.3005208835728755,0.3005546177959971,0.3005883487654321,0.1920721415826783,0.20903655125855916,0.19210183711847245,0.19214079074252652,0.19217974061038523,0.2090444508726256,0.1922094200453165,0.3005206324720401,0.3005543504458906,0.1922298274366143,0.19226876174868657,0.2982456140350877,0.2090221215480264,0.19228915662650603,0.30051563780058793,0.19231881264456438,0.19235773141232593,0.19239664642960394,0.19243555769694048,0.2981788398535363,0.19246519246519248,0.19250409480682146,0.1925429934004528,0.3004335260115607,0.19257261210924329,0.2981408342163568,0.2981746375764581,0.19259294933538817,0.20890922224897665,0.2089473177309063,0.20898540954398806,0.3003659476117103,0.1925947325340652,0.19263360616273473,0.30037070916181213,0.29809358752166376,0.1926539257690271,0.20896312698565514,0.29809867629362213,0.20899114362726223,0.300332097992973,0.2981037635961113,0.19264642186823236,0.19268527430221366,0.30032240989365283,0.19271484938889424,0.20896886878698936,0.2090069284064665,0.20904498436372385,0.29803714038295004,0.20907297830374755,0.2980565710987108,0.3002549425176776,0.30028860028860027,0.29806166129575296,0.19267025779145824,0.19270908478814985,0.3002789266134462,0.3003125751382544,0.20903058280438547,0.3003317786219166,0.30036541975189923,0.297995095918073,0.29802884615384617,0.3003701745108408,0.29804826458994327,0.19266451954045088,0.29806767929244377,0.19269406392694063,0.300346054022878,0.2980727639736627,0.19271434063821608,0.3003508097457831,0.2980778471888515,0.3003699966363942,0.29809725158562367,0.192716090904723,0.29811665225329104,0.30036031707902955,0.2981360491929285,0.3003794975260604,0.29815544240561054,0.19270858350545175,0.2981748318924111,0.30036981893280823,0.30040341946018634,0.3004370167603131,0.20879754129850173,0.3004561824729892,0.29813694420435993,0.2981706438757382,0.29820434031111964,0.30044649287051706,0.2982237157945271,0.20877538284287842,0.3004512288786482,0.29822877166034656,0.29826245560142073,0.19260859131269498,0.19264734114033405,0.3004271248260306,0.29825319128515215,0.20874322184365854,0.19265834932821496,0.3004174463797323,0.19268784185778717,0.3004365974187977,0.19271732872769143,0.19275605660829936,0.3004413316703444,0.29817239890631747,0.30046047582501917,0.2981917597966329,0.192757793764988,0.20867104695218455,0.30045079608670633,0.19277801755143145,0.30046993382564496,0.1928074802205706,0.20866896816263905,0.19283693723929615,0.29811103653274523,0.1928663886092334,0.20867689357622243,0.1928958343320071,0.20870482216470138,0.3003882471360782,0.19291602760736196,0.1929547088425593,0.19299338637017158,0.30037858820146646,0.20869273528847998,0.20873065312185538,0.29798754192620985,0.3003689329691917,0.29800689919509393,0.19297657260575862,0.19301523426271916,0.19305389221556887,0.20870856485916842,0.29798342673755807,0.1930740492384328,0.3003017385890129,0.29798850574712643,0.19309420046932618,0.20869648501101426,0.3002921036249581,0.19311434591074506,0.19315298060809194,0.19319161160586037,0.29793651553597933,0.19322098812715435,0.20867442194456412,0.1932503590234562,0.3002249772629362,0.19327972429638138,0.20868233379600823,0.3002297310232603,0.1932998324958124,0.29785604900459417,0.19332918600756088,0.3002201167575845,0.1933585339011436,0.30023923444976075,0.1933878761781733,0.19342646636685484,0.19346505286322538,0.19350363566781478,0.2086103802917962,0.20864823495647183,0.2977471660209499,0.29778075377845803,0.2086661246353245,0.2978000956480153,0.1934866816508058,0.19352524866105586,0.1935638119829771,0.2977909534283255,0.2086540760219938,0.2086919104991394,0.1935746043887747,0.19361315613347357,0.20870978536258902,0.20874760994263863,0.20878543090674442,0.299971322053341,0.29771065334799024,0.1936054291722424,0.19364396654719235,0.1936825002389372,0.20877335499593827,0.2088111620795107,0.29991877299440967,0.2976588628762542,0.1936840093641011,0.29767819606344353,0.20880905746906797,0.1937040221648992,0.29768330546930977,0.29986625907527703,0.20881692697139037,0.20885471391727958,0.2976741964754764,0.20888252148997136,0.1936870254524617,0.20891032375131316,0.20894809721625365,0.20898586707410235,0.209023633325376,0.20906139597059104,0.19367928581658472,0.20908917319075807,0.29757983674638405,0.29761336515513126,0.29969929836284664,0.20909698358151965,0.29761847945401615,0.1936623079125704,0.29763779527559053,0.29967551059362474,0.29970892780455216,0.19367306040652735,0.29762870365952576,0.2090648854961832,0.2996994418205238,0.20909264383169546,0.19367456947955922,0.29760541881320357,0.19370379203434296,0.20910044834493943,0.19373300901416513,0.2975963372758489,0.29963279126329345,0.29966618979494514,0.29760144962090507,0.2996852946786191,0.2090783388165737,0.20911604844092685,0.29969010727056017,0.2997234935163997,0.2975639986652047,0.2997425874725903,0.20911387578054244,0.2997616777883699,0.20914160430866022,0.2975407492136117,0.29976647762474384,0.19362371330537553,0.20914939242315939,0.29753168779186123,0.29975699242388143,0.19363445778540117,0.19367287626852162,0.29752262982372557,0.2997475108379782,0.2975419207317073,0.2997665888629543,0.2091073640087644,0.20914503453203143,0.19365593446370738,0.2997571081583083,0.20916277740737213,0.2997761798180866,0.29747619047619045,0.29750964239798106,0.29978097324064373,0.29981431224110844,0.297514759093506,0.20914068079028802,0.19361134913834144,0.2998048269624411,0.19364051789794365,0.2974915512399448,0.19366968110423607,0.297510827661701,0.29978107747953553,0.20910864702803025,0.29980013324450366,0.29750178443968595,0.2998191853825657,0.29985250035685396,0.19364354362927014,0.19368190684618677,0.20908658420551857,0.29984301412872844,0.29745029017220054,0.2998620558435999,0.2090943683409437,0.29745541022592153,0.2998668315419005,0.20911209397441385,0.2998858664637626,0.2974463835655523,0.29747979077508324,0.1936189434644097,0.2974990490680867,0.29753244900870063,0.20909004468955025,0.1936296648443071,0.19366799771819737,0.19370632694775872,0.2997908546439776,0.20908788440515233,0.20912547528517111,0.29746685043486526,0.1937078224503374,0.2974860998907,0.1937369321421783,0.2997386552625327,0.20911337071177422,0.2091509478785575,0.2974629418472064,0.19373841987742885,0.29748218527315917,0.2091587098000095,0.20919627588827666,0.20923383840782786,0.20927139735917166,0.20930895274281644,0.2996295592705167,0.29743078311250415,0.20932662171146357,0.29745002136853604,0.2996201329534663,0.29746925597075163,0.2996391605735448,0.2974884869201918,0.2996581845803266,0.1936387372418704,0.29749359156935345,0.2975269378649072,0.1936586292006835,0.2975461578622621,0.193687707641196,0.19372597408760855,0.20923500379650722,0.2975371328239928,0.2092625984625605,0.29755634638196915,0.2975896754602391,0.2092802581012478,0.29950659455356293,0.29759476255989376,0.2976280834914611,0.2995114083772117,0.2995446352338488,0.193663140919224,0.2976190476190476,0.193692198245198,0.297638243384236,0.29767155119267796,0.2092185128983308,0.20925601024230642,0.20929350403034613,0.20933099426295576,0.209368480940641,0.19366614516664296,0.29762017635346544,0.29765347238682155,0.20937618505877892,0.29767265487984074,0.2094037349511802,0.297691833736196,0.2993364928909953,0.29936969811857256,0.20941143019618993,0.20944889352224802,0.29766868840030325,0.2977019663586828,0.29934615749076093,0.20945657838631734,0.29770703050975933,0.29774030034582405,0.2977735670298437,0.2094642603382123,0.20950170519136035,0.29777861980770143,0.19352088661551578,0.29926592469808194,0.2992991096798636,0.2993322915186816,0.2977554692679231,0.20947961551209812,0.2993371212121212,0.2993702949670944,0.2994034655809109,0.20948728873739525,0.29942245786782806,0.29945562130177517,0.29948878159613745,0.297675959672457,0.20948504354411207,0.29949358701310996,0.19342167534311405,0.2995125644787279,0.2995457126632595,0.20948279941323997,0.20952020440995553,0.2995505086349657,0.19341408024224072,0.20953777735724086,0.20957517267480366,0.20961256445432613,0.29952696310312205,0.2975261340523154,0.2995459275376029,0.19339734190985197,0.2096102913356035,0.29751714353275005,0.29953655537690344,0.29753629356409894,0.19339890296954795,0.2975554399735212,0.2995271867612293,0.19341875088648292,0.29954614220877457,0.29754644731243796,0.19343859317386783,0.20954857007799574,0.19346757421062583,0.29952261662806634,0.297523395405993,0.1934874048868094,0.2995274102079395,0.20953641132271633,0.20957376429449012,0.2995322024287672,0.2974862974862975,0.19347980155917788,0.29953699329112726,0.2995700855104644,0.19349962207105065,0.29958902168264917,0.29744922059518186,0.19351943696566057,0.20952201020215377,0.29957965333207387,0.2996127325965807,0.2996458087367178,0.20952965621458255,0.20956698304764604,0.29738407781660214,0.2095944095566363,0.2974032105760151,0.29960813937019026,0.29742233972240584,0.29962705943445217,0.20959214501510573,0.2096294548029266,0.1934296233361654,0.20965686505876244,0.20969416650934491,0.2995894095993204,0.2097215667767815,0.20975885989335094,0.29732918082295207,0.20978625017694522,0.2098235349627253,0.20986081623024297,0.19338554444234762,0.2995235174788885,0.29729219737711104,0.29954243124675695,0.2995754716981132,0.20984859204754494,0.2995943778888784,0.29726925435079943,0.20986606300697982,0.2995991511435982,0.2098934263887579,0.2996180506436554,0.2972463221425877,0.20991088688764203,0.1933050447901933,0.29960869360237613,0.20992834244767114,0.2972234007448263,0.2996134628075799,0.20994579307094038,0.29963235294117646,0.29721449780836123,0.19327929116787634,0.29723361138602195,0.2996229971724788,0.2996560011309552,0.2099236641221374,0.19328087452292325,0.2996607614021862,0.20994110718492343,0.2996796381795911,0.29971263014085836,0.1932824571320897,0.19332045786424232,0.1933584550164861,0.2997032640949555,0.1933873398643557,0.1934253284980926,0.2098992182349063,0.20993642571226748,0.29967978903748355,0.2970287705419786,0.2099538562953197,0.2099910541927586,0.19340866290018832,0.29701991431665176,0.21000847377836362,0.2100456621004566,0.2100828469214837,0.2995999058602024,0.2969970818036336,0.2970301689650304,0.19338290662650603,0.2970492729069603,0.2995764705882353,0.1934026634040751,0.29705439488048185,0.21004093539735566,0.21007810294532794,0.21011526699600094,0.2995389537071886,0.29703156607235265,0.19338601938093894,0.19342396161625663,0.29703668861712135,0.2995155448944076,0.21009312388298373,0.29953440248318675,0.1934255079006772,0.19346343757347756,0.21010063011379668,0.210137772135233,0.2995110024449878,0.21016502891532277,0.21020216267042782,0.21023929293404164,0.21027641970665664,0.1934376909697739,0.29688822036288426,0.2969212690951821,0.19345741680767062,0.19349532358885183,0.19353322680703072,0.21025424127073641,0.2968984962406015,0.2969315351722194,0.19354383986467438,0.29695061786402294,0.2993328321744033,0.21024195442800095,0.21027905665695762,0.2969417954620191,0.21030627583615183,0.2993095025600075,0.21033348990136214,0.2969329763749941,0.29931429644937063,0.21035081951815152,0.29933314548699164,0.21037802301009625,0.2993519909842224,0.2993848898905949,0.29688233636961214,0.21038546410629608,0.29690140845070423,0.29937561616825503,0.2994085062435452,0.2969065389851195,0.2994273375891851,0.21037315184229055,0.299446165399418,0.2994790444454874,0.2995119204054815,0.19334553475057487,0.299530736743313,0.2103608465111914,0.2968280780780781,0.2968610707080186,0.29952144130618374,0.29955430448041287,0.1933289547757553,0.29957311066285125,0.2103386809269162,0.21037572118767298,0.21041275797373357,0.2995638103278458,0.29678266579120155,0.19331238568681705,0.19335021571937722,0.2104103165298945,0.19337897402232018,0.2967599756177615,0.21042760690172543,0.29949833559941863,0.2967651195499297,0.29951713468660635,0.2967841740108757,0.2104251628931702,0.2968032248992219,0.2995078509491446,0.2104424446944132,0.1933261470684726,0.29951260661730245,0.21045972163644033,0.29953139643861293,0.2967527294878403,0.19332771061756163,0.19336550625497823,0.1934032983508246,0.21044741157179667,0.1934320247353134,0.21047453974797395,0.2105115233277122,0.2994519649632301,0.21053864168618266,0.19343356283078075,0.19347133757961785,0.29663279164520207,0.1935000468296338,0.21053617419808007,0.2966379471811201,0.19351968909491032,0.21055342260511284,0.21059038344491784,0.29934456928838954,0.29661532699779974,0.29664825390881006,0.19351214717034124,0.19354989702302938,0.29932131991575006,0.2993541140129177,0.299386905040483,0.2105484837139648,0.299405681126866,0.21057557323350493,0.21061251228300032,0.21064944787572526,0.2106863800121649,0.21072330869280434,0.21076023391812865,0.296500748502994,0.29653365766945783,0.1934699223500795,0.19350764769166004,0.19354536950420953,0.2992844113932931,0.19357403423440278,0.29649721741570406,0.1936026936026936,0.29651624970773904,0.29926119891517816,0.21068873614812736,0.2992799700766785,0.2965075506101267,0.1935951379149135,0.19363283623954,0.2992707554225879,0.2964988547655775,0.1936524259138076,0.2992755316662772,0.19368106188072537,0.29649016217226715,0.21062716141695487,0.2965091826720875,0.29654205607476636,0.19368253819914957,0.19372021306419962,0.2965472130075223,0.19374883199401982,0.19378649848166316,0.29655236849481453,0.2965852291306582,0.1938060538116592,0.2966042318651035,0.21055581503970108,0.19382560366166923,0.29660937791892394,0.21057301639191145,0.21060988138600914,0.21064674293719354,0.29902876354127755,0.1938179950506607,0.2106639275375852,0.19384658480788086,0.21069094304388422,0.2107277904859717,0.2965175987302773,0.29897773421089485,0.21074495892457057,0.1938389731621937,0.2989825445720153,0.19386755028702105,0.29900130670151204,0.2964674039852536,0.2107326178254783,0.21076944612943865,0.19386898096304592,0.2989782111696916,0.21078660072781563,0.29899696757639377,0.1938794551222243,0.1939170592900126,0.2963895885810244,0.29642240776155604,0.2989738805970149,0.29644139732288605,0.19391847775394086,0.2964603833418831,0.19394702480880432,0.2107251107484262,0.19397556653921477,0.2989229262833963,0.1940041029466617,0.29642407571448554,0.29645687645687646,0.21071278728264417,0.2988998694760395,0.19400550039621497,0.2989186165749977,0.21072011186203682,0.21075689783743476,0.1940159388544531,0.194053499860192,0.29637914161890117,0.21076421248835042,0.2963981175154932,0.2988537880905787,0.2964170898755999,0.29887253074916137,0.19403680409969717,0.21075188670455605,0.2964084408627195,0.19405626979690702,0.29642740695887093,0.29646017699115046,0.29649294397093756,0.1940666915052161,0.19410422390909515,0.21071994039303343,0.19413271245634459,0.21074688023840565,0.21078362899846348,0.19415215569419872,0.21081055915079847,0.29869646182495346,0.21083748428844096,0.21087422027744157,0.2987012987012987,0.2963600819214299,0.21089131952525017,0.19412640789351204,0.21091822962721646,0.21095495160089353,0.21099167015682443,0.29632387156817125,0.1941277744171979,0.19416527079843662,0.29860884939282556,0.21098911324090444,0.19418469411491043,0.2110160029772981,0.19421314602037493,0.19425062796539214,0.2110330713056421,0.29855813953488375,0.21105995069996744,0.19426099897683938,0.29856299121052876,0.21107700892857142,0.21111369448965356,0.2961499116525621,0.19426233319384387,0.21113074204946997,0.21116741829001814,0.298512319851232,0.296127562642369,0.19426366679062848,0.2961465160600567,0.19429208887236218,0.2984894259818731,0.21114519427402864,0.1943114746479528,0.2984942838553769,0.2961104140526976,0.19433085501858735,0.29612936201849355,0.21113279434996748,0.21116944663847978,0.19434120052034937,0.2984436701509872,0.21118647217318592,0.21122311515770892,0.19435154217762912,0.2984346695155372,0.19437993497445424,0.21123031907482234,0.21126695151402564,0.29601077416059074,0.21129376799479893,0.21133039238449036,0.19437221396731055,0.29837024655244465,0.29598848546754575,0.194391568782209,0.2960074280408542,0.19441994336381785,0.19445733915142513,0.19449473146729795,0.21128852580764945,0.2959851473659782,0.21131532535041306,0.21135192834269273,0.19449600891033972,0.29825049886305627,0.21136890951276102,0.2959491438912347,0.1945063103192279,0.29596807868974156,0.21137607868609076,0.2982138714915333,0.29597327890146596,0.2982325926613165,0.2959922070693014,0.21137344032654576,0.29601113172541743,0.21140021334817494,0.21143678693998702,0.2114733571395446,0.2115099239473196,0.2115464873637839,0.19442641194472782,0.2981406778875133,0.1944547477744807,0.29593397932217536,0.2981455725544738,0.2981781094988642,0.19446504728351566,0.1945023872433134,0.19453972374154074,0.19457705677867904,0.2114849833147942,0.21152152755248643,0.21155806840300306,0.29584318087029055,0.19457831325301206,0.2958621009221074,0.29807246779723845,0.2981049900384562,0.19458858413639732,0.19462589761408386,0.21152598906698786,0.29582619168944274,0.2115527144710024,0.21158923525869655,0.29583140342751274,0.2958640174146635,0.21160615042608374,0.29588292502199787,0.21163286097990183,0.29590182912711277,0.19457306908686794,0.29795804972912904,0.297990554680989,0.2980230566229918,0.2980555555555556,0.29808805147909817,0.19456531802610869,0.1946026014905337,0.21158118866876505,0.19463087248322147,0.29579746366749976,0.21159809321053363,0.29803776379118846,0.2116247859688093,0.2116612679315132,0.19462310860210078,0.21168795113825653,0.2980150835145514,0.29573424632182843,0.19463335646541755,0.19467061435973354,0.19470786880695748,0.29572578406883154,0.295758360701235,0.2979648473635523,0.19471809814532168,0.2957635741374526,0.295796142995884,0.21161672216056235,0.19472832369942197,0.2979284194950523,0.2957876728163869,0.19474754947290548,0.21161403670997272,0.29579288025889966,0.19476676991355,0.2958117603550296,0.29787824157537096,0.21161135250069335,0.21164779292812572,0.2958032908116103,0.2978693903960808,0.295822164710232,0.29585470677942605,0.2958872458410351,0.2959197818954762,0.2978467794104057,0.29787922191932725,0.19469598965071153,0.2959112959112959,0.19472419846622932,0.21157666189310298,0.29785661492978566,0.2978890479929789,0.2958891454965358,0.29790771788831927,0.2959079992610382,0.29792638433473423,0.1946984390874665,0.19473562687601015,0.2958995197635759,0.21152514198642472,0.19475482500692584,0.29590470474167785,0.297876269621422,0.2979086838096117,0.2115224817653033,0.29792734155010847,0.29588257016248154,0.29591507039003,0.29594756761746516,0.19472008122951956,0.2959664020675651,0.29789099635423877,0.21149053991693587,0.29790964883946286,0.2115171650055371,0.29594426244636185,0.2959767463320107,0.21153402537485583,0.29599557113858643,0.1946763851086405,0.2978595811421718,0.1947045527930255,0.2978782287822878,0.29791061297910615,0.297942994188728,0.21150209841811557,0.2979616306954436,0.21152870647913305,0.2115650650189062,0.2958915479319408,0.29592401327923273,0.29595647563280925,0.211572153065929,0.29597528929048916,0.19463396643924027,0.29788411008159316,0.19466211855812668,0.29596681262963814,0.21155973451327434,0.29598562013181545,0.21158632131993732,0.2960044241670123,0.296036866359447,0.19464540804571218,0.19468251774030043,0.21158365202967333,0.29777921120530776,0.19470168164017507,0.29600110568506405,0.21159073110056664,0.2977704072231435,0.2960062646828504,0.2960386918470751,0.2977753212657178,0.2978076639646279,0.2115783171371989,0.194667035092567,0.29781257195486993,0.21159513722600848,0.19468619054197173,0.29597568836909477,0.21161195266817073,0.2977900552486188,0.19469637677823304,0.2116287634656109,0.2977949638631865,0.1947155220033143,0.2959263521288838,0.19474362514959034,0.2977861646798914,0.1947717231222386,0.29780477702609415,0.29783709157846294,0.19479085177856517,0.19482790355236518,0.19486495191644043,0.29584982055765163,0.2115481941568898,0.21158446816341553,0.29585499378939134,0.2977734842211795,0.19485716914301485,0.21159153633854647,0.297778391058369,0.29781068898905344,0.21160833371659846,0.2958057395143488,0.2978155897907565,0.21162512646003862,0.1948314710074953,0.2116516461283796,0.2978067957147455,0.19485057471264366,0.2957565169417498,0.2957888929753586,0.19486967314853124,0.19490668382826146,0.2116295104573661,0.2116657473800331,0.2117019809716413,0.2977295707326041,0.1949078542212418,0.21171875,0.295712513211709,0.19492693686242074,0.19496392960529338,0.29571769895239847,0.19499195956811394,0.19502894422493797,0.295722883263656,0.29575523704520396,0.2957875878542882,0.21166743224621037,0.2958063478939874,0.21169391879478228,0.21173012446608183,0.2975567190226876,0.2975889781859931,0.2117468772961058,0.1949763511962162,0.19501331619065113,0.21176362551081318,0.2957300275482094,0.2957623616913824,0.2957946928656689,0.29582702107147774,0.21176092544987146,0.21179710810190497,0.29748462315248325,0.19497865699729197,0.2975032127776758,0.2975354536692827,0.29756769160165214,0.29576430636501305,0.29758627019089573,0.29578304960308355,0.2117555290446912,0.19495297086487726,0.2975775371627822,0.19498096068266274,0.2957610789980732,0.29758245791091337,0.29577981651376145,0.21173340672446217,0.21176956242546555,0.19497316882997753,0.29577141808842417,0.2958037147443247,0.1949922039805558,0.29751914522859635,0.29755135730007337,0.29579531386124996,0.21173773498395232,0.21177387556737426,0.19498441225013755,0.2118003025718608,0.2975153571101128,0.2118267247306899,0.29574624129079574,0.2975202823486272,0.19497662480520672,0.29575140932215044,0.29578368469294225,0.1949956463956739,0.2118046008615159,0.2974843055491912,0.29751649560117305,0.29754868270332185,0.19499679281590762,0.19503367389013607,0.2975536008796042,0.2957075450089331,0.29757214841960605,0.2976043241262425,0.29571271528032245,0.2976228644712133,0.2957314280479985,0.19500801465536982,0.2117145997435428,0.19503594816137748,0.2976005128674787,0.2957095105087229,0.2976190476190476,0.2117119179524747,0.211748008424137,0.1950281554731493,0.295687603003113,0.29571984435797666,0.19504714821935365,0.2957385453380327,0.2975558403515196,0.1950661357499199,0.29574370709382153,0.29577593702805366,0.19508511806699616,0.1951219512195122,0.2957810927061407,0.29750629146648366,0.21165812591508051,0.19513199432676032,0.2957727147954982,0.29580493160711835,0.2116651418115279,0.21170120305566992,0.19513310767541853,0.295796551250972,0.2117178924259056,0.29741596158243766,0.2974480929296625,0.2957881739607628,0.2958203768062923,0.29585257670675386,0.1951074531321445,0.2958712450276622,0.297412216532553,0.19512641155762814,0.1951632074609125,0.29586285714285715,0.2958950447979521,0.29738995291859033,0.19517323338513576,0.29590017825311943,0.21160877513711152,0.2973812897033956,0.29741339914084636,0.2974455056436503,0.29747760921220984,0.2975097098469271,0.2958512290962259,0.19513866678850458,0.29751461988304095,0.21156745397231486,0.21160347190497944,0.2958293362569092,0.2975059382422803,0.29584798794135114,0.2958801498127341,0.1951130395067367,0.1951497990500548,0.19518655523587705,0.2974700885925655,0.21156217178866615,0.29748858447488585,0.19519656636683255,0.29581773354031593,0.1952243984842259,0.2974799123447772,0.21154987445788634,0.29580936729663104,0.2974848222029488,0.29582800803359505,0.29586014879729794,0.29748973071656776,0.2975217927068596,0.19518985031033223,0.29754027289736684,0.2958382769006115,0.29587040839607576,0.29754517247672935,0.21147967331295342,0.29756364631809473,0.2975956932341804,0.2976277372262774,0.29765977829478585,0.19514642824559802,0.2976782374674999,0.29579456303594237,0.2958266818700114,0.19515643528231325,0.1951931408765449,0.19522984312294783,0.19526654202198002,0.29762881896944826,0.2957913455838767,0.29764727339047964,0.19527652395933068,0.29579648035014133,0.29765215409163437,0.29768417213712617,0.19528650225646169,0.297702616464582,0.29577464788732394,0.29580674567000914,0.2977074882639807,0.297739495032358,0.2977714988834708,0.2112650382792563,0.2977899293688767,0.2978219265469789,0.29575796236387664,0.2112720976854383,0.29577657296459975,0.19521640091116174,0.19525306364174752,0.21127915451895043,0.2977725140071972,0.19527193222191855,0.21129583238442268,0.19529969028967026,0.2977638110853031,0.21131250569268603,0.21134842205929233,0.2977686703096539,0.19530076043895997,0.2977870867862672,0.19532850703455812,0.21134583864505554,0.21138174368313226,0.2977783847764727,0.29557973323621795,0.2977967953386744,0.2955983431198507,0.2956304050978607,0.29566246415729824,0.2977880939377389,0.2956810631229236,0.19527623555110585,0.2977929465301479,0.19530396796505278,0.2956727487828184,0.2957047957047957,0.21129259747941218,0.29572338489535943,0.19530503616759928,0.29774360840687836,0.2957285174907883,0.2112900291120815,0.2977484648624062,0.2113162921859365,0.21135216264156093,0.2977533199927233,0.29778525626449587,0.29781718963165077,0.29566640898549407,0.21134958166606038,0.2978220342836357,0.1952350641083932,0.2978404182768811,0.2978723404255319,0.21134700186389052,0.29561778343485773,0.21137324423837447,0.19522727272727272,0.21139948184173446,0.29560949004635945,0.29564150343135026,0.29780948918378475,0.21140649852306295,0.21144233390893394,0.2978143318035171,0.19520174482006544,0.2978327048025808,0.29559291231258517,0.2956249148153196,0.2978375431582773,0.29786944078499067,0.19519396747524304,0.21140131728367023,0.2956031976744186,0.2956351909887814,0.2956671813970388,0.21140832917026203,0.19518619436875567,0.2114345397575042,0.29565888656797745,0.29777959406075466,0.29781147838721395,0.2956640181611805,0.2114319440661037,0.29781631633903843,0.21145814418013437,0.29783467247718914,0.19514298683613254,0.1951795197676002,0.2956154684095861,0.2956474379340081,0.2978124716347463,0.29784433855230313,0.29565256852423305,0.29786268548350503,0.29789454578455393,0.19515404510186488,0.29791288566243196,0.2979447393493943,0.29797659014608474,0.2980084380528966,0.2113500272182907,0.29802676343842144,0.19513743989839427,0.21136662584478613,0.21140239477503628,0.29552360651276705,0.29555555555555557,0.19513854246972925,0.1951750408126247,0.21139980954972112,0.2955472930080711,0.2955792337338472,0.2956111715632934,0.195176134560457,0.19521262127119413,0.29788295026973116,0.2956029011786038,0.2979012737409909,0.29562143051400597,0.29565335629787426,0.2956852791878173,0.2978925900747791,0.19518716577540107,0.29569039742602077,0.2957223128511872,0.29575422538402285,0.2978704123244223,0.2979022246386661,0.2957593330916999,0.2957912381642731,0.29582314034610857,0.2112344280860702,0.29584163797789453,0.29786655795624406,0.2112510191140502,0.29584673218895785,0.2978713768115942,0.19509985960780762,0.29788968390544335,0.2979214780600462,0.21123890599529072,0.2979397781299525,0.29579824323100606,0.29583012631864897,0.2979445852951829,0.295848612431527,0.2979628791308284,0.29799465845819567,0.2980264349085642,0.21119811705064953,0.2958269213361093,0.1950214980764879,0.2980177407675597,0.2980495089831199,0.2980812743234682,0.19503144938685008,0.29809954751131224,0.29577847156237275,0.2981178173920912,0.29814957245622764,0.29578356858487154,0.298167835331373,0.2958020446937483,0.295833898765097,0.2958657499547675,0.29589759826315076,0.2981456354590683,0.2959160598796979,0.2959479015918958,0.29597974042418485,0.29813692683368004,0.2959981912728917,0.2960300235123892,0.19491793642899127,0.2981282213581698,0.2960350829603508,0.29606690777576855,0.2981329957958501,0.2960853449055239,0.29815124531031056,0.29818296872175015,0.296090395480226,0.2982012112446895,0.2982329280968952,0.2982646420824295,0.2960820642595689,0.2982828739267962,0.2983145813564683,0.2983462859208386,0.2983779876202955,0.29840968645522725,0.19480460808674047,0.29603361040838455,0.2984144192980079,0.2960520372210678,0.29843263020009936,0.29846431797651307,0.21078542071270492,0.2984825219040737,0.2985142031341733,0.2985458815028902,0.29600361255362384,0.2960354014268943,0.21077346818982254,0.19473541629040997,0.19477177299200868,0.298510158013544,0.2985418265541059,0.2985734922354641,0.29598699950345325,0.2985916764466913,0.2960054163845633,0.2986098573749774,0.2986415128401859,0.29867316544814515,0.2107044541721197,0.29598375451263537,0.29867785749740533,0.29600216586950634,0.2986960249063755,0.2987276664861938,0.2987593052109181,0.2987909410809348,0.29598051157125455,0.29880909418982315,0.29884072353286123,0.298872350022553,0.29890397365928467,0.19461482951470324,0.21061651558201416,0.29593217281500855,0.29889515219842167,0.2989267676767677,0.19461604364882537,0.2989449003516999,0.29897650931060915,0.29900811541929667,0.299039718678148,0.2958705256514291,0.29905783708245054,0.29908943382618103,0.2991210277214334,0.21053817722888307,0.29913913552981475,0.1945646295294754,0.29582225427013387,0.29585398828301035,0.21053580280293813,0.29587238644556596,0.2105618888838823,0.19455708750112644,0.2958774498760982,0.29590917282393225,0.1945758435824661,0.19461212721866836,0.29902247849002206,0.2959009009009009,0.19463087248322147,0.1946671471038645,0.2959059586542359,0.2105026121419564,0.2105381670794866,0.2989732504728452,0.2990048183005359,0.21055475504322765,0.19465081723625557,0.2990094552003602,0.19467831254783666,0.29583108229785704,0.2990140908477018,0.29904564688934904,0.29907720009002925,0.2958228303925099,0.29909528739253727,0.21050499594923036,0.2958278950447815,0.2990999099909991,0.21052157868682778,0.2105571055710557,0.29581964631237906,0.2990910727141829,0.19460067491563554,0.2958247097993341,0.21055473073289244,0.21059024653590067,0.2990687840208736,0.29910031488978855,0.2106068103099276,0.19458438287153654,0.2991049341069581,0.21062336961410452,0.21065887114908927,0.19459435150206872,0.29572334397625577,0.2957550139401025,0.1946130671343136,0.21065647482014388,0.29904230924868486,0.21068249258160238,0.2957334891876096,0.2990469340046754,0.29907844459429084,0.29573855974107705,0.2957702162089271,0.29580186983099604,0.2990696211065666,0.21065168539325843,0.21068716012763472,0.29907424051770626,0.2107131622702557,0.29576705311404694,0.19451808582341046,0.19455427749820273,0.1945904659208339,0.2957588282864588,0.2957904667774833,0.29582210242587603,0.2989982480571403,0.29584044560237177,0.2958720747428469,0.29900287459575997,0.19456546148663822,0.21063504895356147,0.29900749988772624,0.29903897970181426,0.2106515784274103,0.29582397844634034,0.19455794531004444,0.21066810344827586,0.19458537242401114,0.19462153183083417,0.2958024691358025,0.21067516609804274,0.1946402118777214,0.19467636233055033,0.2957942457022308,0.19470377019748653,0.19473991293029935,0.2957992998833139,0.21065386168828254,0.2988691437802908,0.2989006057886471,0.298932064973526,0.29577780769058193,0.2958094041636755,0.2106420207277132,0.29582772543741587,0.2989098739401552,0.29894132424188047,0.2989727717220652,0.2958195030052929,0.29585108768782237,0.21062073914603516,0.29586939947078084,0.2989505785272222,0.298982017130813,0.21062780269058295,0.29900004484103854,0.2958479060173975,0.299018069318029,0.19458393113342898,0.2990360905626541,0.2990675154666906,0.19460259111489667,0.21059709521247982,0.21063248016495584,0.2990587180636486,0.2990901349110304,0.19460380064539262,0.2991081432348855,0.2991395536434525,0.2106206587497199,0.29915755511740455,0.29918895908948334,0.29568061654270095,0.2957121734844751,0.2991935483870968,0.29922494511894626,0.21059940865513843,0.29570398243963625,0.29922952875828707,0.2957222844344905,0.19452656096031531,0.210597034980069,0.29572733787173056,0.29920730888082764,0.2992386923421406,0.29927007299270075,0.19451907576571736,0.2957059060582994,0.19454643144980746,0.2957241996865905,0.2957557306590258,0.21054752204861887,0.29577401736950487,0.2958055418774341,0.1945389435989257,0.299180878205989,0.29921224599409185,0.21053573826254307,0.21057107053347654,0.21060639964197808,0.295757630000895,0.2957891439566832,0.2106228745301593,0.29580741867645083,0.2991498881431767,0.2991812446870386,0.19447924123120974,0.19451527759137477,0.21061107631743758,0.1945426079176918,0.21063696546788335,0.21067227266627903,0.21070757670632437,0.29571984435797666,0.2107334525939177,0.21076874916148652,0.29907879438332885,0.2991101372803291,0.21078519048470756,0.19450033534540576,0.19453634981668605,0.29910135467429694,0.19456366237482117,0.2956323483392195,0.29566383549396513,0.21076393545214786,0.29907920615054534,0.21078979126625844,0.29565567176186647,0.21081564245810056,0.29907043260636396,0.2991017562675962,0.21083206720886585,0.21086733097993654,0.29562109025915995,0.21089316831240784,0.2990796175498168,0.2991109324040567,0.29914224446032883,0.2991735537190083,0.29920486018046993,0.29923616384508867,0.19443451849204932,0.2955469203626781,0.19446181330951318,0.29556518243937296,0.21083422650946768,0.2955834412539633,0.29561489684736986,0.299173922750614,0.19445436685122344,0.19449033352681164,0.21082239485668364,0.29916514130095095,0.2991964285714286,0.21083880183920362,0.19449156325328096,0.2992009998660894,0.29923227995000895,0.21084579334969872,0.2955012050343658,0.29553264604810997,0.19448411281685113,0.29555089472979607,0.2955823293172691,0.2108339654633885,0.21086917722648582,0.2955873823227591,0.2956188096725261,0.19446799018514388,0.21087615988579586,0.2991033590578579,0.1944865732893211,0.19452250323386414,0.2955842997323818,0.29561571740778736,0.21086432967621085,0.2990679213307764,0.19452372458080627,0.21088071348940915,0.29907250512797645,0.2991037588620859,0.21089709291956482,0.19452494538320925,0.19456085599643336,0.21091346796843655,0.29908166904422256,0.21093924129630456,0.21097441383614157,0.1945620681970136,0.29546264931360317,0.2954940500066854,0.19458062215883767,0.21097196844779179,0.29901960784313725,0.19459917115993047,0.2954727742625434,0.29902419462638685,0.21096952414899306,0.21100467810202717,0.2990287801835516,0.2110304272285829,0.21106557377049182,0.2111007171811662,0.19456570155902003,0.29539886864727627,0.29899340815962944,0.29541709348416695,0.29544847243252875,0.21108884435537742,0.2954666904168151,0.19454958364875094,0.19458544839255498,0.21109577452246314,0.1946126447016919,0.2954454387605182,0.2989048170243077,0.2989360281351556,0.21109330484330485,0.29543734698419766,0.29894062138342387,0.19459651933947567,0.2111002314402706,0.29894521340513597,0.21112594570538495,0.2954029638200347,0.19459772160911357,0.29542117207315444,0.19462489988431075,0.21112347052280311,0.298896600818651,0.2954130889353561,0.19463475398167096,0.21113038836247164,0.29888790035587187,0.2954050086739914,0.2954363490792634,0.21113730374060402,0.29545454545454547,0.2954858794752057,0.19460997954282666,0.29550406901765464,0.2955353966559943,0.29556672150829294,0.21111605157847932,0.29558490062691745,0.19460252534234396,0.29560307651269285,0.2956343913932604,0.19462102689486552,0.29565256045519206,0.2956838689603058,0.19463952351320118,0.19467531890306236,0.2956888888888889,0.19470245766854807,0.19473824548928984,0.2110385281962405,0.29568076786349096,0.21106420795378805,0.2956989247311828,0.2985737770471409,0.29571707837213435,0.19472211115553778,0.2957352287872057,0.29576651414863847,0.1947405828002843,0.2957846577532981,0.194767700097717,0.29851210304241615,0.2957896606857346,0.21099613625260913,0.29580779820587977,0.29583906923042763,0.21101243339253997,0.2958571999467164,0.2984637243584051,0.19473427163344137,0.29848161960575387,0.2958490566037736,0.19475273017846045,0.19478847605096106,0.19482421875,0.19485995827599983,0.2984465157567687,0.2958146553637211,0.21094443458192794,0.2958327785913993,0.2958640276914884,0.19485245174173507,0.19488817891373802,0.29586901539690286,0.21093264708492324,0.21096765606282444,0.21100266193433895,0.29834523756709996,0.29837636412030877,0.211018941578317,0.29582150461320084,0.2983810157462852,0.21103521688991395,0.29582649576440323,0.2958577257406422,0.19482016940884297,0.2983592017738359,0.21103277016540287,0.2958495920539198,0.2958808140823837,0.19482131772634567,0.2110396807803148,0.2983241709522965,0.19483973932703816,0.19487543221916837,0.2983288266323862,0.2110372340425532,0.1948938433580072,0.21106284903820582,0.29579399902495235,0.2110884594929977,0.2958120983824507,0.2982805991314367,0.2983116940665574,0.21109535625664658,0.21113031148921085,0.2957908728400532,0.2958220725709982,0.2982899167109693,0.2983210029681478,0.2958270576769735,0.21111849390919157,0.21115343727852587,0.29831244186561545,0.2983435202409425,0.211169670933168,0.2983613817537644,0.21119525264602984,0.2983792401027367,0.21122082982774654,0.2957403471484237,0.29577152977640025,0.19472239440361286,0.29578961349448796,0.1947494244731716,0.19478507238036213,0.29579459938025676,0.29830463458899564,0.2111809490084986,0.298322489266587,0.2983535451889882,0.21119716751493695,0.29576031155956806,0.19476036642032127,0.21121338171519605,0.2983317845922386,0.21123893805309735,0.29573912658731916,0.2957702858154146,0.19475290890589744,0.19478853300300833,0.2957752709577527,0.29828364151110326,0.2983146812934047,0.29578025477707004,0.21119908001238444,0.21123396727111898,0.21126885144398744,0.2957721563771449,0.2112943881837881,0.2957902184487486,0.21131992040680964,0.2958082773257871,0.2958394128310563,0.2982138120081351,0.19470356779698483,0.29584438549955794,0.29821846956367976,0.19472195208204401,0.2112893957476904,0.29822312588401695,0.2958232044198895,0.2982409617254486,0.1947231183983736,0.19475870602793,0.2982456140350877,0.2982766239505082,0.29578896204321503,0.2982944503358077,0.21124022445102283,0.2983122735707343,0.21126573889993372,0.298330093656123,0.29836109025047486,0.19471684777807227,0.2983789036618225,0.19474381625441697,0.2983967139260633,0.19477077996643405,0.2956763679724418,0.2984013425189896,0.21121660410686685,0.2956813565309547,0.29571245639599064,0.29574355351465914,0.19475473530840215,0.19479028697571743,0.29574853207363916,0.29834010241921244,0.29837107667858564,0.29840204820340777,0.21116751269035533,0.2984198446327684,0.19477424195612836,0.19480978021008033,0.29842446709916587,0.2111650485436893,0.21119985878822647,0.2956491042273409,0.21122534527644177,0.2956671373102718,0.2956982131039047,0.29837642283596577,0.19477654740371464,0.2983942121051703,0.29842516211566456,0.2984561093956771,0.29848705394556924,0.19477769936485534,0.19481321395492435,0.2984916644614978,0.2985226019845645,0.19483153995413655,0.2955858358689421,0.29852720698474294,0.29560386260417126,0.2111111111111111,0.2956218861602222,0.19482408958645622,0.19485958647445223,0.2111179686122377,0.2956138417456469,0.19487789826324606,0.2984528584652003,0.19490479548660083,0.21111551853320992,0.29559277214631996,0.2956238156097131,0.21113167636171337,0.29564182787643767,0.19489732969066714,0.29565983696849524,0.29837856891082126,0.2956778428867251,0.2983963344788087,0.29842724349090266,0.2956828193832599,0.29844500242280075,0.2957008193110739,0.29846275822578516,0.2984936575052854,0.29852455406298173,0.19483836871311547,0.2110362443299423,0.2985291527215078,0.2956537055792857,0.2956847203874945,0.19483950508564132,0.19487495597041213,0.21102452340069563,0.2110592586070265,0.29848117983711203,0.29851206198274344,0.21107540608354977,0.2956246148428559,0.1948589286500286,0.2956426056338028,0.21108225870340214,0.2956605932576358,0.29569159001892353,0.2957225840521035,0.29843784378437843,0.19484291120302738,0.21107053284639415,0.29571453713481166,0.29574552334022614,0.2957765068191817,0.2958074875720382,0.19483547422136197,0.21105881317907887,0.21109351631916953,0.21112821640642182,0.19484517945109078,0.29577340898095617,0.2958043803324831,0.19486345045956285,0.2958223394898857,0.21111648564267183,0.2958402954885234,0.29587125709009365,0.19486457966936335,0.2958892064189932,0.2982062780269058,0.29823713017101156,0.21109548092139968,0.2958811376324234,0.29824175824175825,0.1948485780844798,0.2958860759493671,0.2982463850920758,0.19486683660015822,0.21107448912326962,0.2982510107224468,0.295865008568792,0.21109060550136216,0.29588294740542204,0.211115992970123,0.2959008830894952,0.21114137597750637,0.21117603127882967,0.21121068353540678,0.29817702613661323,0.21123605376438548,0.29819475556726843,0.29822557976106817,0.29825640124730995,0.1947738252086078,0.29827412059198105,0.19480063235552433,0.19483598998814386,0.21120576095547555,0.2982656421514819,0.29829645240604147,0.21122184659964,0.19483712354025814,0.1948724702576935,0.29569798068481123,0.1948992581537246,0.1949345974892459,0.2957029363999473,0.29573384831460675,0.19495281983761245,0.29575177740717984,0.21117303725808576,0.29576970335264174,0.2981701698187722,0.29578762615182097,0.298187881181168,0.29821867321867324,0.19492826745053307,0.298236377994209,0.29576661548585215,0.1949464818389191,0.21112427073737772,0.19497324326695323,0.21114961182508005,0.2982017543859649,0.2982325336608044,0.1949828962371722,0.19501819935973336,0.2982371513769514,0.29568077176057883,0.2957116548276769,0.1950278423291095,0.2957295685724307,0.29821561664255336,0.2982463831652784,0.29573451405023893,0.2110731194108364,0.21110770174900276,0.2957394582274042,0.2982248520710059,0.19499474053295932,0.2111145198755314,0.21114909282145675,0.2957184802138569,0.19500438212094653,0.2981902633539284,0.19503111033213566,0.29571046751084434,0.2111373992288819,0.21117196056955093,0.2981687549285902,0.29819950059140493,0.21118801471876641,0.19501511235708965,0.19505037231712657,0.29565065043143096,0.2981779957953749,0.298208732974204,0.21117631601997022,0.19505145609809502,0.29821334734629534,0.2111923632701318,0.2956038181977406,0.29563466001138405,0.21120840630472854,0.29565255461669804,0.295683390246038,0.29816574005165697,0.2957012782349851,0.21120595316261764,0.29571916309200735,0.2957499890576443,0.194984243697479,0.19501947568821393,0.29575492341356674,0.2111942584569603,0.2980920707159111,0.19502909902419813,0.2957469152008401,0.1950557864799825,0.21119180959047953,0.29575184844905283,0.29578265815031934,0.19506540093617394,0.2980314960629921,0.29806220200341194,0.1950835447467413,0.2980798670340725,0.19511021693491953,0.29809752897441505,0.29812822531269134,0.29815891896619584,0.19511981808640896,0.2956841138659321,0.21110625273283778,0.29570198067421627,0.2981374606505771,0.2981681458488174,0.19511235463845414,0.29818579234972675,0.21109459695751007,0.1951304803951567,0.2956552146166623,0.21111062546439968,0.2956730769230769,0.29815130457584893,0.1951315444454156,0.19516671765065768,0.2956650935151197,0.19519335809482194,0.29812986105042383,0.29567003102197753,0.29814750087382036,0.21106208222290182,0.2110965487112276,0.2981521121838277,0.29818277127380743,0.2956362206788101,0.2111033458548091,0.2956540729416903,0.2956848357791754,0.29816133117875704,0.19512621189623547,0.29817895977990305,0.2982096069868996,0.2956639448059037,0.29822722906296395,0.211064052744182,0.29566887879846315,0.29823182711198426,0.21108006635815943,0.195093202951063,0.19512833944473545,0.29822340564843514,0.2110868616324749,0.19514643620968095,0.2111120810055866,0.19517304586915724,0.19520816967792615,0.2955705869517783,0.2956013265840461,0.21110965658681327,0.29561916397591415,0.21113486626816177,0.2981239092495637,0.21116007155010688,0.29561120321088913,0.2956419316843345,0.2981155121270284,0.19515812431842966,0.21115763761667974,0.29812012038208224,0.29815073272854153,0.29818134240481486,0.21116441343218492,0.19515066939950285,0.2955695098552241,0.2956002267474818,0.19516874509461934,0.21116197950730325,0.29560516219044297,0.2956358721716005,0.29810794315110295,0.29813854134879464,0.2111595466434176,0.2981561396626128,0.29818673175834715,0.2111755219456915,0.29558926080892606,0.29819132708651125,0.2111914930706877,0.21122586830522508,0.2955813142757539,0.19508475314828533,0.2112418300653595,0.2955862489651867,0.2981439525967236,0.2956040604713981,0.29816154047224885,0.21123938139838816,0.2981791252831504,0.298209696388901,0.2982402648314313,0.19504333812448277,0.21123693379790942,0.2955446191367972,0.29823186133612056,0.19505291120498192,0.29554955582651105,0.29558023078597867,0.19507097448401986,0.29559803195889756,0.2981974921630094,0.295615830031782,0.21118850674793208,0.2112228461973793,0.29818909977363744,0.2982196491533539,0.21123879167754853,0.195038084874864,0.19507311977715877,0.2955564259912086,0.2981982766124119,0.21123634622916576,0.29556135770234987,0.19507419172359775,0.19510921590810199,0.1951442370447722,0.2955534284719805,0.2112247117685447,0.2112590272339685,0.2981250271892809,0.295545502001044,0.2981425899343164,0.2981731187472814,0.1951198294984994,0.2112473903966597,0.2981777062584265,0.29551187266243367,0.29819525983909545,0.2982257783962428,0.21124494499282515,0.29550395686581443,0.2982303578416453,0.19508695652173913,0.1951219512195122,0.19515694287453264,0.2954831978437595,0.1951834463571553,0.29819604433818736,0.21120577240719812,0.29547529012909113,0.19519297635605007,0.1952279542787605,0.29548022598870055,0.2955108426404763,0.19524595863027985,0.21118498240125147,0.2981228817241679,0.195263958288073,0.2112009037191519,0.21123517400182473,0.29546441915023025,0.1952734697423867,0.2954821894005213,0.2955127926675644,0.2955433932759969,0.19528297789167354,0.19531792911744267,0.21120521172638437,0.21123946842699556,0.19533591001867373,0.29550981413930866,0.19536236918667765,0.19539730785931395,0.19543224349789415,0.19546717610281347,0.2954890808839491,0.2955196665798385,0.2978945083568483,0.2979249869769057,0.1954681599166558,0.19550308186474522,0.2954989365857893,0.2111545138888889,0.2979037368169784,0.19551254231403525,0.29549103849325176,0.29790834924492277,0.2979388153612497,0.21114293152824784,0.2954831431422745,0.29551371051718156,0.2955442752397067,0.29557483731019524,0.1954795887380157,0.21113135519694604,0.2955797510085455,0.29561030623752926,0.2978529603122967,0.2111380985426787,0.21117231209610965,0.2956023939630497,0.21119736328548505,0.2956201214223764,0.29565066562594855,0.29780591449137106,0.19542123747994625,0.29782344779743325,0.29564274875352264,0.19543917454261683,0.2956604673342871,0.29781515519334145,0.19545710694004942,0.29566536627654966,0.29569589527978846,0.1954750346740638,0.21111255580115287,0.2111467452543989,0.19549295774647887,0.29567516033974695,0.2957056809810634,0.19551087615911258,0.21114433034360242,0.2977036395147314,0.29773406698149996,0.19552031886318344,0.2977515920807521,0.1955466990123029,0.29564652371669914,0.195573074590661,0.21111448001039546,0.29565142065142064,0.19559097405691023,0.29770463404071024,0.2956563163137153,0.21111207344534905,0.29567401377040664,0.2957045119944574,0.1955834596232951,0.29767059231035675,0.2957093994891111,0.21110052818425837,0.29572708775271656,0.19558441558441558,0.2957447729535518,0.29577525755345857,0.195602302731247,0.1956371191135734,0.19567193248214673,0.29576733316021814,0.19569827325053013,0.2957850095205124,0.295815483145095,0.19571614019904804,0.19575094111029379,0.21101592246452058,0.2974949162808809,0.19576879813100287,0.21103179753406878,0.297499567399204,0.2975299563092097,0.21104766848343282,0.19576971322289027,0.19580449826989618,0.2110635353142165,0.21109765591211832,0.19582234139168794,0.2956668396471199,0.2974702702702703,0.21110438467525727,0.29567172568858907,0.1958232445520581,0.21112023866142074,0.21115434500648508,0.19584107907137607,0.2956510461698081,0.29568149396965376,0.2957119391372007,0.21115193429868165,0.21118603042876902,0.2112201236115313,0.2957040366496672,0.2973335062016509,0.19580812445980986,0.21122682684412947,0.29733817301875376,0.2973685347621311,0.2973988938817836,0.2974292503780514,0.2956450358593277,0.2974467533589666,0.1957836530153793,0.21119702794937145,0.19580993520518358,0.2956243790764978,0.295654803040774,0.19582775450265624,0.2956724540036279,0.2111854890952278,0.2956901019174296,0.2973614889666192,0.21120131272130582,0.2956949781942225,0.21122625215889465,0.2957126203531799,0.19579483636991624,0.29573025946552695,0.1958211017095493,0.21122382905244982,0.2957351290684624,0.19583890879267923,0.29575276243093923,0.29578315853079545,0.19585671126456625,0.1958914159941306,0.2972121525979631,0.1959176627972209,0.21118494864934842,0.2972168284789644,0.1959354504659993,0.21120075937351684,0.2972215031495384,0.19595323353035074,0.1959879206212252,0.19602260471938227,0.29566042619273575,0.29720053487469267,0.2111801242236025,0.29721802889799437,0.21120503752264297,0.29563979816276365,0.295670174228049,0.2972098839967226,0.2972401897369556,0.19598119960329438,0.29725767506036566,0.21118440908894925,0.2972751573682849,0.19599051519724078,0.2956113122952233,0.19601672630081476,0.2111819984481421,0.29561619035303244,0.29564655172413795,0.21119779319856902,0.29566416688216535,0.2956945222600526,0.19600068953628685,0.29571213100624866,0.19602688959751788,0.29572973671736974,0.2957600827300931,0.29579042612779527,0.2958207669108143,0.2111498858299944,0.21118387041185593,0.2970749149183647,0.29710519514086325,0.19599396941632566,0.29578738800827015,0.29710987638368436,0.29580497889568436,0.29583530729144236,0.19599483204134366,0.19602945609577538,0.2970889673585393,0.29711923524092493,0.29714950051670685,0.2111087190527449,0.297166968053044,0.21113359452361477,0.29718443258136734,0.2972146885358819,0.21114937580714593,0.29572553915027333,0.29575585399449034,0.21116515301510783,0.2957734354824826,0.29580374435119433,0.21118092614907902,0.29582131944743295,0.2958516223427145,0.2958819226300615,0.19591222030981068,0.29589948797383936,0.29709147233456673,0.195929957406531,0.29710893133711924,0.29713916971391696,0.2971694054891164,0.2971996386630533,0.2972298692360633,0.19592240526474258,0.2110967741935484,0.295815233753387,0.297221744366076,0.19593170773663612,0.19596628537025887,0.29722640292410235,0.21108531131750946,0.29578191512232876,0.19597557829564022,0.21110107915215615,0.2972055030094583,0.2957740423885474,0.2958043160519302,0.2972101620599235,0.19596801925722146,0.29580915538362346,0.29721481990887993,0.21107147462070744,0.2972322503008424,0.2972624521896085,0.2972926514825956,0.19595204331571484,0.21106909590924716,0.19597817213079535,0.1960127180544814,0.2957250268528464,0.19603883828836569,0.29724620870387075,0.2110576510009451,0.2957171699815284,0.2957474226804124,0.21107340749967785,0.2957649686453054,0.19602284928918096,0.19605737845730975,0.19609190465965215,0.29575710727475735,0.2971615064198909,0.19610958433527997,0.29717892567306453,0.29720910261914985,0.29573655059894377,0.29722651554181695,0.29725668655819343,0.1961020005151541,0.29572869714531014,0.29575892857142855,0.21097136970425376,0.2957764614988411,0.21099618009356624,0.29721030042918456,0.21102098622376722,0.29576860355334306,0.2110457880959533,0.2972021970477171,0.21107058571122078,0.2957607483051575,0.29579096408804223,0.29719409644757167,0.19601870522115922,0.2972114972114972,0.2972416455750504,0.19603637611530542,0.2957577317376571,0.297246289782963,0.2110229466009007,0.21105678504031566,0.29574988206029934,0.29723818509306116,0.21107251597409837,0.21110634648370497,0.297242828352129,0.2972729611525598,0.21112206834455258,0.2957039958840679,0.1959699892818864,0.2957215124753494,0.2111287349423415,0.21116255144032922,0.21119636503922157,0.2957136733819117,0.19596245338819596,0.29573118463912224,0.2957613680195431,0.29579154881289105,0.19597171630597815,0.21117586561535825,0.29579637485537985,0.19598937355386065,0.29581387377351215,0.19601542416452442,0.19604986932864915,0.21116442464227572,0.29704836567707665,0.2970784784098698,0.2111801242236025,0.1960507153259659,0.19608515012635455,0.29574267603220833,0.2957728382371836,0.19610278372591006,0.2957903301785791,0.2970195272353546,0.19612041279492998,0.29703691016528216,0.21113251980304004,0.2970542901181709,0.1961296399366357,0.2957444986728316,0.2970589494413288,0.1961472602739726,0.29574932579940927,0.21111206232343122,0.29576681076916495,0.2957969525766136,0.1961480847421357,0.1961824873748181,0.2970000427953952,0.2111006504621705,0.1962000941418118,0.2957637997432606,0.2957939326515767,0.19621769638884135,0.19625208573995637,0.2969538803799093,0.19627807486631016,0.21107118412046544,0.296958549001155,0.21109590213020787,0.1962872663501433,0.19632164242942687,0.29571019203626875,0.29574031306132925,0.2969251165376556,0.19633082449538145,0.29574513577079325,0.2957752501496622,0.19634839868302903,0.29690439541645286,0.19637436401727307,0.29576742197520306,0.29579752896413153,0.295827633378933,0.2958577352199376,0.19637513892451056,0.2958751870057705,0.21097623525388956,0.2968329272983716,0.21100094025130353,0.21103465960083764,0.29683760683760685,0.21105935643775908,0.29582941628920606,0.19634234927146094,0.2110750299094172,0.19636829737235634,0.21109971802102026,0.21113342162600932,0.19638585099111414,0.19642018027254474,0.295771038017941,0.19644611507411047,0.29672817358619513,0.29675821125016016,0.2957632185871701,0.2967755712150331,0.21109497779296207,0.29576803177178973,0.19643009650696044,0.295785473333618,0.19645602049530317,0.295802911916656,0.29583297754248145,0.1964735516372796,0.2967042349726776,0.29583778014941303,0.2958678391530778,0.2958978955905579,0.295927949462182,0.2966835972512698,0.2959453691848058,0.21100251803166745,0.21103618982587913,0.29667562838731704,0.2959375266706495,0.19641561766588436,0.29595494111623144,0.29598498101292825,0.2966550046932332,0.19642476214855584,0.19645904436860068,0.2109978243249008,0.2966470437675966,0.1964765601672141,0.19651083432861285,0.2110044785668586,0.2966390855583042,0.29590139463470805,0.29593142272262024,0.21101113053861573,0.29594882729211086,0.2110357767259392,0.29660583319119904,0.1964780625079947,0.29662317728319265,0.2966531656363249,0.2959157571623465,0.29667050347444257,0.1964788131980561,0.19651306534805404,0.2966751918158568,0.2958953156301948,0.2959253260591595,0.2959553339300175,0.2959853392430958,0.2960153419987215,0.2960453421972215,0.19648868624025226,0.19652292483381625,0.21091652818611786,0.21095014912654453,0.2960248817689915,0.29605487389229723,0.29655348698504663,0.19651529351623073,0.19654952076677315,0.210938831146703,0.2960344166631171,0.2960644007155635,0.2960943822138933,0.2965076660988075,0.19654188492823985,0.19657610084319904,0.29608653068176977,0.1966019417475728,0.19663615073451138,0.2960912884271481,0.2964618725252267,0.19665361035422343,0.2964792030312061,0.1966794380587484,0.2964965305861819,0.29605823258981784,0.29651385519090795,0.296543798416617,0.19668014471164078,0.29605039155600954,0.29654849555262375,0.29657843220699637,0.29660836631346016,0.2966382978723404,0.2960299561720778,0.21074802144498342,0.29664298174701104,0.19664737916950306,0.2960221229525633,0.29664766442610396,0.2107457353128855,0.29666496511825763,0.21077034327278915,0.296001701403658,0.29603164476202626,0.21078598162640355,0.296048994173436,0.29607893170026367,0.196597916223687,0.19663208028576287,0.2107836883956287,0.2965813419508462,0.29661125047833664,0.19664115646258504,0.29662854470473193,0.21078139613978403,0.2108149470730774,0.19665022955279715,0.2959829968119022,0.2960129218736717,0.1966676584349896,0.1967018021081265,0.2960176803094054,0.2965575860603485,0.19671922145255194,0.2960224375318715,0.19674499638805082,0.2965496728138013,0.29657956235394095,0.2966094493541808,0.21073203891744913,0.21076557056674314,0.29597688941756234,0.29660152931180966,0.29663140903105223,0.19671225894146632,0.21076328420337256,0.2107968059802922,0.2959439371416437,0.2959738384438971,0.1967129570645942,0.19674706981484627,0.29597859781731706,0.29656050955414015,0.2959959237399686,0.19675611413043478,0.29601324672016305,0.29655260253035576,0.2965824665676077,0.2107318729835286,0.21076537759477013,0.21079887936157568,0.29657455749395134,0.29596774193548386,0.19672339883706125,0.2965792377557083,0.296609090523278,0.19674079103717534,0.2959473795883726,0.29661376559450053,0.19675817880935206,0.21075186693822132,0.29593958165386736,0.19677556215528214,0.21076746849942726,0.2959443407432547,0.1967929410766555,0.2107830660897599,0.29654294803817605,0.29657278588394975,0.21079865971073503,0.2959114428704725,0.2965774629967344,0.2108142493638677,0.2959162037233366,0.19676024086167415,0.29593351142772334,0.1967859565807327,0.21081195675217299,0.29653184092258117,0.2965616653241192,0.2959131761912837,0.29657891390054686,0.19677829588808818,0.2959179348056462,0.196804001356392,0.29657101682702497,0.21077392557429855,0.29658826022462387,0.1968130191557891,0.21078950714073824,0.2965929316043733,0.19683037416839697,0.19686440677966102,0.2958349222490572,0.2965850351665113,0.2966148370969792,0.19687341128622268,0.29663206947680576,0.2966618656273829,0.2958020925996526,0.29667909183327684,0.29670888220593844,0.2107157983905125,0.2957943331498031,0.19684905980010164,0.1968830728835811,0.21072245278224783,0.2966758416260851,0.2957740514905149,0.2966930600838379,0.2107291049199763,0.29577882213472206,0.29669771380186283,0.21074467634731806,0.29578359156718315,0.29581340219277824,0.29584321029461563,0.29667724867724865,0.2967070176923728,0.296736784187582,0.196800406297613,0.19683439840873504,0.2958104104951333,0.29672887309043205,0.19685172647257956,0.2958151736977955,0.29584496911229585,0.19686905013750794,0.2958622440345236,0.2958920336760164,0.19688636940519502,0.19692034350014806,0.2958967851099831,0.1969459836724335,0.1969799509347771,0.29590153533815505,0.2966080189477246,0.19699725100444068,0.2959062843609913,0.1970228781663636,0.21054634641407308,0.21057972852974755,0.2958985200845666,0.29592829055853875,0.2959580585151361,0.29598782395467804,0.2960175868774837,0.21056859015007398,0.21060196144741292,0.29602231897535614,0.19697353960605293,0.21061752398664357,0.2964497041420118,0.29647943873885296,0.2106330825796636,0.2959895195030216,0.2964841108857336,0.29600676103950985,0.29603650807064985,0.21063083618540585,0.2106641879330742,0.21069753686256285,0.21073088297422898,0.2964386802416459,0.29600371747211895,0.19689097283825455,0.29644335557996115,0.1969165786694826,0.19695049839499915,0.29598344384846054,0.29601317678858013,0.21069301913087546,0.29603040540540543,0.29639795616739156,0.29604763111223714,0.29641515010767217,0.2964448572876203,0.19691788051509393,0.2964620450899265,0.2964917465276312,0.2960148598446471,0.21064629152771328,0.21067961165048543,0.2964838968384619,0.2965135910855985,0.2106951420250707,0.19688528741453531,0.19691918126186958,0.2959571235651587,0.2964932269907583,0.19693645033336146,0.21068399510527872,0.21071729957805907,0.29648538036369776,0.1969454054510168,0.2959119098848247,0.19697097536280797,0.1970048512971947,0.1970387243735763,0.1970725945923145,0.2106883752319892,0.2964275169766755,0.2107127794179671,0.2958542448652524,0.2958839406207827,0.19706490110909627,0.29590115543560763,0.29593084545646214,0.2963821892393321,0.1970738288991019,0.21068386879163503,0.29638686285256544,0.19709106239460372,0.19712491041693014,0.29588567574403507,0.1971504447160983,0.1971842859551509,0.2958904109589041,0.29592008766753775,0.19720150040038775,0.2106372218476062,0.29630410046778205,0.2963337547408344,0.21065273271248577,0.2958874094050227,0.2959170774870434,0.21066823965618944,0.29593427427849167,0.19716885743174925,0.2959514681720521,0.2959811273064285,0.29626353258351235,0.19717775905644483,0.2959858472684386,0.21063937326257265,0.2960030324727288,0.2960326819407008,0.21065487471046537,0.1971700496925798,0.29603739419716174,0.2960670372241873,0.19718724998947323,0.19722105263157894,0.29615595132836514,0.2961855843718424,0.21062602618616597,0.29620274480087566,0.2962323721321827,0.2106415221417747,0.29599696931430736,0.29623705699132924,0.2962666778904836,0.21064814814814814,0.2962838264382812,0.21067250231461998,0.29596431427008374,0.19714694495876114,0.29598148537765623,0.29626356980560464,0.29599865359532124,0.1971558397845843,0.1971896167276705,0.2106436684896929,0.2959909132977157,0.2962308598351001,0.29600807638918103,0.2960376882308404,0.29606729758149314,0.29622308209959625,0.19716532783782648,0.29624022205399947,0.19719079860381009,0.21059714045416317,0.29624490139186743,0.2960222016651249,0.2960518017071017,0.21060376723847965,0.2962371242379651,0.29626671151097284,0.2960440576785639,0.29628384059189505,0.19714994325108243,0.29630096679277007,0.2963305451641377,0.19716711499663753,0.296011431933762,0.29633521055728335,0.19718428241227148,0.29601613716591024,0.2963398747741312,0.29603328010757207,0.29635698978948694,0.21050420168067227,0.29603798159741185,0.296361650281489,0.29639121119186657,0.1971517392034952,0.29640831758034025,0.2960178106359741,0.29604738102238837,0.2960769489247312,0.29610651434331553,0.2961360772784544,0.19713577758178993,0.21044011422812028,0.2961407634485365,0.2104644326866549,0.19714465672895234,0.29614544843802487,0.2961750010496704,0.1971618103954992,0.21046223603006003,0.2961796809403862,0.29620922715251247,0.19717068256233733,0.2962263358938841,0.2962558764271323,0.2962854144805876,0.29631495005456226,0.29617660637092375,0.21042471042471042,0.2963196105585631,0.21044901384809064,0.29633670429272796,0.2961564283316549,0.29618596064280617,0.19711336745825292,0.2104468219005664,0.2961906360127538,0.1971305113898561,0.2962916352042957,0.296195310205965,0.21044463087248322,0.29621240719768466,0.19713111316164753,0.21046009310908861,0.29625901694346585,0.19714824910882783,0.19718191730269227,0.2962636809661593,0.19720731298222074,0.29628076648916096,0.21044025157232704,0.2104733554148673,0.29611772597685726,0.2961472351486186,0.21048880690869456,0.1971913644938168,0.21051307847082495,0.29613949784130444,0.29621091457791937,0.29624041242298504,0.2961441743503772,0.29617367252001175,0.2962031682172492,0.29623266144240035,0.2962202480724103,0.19715063901110413,0.29623732506494593,0.21045795449784221,0.29625439919557567,0.19715949558004106,0.19719312945119397,0.21046458045326966,0.21049765415549598,0.19721023750680686,0.1972438636173243,0.2961256544502618,0.21050427207237393,0.296142731498932,0.2961722087276991,0.29620168348758324,0.2962311557788945,0.19722792177881998,0.21049325852106188,0.2961102039107315,0.19724501758499413,0.2962110110948294,0.29624047559239725,0.2961024825218738,0.2104822505023443,0.21051529992883755,0.296232733361239,0.19722908208111842,0.29624979072492885,0.2962792449671452,0.29630869674395244,0.29633814605566017,0.19722966186809507,0.2960204209733439,0.19725500041844507,0.2960374911084146,0.19728033472803347,0.2960545583866784,0.21044264078319805,0.29607162280885246,0.29610107095046856,0.21045806316670151,0.19727265121726764,0.19730622830133435,0.2962188388823825,0.1973315487891589,0.2960685905478879,0.2962234954623395,0.2962529274004684,0.2962823568770125,0.19733210671573137,0.29629939368597114,0.2963288175280147,0.19734916586528412,0.1973827243080525,0.19741627994481376,0.19744983277591974,0.29630868274737676,0.2963380988211688,0.2963675124357313,0.2959371342584852,0.29596656217345874,0.21031513834322493,0.21034814226605927,0.295971247074557,0.29600066864474067,0.19740910990388633,0.19744264761188415,0.2960053484873809,0.2960347637153721,0.19745968078883597,0.21031961562565282,0.21035260695187166,0.29602707106153653,0.29622357757540313,0.19746021137056685,0.29603174603174603,0.2960611503278894,0.2960905521677387,0.2103328739088669,0.29619111259605746,0.29622050532470245,0.21034828363818592,0.29623752453334445,0.2962669116418908,0.2962962962962963,0.29632567849686847,0.1974030311886769,0.197436539746159,0.19747004550578215,0.2963179427235535,0.2959716134418702,0.29600100183670064,0.1974788162123805,0.29631020953335,0.19750406945198046,0.19753756260434058,0.21025833646341974,0.29596861697688004,0.29629011392563537,0.29631947921882823,0.29597329438764863,0.21025619627806058,0.21028914757791964,0.29631174899866486,0.29634110726354873,0.29637046307884857,0.29594092862208504,0.2963874520273653,0.29641680223584865,0.2964461499958288,0.2964754953076121,0.2959209209209209,0.2102431496851149,0.1974309783968638,0.2964677426081154,0.2964970809007506,0.1974479796505567,0.21024101409390375,0.2958762456740191,0.2964893262174783,0.29589326662497395,0.2102476444592679,0.2102805686413474,0.29589794897448723,0.2959273000125057,0.2102959566486036,0.1974073610937435,0.296432144048016,0.2964614679281457,0.29590731016087357,0.19741612836007502,0.19744957492915485,0.2964537233820894,0.2964830402533544,0.21025876078169925,0.21029166666666665,0.29648764634806885,0.210315807016082,0.21034870641169853,0.2964922512914514,0.2965215580087482,0.19740898108806132,0.2103553130336985,0.2965261579473509,0.21037944104294223,0.2965431070387339,0.2965724043146891,0.2966016991504248,0.19739307874901096,0.2966186391271758,0.296647928378097,0.19741005996002664,0.1974434775367448,0.19747689233075194,0.1975103043423956,0.19754371357202333,0.21031597352316722,0.2956040296394971,0.21034009074636806,0.29657842157842157,0.2966077003121748,0.21035544826438027,0.19752778124609813,0.29661228566672215,0.29555953223188647,0.2955888472742405,0.19753651533435979,0.2966045272969374,0.21033578829109975,0.296621452941666,0.19754524651549824,0.1975786320519221,0.29662603486291966,0.296655295781679,0.19759557385914556,0.2966722129783694,0.21030739153945344,0.2954829049163963,0.2966767874225346,0.1975960738645816,0.21031399459347058,0.29668136072527657,0.29546305152409863,0.21032934131736528,0.2954800615410204,0.21035343035343035,0.295497068728951,0.2103775153833361,0.2966365941878352,0.29666583520412404,0.21039284971939307,0.29668274027269703,0.19753086419753085,0.29669964253055114,0.2954403757429652,0.2954696591853699,0.21038194588753584,0.29669187931177793,0.295474379753148,0.2967087765957447,0.2954913775192188,0.21037978891382034,0.2955083724602152,0.2967010137942496,0.1974739291204454,0.29671790610718735,0.295500810103444,0.21036889332003988,0.2967224691563162,0.19747445376755005,0.21038421599169263,0.29672703106828374,0.1974913818166715,0.2967439156076086,0.1975165081606379,0.2967607973421927,0.19754163033096633,0.2967776762727348,0.29680687621974006,0.29683607374190335,0.29537056259082417,0.29539981732126547,0.295429069622618,0.296828296247094,0.21030345800988004,0.21033623910336238,0.2968328421402183,0.29540926448613647,0.29543850911053005,0.21034282393957002,0.29545548869059973,0.2954847277556441,0.21035813586753538,0.1974437712673251,0.2967757998257189,0.29680497925311206,0.19746068627857766,0.29545265953032945,0.19748579015060366,0.21033853302356456,0.295457373988799,0.29677258773749277,0.29680175882523746,0.2968309274929484,0.19747812020407315,0.2954375777685608,0.21031894156194267,0.2968231585932316,0.19748683282876456,0.21033424566641784,0.21036699149906696,0.1975037319621828,0.29680308496081603,0.29683224147939297,0.19752062689166217,0.2953565505804312,0.29538576344264333,0.2954149738827626,0.29544418190109023,0.2954733874979274,0.21032124352331608,0.2967752632015253,0.2968044099970987,0.29546584880636606,0.19748021053504083,0.19751346871114794,0.19754672413078614,0.19757997679429803,0.29677205486263625,0.2102842462915389,0.21031696706028588,0.2967765992707988,0.19758047810415544,0.2953848703289419,0.2954140602344753,0.2103148301574151,0.2967565552379769,0.19758097920636236,0.21033011638984384,0.29676110006626905,0.19759784634499897,0.2967779342334134,0.19762289311301612,0.296794765612059,0.19764793573232847,0.21031055900621118,0.2103432570079914,0.29529645578005964,0.2953256324266137,0.21035853274819905,0.19764024011591802,0.2967378705083623,0.296766982655131,0.1976570908187764,0.29678380727679127,0.19768211920529802,0.2103389760357601,0.29525701514775265,0.1976989612217026,0.29676378083098826,0.2967928822677426,0.1977157990565257,0.2103281334050565,0.2967974180734856,0.2968265133021639,0.29520066197765826,0.29684332464523605,0.29521760714876716,0.29524676291730445,0.2952759162736825,0.19768355739400206,0.29682329583057576,0.29528063862348514,0.29684010257258664,0.19769221225029984,0.2968569065343259,0.2102477151482569,0.2102803738317757,0.2952487284456023,0.29684915646708565,0.29687823030804217,0.2102869428595055,0.1976681688510357,0.29688275177774104,0.21030220348092107,0.19768499379909055,0.29519242693563724,0.29522156084656087,0.2968627288885215,0.2968917913532281,0.21029138251704899,0.2952140849727228,0.21031532834648922,0.21034796264154063,0.2968717715608083,0.21037190082644627,0.2104045287384819,0.296876291215602,0.2969053423129364,0.21041976532804496,0.19760380086758933,0.21044369164669915,0.2104763085058041,0.2968853271645737,0.19761245817671114,0.1976456009913259,0.19767874106810954,0.1977118784074013,0.21046545244290257,0.2950359296274882,0.21048936609539542,0.2105219689461513,0.2950406739067597,0.2105458749690313,0.2950575994054255,0.1976878612716763,0.2950745221089138,0.2951036248038973,0.1977046608595137,0.2951205416116248,0.2951496388028896,0.29670601832741683,0.2951665497172576,0.2967228000660393,0.2951834578397788,0.19768881551795295,0.2952003631711444,0.1977137669197755,0.19774687409730532,0.2104481307254271,0.29667835774706003,0.19776365736920284,0.21046334117258736,0.29515636603680173,0.2951854449440984,0.21047854785478548,0.19776411864197022,0.21050243379259137,0.29662170523450065,0.21052631578947367,0.2951536399257579,0.21055019384640766,0.29661401410483773,0.19774826789838337,0.21056538413955214,0.19777319587628867,0.19780627602985443,0.2951096816757381,0.29658186616088733,0.2966108683103818,0.19781488352916923,0.2951022427440633,0.1978397988209589,0.2105284854480996,0.1978647100045344,0.19789777411376752,0.21054367091216356,0.2965542824169483,0.21056753080822652,0.2950461589185625,0.2950752112095611,0.19789005192450343,0.29509210038323647,0.21056535355200265,0.21059788207177882,0.2964977338277709,0.2965267191298257,0.19788233355306525,0.29654348453013635,0.19790722583834555,0.29656024716786816,0.2965892239248641,0.19792396095069406,0.21056100172996128,0.29498743770336505,0.2950164744645799,0.1979325398459701,0.2965571205007825,0.2965860890334802,0.19794926700708285,0.1979822935968705,0.19801531746685333,0.21052414872153827,0.29656620553359686,0.29659516653629214,0.19802387813915193,0.2949240459429418,0.21052198254569404,0.2965874943399333,0.2966164485058039,0.29664540028812514,0.2966743496871913,0.2967032967032967,0.19799983537739732,0.21050248981439565,0.29670781893004117,0.2967367598041233,0.19800839437083367,0.21050899065958936,0.2105414746543779,0.2105739559761366,0.21060643462519543,0.2967046529806229,0.29673358565081454,0.29474680159611666,0.2967503085150144,0.2947636872197771,0.2967670286278381,0.21058692880352076,0.2947684461627046,0.2947974501336624,0.2948264517190327,0.1979273759098573,0.29484332593140883,0.29672272708581765,0.29486019736842106,0.21055877636610337,0.21059123427349724,0.19791966451506804,0.29670284492682125,0.2967317574511819,0.1979363643837869,0.29481645907839027,0.2948454455771128,0.21057174565333553,0.2948623099054665,0.2948912909457071,0.2966874897254644,0.19792051945917066,0.2948960302457467,0.2949250051366345,0.29495397764628534,0.29666762542630565,0.29497082751253184,0.21052631578947367,0.2966721446179129,0.29670103939854564,0.29672993180511054,0.1978802941297293,0.29674663161353926,0.29677551858697887,0.29680440318738194,0.2968332854150409,0.29686216527024806,0.2948786397798678,0.2949075975359343,0.2968666584534516,0.29492444152431013,0.2968833408614955,0.21043771043771045,0.29690002052966535,0.19781573328953853,0.29691669745863614,0.29694556203300765,0.29488074223079763,0.2949096880131363,0.1978161816017405,0.19784910926853297,0.29692566596888725,0.19787391232966672,0.29694233531705316,0.29697118936222605,0.19789058973201462,0.19792350623768878,0.2948418072140835,0.19794829708658188,0.2948586434696976,0.2948875759067783,0.19796496122758792,0.29490440633461884,0.2969025641025641,0.2949212340006564,0.1979734996102884,0.21027155632127328,0.29492596086796014,0.1979901558654635,0.29494278331487633,0.29497170043474696,0.29500061518270926,0.2950295275590551,0.197990567972114,0.2968096448782088,0.29503423955386066,0.1980072166639331,0.1980401000451023,0.21020910209102092,0.2950268541675208,0.29505575598556905,0.2102242446603534,0.21025662048044602,0.29674113547858166,0.19802426627315953,0.19805713817272616,0.29674563488810557,0.2967744579695889,0.19807377049180327,0.2102372853571575,0.2949758216539628,0.295004712535344,0.21025241763645305,0.1980741651300963,0.19810702286323034,0.21026754619576352,0.2967059980334317,0.21029128600106517,0.2949610815239656,0.29671049936504035,0.2949778797312797,0.2950067586941384,0.29503563529122634,0.2950645095228343,0.21027195281782438,0.2966785436376295,0.29670734703906954,0.1980425078832057,0.21027846027846028,0.29671184636173786,0.29502088281058064,0.2967284936330508,0.21028496560759907,0.2967451381780962,0.29677392941947106,0.29500143284070907,0.29679056820042576,0.2950182160546891,0.296807204257061,0.29683598706561337,0.29502292075965947,0.2950517742397577,0.19796185642956535,0.2950685492121956,0.2102226223604518,0.21025494127757088,0.21028725754971767,0.2950611727157412,0.2950900163666121,0.21030236078720183,0.2951067834056133,0.2951356216503703,0.21031746031746032,0.2967068930251585,0.21034116010799314,0.29672352435881705,0.29675229057591623,0.21035625178943923,0.2103885480572597,0.29675677886385016,0.29506788810731227,0.29509671614934774,0.19784084403369592,0.29674913105704354,0.296777886817141,0.19785746412070163,0.19789026085534386,0.29678237049756734,0.2950531479967294,0.29679898614120437,0.29506990434142755,0.29509872051669866,0.2968034663178548,0.29511547108113634,0.19786642687811656,0.29680794539583927,0.1978911230995586,0.29682455351669457,0.2968532897425419,0.2968820236197949,0.2950719189277542,0.2968986229722551,0.19788346817030317,0.2969152196118488,0.1979081549272757,0.2969318135392409,0.29696053599150257,0.19792475182809754,0.21017156862745098,0.29500428904048037,0.29695286332815946,0.21018666013151982,0.2950089854598922,0.19791709209720237,0.19794984889324513,0.29693306652509494,0.29696177719699446,0.19796643390910204,0.19799918334013883,0.19803193009677025,0.294953454189123,0.2949822398236231,0.19804850167387933,0.19808124106960603,0.2969056172436316,0.29693431848797813,0.29696301738917463,0.29699171394750806,0.2949387755102041,0.19807354801844823,0.19810627703860909,0.19813900338734033,0.2100473392099249,0.2949194042032238,0.19815555374194074,0.21006243114212267,0.19818018606169413,0.19821290138316536,0.29689922480620157,0.296927909917996,0.21006037859007834,0.29486394974095376,0.21008403361344538,0.29692025290638385,0.2969489313101648,0.29485663009340457,0.1981809282975773,0.2969533830906644,0.19820554649265906,0.2948493128338975,0.2948780686730283,0.2949068221669453,0.2949355733159354,0.1982059123343527,0.21002201745086846,0.29689729685652544,0.29492824527071104,0.2949569896856782,0.19820627802690582,0.2968896498308263,0.2949616827001467,0.2949904210655036,0.29689410613842016,0.2950071326676177,0.198198565373329,0.2950238415454212,0.1982231640720515,0.20995150576633115,0.2968622656886716,0.295016502994988,0.29687881998207155,0.19822352605630933,0.29689537157757495,0.2950091668364229,0.20993237187321764,0.29502586874159775,0.2950545869317256,0.2099474520347061,0.19820773930753563,0.29685145207934505,0.29504724666014986,0.29507595813138926,0.2099454264071027,0.2968438199959275,0.19820003257859586,0.29506861587327443,0.20995195048456713,0.20998411987458773,0.21001628664495114,0.29681201905459875,0.29684064815568767,0.21003134796238246,0.21006350757205666,0.19816812538164055,0.2950012212000326,0.29502991818292834,0.2968088570498209,0.19817656396271724,0.2968253968253968,0.29685401489560864,0.19819306527755168,0.29687054897651893,0.21001871897127045,0.29497456765005087,0.2950032552083333,0.21003377141229604,0.2968508422166165,0.29500793360185523,0.2950366151342555,0.1981611814002685,0.21003173053453747,0.29504128869543994,0.19817767653758542,0.2968069961358552,0.21003823314081185,0.29503396103632,0.19818610704408654,0.1982187156858758,0.29678731191541274,0.21003619210280183,0.19823519843851659,0.2100597731061684,0.21009189233146297,0.29676763569831266,0.19824361684826802,0.19827621254624547,0.19830880559395073,0.19834139599170697,0.21008130081300813,0.2949067111093045,0.21010486952280302,0.2967117831158802,0.19834173305153632,0.19837431416378784,0.2967162480695765,0.2967448287072784,0.19839076723016905,0.2967613474745012,0.29678992279561156,0.19840721628540084,0.29680643588493416,0.2968350058911957,0.19842366133094988,0.21003453178955922,0.1984481637959051,0.29682739570215705,0.19847266227963278,0.2947317112799058,0.2968318440292445,0.2968604037204013,0.2968889610917066,0.19847297242415626,0.2969054580896686,0.2947005076142132,0.19848940144562657,0.20997279408778982,0.2100048725028423,0.1985058264647367,0.2968737312220869,0.2969022776176363,0.198522247482949,0.29464539438963994,0.2946740277665016,0.2947026588187538,0.1985306056177951,0.19856313674554532,0.29685851124279566,0.2099517025853322,0.296875,0.19857148654681223,0.29465952438925413,0.29687943838006736,0.29467618893036845,0.2947048082775411,0.2099326462712002,0.2947214671156733,0.19855566374553715,0.20994766521968436,0.2947261663286004,0.2968236582694414,0.29474282005516794,0.19855595667870035,0.19858846434655633,0.2947475157168931,0.2947761194029851,0.20992010382447177,0.2947927650255495,0.29482136339673143,0.19858069748580698,0.19861319492315802,0.19864568972508312,0.19867818189190284,0.2967077521894259,0.2967362659639165,0.20988405092029513,0.2099160822151052,0.2947543376033728,0.29478292593943817,0.2099310903931901,0.29670463296988364,0.19864623865110245,0.19867871762655534,0.19871119396936046,0.2099290780141844,0.2966850380936943,0.1987275600761843,0.1987600291757841,0.29668949309129217,0.19878444084278768,0.2099185608362708,0.2966939470059152,0.29672244054612484,0.20993356020093987,0.20996556613327932,0.19877663452969294,0.20998906306963178,0.2945965651328581,0.19879298473004173,0.2946132037262049,0.19881738285205136,0.2946298396241698,0.29465840521605313,0.1988337247914473,0.19886616724033204,0.29466310333657275,0.20994452767542615,0.19888250060733662,0.20996801489938863,0.2965587044534413,0.20999149831990607,0.21002347988017164,0.21005545885115168,0.29460816062176165,0.2100789313904068,0.21011090423378936,0.2965151576476302,0.2965436295936539,0.29657209923509653,0.19882638607851072,0.2945651734045567,0.2945937196503723,0.29656456116214136,0.29659302419681155,0.29662148492818124,0.29664994335653017,0.29457458429421046,0.2946031232300348,0.2946316598567903,0.1987864077669903,0.2100238663484487,0.2946363562818542,0.2966063988998099,0.21003882866850024,0.19878665318503538,0.21006228261748766,0.296598859546245,0.19880297638304756,0.21007723725180963,0.29660331581075616,0.2966317577129918,0.1988112566715187,0.2966482028059677,0.21007520012937655,0.29452193248433395,0.29455045278137126,0.19881149694789182,0.29662866844530683,0.2945551558268321,0.29458367016976555,0.2946121822076715,0.210047692183332,0.2966091419795498,0.19879566763659878,0.29460497070115177,0.2946334761173523,0.1988119772093587,0.2100371747211896,0.29657763950058585,0.21006060606060606,0.29659407700698964,0.2966224951519069,0.2966509110006868,0.2945786539549164,0.296667339931327,0.2966957505251252,0.21004160439471664,0.2967121738427983,0.29455955410153883,0.2945880452342488,0.19873995395985622,0.21003957677085858,0.29459273916730605,0.19875625908576966,0.2966686856450636,0.19878058628765244,0.29458553720676706,0.29667312661498707,0.21002059025394645,0.19878885748889785,0.2966775665092245,0.29670595834006136,0.19880515076898236,0.21001856785339468,0.29453077699293645,0.2945592508879561,0.2945877224845623,0.19880539187989346,0.2100165462690181,0.29459241323648105,0.21003994996166417,0.2946089903962553,0.2946374530928459,0.19879761136216914,0.1988299374621747,0.19886226095376422,0.2946302497276798,0.21002097789252863,0.29464681915365687,0.2946752722872126,0.2100359001250454,0.1988544691836076,0.19888678255959344,0.29648302008550453,0.29651139342609395,0.19890304887885144,0.2946324152115175,0.29466085974675377,0.29650389128593896,0.2965322580645161,0.2965606225555421,0.19889525038303363,0.19892754908680402,0.20996613449443638,0.2965531142914735,0.29658147222446185,0.29459426774700687,0.19892776523702033,0.19896005481881576,0.19899234179766223,0.29656200878642536,0.29659035950346607,0.2945633337363479,0.2945917627145966,0.29659480153133183,0.1989845261121857,0.29661119393963814,0.29663953582077524,0.1990007655425279,0.1990330378726833,0.19906530760243343,0.2098541616308114,0.19908955404262177,0.19912181759587497,0.29450151057401813,0.2945299283009748,0.20985217706529183,0.29454647978089255,0.2945748922630795,0.2965364478453484,0.2965647778985945,0.2965931056701031,0.2966214311601498,0.20983329306595797,0.29454399033621903,0.1990658721211145,0.2966139227765028,0.2945486754167002,0.2945770763718346,0.20982286634460548,0.20985467573769173,0.2098864825698414,0.2965825383407801,0.19904202221864434,0.19907426041457033,0.2945343314819287,0.2945627238700849,0.2965631036703155,0.29457925872268503,0.2946076458752515,0.29463603074322964,0.20984226621599872,0.29465255703536797,0.19904240766073872,0.19907463287064978,0.2946572256195687,0.2098402864384278,0.29648402928634643,0.294661893076954,0.29650040225261465,0.2946784119705563,0.294706781433513,0.1990507983750955,0.2964929214929215,0.2098129901467927,0.29650928979329205,0.2965375799252021,0.19905098922309797,0.296553942659536,0.19907519099316445,0.29464034417594787,0.2946687037632679,0.19909138423189804,0.29468521347591864,0.2965226130653266,0.19910757356488182,0.29653897174096555,0.19913176300345686,0.20973511797097955,0.2965434083601286,0.29657168120252403,0.19913994051925085,0.29658803198971184,0.19916412152387075,0.29660438014868395,0.20971630635698787,0.2097480612367903,0.20977981356477016,0.1991642894451364,0.2965849738850944,0.29661323369892734,0.19918045958540898,0.2945004619772627,0.294528802120993,0.2945571399879494,0.19918862467866325,0.29658191750010043,0.19921278817575708,0.29659825695811076,0.2966265060240964,0.2966547528211718,0.29451449682756403,0.29667108380516405,0.29453099903629937,0.2945593254366593,0.29458764956235445,0.2966635885494038,0.19917295647984584,0.29667991489020035,0.20963468486551587,0.29669623860944966,0.20965799614643546,0.19917312246618232,0.1992052661154371,0.294521372667068,0.20966447262803017,0.29453786571417107,0.1992134200176579,0.29664111721979214,0.296669341894061,0.19922956542674852,0.19926169649305833,0.296673755165911,0.29449526560744665,0.2945235707121364,0.19926983872261894,0.2966662654952461,0.19929396662387677,0.19932608608447994,0.20958684316085038,0.29449280012835427,0.2945210973848869,0.20960173264348453,0.20963343226116948,0.29452576699418487,0.29455405838947707,0.29458234751573964,0.19929424973935359,0.29656361522113955,0.2965918203688853,0.19931037247905056,0.19934247454093498,0.19937457402878564,0.2945397690827454,0.29456804970936057,0.29459632806862823,0.2946246041608209,0.2095558762225429,0.29464106777826765,0.19935871743486974,0.2946575287563625,0.2095623597306829,0.2964773774696429,0.2965055702492586,0.29653376076938487,0.2965619490302933,0.29659013503225545,0.2946149531212437,0.2966064345526664,0.29463141025641026,0.29465966908377067,0.20951846807146862,0.20955013419861396,0.29466431661592696,0.2095734027638694,0.19927100857165744,0.2965514479112428,0.1992950977250881,0.19932716568544995,0.29655586704044856,0.19935124744703855,0.29657216082011856,0.29660032835462297,0.29662849363337873,0.29665665665665664,0.2945627802690583,0.19934339592425032,0.2966610617343262,0.29668921894391287,0.20948759007205764,0.2967054961770946,0.2945320630854215,0.19933554817275748,0.2094940762087736,0.29453672203321996,0.19935163691667335,0.29667427062072277,0.2945413798623339,0.2945696106286766,0.29459783913565424,0.19935176663598897,0.2094670294494238,0.29460248869683514,0.2966311914859566,0.1993598719743949,0.20947351576252202,0.20950514061687403,0.29662372989839186,0.296651866074643,0.19936,0.2945482180712771,0.20950323974082075,0.2966444026716794,0.1993681011038234,0.20951809638072386,0.2966488042869711,0.19938417243171913,0.209532949456174,0.29665320484625535,0.2944822071171531,0.2966694654352085,0.1993842955381417,0.19941630352216846,0.19944830894698967,0.19948031181291226,0.20950591621362327,0.29443978094895473,0.19949636261891437,0.2095207642191934,0.2095523581135092,0.20958394948243475,0.2944209095995524,0.29444910682172404,0.29655530690537085,0.2095904095904096,0.20962199312714777,0.29444200263715187,0.2944701933834106,0.20963682128730673,0.19944067119456652,0.19947265390915264,0.2965004793863854,0.2965285822714018,0.19948869537429095,0.2944278010784901,0.2965329924908132,0.2944442225506251,0.29447240194903745,0.2945005790966093,0.2945287539936102,0.2945569266403099,0.209567925884514,0.19945693407339377,0.29647819837086725,0.2965062886803753,0.2965343767467859,0.20956601589012655,0.2965506228042159,0.29657870573675593,0.29449101796407184,0.29659494630952854,0.29662302410985153,0.29665109966870234,0.2966791729863495,0.19940131710237477,0.20953065134099616,0.296683561479826,0.20955383510256206,0.20958537850672412,0.29441340782122905,0.29444156258728704,0.20960019152501796,0.19937756852731117,0.19940951165017556,0.29443447037701975,0.2944626186866672,0.19942553955399528,0.2965932663156215,0.2966213251426064,0.20957319505384922,0.29444377966574925,0.29447192086790047,0.20958800303114905,0.2944883145888171,0.2945164506480558,0.19939384271813687,0.2965665749491566,0.29659462477071535,0.29662267235535705,0.19940191387559808,0.29663888999641164,0.19942588310342077,0.2095443128812343,0.2966432785839579,0.19944189754833566,0.2944271705333652,0.2095507633435644,0.2944435586734694,0.294471680816294,0.20956556396970905,0.29660037463632377,0.2966284074605452,0.20958036105686845,0.2966446162429266,0.29444112372982667,0.2966608224418234,0.2944575048810615,0.20957845246633197,0.29447388342165026,0.20960159362549802,0.20963308234731684,0.294478527607362,0.1993387244552444,0.2944949012109624,0.29452300338577975,0.2945511033219151,0.2965706775002987,0.2945674685359248,0.2965868811979768,0.19932297889287137,0.29457209987654814,0.199346925772539,0.2965794608370167,0.29660746993708687,0.1993629305196098,0.2966236661888836,0.2095393558147868,0.29452981925312527,0.1993709940682352,0.1994028662420382,0.2966044345368417,0.19942679722951995,0.29662062651753374,0.29664862283075943,0.20951243781094528,0.294475841757542,0.19942691129064352,0.2966411970709965,0.19945083369811772,0.2966573816155989,0.2944570450837611,0.20949387235397104,0.29666175943978035,0.2944616853664359,0.20950865327232943,0.2944780394653087,0.20953176592274336,0.29449439096189034,0.29452245514936953,0.29455051710421637,0.2095382045264707,0.20956964441969614,0.2945551445730422,0.29458320076360167,0.20958441041956652,0.29654815875288315,0.19934783473177714,0.19937967233974868,0.19941150741580183,0.29455268389662026,0.2965289650510914,0.2965569338422392,0.20955750805072954,0.2945455991094856,0.29457364341085274,0.29460168548258864,0.20956393846643082,0.29461801415056843,0.29464605111490916,0.29467408585055643,0.20957036683756608,0.29647881726412845,0.19934030123594165,0.29649499284692415,0.294655275183787,0.19935627433839306,0.2964993841141177,0.2095518118245391,0.19937224363304065,0.29650377433452524,0.29653172301458025,0.19938820912124583,0.20954991459103006,0.29458965599427983,0.29461767626613705,0.29651255163647916,0.2946339913413036,0.29652871554531735,0.2965566543548195,0.2095313741064337,0.2965728128350741,0.29660074656500673,0.19934082515983004,0.2966168996188056,0.1993647012110383,0.19939649011355515,0.2966212728788661,0.29454502143878036,0.29663742109651037,0.19940452560539898,0.2966535667500298,0.1994283899650683,0.19946016750684714,0.20945463205525125,0.2966461599523715,0.2966740752500397,0.19946819065761798,0.29669021350900865,0.19949204333505297,0.20944444444444443,0.2944327606047379,0.2094675025791604,0.1995000595167242,0.29665926043485163,0.20948224558619322,0.2095136078711418,0.2966636251834808,0.2943906696286893,0.29667975722956086,0.29440698135660454,0.19947641902344215,0.29442329049658894,0.2944512751358426,0.2966605853890696,0.2944675788221297,0.29667671319796957,0.2967046040369592,0.2944722023951146,0.296720726436417,0.19944488501189533,0.2967368462788946,0.29676472920466257,0.19946080957855924,0.19949254678084363,0.19952428146679882,0.199556013636724,0.2967455504023467,0.19957983193277312,0.2943834476198026,0.2944114149821641,0.19959573540485911,0.2944277108433735,0.29671461974398605,0.2093207577078545,0.2967307311274024,0.29675859882707245,0.19958790664500534,0.20932720500832078,0.29676294623400296,0.29437400950871634,0.19959589556673665,0.19962760478567468,0.1996593114922949,0.1996910156868959,0.29435531788472963,0.20930048324487047,0.29437160850794153,0.19969898605830164,0.2943878965503584,0.2944158415841584,0.20929864163795492,0.2944321241881831,0.20932166475270264,0.2093529737863309,0.296614531775886,0.29442508710801396,0.2944530229243378,0.2966188930239924,0.20935112237222375,0.2944576405384006,0.20937413404061597,0.2966115113609374,0.2966393539959625,0.29666719442685247,0.2944389471601029,0.1995962954167656,0.29445521826888826,0.29448314073135984,0.29451106098381413,0.2966363276612584,0.29452732380990065,0.20932257043368155,0.20935385589364144,0.29662894674368917,0.19956478733926805,0.2966450387719576,0.19958855876884124,0.20935200569665322,0.20938328256655722,0.19960443037974684,0.29662592460741266,0.296653745747963,0.19962029822410315,0.19965195380477774,0.2944037967174214,0.29664636557779006,0.2944200577371772,0.29666244859221763,0.1996520226185298,0.2966785290628707,0.2967063382230833,0.2944013917444251,0.2944292887360139,0.1996520914050763,0.2966989523621269,0.2944339025932954,0.19966794481559078,0.2967032967032967,0.2967310960907546,0.19968379446640316,0.19971542626773645,0.29673543593391827,0.2967632296565625,0.29679102118242173,0.2943687018375815,0.29680708132458705,0.2091911328881337,0.29682313892840206,0.20921411355644237,0.19968391939944685,0.20923709059302278,0.2968157395701643,0.19969975901710582,0.1997313739432725,0.20924353150306144,0.20927476694580502,0.2942686732235257,0.19973931590173,0.2942849243651013,0.19976303317535546,0.29430117293945735,0.19978674670247215,0.19981834695731154,0.29671457905544146,0.29429417571569594,0.20923161967938086,0.29431041971019073,0.20925457991156032,0.2966954873860002,0.20927753651796288,0.2967115392207177,0.29429180483183326,0.2943196621008171,0.19977105865635114,0.1998026445628577,0.2966924534259552,0.2943126652721317,0.20925092746073093,0.29432890011444807,0.29668508287292816,0.19979479894242533,0.19982637518743587,0.20924910231622143,0.20928030303030304,0.2942986782402841,0.2943265209500513,0.294354361462895,0.1998185261164589,0.20927847252357096,0.29435897435897435,0.19983432606208829,0.19986588829283686,0.19989744803376328,0.2965607004811864,0.2965884440938671,0.29661618551822055,0.2966439247545057,0.1998974682545942,0.2942939390354509,0.2943217665615142,0.29434959189306414,0.29437741503036036,0.2944052359736624,0.20919413341744206,0.19988172678888233,0.2944098399432311,0.2092088146016478,0.29655471460107224,0.29658244313926446,0.1998817500985416,0.19991328682353868,0.29658678858584264,0.2943680290072124,0.29439583825963583,0.29442364532019705,0.2944514501891551,0.29656775820624975,0.2944676491449287,0.29449544899326213,0.19988179669030734,0.19991332098814074,0.20912457647151525,0.2091557341527794,0.29652537031200754,0.2965530825290526,0.29658079256282993,0.199905463426163,0.19993697809988972,0.20914569301666075,0.2965734541157936,0.19995273915954473,0.2091603654694392,0.2943724648525184,0.2944002520280381,0.29442803701516046,0.1999527484643251,0.1999842501082805,0.2965194109772423,0.294421040198433,0.2,0.20912562497539466,0.2965120856625463,0.200015746171712,0.209140292867265,0.20003936233024996,0.2000708494056522,0.2964930924548353,0.2965207808564232,0.29434452359400215,0.2943722943722944,0.2965251269135414,0.20006296237997798,0.2943768937158147,0.20909734791847012,0.2091284674404879,0.29650613786591123,0.29653381594995476,0.2965614918561649,0.29658916558479875,0.20003933910306845,0.2943235907320719,0.20006293761309102,0.20910199425716872,0.20008653241032096,0.29655850540806294,0.2965861716353339,0.20010225351004837,0.2001337108699072,0.2090919815958158,0.2942587495084546,0.2001494239314223,0.2942749292230261,0.20909841544450125,0.29653220099079974,0.20015726361313152,0.2965481994024218,0.2965758540708417,0.2966035065649815,0.29423326388615906,0.20015723270440253,0.29424943988050783,0.20018080339595945,0.20905553590378492,0.2965728659015878,0.2966005109058754,0.20018863475595378,0.2966164970330491,0.2002121974221943,0.29663248064756964,0.29418467583497054,0.20902911476955718,0.2966368065377966,0.2966644403410207,0.29669207197297087,0.29671970143390297,0.2967473287240729,0.2090191302981498,0.29676329640977295,0.296790918732079,0.20903377847604085,0.20906484427163113,0.294085303589663,0.29411302674468837,0.2941407477222746,0.2001178087571176,0.2941569151024896,0.20905485530294107,0.2941730799434585,0.20907770230476266,0.29418924224577936,0.2966903537356209,0.2967179648241206,0.20908412829270207,0.20911517625814555,0.20914622178606476,0.29671062961218403,0.20006280174274838,0.2941361174346495,0.2941638211860748,0.2967032967032967,0.29673089753149406,0.2941684326191037,0.29674685084173763,0.20911159943493957,0.29676280164802826,0.2967903947265165,0.20912622121081337,0.2091572504708098,0.20918827729608852,0.2967830521773244,0.20921109411164726,0.2940922642397615,0.294119954497313,0.19996862006746685,0.2,0.20920928773140884,0.2092403027807193,0.29672915522786103,0.294089964312326,0.29411764705882354,0.19999215717030705,0.20923849109873735,0.2967101909579265,0.29673776662484314,0.2967653401293864,0.19999215870775502,0.20002352295448309,0.2940646071820605,0.2000470422203928,0.20007840062720503,0.20010975657559485,0.20014111006585136,0.29404617253948967,0.20917927412401036,0.2940623162845385,0.29408998275591786,0.20014108241564446,0.2966533427384591,0.294094596183236,0.29412225705329154,0.2941499157556522,0.20014105477627145,0.2941660463111703,0.29419370004701456,0.2966111655239961,0.2001488678210452,0.20018020135542758,0.2941867753055469,0.2090955384073015,0.20912651782216998,0.20018800673690806,0.29417985273382424,0.2942074961814123,0.2965457820944623,0.20912473076169963,0.20915570175438597,0.29655010377099894,0.2091784791291409,0.2092094443791848,0.2965544244322631,0.2001487803923104,0.20922402317751154,0.29655874407861255,0.209246789852803,0.29657467214719124,0.2966022077820402,0.2001409167416918,0.20017222483168937,0.2966065208031626,0.2966340508806262,0.29666157880317795,0.2940278647463995,0.29405549250577234,0.29408311810284105,0.2966542750929368,0.29668179683831586,0.20014086160347458,0.2966977071758354,0.2940647130169412,0.29671361502347415,0.2940808262587536,0.20014083405054378,0.2940969369792278,0.2941245501486465,0.20015646391550948,0.2941406555581632,0.29667149059334297,0.2001720901126408,0.2941452540185381,0.20019554165037154,0.2002268194439013,0.20905678085405913,0.2966409885426035,0.20024243372174866,0.29411534701857284,0.20026587425711603,0.2002971419634828,0.29662209711470794,0.29664959537120295,0.29409695074276776,0.2966654939212697,0.29411304823704165,0.2941406402689286,0.2941682301438399,0.29419581786202853,0.29422340342374736,0.20897330675733772,0.20900422072846647,0.2966118253937239,0.2966393122313404,0.29666679692079245,0.29419349796811506,0.20021099519399835,0.20024224427600218,0.29665950380933775,0.2941865916549461,0.2089698011485721,0.200250019532776,0.2966522129770694,0.2002734375,0.20030467559860943,0.20896804937114288,0.2966449244229192,0.2966723949382909,0.2966998633079477,0.20030461610560024,0.20896629827781465,0.20899718837863168,0.2940763013003241,0.2941038656774697,0.2941314279020733,0.29665781664844604,0.20028891578495295,0.20898727258530492,0.2090181534257271,0.2966505309181761,0.20904087129640472,0.2966664064329768,0.29669386002576215,0.2940671350507416,0.2967097302993638,0.29673717898680824,0.20903094875697614,0.29406025600999064,0.29408780487804875,0.20904550066338876,0.2967183049127873,0.2002107070391759,0.29408092395333413,0.2090518923136949,0.29671101400647654,0.20907459425717853,0.2940740451761401,0.29671529999219787,0.2940901111761264,0.29411764705882354,0.20907282443343606,0.29670801154536236,0.2967354420999259,0.2967628705148206,0.2967902967902968,0.20014039466500272,0.2940763561205787,0.29410388394946185,0.29413140963150713,0.2941589331669656,0.29418645455608844,0.20902214597629445,0.2942025030215603,0.2001169590643275,0.20014814237261705,0.2090285357866833,0.2966904455619226,0.2967178607624542,0.29674527382576493,0.2967726847521048,0.29414974470904626,0.2967885259957908,0.29416578978136326,0.29419329696024943,0.20010911499941544,0.29420933676252825,0.20897790593461404,0.2942253740648379,0.20011689070718877,0.2942414088677628,0.20898429890520903,0.20013246065139473,0.20900697339202928,0.2942345149980522,0.2942620077129835,0.20902150202555314,0.20013243485373738,0.20016358962374386,0.29663096397273614,0.20018694500701043,0.2942321922342953,0.2002102967520835,0.2090034658670509,0.20903426791277258,0.20022584790311904,0.2965890506969862,0.2966164388895378,0.20024139542127395,0.2002725326065797,0.20902437125282256,0.29415657725697825,0.29659763313609466,0.29417260305967535,0.29420007785130403,0.29660192285236076,0.20901447921531993,0.2942046471801658,0.2002413014711606,0.29422066549912435,0.20026463262764632,0.2002957543682142,0.29656004358315824,0.29421378263745673,0.2965758754863813,0.2966032450099218,0.29421834876663294,0.200287904135704,0.20031901649548708,0.2965959929974713,0.2966233564148448,0.20893141945773525,0.20032674653804264,0.20895406277957135,0.29661610268378064,0.20034226595620552,0.29414281269446174,0.294170264068759,0.29419771330792566,0.20034999027804784,0.2965857831700109,0.2942022786483649,0.2942297223734349,0.20891169952175434,0.20894245723172628,0.2003421328875238,0.29655547780110414,0.29658282470940406,0.2003576426683253,0.20894071914480078,0.2941770971002099,0.2942045322035216,0.29423196517412936,0.20894710249135218,0.29654100272055967,0.20034199992227275,0.2965568164153583,0.2003652897058252,0.2965726276521334,0.29659996114241305,0.29417935965184955,0.2942067840074601,0.29423420623203045,0.2942616263258091,0.20034965034965035,0.29427761159240123,0.2003729313961619,0.2965466340364371,0.29657395898073335,0.2088560885608856,0.2965897615163521,0.29661708160174,0.29664439956501476,0.29422501844731835,0.29425242718446604,0.20034173430158053,0.20037278657968313,0.2088300392187318,0.2966141181952318,0.20885264997087943,0.20038049386550708,0.2966183949994176,0.2966457023060797,0.20039597810474008,0.29666149068322983,0.29416559916152324,0.20883471780141294,0.20886542716298567,0.29665424623505665,0.29415874248010865,0.294186136769386,0.29421352893235536,0.2942409189692642,0.20035701812255036,0.20884749708963912,0.2966124713825618,0.29423405246003415,0.20886198735110387,0.2966167455575386,0.20034917555771095,0.2942271880819367,0.2942545680257594,0.20886026844596167,0.20035687963070717,0.20038789759503492,0.2088747527248749,0.2965634939104802,0.2942248768568437,0.20888923363326092,0.20891991467907697,0.20038005119056854,0.20041105983635166,0.2965332712889716,0.2004342936911086,0.2941837921675068,0.20891008491334187,0.29652605459057074,0.2965533284224402,0.29658060013956733,0.29416553595658074,0.20041866956117227,0.2004496646896926,0.29657337778122334,0.2088840652738478,0.29414728682170543,0.29417464439362817,0.20044957755212775,0.2941905979924815,0.29421795070531703,0.20046502615772138,0.2965201891033093,0.2965474483667222,0.29657470551766896,0.2004727033205471,0.2005036807438977,0.2005346557669211,0.20881760421509377,0.2941541083949948,0.2965445107306113,0.29657176060429985,0.29415866129532076,0.20052678467676338,0.29657603222557904,0.2087997211355978,0.2965917893106119,0.294140428333527,0.20881418945085586,0.2965960577779499,0.2941449814126394,0.2966118102613746,0.29663904592271356,0.2941495334340032,0.2004800991172371,0.2966433079097139,0.20878823073945024,0.2966590530757617,0.20048776711056054,0.2005187163705338,0.2966633119145312,0.2966905360944455,0.29408577179129897,0.2967062739482138,0.2967334933044353,0.2940903285730872,0.2005030959752322,0.2967377423474324,0.2967649562727343,0.20051851565220757,0.29407212505804053,0.29409943896304896,0.2967577187959452,0.29678492668394785,0.2941039925719591,0.20867344964988974,0.2941199226305609,0.29414722834706586,0.20868791582856258,0.2967547286581828,0.29678192929527347,0.294140398375556,0.20869430693069307,0.2967861700893375,0.20044086936344652,0.20870876677365713,0.20873936581593194,0.208769962491783,0.2967674580465548,0.20044078413177124,0.20047169811320756,0.20050260970423353,0.2005335189051264,0.296748753237716,0.2967759393845678,0.29680312342958753,0.20054116737533823,0.29399713965443935,0.2005643166357452,0.200595215089089,0.20870371801808765,0.20873429951690822,0.2967614778172824,0.2006028519534722,0.29677718525388364,0.20874067776962016,0.20061823802163833,0.2967814226652757,0.2968085928444479,0.2938994706950508,0.2939267501159017,0.29681282596098124,0.29683999072857914,0.29393131687719704,0.2087067367119901,0.2968442195527058,0.29687137891077636,0.2968985361708702,0.20056388073536227,0.2939018267485421,0.2005870085734147,0.2006178798995945,0.29390639481000924,0.20064100088813375,0.2939223106031354,0.20066411830572609,0.2006949806949807,0.29682251650515423,0.20071809126708362,0.2086244836505424,0.2086550339715874,0.2968152866242038,0.20867752644175094,0.2968309723240823,0.2968581133240698,0.2086919603226678,0.29687379390196833,0.20871444560225386,0.29688947205927757,0.29691660556477445,0.20872887242417226,0.2969322786031256,0.29695940731594384,0.29374541806536253,0.29697507523728683,0.29376133338477567,0.20871913580246915,0.2969792832066664,0.2970064038268652,0.20059406704470933,0.2970220644962197,0.29373191899710704,0.20870940368741803,0.297026266054692,0.29705337858685593,0.20872382274673146,0.29706903200925566,0.20057074543982106,0.2006015733456733,0.2936798673504801,0.29370710264517624,0.293734335839599,0.29376156693399136,0.29702741257662796,0.20868995296476212,0.2970430625698755,0.2087124132613724,0.2087429166184804,0.29704725927068076,0.2937208495547932,0.29374807277212456,0.2087492773174022,0.2970400061666538,0.2970670983157976,0.2970941883767535,0.29373000886354,0.293757225433526,0.29709837771184155,0.2937731196054254,0.2938003313682426,0.2971025660784465,0.2938162203814294,0.293843427338573,0.29387063219940673,0.20043917096848757,0.20046997187873183,0.2938751926040062,0.2004930472632025,0.2970495339342115,0.2086430689827832,0.20050839624094902,0.29705372616984405,0.29708079796657166,0.2005237416721223,0.20864140480591498,0.29708498594478033,0.29711205236811705,0.2937892264448808,0.2971276759587248,0.2971547376121357,0.20863170863170863,0.2937824831568816,0.20865414228518633,0.29379836008776994,0.20047732696897375,0.20050810269833327,0.2971131639722864,0.29714021785150685,0.20052343930413363,0.29715583265981604,0.297182881773399,0.20053877236867423,0.2086123297160009,0.2971870550659945,0.2972140988148376,0.2972411404825118,0.2972681800692574,0.2005309530222,0.20860264696829794,0.2972723425537645,0.20054627991074864,0.20057703404500865,0.2972765040775504,0.2936108012462976,0.2085929686898992,0.2972806646409477,0.29730769230769233,0.2936040921503019,0.2973232828243981,0.29735030573395377,0.20858329487771113,0.2973658911747741,0.29739290932861645,0.29357480678278924,0.29740848969547834,0.20050751662885924,0.29357939254133025,0.2974126331167583,0.20052283561433185,0.20854957136816207,0.29357269162758515,0.29359984624255236,0.2085639606396064,0.2005227351347196,0.20055346298716273,0.20857834659287444,0.29734819369715604,0.20056877137696477,0.29736376911843826,0.29739076970372363,0.2005840762373194,0.2974063400576369,0.20856067009913165,0.20059937756944712,0.29741048102043954,0.2974374735871528,0.2006146753745678,0.20855902577695823,0.29344652735095267,0.2006299696539008,0.2974187600829684,0.29744574611100444,0.20064526040866493,0.2085493720474709,0.2934173131576926,0.20066054764007835,0.29742703533026116,0.293421911600937,0.2934490438522387,0.297431171524018,0.20853171555828598,0.2934536379343444,0.20855409659832605,0.29346949744692286,0.20062960687960688,0.293485354524166,0.20065259117082535,0.20068327511419906,0.2973668048518348,0.29739377422945534,0.29742074153680814,0.2974477067741316,0.2974746699416641,0.20067544229957401,0.29749021413769283,0.2934111055681338,0.20069071373752878,0.20847243006791757,0.20850280101296909,0.297471511337912,0.29339318600368325,0.2974870516017648,0.2006828819151385,0.29750258948095293,0.2975295381310419,0.200698147224673,0.20072880705792098,0.20075946453914312,0.29752224608775696,0.2933302650251218,0.20844519444657514,0.2975263662511985,0.20075931891394386,0.20078996817118533,0.20845156837180764,0.293301123509337,0.2933282208588957,0.20846593305471417,0.29748485545586995,0.297511789288042,0.20077442110105811,0.20847230208932335,0.2932990876332132,0.20078966535055776,0.29331493406930387,0.200812603012764,0.2008432349559218,0.2974588938714499,0.29748581940824775,0.29751274288123253,0.29753966429064155,0.20843073385706073,0.29755518087063154,0.29325209794229223,0.2084450915778987,0.29755929345951954,0.29758620689655174,0.2932454695222405,0.2976017163435752,0.2976286250622534,0.2976555317192767,0.29323884313349935,0.29767103347889373,0.20841153713563412,0.20844185690209896,0.2976751311808189,0.29770202987361166,0.20072000306384283,0.29771752450980393,0.2931873013441581,0.20073523780347707,0.2977216159295424,0.29774850666258235,0.29777539533637093,0.2084003369323838,0.29779088020215166,0.2978177641653905,0.29313579112591404,0.2978332440088814,0.2978601232630249,0.29788700045934774,0.29791387559808613,0.29311796677639135,0.2006736326405634,0.2007042253521127,0.20835087450725248,0.20072713356295446,0.2931001492480196,0.20075003826725854,0.2978609421038534,0.29310476773551697,0.2978764109431796,0.20075757575757575,0.2978918774151586,0.29791873900068866,0.2979455985309308,0.20076511094108646,0.20079568493936728,0.29305332415270446,0.20827755039589949,0.2083078335373317,0.20080321285140562,0.2008337795456284,0.20832217845259493,0.29302432308398346,0.29786989942254005,0.2978967495219885,0.29792359756797065,0.20082594065463444,0.29793905096929607,0.2979658943182687,0.29298413305295357,0.29798134271295307,0.29299996176931603,0.2930269898310268,0.2008104285332008,0.29797400611620795,0.298000840946447,0.20824096017124072,0.20827122271910714,0.2980048922183152,0.20080259889164914,0.20083314224566232,0.2980089425612413,0.2082696423112198,0.2980243799915931,0.29293083683607185,0.29295785411333153,0.29298486932599727,0.20081763649562526,0.20084816993963475,0.29298949379178607,0.20087102689486552,0.20823623791878368,0.2929941171976469,0.2930211238015203,0.2082505729564553,0.20087086054772546,0.29791459781529295,0.2979414123668029,0.20088603727467155,0.29795684552224555,0.20090888260902773,0.2929697941726811,0.2979608981212769,0.2009240520829356,0.20820924016800305,0.2082394715742049,0.2979535736102627,0.2979803764364525,0.20825379857982745,0.20828402366863905,0.20831424644983967,0.2979730503492766,0.20089319795404229,0.2979884728424749,0.20091603053435114,0.2980038929811839,0.20830470956415542,0.29801931076594285,0.20092352312624026,0.29280671627551996,0.2980233534305121,0.20093868050520852,0.20096916971916973,0.208287229577626,0.298016024418161,0.298042806455305,0.20097665191515338,0.29275550299469727,0.2927824826428626,0.29803547587259205,0.20826975892584682,0.2980508830148377,0.20096880006102677,0.29276478889355045,0.29279176201373,0.20098394416688914,0.2980321867134467,0.29805895587842735,0.20099908480780965,0.2927740705433746,0.20102188667734308,0.20105235063102908,0.20108281226170505,0.29802889930992416,0.2980556614563477,0.20109793755480157,0.20112839280268374,0.29805969580299624,0.20816497674773196,0.20819515913855535,0.29268943436499467,0.29271639288028356,0.29274334934065094,0.2927703037463318,0.2081935975609756,0.292786098090774,0.2010898559561009,0.20112029874633236,0.29279073311995124,0.2979615164793294,0.20113541111026442,0.29279536708957216,0.2979655592807071,0.29281115471065566,0.20815238095238095,0.29282693992609804,0.29285387779978667,0.20816668571210908,0.29793555267768723,0.29285850314225864,0.20818098720292505,0.29793959705983164,0.29796633406961687,0.2010739175139952,0.297981721249048,0.20817942957236968,0.20820958038230142,0.2082397288961657,0.20107371306731647,0.20110413097277746,0.29277392827229115,0.29280085278105605,0.20823816049946703,0.2082683010392478,0.2928054815378759,0.29789501731947776,0.20828258221680876,0.2979104023141628,0.20107330440739896,0.29792578496669836,0.29277667833764653,0.2928035924953381,0.20108075195981429,0.2979184900490886,0.2979452054794521,0.20109584871199726,0.20112624609999238,0.29794924475896967,0.29276365849946734,0.2979646186037664,0.29277942631058357,0.20112603187887548,0.2011564211807669,0.29795732055232227,0.2081780144541651,0.20117150355635008,0.20120188650540088,0.20819229452706042,0.29793869323800104,0.29796539266020156,0.2082065713416489,0.20120165798380044,0.297969427332877,0.2082208448990456,0.29798479087452473,0.2926504695638949,0.2926773629381796,0.20822719841843135,0.29269312652068125,0.20117848317810302,0.29795483920018245,0.2979815258296271,0.29800821043028736,0.20118590596373864,0.20121626757886735,0.20124662688609327,0.29800091213134694,0.298027590924638,0.29805426769020293,0.2926087782633479,0.20124639002887976,0.29262453927119353,0.20126909339615473,0.20813860708993503,0.20816869300911853,0.2926180616237985,0.29264493579515233,0.29267180792462866,0.20126120650357088,0.20129154795821463,0.20132188710780216,0.20815132753447033,0.20818140382862352,0.29792244293364734,0.292631978731485,0.29265884318863694,0.2926857056053471,0.2081798503778529,0.29270145059618746,0.29789253844693375,0.29791919805589306,0.20127577172798725,0.2926949654491609,0.2979232317096321,0.29271070615034167,0.29273755741999163,0.29276440665097564,0.2927912538435258,0.201260249013058,0.20129056747010818,0.2927958703408487,0.20131324249440163,0.2978594200698345,0.2928004857869369,0.2928273244781784,0.29285416113240487,0.29785215543412263,0.20130535422912002,0.2928587690673143,0.20132802124833998,0.29287448778266806,0.2080282277952726,0.29289020411260336,0.29781099434728175,0.29783763277693476,0.20803459656310458,0.29785297018435625,0.208056746197322,0.297868305264755,0.29789493646880333,0.2012819540317075,0.29282815640763077,0.20130461165048544,0.208047328302173,0.29283276450511947,0.2928595805999014,0.2978537843166995,0.2978804079930232,0.29790702965041327,0.2928530805687204,0.20128146800121322,0.29286878720097054,0.29789976495564485,0.2979263808332386,0.2979529946929492,0.29797960653500627,0.2928511864149799,0.2012659667209946,0.20129624014554276,0.29285578927420886,0.201318881224892,0.2013491492022587,0.29793845687433684,0.20792754556822918,0.2979537703675635,0.29798037209654804,0.2980069718096393,0.2013412647292843,0.2980222777904069,0.2980488728925933,0.2079102894377936,0.298064173959162,0.2980907644518524,0.2981173529300352,0.20791666666666667,0.20794666868679218,0.29812135444284527,0.2981479377343484,0.20129525829419784,0.20132550653285364,0.2981519351662501,0.29264967622221383,0.29816722205392304,0.29819379756901054,0.2982203710715638,0.20131763280451326,0.20134787217931244,0.29262105781244085,0.2982130688271371,0.2926367594169979,0.20135523924894003,0.292652458644055,0.29267923385570443,0.2927060070403876,0.20783497350492053,0.2927216986488021,0.20785708878964498,0.29814933959050827,0.20133212231304876,0.2981646168401135,0.20786346779686674,0.2926930790479434,0.29271984259119116,0.2981573271784782,0.20132425274309496,0.2927244523476221,0.2981613196125908,0.20784625279007302,0.29817659075433156,0.29271798751655004,0.2927447420184597,0.20130877179710255,0.2927604206067025,0.29278717046786945,0.29281391830559755,0.2928406641201165,0.29812419635428483,0.20130091139431985,0.2981394645288156,0.2013235016071091,0.2981547303940104,0.2077740386433244,0.2928009679370841,0.2981587205565428,0.2981852551984877,0.29280556500699406,0.20130802963859065,0.2928212301062261,0.29817796930520907,0.29283689283689285,0.29286362261868765,0.20130778243943,0.29287928036888655,0.20133036017990097,0.2928949357520786,0.20770190091077434,0.29291058876880055,0.2981143483354117,0.2981408706166868,0.2013225014169658,0.29290410337791883,0.2981448596365285,0.20768475139791445,0.29290868563224903,0.20132225160559122,0.20769899134902345,0.2981263221517075,0.29815283496392553,0.2981793457732115,0.20770538243626063,0.29819459132799514,0.2013067945764248,0.20133695898481757,0.2981985724536425,0.2982250755287009,0.29825157660209206,0.29827807567404274,0.2983045727447797,0.29278054674520465,0.20766471587691146,0.20769463112587783,0.29829727790991806,0.29832376925400184,0.29276303371210693,0.29278973197432995,0.2012759050243479,0.20130605465800996,0.2983052126976937,0.2983316977428852,0.2983581807888281,0.2927611714975845,0.20130580820470242,0.29277681334440336,0.20763047662175932,0.2927924528301887,0.29281913890041883,0.2013055618443891,0.20133569784552693,0.2076290371264715,0.2928126768534239,0.20765109786463443,0.20134304146074622,0.2982495850309341,0.20136557395601493,0.2076574877404753,0.29825355512806007,0.20138050694025347,0.20767170821860975,0.20770159161197857,0.29824627569300394,0.29827274098657414,0.20138024663423465,0.29828795535108227,0.20770013952260644,0.292684766214178,0.20772218242147733,0.2927003996682,0.20137239377144364,0.20773638968481375,0.29270499528746463,0.2013873181029933,0.298224450559807,0.20140983112183353,0.2926985562968827,0.20772710139464756,0.29271418340808864,0.20141715664103724,0.201447254362492,0.20147734981533127,0.29817222536272847,0.20149984926138076,0.20770998982552663,0.2981762001658,0.20773201703153849,0.20776186887716655,0.20149956670811198,0.20152965111898125,0.2981577063632596,0.20776823387582882,0.2925974759841778,0.2015369547201085,0.29261310129204804,0.20777459695645623,0.20780443707860938,0.20154425612052732,0.20157432865052163,0.29259566134377823,0.20159680638722555,0.2016268735407095,0.29260026360384106,0.20164934478084048,0.2077794931656437,0.29802695986143535,0.20780149855039723,0.20783132530120482,0.20164903429840744,0.2016790904299375,0.2980085080751421,0.2078376750489384,0.29802371541501976,0.20168636603176993,0.2925057402040125,0.20170882264378198,0.2925213594790922,0.20782837786977795,0.20785819126114938,0.20171609212705102,0.20174613329319233,0.2925039512305261,0.20176857949200377,0.20785671282360024,0.20179102231252588,0.20787869666641584,0.20790849919109072,0.29789315274642586,0.20179827696474925,0.20182830486795575,0.20791483278787196,0.2924315377670779,0.20184314463043068,0.20187316632814264,0.20792116447888065,0.29242515420490445,0.20794313437887849,0.20188040616773223,0.2978075288631492,0.20190282791817088,0.20794946038431167,0.20192524629615702,0.29780033840947545,0.2978267408632877,0.20194006842877016,0.29235280848184075,0.2019624797924734,0.20199248120300753,0.20792451411601068,0.2923464401172844,0.20200729241063037,0.2079386558412269,0.292351061830483,0.20796061038863414,0.2923666704250761,0.2079825616355983,0.20199932353714908,0.20202931228861332,0.20205929878621623,0.2976852547722832,0.29771164468492844,0.292327346509356,0.2923539357505166,0.2079576194770063,0.2977044745839125,0.20797956270193102,0.20800931665351816,0.20202854996243427,0.2976973066376169,0.20802343926076178,0.20204334597904067,0.29770132211538464,0.20803755868544602,0.20205813866145872,0.29225973635783226,0.29769415652696407,0.20804386195501146,0.20206533984228314,0.20209530246704968,0.20805797536797838,0.2922314421957722,0.2976646391829992,0.29224704336399476,0.2976798318065776,0.2977061981454368,0.2922516705458368,0.29227823867262287,0.20803303303303303,0.29769903532149694,0.2080549508295173,0.2080846751491949,0.2020342290947305,0.20206417714392944,0.297680702544472,0.20809096708822758,0.29221705193635544,0.20207137228413824,0.2922326454033771,0.20809725713856891,0.20812696983340837,0.20207856526469817,0.20210850153823065,0.29221534421309325,0.20213085234093636,0.29223093371347114,0.20215319978993174,0.20810983157657825,0.29756189047261816,0.20813172799219834,0.20816142824994374,0.2021527960094513,0.20218271827182718,0.2975435964747797,0.2081677041926048,0.29215884801439984,0.20218989050547473,0.29217443473696053,0.2081739782527184,0.2082036669041281,0.20219706058788242,0.20222697109436508,0.292157156781885,0.20224929709465791,0.2974583895636527,0.2022716197473479,0.20818652072869032,0.20821620000749652,0.2974512743628186,0.29747760578688953,0.20823026759613222,0.20226361353670877,0.20229350921900766,0.2920741989881956,0.2082365285168253,0.20230823996702516,0.20233812949640287,0.2082505901307655,0.20828025477707007,0.20235285302161776,0.2023827364004196,0.20241261754017909,0.2082865063310107,0.2083161640756696,0.2973479172909799,0.2973742368056336,0.20833021200089893,0.20240458444136483,0.20243445692883896,0.291936631586832,0.20833645419818742,0.20244916301539154,0.20247902935889756,0.20835049616176746,0.20838013929454055,0.20249372823604297,0.20840197693574958,0.20251600584072785,0.20842381130662674,0.20253828010931826,0.2972446840371369,0.29184292292142405,0.20843003668488433,0.2918585064570466,0.20253780506063782,0.20844406183328967,0.2025600718616663,0.2084658856993151,0.2025823353293413,0.20261217768796078,0.20264201781303795,0.29180855442876924,0.20846430175123484,0.2971375116931712,0.20848611838658984,0.20264152355296142,0.2917913798263993,0.20266377342960828,0.2026936026936027,0.20848453106879652,0.20851414035612748,0.2027082631953017,0.2970748859130695,0.20273050308584253,0.20852034709754638,0.20854994950817218,0.2970678435185878,0.2970941321664984,0.20856394913986537,0.202722411278561,0.20275222496447537,0.2085779456306323,0.2916542028118457,0.29706487193868014,0.20275929110895088,0.29708004636033947,0.2971063257065949,0.20277393547422334,0.202803738317757,0.202833538933124,0.20286333732057416,0.20289313348035734,0.2085295656724228,0.29706596897776116,0.20855135296755867,0.20858093209253653,0.20289259286942224,0.2029223812549049,0.2970478325859492,0.20858712305220284,0.29149540393094686,0.20292941747935583,0.2915109849050964,0.2085933121614048,0.20862287977284616,0.2029364516008518,0.20296622833233713,0.2914938921887258,0.20298841987299215,0.29150946920174814,0.20301060809801286,0.20860568483173347,0.2969298573242698,0.20862745098039215,0.20865700627427547,0.20301004593494418,0.20303980879826725,0.29691175921430973,0.20866318147871546,0.2969269258056085,0.2914270778881338,0.20303924130978607,0.2914426523297491,0.20866156430838156,0.20869110729485552,0.20304625377981858,0.20307600418097654,0.29142558512822425,0.20309817095931318,0.20868948527490574,0.20312033442818753,0.20871123054529167,0.20874076285735613,0.29680910617652545,0.2968353485594865,0.20875471134828524,0.20311217255019032,0.2031419082801597,0.20876865671641792,0.29133241296966533,0.20879038877695694,0.2088199082192292,0.2967840620802865,0.29681029658645774,0.20312616578377976,0.2913045100160406,0.20881826320501343,0.29132007907792157,0.2031331592689295,0.20883219574055426,0.2088617037147546,0.2967590347965539,0.29678526143059597,0.20887562931195228,0.203125,0.2031547152925383,0.2912596017600119,0.20888176292926655,0.20316927665920956,0.20319898586928153,0.20889568264857206,0.2912425903142825,0.2912690128243364,0.20890959925442684,0.2031983896220085,0.2089313005554106,0.20896078723721484,0.29665660292966567,0.29124114796869177,0.2912675636390742,0.29129397734048895,0.29664964782171205,0.2966758589848699,0.20316750512390536,0.20319719779400805,0.2966799567760927,0.296706162903346,0.29673236707775996,0.20320417287630402,0.2967475131328937,0.29677371283808957,0.2967999105912156,0.29120101326180897,0.2088657105606258,0.2912165685763242,0.20318843818676202,0.2032181168057211,0.20887183880219,0.29675977653631286,0.20889352351867715,0.20892298525249517,0.20321751759579934,0.203247188500782,0.29674176131074287,0.20892910336610068,0.29675689764307256,0.20325415146325118,0.2911128485796195,0.20327624720774387,0.29112840177208593,0.208919663465118,0.20894911216170942,0.20328320428826682,0.20331286059929277,0.2911114419712648,0.20333494621654818,0.2911269912163168,0.20335702854590793,0.20893189430591738,0.20896133377991144,0.2966284608514439,0.20336397127228073,0.2966435960407829,0.20896744186046512,0.2033784789403185,0.29664769133459834,0.2089813230151053,0.2966628222776145,0.20338541666666668,0.29667795096908595,0.2967041142772115,0.2033999181638954,0.20342954917423003,0.20896410637902177,0.29669716581120287,0.2967233235392569,0.203436477238917,0.29673844322957343,0.29676459650427667,0.29091517608121675,0.2909415439535921,0.20343583832224,0.20893136015468133,0.2089607733779513,0.2909354550862582,0.29096181730304493,0.20897464495501525,0.2090040521952489,0.20903345724907063,0.29668042080220064,0.2034049513047357,0.2966955358138498,0.29092328278322926,0.2909496376138264,0.20341187839143685,0.2090162411268443,0.29095436301471683,0.20903786837117694,0.2909698996655518,0.20905949240087696,0.2966334720570749,0.2966596068814328,0.20907334472765104,0.20338101430429129,0.2034106107891217,0.2090871939666382,0.2909205735938777,0.20910880790519706,0.20913818722139674,0.29092529995171057,0.29659757818884186,0.20339486684247668,0.20914425791115734,0.2909192200557103,0.20340934412835177,0.20915809410628736,0.20918746286393344,0.29091314196591034,0.2909394727070182,0.2034087111507185,0.20343828902420913,0.2034678647012958,0.2034974381822232,0.20917022461481344,0.2909117909117909,0.29646954003786613,0.29092731457420745,0.2964846505067003,0.2965107646622123,0.2965368768791062,0.2965629871575978,0.20346657758972647,0.20349614014251782,0.2035257005010206,0.2965560751131893,0.20911418710802687,0.20914353569838207,0.20917288211065346,0.20920222634508348,0.2092315684019146,0.29081329771445535,0.29651615775609397,0.20349484306596424,0.20352439250602858,0.20922985606173022,0.20354638869310382,0.20925142814748868,0.296487258429467,0.2907640949554896,0.20355328066466377,0.20358282026555893,0.29648036197752475,0.20360480640854473,0.20363434081216392,0.2964844619150041,0.2036563206882486,0.20921091664194602,0.29648856094033893,0.2092324805339266,0.29650365207074264,0.2906718078006822,0.20924628332035738,0.2965077482019723,0.296533827618165,0.20362544483985764,0.2092523260555288,0.2965379197864927,0.29063345565069126,0.29655300222386954,0.2092583669989993,0.29063820324660883,0.2906644924582144,0.2965461013934183,0.2092644061515657,0.29656117987104424,0.29658724571089784,0.20927819771750408,0.29660231946348514,0.29062615783623563,0.29065243970212296,0.20928423236514523,0.20931352572889267,0.290657183077721,0.29657343952583815,0.2965994962216625,0.20350409304737563,0.20931180087413884,0.29660357791029296,0.20933333333333334,0.20936261619940003,0.2966076586919487,0.29663370736584826,0.20348837209302326,0.2905758192927236,0.20936088276679257,0.29662680045914025,0.29058056872037913,0.20937465289347995,0.2034801925212884,0.29661989559808966,0.290574559455057,0.29060082182652797,0.20937291774635375,0.2094021839718675,0.20347201658276576,0.20942369619128698,0.203493966984973,0.2094452052259521,0.2965581051073279,0.2905517930498501,0.29057804751683813,0.2906043000407061,0.20348579040852577,0.29061979648473635,0.2906460445496929,0.29067229067229067,0.20941246115139855,0.29068777979207516,0.29071402145763964,0.2907402611816063,0.20346256288842854,0.29075574298080126,0.20348450099874232,0.2964305529868689,0.2907604675247818,0.2964456115693309,0.20349138249870552,0.20936425163652503,0.2964497041420118,0.29074368551458896,0.29646475852377785,0.2907591613356506,0.2964798106788937,0.20347568866703641,0.2964948606078533,0.20349761526232116,0.2093315587104407,0.2907316351805982,0.20935304990757855,0.2907471073158109,0.29077332544728673,0.20348944664177726,0.29078879278480074,0.20351136573646275,0.2035408042578356,0.29641127989060134,0.2035627171261734,0.2907720167042389,0.2907982261640798,0.20357710358079895,0.290813687088907,0.20359900971806524,0.2963715637008572,0.2963975614261962,0.2092662380846819,0.2907969113680866,0.20928771981675778,0.2963907052347704,0.29080162541558924,0.29082782313176464,0.2035682624113475,0.20359768034573192,0.20362709610696608,0.29082179132040625,0.2908479834539814,0.20364146692765078,0.29086343156806266,0.20366335536762806,0.29087887740029544,0.29090506259000776,0.20367771951849936,0.20920872872281504,0.20369960124058484,0.29625253830533504,0.20372147973122645,0.20921475246428176,0.29086680448907265,0.20923622134445716,0.29088224437061644,0.29090841977040344,0.2037132732910084,0.2909238548702617,0.29095002583597845,0.203727625023067,0.20921907292589312,0.20374949256375244,0.2961473171451768,0.2092328130189306,0.2909225092250923,0.2909486734806834,0.20374880082650726,0.29096409991513855,0.2037706611570248,0.2909795240730493,0.2037925182616395,0.20920795366510495,0.20381437214106538,0.29097347744291563,0.20383622279601624,0.2909888974954815,0.2910150486869283,0.2038505513960093,0.29103046396695437,0.2910566107320671,0.20386487682549048,0.20916768079064793,0.291061287705583,0.20918912939267673,0.2910766961651917,0.20386416430072637,0.2959221296364575,0.29108137005493495,0.29110750626751214,0.2911336405529954,0.2038634520386345,0.2911490397021418,0.203885284576821,0.29588263481882854,0.20390711389605604,0.2911429729829347,0.20912575556538404,0.2911583680389194,0.2911844917815287,0.2039063939561452,0.2911998820754717,0.20392821608873493,0.29121527010096543,0.20395003500497438,0.29579955784819456,0.20397185070557458,0.2912091960798762,0.29123530928784586,0.2039861479516652,0.20906244243875483,0.2912399616886466,0.20908387667145542,0.2957492264623545,0.29124461306125454,0.20909760589318602,0.20912673566351148,0.20915586328815558,0.29123853717821235,0.20917728511453193,0.20920640765973117,0.2092355280600972,0.2912324630850241,0.2912585610133294,0.2956662616443904,0.20924153166421208,0.29126320827657304,0.20926294087327885,0.2092920516879579,0.2038727727875129,0.2912571323394073,0.2038945740999779,0.29561600471159866,0.29126177856301533,0.29128786484596414,0.20927493559072508,0.2913032277060101,0.29132930958339465,0.2913553895410886,0.20387134761168765,0.2913707451701932,0.20389314100677067,0.29554402619862385,0.2955699462800795,0.20924242981713823,0.29558498896247243,0.29134321768882676,0.20925612537708776,0.2955891549865725,0.2956150676868746,0.29564097848077986,0.2956668873684985,0.2038474270791187,0.29130498749448286,0.2038692118136011,0.29132033835969107,0.2956492957228495,0.29567519858781993,0.20387599749935645,0.20390527322203428,0.20393454679168965,0.2091851742903368,0.2039563187116226,0.295646738730789,0.2039780874296849,0.29566176470588235,0.20399985294658285,0.20402911550621278,0.20916810645884645,0.2912071754153801,0.20918948722661276,0.20921855473057413,0.29562245010475247,0.2956483387239047,0.2040133779264214,0.2911797133406836,0.2912057623755099,0.20402763486697045,0.2912211075588873,0.20404938634526346,0.2040786331067426,0.29559817754262196,0.20410037843994563,0.2956131971489456,0.29119365149344206,0.2912196914033799,0.2091400022041806,0.20916905444126074,0.291224332366014,0.20919042021745518,0.2040771349862259,0.20921178285462425,0.29555220920409886,0.2955780813868077,0.29560395166917625,0.20921777451340434,0.2040688920715361,0.20409811985898943,0.2041273454999449,0.295586399353749,0.2911327336148338,0.2956014098986635,0.20413408231449867,0.20416330127028418,0.2956055655493961,0.2956314243759178,0.2956572813039169,0.29568313633360255,0.20416253716551042,0.2956981353692556,0.2957239860524867,0.2957498348381414,0.2957756817264286,0.20416177334116264,0.2091085911409593,0.29577981651376145,0.29580565850794466,0.2958314986056069,0.295857336806957,0.20910692008512513,0.29587231700605393,0.2091282653360728,0.20915728069853615,0.20412356005576346,0.29091309292343814,0.2041452677916361,0.2041744616851913,0.2909177609859878,0.2958221765763122,0.2909330985915493,0.29095910507977263,0.20912491747964498,0.2958154545787949,0.29584127915505354,0.20415123400198026,0.29094242757609096,0.29096842800044004,0.20416544441185097,0.2958237084295824,0.2909730879225636,0.20909257561869843,0.29582783399325413,0.29097774681966493,0.2910037392770731,0.2041497122328531,0.20417888563049855,0.29581027088449835,0.2909977274393373,0.20906791775098046,0.29581439671602405,0.20908924317390506,0.2909917173642161,0.2910177007366145,0.204155672823219,0.2957968412180732,0.2041773543422499,0.29581180608991975,0.2041990326835703,0.20422819037848533,0.2958159302410786,0.20424986261220004,0.29095838218053927,0.290984357255376,0.20426404864825262,0.29579838089307303,0.2042857142857143,0.2909783524413025,0.20430737674895613,0.2089880232941435,0.29578083797245824,0.29580662882256,0.2090016846114407,0.2909510381953345,0.20902299692397833,0.29096634809037314,0.2090443061149762,0.2042766650800044,0.29097100175746926,0.20905795774905722,0.20908691513509556,0.2042833607907743,0.2909650021965149,0.29099095801149466,0.20429753276228127,0.20432665910172407,0.2043557833089312,0.2956699974378683,0.209062294121953,0.20436994473520478,0.20908358951837214,0.20911253430924062,0.2956524921320354,0.2091338236908552,0.29566744730679156,0.29569321965677486,0.20914745700695206,0.2043467125242399,0.2908678472120591,0.20436834595543849,0.20439745372064097,0.2956648984817999,0.20441908106526194,0.29085122727439,0.29566903211646794,0.20443322725776364,0.20446232626188734,0.20909988661716836,0.29566235096189014,0.295688110302454,0.20446898771211236,0.20910586944596818,0.20449060191618518,0.29078143854901817,0.2908073716542343,0.20450473509086256,0.20453382084095065,0.29081203612299367,0.20908891488739398,0.2908273315541257,0.29085325729326605,0.20453299214037654,0.20456207047814007,0.20908725371934056,0.2091161634622414,0.20457619065024307,0.2955409356725146,0.2955666825042944,0.20912214019443023,0.20915104337974638,0.29557082297909665,0.2091723003837018,0.20456040342030257,0.20458946906858624,0.20461853259280913,0.295553363294238,0.2907197661673365,0.29556830221767566,0.29559403770276194,0.2956197713074928,0.20914005991086432,0.2091689497716895,0.2956239041496201,0.20919019615005296,0.2906713419533932,0.20457284780306073,0.29068663257852445,0.20459442679230122,0.29070192096998027,0.20918087864733595,0.2955740578439965,0.2907065911995618,0.2091944789308406,0.2907218753423157,0.20921571491164012,0.29073715725291177,0.20456370938298649,0.29075243693183894,0.20458528037383178,0.2955134523418392,0.2907571000949113,0.2907829895966417,0.20459191122791648,0.29079826258349456,0.2908241477480108,0.20916821781816855,0.29083941605839414,0.20918944564067005,0.2908546821399898,0.2908805605225705,0.204568676105678,0.29089582193030467,0.20459023571480697,0.20461925785383298,0.29090046701692934,0.29092633806413953,0.29536665450565486,0.29094159279121523,0.2909674595067854,0.20461095100864554,0.2909827095644561,0.20463250045595477,0.29099795739714035,0.2910238173396068,0.29104967539572546,0.2910755315657026,0.20463165572574762,0.20907333795266403,0.2910801546203778,0.29526310031725195,0.29528879813302217,0.2953144940747493,0.2046233501057391,0.2953294199146826,0.20905643867580576,0.2953443435779649,0.2910317170980678,0.2090700302577376,0.2910469524642753,0.20909124047679803,0.2910621856090982,0.2910880262438491,0.2911138649948972,0.29529467507380547,0.20457030395801443,0.2090819636284121,0.20911078717201168,0.2952880725921067,0.2091319874644705,0.29107604853696756,0.2911018801923918,0.20455456367280014,0.2045835458718939,0.20913032389696506,0.2952491984844069,0.2952748734015811,0.2910746812386157,0.2911005063567812,0.29527903249307885,0.29111572505737077,0.291141545858527,0.20455290475323257,0.29115675990675993,0.20457442546527296,0.20908296307087187,0.29116136785753305,0.29522942461762564,0.29525508903535924,0.2090889228752458,0.2045661435385792,0.2952592484707253,0.291134170762789,0.2911599796111556,0.2952634069974879,0.2952890636376875,0.2090720448505588,0.2091008372770295,0.29529321830293764,0.29531887012230634,0.2045280821169876,0.291111596418432,0.2911373976342129,0.29116319697190274,0.29118899443170654,0.2045272581701725,0.29120419229229594,0.20454876273653566,0.2045777082347804,0.20904592096645078,0.29119819524797147,0.2912239848639208,0.29521557213025285,0.2952412137087972,0.20456943282278894,0.2912179860302678,0.29124377023536685,0.29126955256456893,0.29129533301807864,0.2913211115961007,0.2952024151602226,0.29522804975631045,0.20454628114202583,0.2913151003782368,0.2913408735498418,0.29136664484689795,0.20895305283828502,0.2952,0.2913712228646231,0.2952148934622936,0.2045231429298622,0.20455206515415938,0.2952190510816215,0.29135461353886427,0.20892863634711165,0.2952232077940963,0.20894979824784615,0.20897855325336243,0.29133801025044526,0.2952166327420762,0.2913531784974376,0.2913789343606891,0.20897692167908413,0.2952100596016863,0.20899807391794165,0.2090268188095065,0.2090555616119772,0.2090843023255814,0.20911304095054686,0.20914177748710122,0.20917051193547215,0.29130940270309547,0.20919164396003634,0.2913245658650004,0.295128419370073,0.20441005521650682,0.20443895528351919,0.2913185615691972,0.20446042642838982,0.2091747784396339,0.2913231395053209,0.20919590324689474,0.291338296713274,0.20921702498547357,0.2950575589207248,0.2950831578182875,0.2913322923853444,0.291358024691358,0.2044224973675611,0.20445138334180524,0.29136259666702974,0.29505518443218126,0.2913777455073516,0.20917737602555725,0.20445057538025918,0.20447945404385073,0.2950379324113398,0.20450090744101634,0.2091757105005263,0.20920441347270616,0.2045149348528291,0.2913188647746244,0.2913445835601524,0.2092103353171723,0.2913597271110789,0.20923143914652734,0.29137486846402266,0.29140058055152396,0.20924494757084286,0.2949350555112111,0.29496063563472774,0.20446959802641126,0.29497551242517683,0.2950010882971777,0.20448362172162368,0.2045124782356355,0.20454133265624433,0.29499455930359086,0.20920532443509485,0.2913100246627013,0.294998730642295,0.2950242982519765,0.2913145965548504,0.20920365535248042,0.20451825796859702,0.20922474436144753,0.2092534174553102,0.20928208846990573,0.204524854066205,0.29497498368501196,0.2950005438132183,0.20453886310904873,0.2950154069240529,0.20456028420213151,0.29503026787979847,0.2912135711178773,0.20457428685345608,0.2046031170714027,0.2950237396252401,0.291207596404755,0.20921972964157576,0.2092483873305791,0.29121217611886213,0.29500652268444705,0.29503206870311993,0.2045800420320313,0.20460886263995073,0.2046376811594203,0.29502554255280605,0.2950510832548366,0.2950766221062928,0.20464425445587597,0.20467306647346495,0.20470187640368037,0.204730684246749,0.29505940307157347,0.2911007280234706,0.20474465773270553,0.20477345985295717,0.29110531652904537,0.20479484300872777,0.29503150575794884,0.2911099040376607,0.20911790266512167,0.2950356664373393,0.29506119197624736,0.2091313950541294,0.2950760318609703,0.2951015531660693,0.20914488451234522,0.2951163885168157,0.2951419055893426,0.209158371040724,0.20473467023818143,0.29514605277445977,0.20475604459244245,0.2951608816822903,0.2951863916033297,0.20477000470486048,0.20479878401852925,0.29519053305829984,0.20482014909169863,0.2909354079971051,0.20911130409610654,0.29095053732315374,0.29517331210652004,0.29096566445964034,0.20911722141823444,0.29098078940704025,0.29100643947615945,0.20913070216691387,0.2951454203443785,0.2951709169831796,0.29100050640237285,0.20476001012768114,0.29517505787037035,0.20478136641469855,0.20911392405063292,0.20914252649090448,0.20479531317807032,0.2951578490579684,0.29518333694944676,0.2048092569155668,0.20483800983511716,0.29518747514191707,0.2909104056692458,0.20485194692505151,0.29519161243673175,0.2091030693033513,0.29520642036006073,0.29523189820337636,0.20485106998264893,0.20910898246882342,0.20913756957998988,0.29085191744677774,0.2952146884487495,0.20915103545484115,0.20917961691362486,0.2048353872285064,0.2952081526452732,0.20919307628374229,0.2908144829081448,0.2092140921409214,0.20483451365804306,0.204863243848683,0.20489197196329215,0.20921998627118032,0.29078757225433527,0.20924099562877063,0.20489848999349758,0.29512697323266984,0.20491980927611617,0.2092468845945458,0.20927544607382792,0.2951204536425037,0.20929644611383993,0.29513525226624293,0.2951607078367642,0.20490412047235565,0.20930232558139536,0.20492543241974506,0.2093233191304976,0.2951435277125835,0.2951689774696707,0.20493194208759072,0.20496064697812116,0.2951731109426333,0.20931407942238267,0.2049745496552471,0.20500324886289797,0.2050319459986283,0.29515593416113195,0.29518137520303195,0.20504583844654586,0.29519615981520914,0.2952215966507868,0.20505972788624635,0.29523637675929265,0.29526180938977303,0.2050736143187067,0.2952765849962112,0.2953020134228188,0.20508749774490348,0.295316784528792,0.20922177724861998,0.2953315535031388,0.29535697535986144,0.2050865800865801,0.20511525558241045,0.20922011398888968,0.2051365292356527,0.20924109075169528,0.2953291253381425,0.2903411959893241,0.2092545172575468,0.2953332371609925,0.29535864978902954,0.20512080778939776,0.20514947171036024,0.2953627578248954,0.205170735225183,0.2953775149635826,0.2902830358752479,0.20922267089702914,0.20517720012979054,0.29028769197490806,0.20923609358664697,0.29030281182408074,0.29533902887422947,0.20924951337322473,0.29030746494611254,0.29534313725490197,0.2092629302577041,0.20514668781085563,0.2953472447471799,0.29029119215799337,0.2953619950268478,0.20515315315315316,0.20925372058664551,0.2051744018449121,0.2953554570677044,0.2092671326655617,0.20518825436858223,0.2953595618965269,0.2953849479410599,0.2902226385186253,0.20926546345329441,0.2902377521613833,0.290263319044703,0.20927887039838627,0.20930735151100385,0.29026797291456563,0.20932829101386638,0.290283080025931,0.2903086397522239,0.20934168827427255,0.2093701609708668,0.2093986316168527,0.29527204637931653,0.29529742186374763,0.2953227955208296,0.2953481673507597,0.20507650765076507,0.2051051267281106,0.29535226986355617,0.20937432500539996,0.20511897476511035,0.29535637149028077,0.20938771102552103,0.20513281981138867,0.2953604722312205,0.29016700259141953,0.20514666186791433,0.29536457208666234,0.20937848634253428,0.29016122067079314,0.295368671056893,0.20939186757826556,0.20513835414342774,0.2953727691421992,0.20515957255424028,0.29538749370367706,0.29541284403669726,0.29543819254569004,0.2954635392308522,0.2954888840923807,0.20515126443397244,0.2955035971223022,0.2955289378079925,0.29555427667074313,0.29557961371075064,0.20932239965472593,0.20514295989929868,0.2051715457095591,0.289998921134966,0.20932825086306098,0.2955517997770506,0.29557713052858686,0.2899931681708676,0.2900186969653387,0.20932657390428935,0.20514848637376862,0.29555994966744564,0.295585274662065,0.2093324226192616,0.2899920914515781,0.29001761386103025,0.2900431344356578,0.29006865317565866,0.20933074545323843,0.29008374366531287,0.29010925819436456,0.29013477088948786,0.2901602817508805,0.2050885830308693,0.29549374730487277,0.29016493585827735,0.2901904419690981,0.29549782616506776,0.20929146306409888,0.2901950921567923,0.20931235179995689,0.29021016705586494,0.20933323753412847,0.2050508316269713,0.29021481428263524,0.29544883077696754,0.29022988505747127,0.29025537875794694,0.2093240428130163,0.20935244046977697,0.2902600201120529,0.2093733165738912,0.2954104718810601,0.29543577405106475,0.2954610744039069,0.2049983841430572,0.2902333931777379,0.2954651538544397,0.2093565991670257,0.29547984059167776,0.29550513391254396,0.2955304254173398,0.2902067777139575,0.20497541013030837,0.20934740469524016,0.29021142180264903,0.20936826992103375,0.29550267398872976,0.29021606489124974,0.2902415389584754,0.29026701119724374,0.2954961421137628,0.2902820641642145,0.29030753220655253,0.2955002153007033,0.2903225806451613,0.20932902762827413,0.2903376269240429,0.29549368541905857,0.2903526710436623,0.2903781301571357,0.2093273542600897,0.2093557181805137,0.29547655773576786,0.2093765693378291,0.29036192115929554,0.29038737446197993,0.20483483375775619,0.2048633527006671,0.29039199512247604,0.29543824415435377,0.2954635108481262,0.29548877572975685,0.20934485602610536,0.20937320711417096,0.2903653770303704,0.2093940480458946,0.20942239432074863,0.290369998565897,0.20944322948409996,0.295439879543988,0.2903746191073669,0.2904000573558933,0.29042549378069327,0.29045092838196285,0.2047743646725689,0.29541218637992833,0.29045553922798467,0.2047881872267221,0.20481668637780884,0.2954056766055046,0.2048378426805232,0.2954203397118899,0.2048589959508367,0.20488748745879318,0.29542441506324124,0.20935148692225009,0.29038730249722333,0.2954284895385497,0.20936481209472288,0.20487927204986744,0.20490775568690667,0.2954219802263935,0.29036071211090014,0.2903861308116627,0.2904115476915362,0.29043696275071634,0.20489953798216395,0.2049280137525965,0.2953837338394872,0.20494914768657785,0.29042076991942706,0.2093031583470601,0.29537723350162925,0.2093239759381266,0.29539188656951554,0.2954171142141067,0.29544234005227166,0.2954675640842045,0.2903733934772491,0.20491157728932483,0.2093073205655987,0.20493270332187857,0.29036761284318285,0.29543990264156345,0.20494649056873904,0.29037222619899783,0.20929816398840415,0.2954333977524873,0.20931897076190817,0.2903664471800744,0.2903918411164788,0.2049309382380305,0.2904068415214513,0.2904322312866753,0.20930981430462628,0.29044722719141325,0.20933061428929198,0.29046222095020036,0.20935141129753515,0.2904772125634972,0.20937220532999462,0.2094004864787523,0.29531065564974784,0.29047142141784105,0.20941378447011696,0.2094420600858369,0.2904760201709524,0.2952936127601745,0.2048421127919036,0.29048061793734803,0.2952976935455033,0.29049560180218836,0.2953123323917474,0.2905105835240275,0.2048339232721942,0.20486235252055773,0.2048907797361553,0.2952952952952953,0.2049118793121939,0.2953099306498892,0.29047363717605007,0.2904989991421218,0.2049183257675948,0.29051397526628064,0.2952928982451124,0.20493209435310936,0.29530753010971733,0.20495318418983632,0.295322159882786,0.20497427101200685,0.29047704127211005,0.2049953548202673,0.20502376103190767,0.29530513077033016,0.2953303083354175,0.2904608788853162,0.20503018827480263,0.2092383538153758,0.29532383095773945,0.20925912695577623,0.29044472227183427,0.29047006715245033,0.29049541022252384,0.20501464390313595,0.29529626058073505,0.2905,0.29531088175422304,0.20502106992357688,0.29050458879405777,0.2905299242965291,0.20921264059989286,0.20502749410840534,0.205055878887421,0.29527277920594114,0.2905137634331822,0.2952873973580864,0.20506229695476777,0.2905183492788805,0.20918859101131618,0.2092168201613479,0.2092450472960914,0.2952598515134209,0.2905021950958347,0.20504675565707758,0.2905171490774118,0.29054246966452535,0.20923593019521072,0.29523231746484907,0.2905470506369768,0.2905723665429632,0.29523639607493307,0.295261542853065,0.2905769436614693,0.20500927643784786,0.2952656177530415,0.2050303246521584,0.20919696050800898,0.2952696917808219,0.2952948310919274,0.29531996860954557,0.29052969502407705,0.29055500071336854,0.20918785890073832,0.29531350310293175,0.29055957773101754,0.2953281027104137,0.2953532327663065,0.20497824691534128,0.2953678279784617,0.2953929539295393,0.2905330718488144,0.20498466804535406,0.20914892858416229,0.29538648031945236,0.2091696673678206,0.2954010695187166,0.2954261880146875,0.2049764722657921,0.20917548925248636,0.29047551151350964,0.29541971128141153,0.2091887653264899,0.2904800940941655,0.2954237650580939,0.20920203856160233,0.2904846756949394,0.20494636684366202,0.29049960801083313,0.2905248904251149,0.2092003990877993,0.29053981827899517,0.290565096558113,0.20921366729611288,0.29058001995154625,0.2953436175139834,0.20491628072675455,0.20921947917779915,0.29057423767455115,0.2905995084244648,0.2092327420388972,0.2953161175422974,0.2906040746545092,0.29062934074153224,0.20489351093382718,0.29064425371273905,0.2049145299145299,0.2092161960044158,0.2952781140944377,0.20492824840650928,0.20495655889474435,0.20498486736692184,0.29527166559851886,0.29059707337914337,0.20499857590430076,0.29527573071309055,0.2953008187967248,0.29059129258481364,0.29531539228250037,0.2906062008329477,0.2091549797109703,0.29531945185976155,0.2091756833712984,0.295334021425775,0.2953591002918357,0.29538417737286027,0.20494661921708185,0.2905590548379061,0.20496761796313429,0.2953777176813863,0.20498861372046684,0.29055328233410427,0.2050096064897175,0.20503789091685345,0.20912195816137755,0.29054751147319363,0.2905727499110637,0.2050442887126036,0.20507256687535572,0.295308220396258,0.29056697730667996,0.2953227814333985,0.2953478446436193,0.20909058576661807,0.2050643715769258,0.20911127707244212,0.20913940256045518,0.29533089150456954,0.29535594907901286,0.20506347118017282,0.2091452140520552,0.29536,0.20507715281234445,0.29537455114302985,0.2904579067121729,0.20914358846741796,0.29047280483469606,0.20507625039991467,0.20510450732262192,0.20513276223651938,0.29533660339802376,0.20913452994490847,0.29535115154961616,0.20915520489035788,0.20918331082521857,0.20921141476242938,0.29040511727078894,0.20923208130485768,0.2953237154431099,0.2953487545748499,0.2050881182490051,0.2953632972108723,0.2903787394301144,0.2904039506874623,0.2904291601534745,0.20920814238516466,0.29534635879218474,0.2092288018187631,0.29536089798238135,0.29041309984726316,0.20505079207217447,0.2953649440596697,0.20507174314533314,0.20509997513939696,0.20512820512820512,0.2051564331119713,0.29534801136363636,0.29537303362806716,0.20918258646402954,0.20516280225828215,0.2953770771197273,0.20919581040298244,0.2051764538805652,0.29030425675435795,0.2092090315251349,0.29536014768007385,0.20922967696130634,0.20925774732881333,0.29028822944767857,0.29031342065097787,0.2051536877972599,0.20926353149955634,0.2903180011357183,0.20928416793838947,0.2953012988856555,0.2093048014478867,0.20933286018452804,0.295305347574607,0.2953303527074019,0.205123656104744,0.29534487652568836,0.29026077700904734,0.20513730220676932,0.2051655018270834,0.295338441890166,0.29536343963957573,0.29024476764810214,0.29026994430846725,0.29536748013620884,0.20515730855176817,0.29027452649499896,0.20517822308920022,0.20520641225705774,0.2953505692094904,0.20522732108660188,0.20525550551437993,0.2052836879432624,0.209212439275203,0.205304588327069,0.2953231925681665,0.2053254857467026,0.20921822371919874,0.2901864851450046,0.2902116495905272,0.20533182076006806,0.205359991492077,0.29528535980148884,0.20920917372656056,0.20537359988657308,0.29528940559316624,0.2901750903806621,0.29020024809498496,0.20920754182024384,0.20537264769465216,0.20922815224324898,0.2952620574790035,0.29528703047484056,0.2901739839126891,0.2053716958401247,0.29529107465542287,0.29017857142857145,0.29530558015943315,0.29533054630482536,0.2053707443228115,0.2953450474705966,0.2053916185483014,0.20541976620616365,0.20916722751585137,0.20544063474071975,0.29532816207983564,0.20546150031876462,0.2054896405170887,0.2953322000283326,0.20551050040726707,0.20915078971598555,0.20917879528311908,0.20552407932011332,0.29531532169540736,0.20919198357056865,0.2953298162376518,0.20921257612236227,0.29534430872720835,0.29536925582383344,0.29539420115410486,0.20921835174171624,0.2954086870331693,0.2899469026548673,0.29542317086120845,0.20922412572561236,0.29543765263865784,0.2954625893678771,0.209237303132189,0.20926528878822198,0.20543582121244294,0.2054639394153868,0.20927845995965888,0.28987968860580327,0.20929903400445843,0.2954143372726629,0.2954392668860347,0.2054557033682423,0.2954537413762604,0.20929738908936532,0.2093253617292249,0.2093533323899816,0.28982277406346174,0.2898478952953661,0.2954264086873475,0.28986276174306735,0.20935167827963075,0.2954304307844663,0.2954553492484527,0.2093648323666714,0.2954698164586059,0.29549473088620126,0.2955196435517522,0.29554455445544553,0.28980587673703195,0.29555901279966057,0.29558391966905917,0.20534577853203226,0.20537387307760296,0.29558792335430956,0.20539470428111853,0.20931136877828055,0.28975927038778326,0.29558147755390596,0.20932452016542363,0.205393750883642,0.20542183578977133,0.29557503357602316,0.2955999293161336,0.20543539722929036,0.2093154751387073,0.2956039296063326,0.2093360189405986,0.2054416961130742,0.20935655983887494,0.2054625114832874,0.2955870402430838,0.2896410401356699,0.20547606429959372,0.2055041333992793,0.2955805984385488,0.20934011586830578,0.2055176798897877,0.20554574355351465,0.29557415845431106,0.2093458604125459,0.20937378589340586,0.29557815921452285,0.20939431396786157,0.2055375052973584,0.2955821591270262,0.2094074440285331,0.20555104346904904,0.2895127118644068,0.20942057130751032,0.20556457877268555,0.2895173533877061,0.20943369580567717,0.20946160635481023,0.20557085363270494,0.2955131146962262,0.28950155323354987,0.28952663348512125,0.20557712672079068,0.29550668878613534,0.2895312720598616,0.20559065400769422,0.2094303663443213,0.2895359096523734,0.2954898362507058,0.2955146980978932,0.2055896675841626,0.20561769998941387,0.28952011291460833,0.2094139232913447,0.20944181779690918,0.2895247503792824,0.28954981653965567,0.2895748809313812,0.29545614901573414,0.20944015239707905,0.20946804007337377,0.2055804437546298,0.2895590828924162,0.28958414165285173,0.2094737584650113,0.28959898423447256,0.2896240389363053,0.205572209486863,0.29538721963605585,0.2896286631166908,0.20946470131885184,0.20949257731231707,0.28963328631875884,0.2095130637142555,0.2953599887172978,0.28963790854281984,0.2896629530390636,0.28968799576943416,0.20552774448283156,0.20555575140127613,0.289692611393119,0.20557650957030563,0.2953119492421572,0.29533678756476683,0.2896870153672635,0.29535121418249743,0.29537604849510113,0.20944493392070485,0.2953904708204116,0.28967121260175493,0.2896962435689619,0.20945065012861622,0.2055320648343904,0.2897008562066171,0.2055528151645409,0.2953528520593313,0.20557356257046222,0.29536727144618635,0.29539209469456773,0.28967485116426533,0.20941947301676764,0.20944732114551412,0.20947516731243396,0.29537529498784826,0.20555085939701323,0.2055788398548938,0.28963865605409594,0.29536890297587604,0.20946612198901254,0.29538331513892313,0.2094865835622227,0.20951441952181415,0.29538732394366196,0.29541213337558536,0.2954369410604887,0.2954617469985565,0.2895718912829179,0.20552719591621194,0.28958670703372524,0.2094906185095223,0.2954449450858913,0.20951107043542538,0.20953889475536783,0.20956671711660976,0.20551175559622695,0.2954281490866857,0.2954529457309777,0.20552525074784445,0.29546734234234234,0.2954921349896189,0.20553874305017947,0.28948942608818046,0.20953553835327235,0.20956335104324267,0.28949405390190697,0.2895190514723991,0.20553053757388123,0.2055584872471416,0.29543375782734116,0.29545854293453405,0.29548332629801605,0.2955081079179711,0.28948294055575097,0.2895079314832401,0.20951744513224535,0.29550170576442863,0.2895125553914328,0.2955160893265342,0.29554086369390914,0.2055069100116046,0.2095084042478374,0.20552762052111537,0.20555555555555555,0.20558348862557577,0.20951409886787145,0.20560419083781598,0.29549289832653636,0.29551766567059234,0.2894255782886873,0.20561043343762084,0.29552165354330706,0.289430208443179,0.2056239015817223,0.29552564057502373,0.2894348376212569,0.20946824587916915,0.2955296267660083,0.29555438411526974,0.2056156873770031,0.20564360262852724,0.295558366715862,0.2955831195755297,0.2056570625439213,0.20944450300411088,0.20567774576628486,0.2955767136282191,0.2056984260820686,0.20572633058141576,0.2893276189137919,0.2955703094811536,0.20942812982998454,0.20573255119603778,0.28932209343168247,0.20575322257735942,0.20578111829165496,0.29554314613844695,0.20941911919645992,0.2057945566286216,0.29554712740553446,0.20943217333286512,0.20580799213427908,0.20945257909336704,0.2892556179775281,0.209472981987992,0.28927041640334245,0.2955096022188674,0.2955343350652998,0.2955590661751799,0.2892649020571509,0.20577807420928845,0.20580595338388094,0.289269542630489,0.20944190944190944,0.20946965708469342,0.2955215499087463,0.2955462745235672,0.2892538780094055,0.20947534655202668,0.295550252667041,0.29557497280415485,0.2892483683065478,0.2057616056703744,0.29557894736842105,0.20578225325427177,0.2094589853343625,0.20948672069606708,0.2892225652539994,0.20950710401683914,0.295551813653266,0.2955765250640194,0.20952013469903186,0.20954786207864184,0.20957558751315328,0.20574515099435306,0.28917648709315374,0.2892014168975555,0.20575857473521778,0.20957390846922672,0.2892060597559265,0.20959427709787146,0.2892208429763658,0.20961464286966583,0.295476858345021,0.29550156025384805,0.2057359231470444,0.20576376958945414,0.2096129575094657,0.2954951796669588,0.2955198766038,0.2096259683808322,0.2955342120022434,0.2955589049738862,0.2057483350858745,0.29557323612912273,0.29559792513668864,0.205761749553149,0.20960958856101494,0.29560189241282636,0.2956265769554247,0.20576795038020815,0.2057957810638447,0.29563054066365324,0.20581639803784163,0.20584422409866507,0.20958587344965315,0.20586483551133378,0.288992432735426,0.28901734104046245,0.29559307783927696,0.20958419448628576,0.20961188174302928,0.20963956706014222,0.29558669001751314,0.20584217715666703,0.20965256374334548,0.29559065597310263,0.2956153253484626,0.20584836280861496,0.20587617313349207,0.28893091010960537,0.295608936200014,0.20588956195945235,0.20962885154061625,0.2956128987080284,0.20964918423079618,0.29562721002695797,0.29565186948606637,0.2956765272186242,0.28887488622838337,0.2888997794658172,0.20585970316437974,0.2956701319612167,0.20588029401470073,0.2059080886213293,0.20961080778384433,0.20963846988415638,0.20592146706796388,0.20965879265091864,0.20968645016797313,0.2059348427056724,0.20596262859542305,0.295601665558627,0.2096920923722883,0.28879325425982294,0.28881813728920297,0.29559528391001644,0.2956199272320179,0.28882280916564634,0.20593997061498637,0.29562388498268444,0.2888274800615643,0.20595333869670152,0.2956278419027632,0.29565247805253403,0.20596670397313935,0.29566677158745147,0.20598727005665524,0.2956810631229236,0.2887816477829067,0.2060006294366542,0.2060283935939576,0.20958774782335046,0.20961538461538462,0.20964301947484354,0.28875603104677994,0.20966332202915777,0.29562298979163754,0.28876070617024996,0.20967629168705865,0.29562694445415455,0.2887653803131991,0.20968925862490825,0.29563089828731215,0.29565551710880433,0.20596253320285196,0.2956698004403593,0.20598308520304745,0.2956840817752927,0.2887195974280123,0.288744452598106,0.20965825704102314,0.29567769663510257,0.2957023060796646,0.20596764613395757,0.29571658165047865,0.20965656989134612,0.20598099496925656,0.28869868995633186,0.20966953119541676,0.20599434100674188,0.20968981416794746,0.2886932830346851,0.2887181278379322,0.2956585519192484,0.2956831517183571,0.20598609995459785,0.2060138297129287,0.20604155753448578,0.288692554826093,0.20965883297831478,0.20605489210140374,0.2096791089074339,0.2956354748603352,0.2956600677350651,0.2060610292577334,0.20608874768704397,0.2061164641809803,0.2956536917437598,0.2096627801438246,0.29566795825042763,0.20612259145490086,0.20967573039198575,0.20970331588132635,0.29566158249275765,0.29568616501465866,0.20612152305168743,0.20970894116004746,0.2956901064386669,0.29571468453378,0.20612764769515302,0.2957289413078373,0.20970724728706513,0.20973482205163993,0.2957328774292593,0.2957574488870281,0.2957820186302899,0.2958065866592241,0.2097331240188383,0.20976069210911882,0.2958105138312345,0.2958350774382587,0.20607624960759008,0.20610394140216254,0.20613163126504133,0.20615931919642858,0.2958183657099013,0.29584292390318756,0.20617262423714036,0.2097224159575952,0.2061931164347735,0.20974265987865262,0.28829457094040933,0.2097629009762901,0.29580558557930337,0.2882992817795133,0.20618484816790433,0.20976851206247385,0.2883039916332578,0.2883288015059611,0.20978143409906927,0.2957682654768544,0.29579281257624873,0.2958173579644475,0.28831340838590497,0.2061550257911613,0.20977241835987873,0.20617550707464974,0.20620317128419585,0.28829802063005294,0.2957800466947765,0.2958045856854136,0.20620927558451513,0.29581881533101045,0.2882826382356016,0.28830743502194967,0.20621537818346514,0.20624303232998886,0.288312140742031,0.2097122552776423,0.2957815167032431,0.28831684547861225,0.28834163502734333,0.28836642284918146,0.2883912089443071,0.2957648370019504,0.28840594852505835,0.28843073065403635,0.20619885077485633,0.2096740493104889,0.2884354215273183,0.2957378647538129,0.29576238726975174,0.20967966573816155,0.2884300685909265,0.20618341341132232,0.2884448003342269,0.20968528060158753,0.20971279373368146,0.2097403049502193,0.2061823371740871,0.29570453912559175,0.28841936718994743,0.2957187608771319,0.2957432738157391,0.2884240568007796,0.20617408554623604,0.29574719844087144,0.2957717069775535,0.29579621380846327,0.2061801858231548,0.2883986359523975,0.2062006332857789,0.29578983994432845,0.20966563445948297,0.20969313200194836,0.29579375848032563,0.20619955468967438,0.2062271699425987,0.2957976761984276,0.29582217274846073,0.2096841519410046,0.295836376917458,0.20970434782608696,0.2062189141247261,0.20624652198107957,0.2062741279170869,0.29581971204006396,0.2062945574682664,0.20969536792321603,0.2958236255520395,0.29584811182975174,0.2063006363225425,0.2958623087621697,0.20632105976843643,0.20634865447465406,0.20637624726210757,0.2958559310248922,0.2958804102207544,0.29590488771466317,0.295929363506796,0.20637513904338153,0.29594355034933434,0.29596802224539454,0.20638837718536027,0.2959822049214514,0.2960066729225315,0.2960311392229096,0.2960556038227628,0.29608006672226855,0.28804253396809953,0.2880672736117868,0.2960839501025053,0.2095552466990966,0.2960981202876898,0.2961225766103815,0.20633707396727236,0.2961367426347971,0.2961611950668751,0.20635030917807268,0.2063778789036718,0.20953174934000277,0.20955920664142555,0.2961444946161862,0.2961689416831649,0.20637677132536816,0.20640433438683015,0.20643189553379176,0.20955026914394861,0.20645228503958885,0.2961419592318644,0.20647267171331343,0.20650022570228133,0.20954861111111112,0.29613555084892884,0.20956877994583709,0.29614970662778184,0.28784196639355647,0.20958166984898455,0.287856696521558,0.29614329850383586,0.20647042488197723,0.20649796938456733,0.2961471711211385,0.29617160112457047,0.29619602943218104,0.2065040086072259,0.20653154716457278,0.2961998958875586,0.2065519156024431,0.2877815178540445,0.20657228121313068,0.20659981262361637,0.20662734212352532,0.2961729294611568,0.2094927485948234,0.2877563057280644,0.2095129059117402,0.20662619254119688,0.20665371539582322,0.29614597426024214,0.2877410850561954,0.28776579139061365,0.20665972944849115,0.20949672227810343,0.28777053274139847,0.20951687302743385,0.20954428799334118,0.28777527310560086,0.20956443334720487,0.2095918438117696,0.2877800124835287,0.20961198377197546,0.2096393897364771,0.20661558198398114,0.29602662783440814,0.20965225531324758,0.2877548190264873,0.20967238689547582,0.20969978506552034,0.20660727285332964,0.2959997226844149,0.2097126416860203,0.2960138648180243,0.296038265571384,0.2877096908359906,0.2065989671784563,0.29604214320371525,0.29606653959452434,0.2066121430551705,0.2066396368298853,0.29607041375008664,0.2096746249003777,0.2876645876645877,0.20969474377187208,0.2066384865913658,0.2097148598551779,0.20974223946784923,0.206651654252555,0.20976235016974987,0.20978972529185574,0.2960024941111265,0.2098098306141536,0.20983720124696917,0.20664334453257593,0.20985730119146578,0.2098846673362657,0.28755974232873865,0.2875844155844156,0.2098974927275246,0.2959448696194203,0.29596924994805734,0.20991031545413621,0.29598337950138504,0.29600775596412865,0.20659926597881034,0.2875393830280788,0.20990859991690902,0.2960013848018002,0.28754413902928755,0.20992141793886523,0.20994876765438936,0.20997611547647893,0.28753894080996883,0.20999619258592642,0.2875536480686695,0.2875783061641228,0.21000899840797396,0.2100363384668628,0.21006367663344408,0.21009101290791432,0.29590283064571943,0.2959271947126198,0.2101038062283737,0.20649804505034428,0.2959310774340876,0.20651835449607306,0.2101093274287296,0.20653866113129216,0.287483567425448,0.21012211575051026,0.29590424795904247,0.21014217025839704,0.29591836734693877,0.21016222199162948,0.29593248478140566,0.28744855255421436,0.20650895759839524,0.21016773301054817,0.21019504772444322,0.2874433724106927,0.2874680130022823,0.295895432068882,0.2874827109266943,0.20649355139863768,0.20652098748357653,0.2101787504754002,0.2958788549301618,0.2959031979256698,0.20652699993085805,0.20655443011719155,0.20658185840707965,0.2958968509108507,0.20660214310404423,0.2959109605613356,0.29593529655744505,0.20661528358621642,0.2959494020875095,0.2959737342318991,0.20662842134365497,0.2066558385458064,0.2873384477158062,0.29596737966066555,0.28735314443676574,0.20666182923879617,0.2873678391265289,0.29596102684586945,0.20667495854063017,0.28737260321299013,0.21004629309749187,0.20668808512108336,0.29594445212104464,0.2959687726691768,0.20670120898100172,0.2100445580463542,0.28733766233766234,0.21006458743480813,0.28735235200663123,0.2959419789328268,0.21007735875120873,0.2873571157233139,0.2873817252572691,0.29593563313650334,0.287396408839779,0.20665722868685474,0.21006836544437538,0.2874011670061803,0.2874257699212816,0.21008113240117382,0.2874404474211144,0.28746504643214693,0.21009389671361503,0.2958679968241914,0.2958923023817743,0.20662041351696525,0.2874499516774817,0.20664066544714044,0.2958859667287913,0.2066609145815358,0.2066882937603534,0.29588984366911686,0.21005590447926012,0.20670140446530247,0.29589371980676327,0.29591801525137157,0.2873852736181078,0.2100541696856778,0.28739994479712944,0.29591167845437294,0.20668598633823226,0.2874046986580191,0.20670622326479923,0.29590534340611957,0.2874094515350121,0.2067193266875927,0.29590921633554085,0.20673955782430242,0.20676691729323307,0.2959130884635282,0.28738446682301005,0.2067800117253509,0.2959169597903304,0.29594123935308114,0.2959655172413793,0.28736940105513603,0.29597958761464727,0.20677171327104094,0.2959936560474417,0.28736424754352696,0.28738881610701233,0.29599751784052125,0.2874034749034749,0.2874280395739253,0.2098931402964495,0.29599117576091827,0.2874327864332001,0.20673491193602866,0.28744743916729854,0.2874719972428054,0.2874965536255859,0.29596443464176175,0.2875111999448618,0.28753575243805785,0.28756030323914544,0.2959580993073981,0.2959823582110123,0.20669813596113426,0.20672546857772878,0.20675279931093885,0.20981189278577828,0.20983911530643884,0.2875155022736668,0.2959454338764684,0.2067516362383741,0.29595949157796836,0.287510333425186,0.295973547342679,0.20675759454432735,0.29598760117100054,0.29601184736189556,0.20980128801184694,0.20982850058543978,0.29601570302007646,0.29603994490358126,0.2067421920732757,0.20676950623235316,0.28743587094997075,0.2960336041867511,0.20678257875710104,0.2960476485574606,0.28743071573656487,0.2960616909942165,0.29608592378395127,0.29611015490533565,0.2961343843585419,0.28741566845656064,0.2874401955047671,0.29613822537344253,0.2961624505248666,0.28744493392070486,0.20673159651719036,0.2961662881134283,0.2961905089645205,0.2874397797660014,0.28746429923264855,0.2961943431284839,0.29621855968069366,0.2874690338563171,0.2874935489420265,0.20670198857771968,0.296212199401383,0.28749827989541765,0.20671505727751213,0.20963192294461644,0.20965911045371677,0.2874931205283434,0.287517628039762,0.20671390245580243,0.29616509028374893,0.29618929701472,0.28751246689823573,0.20671985693651557,0.29619312906220985,0.2875171939477304,0.296207145558956,0.2962313458496665,0.20671870164701028,0.29624535827258974,0.29626955475330924,0.28749226431960395,0.29628356310379206,0.20671754675467546,0.20674481762865687,0.20955654864214507,0.28747722663366676,0.2875017186855493,0.2875262090537243,0.2875506977383653,0.2962364667468637,0.20672944734671433,0.2962504725573083,0.2095333012578184,0.29626447644248943,0.2962886597938144,0.29631284148311055,0.2095388633083637,0.29632683915747515,0.29635101704233097,0.20669987974574816,0.29636501065072496,0.296389184732195,0.20671293115294764,0.2964031742759971,0.28742700103057367,0.28745147882243827,0.2874759549326738,0.20671177824339643,0.28749055437246684,0.28751502661858147,0.20672482483857674,0.287529621870385,0.29634590287794493,0.2875442151172774,0.20673076923076922,0.29634971326534115,0.2963738754206442,0.20674381073378428,0.2963878588106029,0.29641201716738197,0.20940053560392777,0.29642599649809453,0.2874897006316946,0.20673555563184456,0.2964297974596636,0.2093989221104665,0.29644377317039683,0.2964679229739471,0.29649207111965403,0.2874549510897546,0.28747940691927515,0.28750386107011705,0.20670601963072277,0.28751844606884247,0.2964653397391901,0.20671905562609383,0.2964793082149475,0.2965034485125073,0.2067320889376887,0.20933264710928118,0.29650723941535717,0.20935259203348544,0.2965212021407987,0.29654533603211086,0.29656946826758146,0.2965935988473809,0.2966177277716795,0.28741467430453127,0.2093366261919462,0.2874292574172526,0.20935656468651392,0.29660115924134856,0.2874339803827423,0.20666003635241265,0.20936213991769548,0.2874387023764617,0.2874631369590563,0.287487569865926,0.29656425730352487,0.20665180867478142,0.29657820750188574,0.29660232454486235,0.2066648381788261,0.28746271726833283,0.2874871443263627,0.29659593431832987,0.2966200466200466,0.29664415726870735,0.29666826626448206,0.20664952870608397,0.2966822045516863,0.29670630976454054,0.29673041332510797,0.28743274272593305,0.20664838930774504,0.29673417634762345,0.2967582756493729,0.29678237329952367,0.28741776315789475,0.20664725029981154,0.2092098951552114,0.28742248261212183,0.28744689598465123,0.28747130768440166,0.2092154847550531,0.2874858689322051,0.28751027678816116,0.20662487582639674,0.2875248338699733,0.20664497345435862,0.29668447732566106,0.2967085659485564,0.2875196931296664,0.2875440939758211,0.2967123287671233,0.2875586452518749,0.20916375590712966,0.28757319453480806,0.287597589371319,0.20917651087142614,0.2876121344929124,0.2876365254904646,0.20658723637359627,0.20918210140710056,0.209209174940089,0.2966348293451097,0.28762152540052033,0.20658610892410914,0.29663859793249814,0.20660619544754408,0.2966525191675794,0.20919327788616215,0.20661920733794237,0.29665628529381566,0.2875770020533881,0.2876013825673317,0.2876257614126343,0.2091845464189166,0.28764029564741306,0.2966295979469632,0.20659686580442072,0.209190132411811,0.28763514438209936,0.2876595162338773,0.2966130687649675,0.29663713181211726,0.2065886699507389,0.20661581089864195,0.2966408975850038,0.20663588164870875,0.20915993980024628,0.29664466258508054,0.2876051713523497,0.28762953589384044,0.2966484268125855,0.2966724804213262,0.2876342247452295,0.2066135485415313,0.2966762412802626,0.2876389126346384,0.20662654722013266,0.29668000136766165,0.28764359956236324,0.28766795445998156,0.2876923076923077,0.20662541451574304,0.2966634760016409,0.29668751922879705,0.28768715389348465,0.20663134506921893,0.20905113480995352,0.28769183443278534,0.29667099596691504,0.29669503400663044,0.20663021189336978,0.2967089299750521,0.2876768505228624,0.2967228240440146,0.20663613996719518,0.2967367162139074,0.2967607462584569,0.2967847746608809,0.2876520431870985,0.2967986606990331,0.206627946703109,0.20897816951931947,0.2876468980595791,0.29679226591056607,0.2066338730614197,0.2876515798462852,0.2967960103839322,0.2968200293745944,0.29684404672450304,0.2876464360121589,0.208948087431694,0.2968477852532359,0.29687179837442795,0.20896083051599904,0.29688567135637206,0.2969096807239201,0.20897357098955133,0.2876020077167344,0.2876263316033871,0.2065621905834955,0.2876408330488221,0.20658222662251202,0.287655332513997,0.2968627317106476,0.2065952072096675,0.2968766001024066,0.2969006007646095,0.2969245997883742,0.2969485971738685,0.28762073790914366,0.20658703071672355,0.28763523429234494,0.28765954542352057,0.20660000682523974,0.28767403767403765,0.2876983449923221,0.29690165836347504,0.20885795202511345,0.2877030162412993,0.2877273192534716,0.20658478335039235,0.2088635665791,0.296875,0.2968989867976666,0.2877123558709149,0.29691284325430667,0.20657661345340428,0.29692669782037723,0.2877072105873525,0.20658958354650567,0.28772169167803546,0.29692029603355957,0.2969442739240161,0.2969682501790403,0.20658845996453418,0.29698209718670077,0.2087908340721544,0.28768711426330684,0.2877114020731042,0.28773568822666984,0.20658029321513807,0.29695543963724386,0.2877403518341743,0.2969692837418607,0.2877548237540056,0.28777910346003066,0.20657212980638123,0.296962879640045,0.2877837616742791,0.2065850915164116,0.2087252897068848,0.2877884189359599,0.2878126917047236,0.20659100978086767,0.28782715376226825,0.29691599931845286,0.20660396646902474,0.2878318056360105,0.2066239607468993,0.2969096050972776,0.2969335604770017,0.20868113522537562,0.29694739711092943,0.2087009845671652,0.2969612318593718,0.287787429739397,0.2969750647227143,0.20659467929284328,0.208699502690919,0.28778228141285467,0.2878065395095368,0.20871223732161712,0.28782099312035964,0.2969383237407622,0.28783544476229395,0.28785969691809976,0.20656541578696452,0.2087036469506589,0.2969218196676655,0.2969457591337805,0.296969696969697,0.20656429811719043,0.28782513958872397,0.28784938549007594,0.2969633008783278,0.29698723404255317,0.29701116557734203,0.28784423188208463,0.20654911838790932,0.29701487457027126,0.2878488767869299,0.20656206391885912,0.29701858280579946,0.2970425075724058,0.2970664307105908,0.2878339288752765,0.20656094738991357,0.20658794705141728,0.20858853953994827,0.2878287794753139,0.29703980945899966,0.20659385526181484,0.28783342406096896,0.2085870785561188,0.28784786010750496,0.28787208708964107,0.297013199074704,0.29703711263054056,0.2878767263079121,0.2065716520970101,0.20857142857142857,0.2878813645794361,0.2085912522957622,0.2970105091317213,0.2970344170861107,0.20860397891515048,0.28786642181867644,0.2878906382834019,0.2970280195865071,0.2970519228807508,0.2065283917035022,0.20655537043963143,0.20858833129334967,0.2878659096317955,0.2970354253076766,0.20656127825939147,0.2085939624694044,0.2970391270353877,0.2970630226392005,0.29708691661851183,0.2971108089734874,0.20655314231331362,0.2878118414791653,0.20657308907997146,0.2971044045676998,0.2878164825828377,0.28784068510840755,0.2878648859890577,0.2878890852249558,0.20656495293757857,0.29707781175671083,0.28789371750874926,0.29709160097852677,0.29711548262154724,0.29713936264184276,0.20849329030066246,0.2878787878787879,0.2971430512620172,0.2971669271010259,0.29719080131797954,0.29721467391304346,0.2878638633198601,0.2878880510834862,0.28791223720408926,0.20649368292351583,0.2084564442180336,0.2879168647694084,0.29717798077902674,0.20649959250203748,0.206526537403647,0.206553480475382,0.297171573121456,0.2878921635203042,0.20656639391573015,0.20842669925986285,0.20845357324732644,0.28788701792504073,0.2971449910038361,0.20846629099056282,0.2971587630265793,0.20848608282416836,0.20654424493398052,0.29716244654130747,0.28785256083901845,0.2878767309258756,0.20655014423892754,0.2065770718794543,0.2878813588081583,0.2971358762046966,0.20658997590688521,0.2971496437054632,0.2084421974144074,0.29716340933767643,0.20846198215315712,0.20848883761959694,0.20851569126378286,0.2085425430859004,0.2878176205176918,0.20856231766062827,0.2971267682078768,0.2971506105834464,0.2878124893999525,0.2878366460891391,0.2971542923040396,0.29717813051146386,0.20651178565372222,0.2065386963304619,0.29718180893275004,0.28781199131850244,0.20655159551019023,0.206578501186843,0.2971754094469499,0.2084972195849722,0.28779710439765366,0.28782125178002305,0.2065773859976267,0.20660428532682398,0.20849577923178628,0.2878161231269917,0.29712871622766873,0.2085084745762712,0.29714246974678826,0.2971662938105891,0.20658916042436362,0.29718004338394793,0.29720386375190644,0.20660204704127974,0.2066289355068289,0.29720753693913515,0.2972313531464977,0.20664181633344628,0.2084646403036156,0.20849146110056926,0.29722495171619284,0.2972487632987735,0.20664069117397935,0.2972625016939965,0.29728630958430735,0.208482959550105,0.28764524543514347,0.28766937669376696,0.2066325666474713,0.29726983266716345,0.20848152288046606,0.297283565912478,0.297307366638442,0.20663144347354873,0.20848714735665663,0.20851395285830399,0.29730095837989773,0.28760582458516765,0.2973146862618943,0.297338480292564,0.20661632749805303,0.20664319089862532,0.2084983917386152,0.2875812567713976,0.20851812980329756,0.2085449251811226,0.2085717187447104,0.297291807718348,0.2875664330929894,0.20858438832848147,0.2875808144061199,0.20860411589493635,0.20863090201387713,0.20659310905029446,0.20865062442887602,0.2086774062542304,0.297235101018647,0.29725888324873095,0.20659199350275795,0.20661884136437467,0.29726254525767265,0.20663869526967585,0.2972762645914397,0.2973000406008932,0.2973238150015225,0.20664456323161243,0.20667140295679826,0.2066982408660352,0.297317411454281,0.29734118124619446,0.20671109156716166,0.20673792450277365,0.20859123964146795,0.20861800717039844,0.20864477288869349,0.2086715367965368,0.28736176400960467,0.2972945552925262,0.2873761455480031,0.20671581225483565,0.20674263686470767,0.20866301481030636,0.2873710904480135,0.2972680551798756,0.20674848700003381,0.28737575224829265,0.2972717130396565,0.20676132521974308,0.2873804131030053,0.20678115069974984,0.28739478754690195,0.20680097349918874,0.20861923271928343,0.29723517880078415,0.2972589312873897,0.29728268216844667,0.2973064314441177,0.20679283541737073,0.29732013112094896,0.29734387672343876,0.20859662758084682,0.20862336960194633,0.29734752491975,0.28730233815380457,0.2067777139574957,0.2086289614163119,0.2086556978276293,0.2872972972972973,0.287321374277896,0.28734544963178166,0.2973009492281188,0.2873598162410485,0.20675561560547204,0.28737418090927513,0.2972945587192218,0.20862604701432044,0.2086527744942416,0.2972982100641675,0.28735942723987706,0.20674051060380927,0.29730186066930064,0.28736408455460255,0.2973155495525916,0.20674635332252836,0.20677313704966743,0.29731919778513066,0.2067929369661366,0.29733288318703577,0.20860200533405354,0.2973465667409358,0.2973702866016271,0.28730083715906024,0.20860759493670886,0.2873151961115237,0.2973638910453303,0.2067638720129607,0.2973775692733471,0.29740128248396897,0.2974249940940232,0.2872907667386609,0.2067627307393784,0.20857798474724978,0.2872954277037287,0.2873194763125928,0.29739852211762324,0.2873338281935353,0.2974121933938392,0.2067476383265857,0.2067744003238757,0.2974158288914378,0.20679418412441386,0.2873094049386048,0.2873334457750042,0.20680698913850099,0.28734779235673086,0.2973893685914733,0.29741306620796654,0.2084991568296796,0.29742673097028766,0.2085188182921894,0.2974403938893198,0.2873136844945033,0.29745405496543587,0.28732802805503105,0.2067640017533803,0.29745768426731406,0.2873326814794835,0.20677680377612948,0.208489261993864,0.2873373339626458,0.28736135926912315,0.2873853829557713,0.2874094050227541,0.2067686914312681,0.297401152796036,0.2874140488067952,0.2874380666689137,0.20845972362655882,0.28745239459404803,0.2084793744944729,0.29737471775688334,0.2874570330929433,0.2973883740522325,0.2974120501415285,0.20847794588401794,0.29742570254060247,0.2874422992688433,0.20670485175202155,0.20848354165964758,0.28744693753790174,0.2874709429639861,0.2067106858913893,0.20848913592723597,0.28747557771340027,0.2874995789402769,0.20850175154944758,0.2875138940348277,0.29733917143819466,0.2066956316728975,0.2875185235080156,0.2875425184386893,0.2084932983094228,0.2875568277487793,0.28758081896551724,0.20850590968784727,0.2875951242507913,0.28761911175460453,0.2972727272727273,0.2876334130163968,0.20665275065652144,0.28764771235228764,0.20667250201992998,0.20848342029961286,0.2972463475392177,0.2876426431480796,0.20667833580180422,0.29724999158504156,0.28764725681588693,0.2972636397293932,0.20668416801292408,0.297277286036415,0.2973009355859191,0.2973245835436648,0.287622829452147,0.20668304337584548,0.2876371222827916,0.2876610922305596,0.2066958277254374,0.20672251943070555,0.2876657021734742,0.29727820206574035,0.20673529807562913,0.20676198486122793,0.2972818408127565,0.2067817135937027,0.29729547900968784,0.2973191160146658,0.2973427514295325,0.2876122565672194,0.20678057311987086,0.287626542898463,0.2876505011098406,0.2067933411804271,0.2876647834274953,0.28768873793590477,0.20828569507028044,0.2972863916069807,0.28769334229993276,0.29730002353653207,0.2973236500571582,0.28769794573513097,0.2973372781065089,0.28771222054126744,0.2067504874604989,0.208256294752412,0.20828290977544708,0.28770714982016204,0.2973109243697479,0.20674935296292563,0.20677601505781124,0.29731455651530936,0.20679572494454526,0.29732818013779194,0.2973517945960479,0.2973754074671506,0.2876537401707104,0.20679458315131558,0.28766801075268816,0.2876919458351534,0.2068073382165177,0.2877062124113833,0.28773014379787665,0.29732907777591133,0.2973526842706444,0.2877347398125441,0.2067992475141091,0.2877490006382478,0.28777292576419217,0.20815558765241343,0.20818218460298266,0.2877775165418332,0.29730637468932625,0.206784214945424,0.20681085437936594,0.2973100043657857,0.29733360198804487,0.2973571980254542,0.20681665547347214,0.2877337900003358,0.29736082197300384,0.2973844139274083,0.28773838302444266,0.20681551116333724,0.2973880346471497,0.29741162251989123,0.2877333154290318,0.20682130987948572,0.29741524001342734,0.2974388238058474,0.20807599355531686,0.20810257443023528,0.20812915352084313,0.2876992784024165,0.20814874479795945,0.28771352820753765,0.2974025102355863,0.20816134769623143,0.2974161073825503,0.2974396832321063,0.2876988121602577,0.28772271247860953,0.28774661119312844,0.29743331655762456,0.2877608535194256,0.20813902774516052,0.2974369296833065,0.28776543996779497,0.2067091580006709,0.20814464459427728,0.28777002549309005,0.28779391540603094,0.28781780371637483,0.2974006372631226,0.29742420177086126,0.29744776469799106,0.2878127305654303,0.20668030450383984,0.20811535881958418,0.28781730994936455,0.2878411910669975,0.20812795493411126,0.20815450643776823,0.2878457669740151,0.28786964393482195,0.28789351929459883,0.20665146841893522,0.20815313956217105,0.2878980891719745,0.2973416915289464,0.287912308930008,0.2879361780578554,0.28796004558557353,0.2066365007541478,0.2879742592840863,0.29731541374803094,0.20664923922514913,0.29732899896109116,0.29735254691689006,0.29737609329446063,0.20665504992962938,0.20668163388399288,0.29737970781396594,0.2879209247780198,0.29739328553239963,0.29741682581163936,0.20668051460734388,0.2974303996783812,0.2974539363484087,0.2974774714414927,0.29750100495779175,0.2878772652664724,0.29751457091177064,0.20666555015910232,0.28788183279742763,0.28790568375925246,0.2066782771786456,0.2079774942228474,0.2879102478231748,0.29747831619838583,0.20668408010180161,0.20671064528011251,0.2974819180283954,0.29750544115185,0.20672336436081162,0.287876251381123,0.28790009374581493,0.2974990793130001,0.20672915969199865,0.20675571624652672,0.2067822710230316,0.20680882402169182,0.20790654080471313,0.2974728033472803,0.2974963181148748,0.2975198313083643,0.2975433429279068,0.28782757120385555,0.20679384203480589,0.2078913021652555,0.297536978783214,0.29756048589499046,0.2067996252175077,0.29757403379621883,0.20681924646991903,0.2975875798842306,0.20683886509635974,0.2976011241593897,0.2078621612579458,0.29761466662206015,0.29763816405727284,0.2976616599203827,0.29768515421154745,0.2078608462953671,0.2876973508161627,0.28772117603772956,0.20680313064419026,0.20786648382889059,0.2976588628762542,0.28771612989532125,0.28773995050498297,0.2877637695214527,0.20679507758159443,0.20682160173883965,0.2068481241222497,0.28775871869462,0.2078373679283135,0.2078638536895249,0.20789033767970577,0.2877536692186821,0.297572880449318,0.297596362785411,0.2068262352075951,0.20685274945679424,0.297599946516914,0.28772938463081194,0.29761347683668693,0.28774357431732345,0.2877673796791444,0.287791183449751,0.20683777822338079,0.20783343916051197,0.29758722095976475,0.2078529657477026,0.28777651540466487,0.29759080429044005,0.29761427425821974,0.20785859868355108,0.20788506515202138,0.28776185226019846,0.2877856474675932,0.2067951758928273,0.2877998262844926,0.2975780858526808,0.20680785676109031,0.20683435213949294,0.29758166878214976,0.2078559738134206,0.20788243152972613,0.20790888747870812,0.2975753122703894,0.29759877099822996,0.207921453379642,0.2976122891968609,0.28771789220597077,0.20679867766387283,0.297615867503673,0.20681825770476478,0.29762938230383973,0.2877032486394444,0.2068309294871795,0.20685740994224286,0.2068838886292315,0.28769821398764817,0.2976031512885565,0.20786460593517375,0.20789104746645304,0.287693180680263,0.29759679572763686,0.29762023964487166,0.20686202523196048,0.29763374828955713,0.2078827926845548,0.20790922743200402,0.20793566041513717,0.2976273901291421,0.297650827549386,0.20684707531115487,0.20794127460794126,0.20796770211204163,0.28760176164420126,0.29763453775064225,0.2976579702408754,0.2976814011676397,0.2875967440619162,0.28762050905694364,0.2876442724664754,0.20681143467093632,0.20793862575050034,0.2079650445282012,0.28763925021679676,0.2876630090384551,0.20681029882604055,0.20797065199266299,0.2976055492563196,0.20682295661453295,0.20684940642923835,0.287638800893661,0.28766255418472825,0.2876863058917675,0.2975793544945319,0.28770046344146966,0.20684136827365474,0.20793465577596265,0.2975730097346313,0.2876954362102877,0.2079471964797653,0.20797359911997065,0.20683333333333334,0.2068597713409553,0.20688620758616091,0.20691264206912643,0.206939074790028,0.28765205799033494,0.2876757981736986,0.20795147798846936,0.2974873367102106,0.2975107467759672,0.2069310229923359,0.20795708240311886,0.287651606024257,0.20694365774830906,0.2069700806290398,0.29748459103781444,0.2876465884861407,0.2876703201519139,0.2974881737624092,0.2876844665045471,0.2079280479680213,0.2069551314080144,0.2974818466457931,0.20794057888951803,0.29749533706368236,0.20696086594504579,0.2079531073070006,0.20698038432077798,0.20700679365925137,0.2974791035332512,0.2876123876123876,0.20701941327295129,0.20794485881726157,0.2974727799420637,0.20796430711859892,0.2974862660229732,0.29750965508057,0.297533042580817,0.20796990478726946,0.20799627151369887,0.29753661784287616,0.28754036150594187,0.29755009653152253,0.2875545052092002,0.2069631207562242,0.29755366949575635,0.20798109565333156,0.2069757380104503,0.2070021299254526,0.20702852008386302,0.2070549084858569,0.2070812951316096,0.2975176360974311,0.20710078860679465,0.29753111066746524,0.2975544834470138,0.20711338834176204,0.29756795422031473,0.29759132344134676,0.2071259855617286,0.29760479041916166,0.28741558830378233,0.20713858026744728,0.2874297308984466,0.28745343267695583,0.20788292033926492,0.2975786602807158,0.2976020221505305,0.20789543700944527,0.287438890551731,0.2079148653142667,0.20794120581290945,0.28744346900771484,0.29757589864662654,0.20795371417170977,0.2975893599334996,0.2874384891607927,0.20796622003524287,0.29759292506150675,0.2976162771368729,0.20704787234042554,0.2976297330540873,0.2976530815770228,0.28740484659109794,0.29766653370562424,0.2976898786770816,0.207039819185003,0.20706617475986305,0.29769343259771336,0.2873807703812024,0.2874044533067464,0.20790269515802068,0.20792901767911737,0.20795533845080252,0.2976673090981591,0.2976906462867586,0.20703748006379585,0.2977040901086487,0.2873612864642169,0.2873849629555799,0.20794019933554816,0.29769775090528555,0.29772108165570393,0.28737999534930075,0.28740366728673933,0.2977246304600565,0.28741779047365973,0.2977380675590394,0.2874319117842434,0.2874555780663589,0.2079043507140485,0.20696755338580586,0.20699388947927735,0.28745060272971806,0.2070133492727635,0.2976921799767558,0.2874551733297915,0.20702593219776205,0.20705226110631517,0.2070785882665427,0.29767596281540504,0.29769927957239134,0.287431113471881,0.20784782392192014,0.29770282830965344,0.29772614107883816,0.20706366593640047,0.20708998572708867,0.20784652150823155,0.29771980483919147,0.2977431131762363,0.20709568218778002,0.20712199654851984,0.2873593734443965,0.2977367757350501,0.2977600796416127,0.29778338200159277,0.29780668281514416,0.20711394253102397,0.2071402501741929,0.20716655607166556,0.28731628014996186,0.2873399243580386,0.29778057923896095,0.2071722399150743,0.20719854038812408,0.2873349698135739,0.29777423955949184,0.2977975321746053,0.29782082324455206,0.2978441127694859,0.28732048688269046,0.28734412310957813,0.20717673200013265,0.20770047091596472,0.29782788923893216,0.2978511738957421,0.28732964154259377,0.28735327276344586,0.2873769024171889,0.2076923076923077,0.28739100162461456,0.29782507791260526,0.29784835725889336,0.28739557087919376,0.2071274656058346,0.29785188622952996,0.2071468823548911,0.20767037920975867,0.2978554144983261,0.2076897580377859,0.2873620363925624,0.20770913429669893,0.2873761309780267,0.2978391993106648,0.28739022369511186,0.20771474019088018,0.2874043145441893,0.20773411094174565,0.20776036316644023,0.2978131212723658,0.29783638713097643,0.28738983500099397,0.20707020508233112,0.28740392260800424,0.20708961404671195,0.2874180083482409,0.2874416139397754,0.28746521796740426,0.28748882043128293,0.28751242133156674,0.29777085886522475,0.20707472178060413,0.2875169741330772,0.28754057097436575,0.20708726610365955,0.297754669492648,0.2071066662251217,0.28753559838399895,0.2076558826451207,0.28754966887417216,0.2076752425416377,0.28756373750082775,0.2875873257623415,0.20709177592371872,0.2071180268167522,0.2875918691650665,0.28761545337173505,0.2976694915254237,0.2076533483398987,0.2976828864614366,0.29770613352752306,0.28760095326360385,0.28762453248601594,0.2876481101476137,0.2070825748800265,0.2076383373047392,0.2876526458616011,0.29767026275729697,0.2876666997584301,0.20764394440767703,0.2876807517951094,0.20706769902719874,0.2876948019720081,0.28771836950767604,0.2976344086021505,0.2070733805333157,0.2877228967479406,0.2076220722508932,0.2976281054616428,0.2976513397287463,0.2076345473189772,0.28770838846255625,0.29765488042867067,0.28772243169941125,0.2070448156110468,0.20763328482603519,0.2976485762476436,0.29767180369072027,0.28770792684943286,0.29768518518518516,0.28772196686617507,0.2070299583360889,0.2070561782891909,0.20708239650839835,0.29766903620433127,0.28770746544997683,0.29768241478493734,0.2877215022480825,0.2976957915964164,0.2977190082644628,0.287726025585931,0.28774957027634535,0.2070538458995802,0.28776360150723873,0.2075359444719881,0.28777763088313063,0.29768318075156164,0.2877916584043889,0.287815195479031,0.2878387309980172,0.2976768778295496,0.2075209834115392,0.2976902488186895,0.2977134549299498,0.29773665950768213,0.28781470957510075,0.20699111243268245,0.28782873001189374,0.29773035118438007,0.2070036339610175,0.297743715106868,0.28782373150105706,0.20701615300763057,0.2878377485631235,0.2070355078447564,0.28785176377328575,0.20745120058129934,0.2074773763128344,0.2070411836586413,0.2878467635402906,0.20748984511740035,0.2878607753781124,0.28788429151669254,0.2879078061022322,0.2976390952616807,0.20702634880803011,0.29765245815036157,0.297675647120972,0.20703885899171318,0.2976890062726973,0.2977121917401208,0.2070513666974779,0.28785528009771233,0.20707070707070707,0.29770589206139625,0.287859783469765,0.20708320955870219,0.2071093801571061,0.28786428595003133,0.2878877887788779,0.2073858948549553,0.29767012078410665,0.2074052074052074,0.28788278775079196,0.2976736512126712,0.20708770540487031,0.20741082918137724,0.2976771809423255,0.28786828994688046,0.2878917848894754,0.2879152782818119,0.29767088941673264,0.2976940586547026,0.20706604209276241,0.20709219858156028,0.20711835334476844,0.28789128211894316,0.20713767398904942,0.2879052739206438,0.29765831134564646,0.20734804261073184,0.28790976848492844,0.2976618408468819,0.2071296662709405,0.29767518549051936,0.20734683110202468,0.20714215055890792,0.2976787127407017,0.20735929308582546,0.29769205407187604,0.2977152088622202,0.29773836212580773,0.2073649160979791,0.287828838926617,0.2878523158068238,0.2878757911392405,0.29772225335399016,0.2878897751994199,0.2879132469758397,0.2879367172050099,0.29771596189973965,0.2070727045020104,0.28794120554987973,0.2879646717637754,0.20708518701598286,0.2976998615962565,0.2879691567535506,0.28799261895347306,0.2880160796072358,0.28803953871499177,0.2070771967974696,0.20726805482340538,0.2976641518136593,0.29768728997825655,0.2977104266183495,0.2977335617340888,0.2070692097374576,0.2977468871467159,0.20708850752659838,0.20711462450592885,0.2977504034781463,0.20713391739674594,0.20716003030003624,0.20721907522065605,0.20724518359953895,0.2071724955542383,0.20719860374748905,0.28790173867228663,0.2072508149757977,0.28791570628910107,0.2976852918902901,0.20719741867509547,0.29769861390050373,0.28791071310989663,0.20720987654320988,0.207235975770345,0.2976923330151101,0.2879057212456383,0.2072155107146384,0.20724160631994734,0.28791020703729303,0.287933644921335,0.29766645821676596,0.29768957345971564,0.28793812736547636,0.2072335944184822,0.20719386579787408,0.20725286297222587,0.287933133699694,0.2976637051661731,0.2976868151755454,0.2071926822848118,0.2977001283190208,0.2072448509574258,0.2879091955913802,0.29770364521647585,0.2071914991611014,0.20725047700506613,0.29770716141978354,0.28789473684210526,0.20719713167330023,0.20722320899940794,0.2072492846100714,0.20724246809630312,0.28788028284821576,0.20726172465960666,0.2072877955733877,0.20724809260720864,0.2878753000756355,0.20730023018743834,0.2878892506001118,0.20731947915296595,0.2073455430243646,0.2072400868021306,0.29758342922899883,0.28787480273540245,0.20725252326001906,0.20734433559076862,0.2072717709326408,0.20729783037475344,0.207356760132803,0.2073170731707317,0.28784143575584265,0.2878648435445701,0.29751848808545606,0.2073555511733386,0.207315870772669,0.2975220191928487,0.20733510795622598,0.297535326979954,0.287831487627748,0.20734752891692954,0.28784543094666976,0.20736676085956496,0.20739280433711188,0.20741884610329872,0.20744488615829418,0.29748997963072477,0.2878215447288019,0.20745729303547963,0.2974935120396833,0.2975165889231982,0.2074696974673981,0.2975298909473131,0.2975529643619642,0.20725218419496813,0.20727822117121555,0.28776931161324226,0.28779270255180794,0.28781609195402297,0.2975271748054251,0.20727702613949822,0.297540472203067,0.29756353845143496,0.2074207847644065,0.20728263724717624,0.28778277571658406,0.28780615930133296,0.2072950523654749,0.28782009192383456,0.29752798660582386,0.29755104720635545,0.2975741062928799,0.20739233193277312,0.2074183489249959,0.20744436420928247,0.2975678603078741,0.20746356833398977,0.29758114805211855,0.2976042008532983,0.20724623412424928,0.29761748490417433,0.20726544810159814,0.20745553586664042,0.2877112387202625,0.20747473421708887,0.29760146996095416,0.28771572937856815,0.29761475114012925,0.2074803149606299,0.20750631540959943,0.28771078013253726,0.2877341469015517,0.28775751213751477,0.20751189109398063,0.297579216689628,0.20720307016105224,0.28775255838362634,0.29758273475679753,0.29760577238438835,0.20720868452986127,0.2074970484061393,0.2877381694159315,0.20751623270151506,0.20721429742580752,0.29758001049317945,0.29760304292225465,0.2877237851662404,0.28774713925046724,0.20721311475409837,0.2075013933969378,0.29758704347255915,0.29761007114054355,0.2976330972987149,0.29765612194722174,0.29767914508621257,0.207493362179172,0.2976924085485774,0.2876856009702055,0.297705670272042,0.20749893481039625,0.29771893025694807,0.20715760495526497,0.20718358786130955,0.28766180566934296,0.2876851487744134,0.20749090670773668,0.28769906284815516,0.20751007569055344,0.20717562254259503,0.29766390354182365,0.207522442828124,0.20718802214723323,0.2876752719171799,0.2876986076986077,0.20752800891043702,0.2877125167884168,0.20718684486373165,0.29761865766975665,0.29764166393711106,0.20752677606367298,0.20719245381894405,0.29764517079880787,0.20753913670007204,0.2075650892418536,0.2876604663348179,0.29763892982283785,0.29766192939943675,0.29768492746979275,0.20717092337917486,0.29769817622212763,0.2977211708467029,0.2075434633140163,0.2876178627553693,0.20756261253887706,0.20758855496628037,0.20761449569515827,0.2976954301427262,0.20763363776228355,0.2076595744680851,0.2976989296586037,0.20767871170463473,0.2071155042058063,0.29770242848726847,0.2071346751759123,0.2977156695902605,0.2875282259384102,0.2071470645984685,0.2977191662030826,0.20716623036649215,0.2977324040443703,0.20764347882991951,0.20717861466479076,0.2977358984426122,0.2977588745296908,0.20764902178891578,0.2977721071744038,0.2977950798220361,0.2874480683044915,0.20765456329735035,0.28746197376598737,0.20767368834227398,0.2977790861217414,0.28746647478249493,0.20768601798855274,0.2977825745682888,0.20711646008437715,0.20714238995356138,0.2977860623303574,0.20716154349247876,0.2874333736633858,0.28745667386044077,0.2071739201517183,0.2977700758566571,0.29779303580186367,0.2076440201399333,0.29780625756040147,0.20717274748267295,0.20719866618719146,0.28741418764302057,0.20721780915955673,0.2874280857740586,0.20762919622135784,0.2076550957704125,0.29776107207059976,0.20767420577853316,0.20720985717554008,0.28740440551670043,0.20768652570345436,0.20722222222222222,0.2874089082056142,0.29772563884713416,0.20723458484462307,0.2977388576656646,0.28740401895115175,0.29775207475658366,0.2874179109354069,0.20765812859383168,0.20768401450553758,0.29774583469454424,0.20721309333246218,0.2072389912452633,0.28739424427530785,0.20725811720128046,0.2874081332680059,0.28743140841390125,0.20727047065355847,0.20765562740871382,0.20768150494790816,0.2976812540822992,0.20727605238235197,0.20730193978185618,0.2073278254906443,0.297675026123302,0.28737959183673467,0.2073401684842944,0.20765990792438044,0.2073592790910278,0.20738515785693298,0.2873653281096964,0.29763964611014987,0.28737921128231914,0.20739072242353018,0.2873930926421623,0.29763342582014035,0.2976563520041781,0.20762476743806507,0.2073895162869639,0.297659845295212,0.28736945169712796,0.297673052446069,0.20762352326871614,0.20764938158796462,0.29767654353217593,0.2076684614129548,0.20769431573451674,0.297680033934806,0.29770294962150873,0.20770661359261314,0.28730831973898857,0.2977064369841114,0.2977293488190004,0.20771213258082405,0.28730345142558883,0.29773283314304355,0.2873173277661795,0.20771765012884497,0.20774349272620524,0.2873218304576144,0.2873450750163079,0.2873683180587717,0.29769747570282434,0.20774223004924502,0.2873728150273937,0.2873960541333768,0.2976912541576991,0.2874099194573972,0.2874331550802139,0.2077341941374026,0.2874470166286273,0.28747024876919564,0.20774647887323944,0.297655918886317,0.28747473430266673,0.20775876120619396,0.29765940800625895,0.20715845747628517,0.28746984809961534,0.2874930734378565,0.28751629726205996,0.2875395195723738,0.20715729091975751,0.2071831307238536,0.20720896884369705,0.2077236434740101,0.2072280518803363,0.28751588620588525,0.2875391032325339,0.20724037928899605,0.2975562072336266,0.20725945716985436,0.2875342108692819,0.2875574235167628,0.2076953150452857,0.20772112721941685,0.20774693771175398,0.2875525295631495,0.20776597823962473,0.287566370240073,0.2875895765472313,0.2072245203739292,0.2876034134584066,0.2876266162915676,0.2876498176133403,0.28767301742387236,0.2876962157233114,0.20773764939590322,0.20720984759671746,0.2974046696408219,0.2077499185932921,0.2077757155416626,0.2974081792133368,0.28766320450623517,0.2974213713615941,0.2974442454826632,0.2077744497981508,0.28765829996418923,0.20717494628556546,0.287672124743644,0.20777994791666668,0.2974187038182351,0.2974415728142699,0.2974644403215832,0.2071670355422471,0.2071928397070789,0.20721864219228014,0.2974582614638591,0.2974811247071075,0.2077516352631065,0.20777741620566223,0.20780319547037193,0.2974749446830665,0.207203982689617,0.20722977809591983,0.2072555718236538,0.2875455491931286,0.20727462016462245,0.2974494111523196,0.29747226650183806,0.20777488614183473,0.20728017956475067,0.20779389759937544,0.20729922258725564,0.28750325266718707,0.28752642706131076,0.2073115201977493,0.2073373012001171,0.28753089631845974,0.20735633679144036,0.29739837398373986,0.2077656011186628,0.2077913631633715,0.2974018794914317,0.20781036613123496,0.297415054462689,0.2078293666276499,0.2073349156289625,0.287469926523181,0.2073539451867746,0.29739921976592976,0.2974220604011573,0.2974448995513946,0.2974677372167864,0.28744636588219996,0.20780107264748904,0.29747123447962037,0.20782006695485422,0.2874414976599064,0.2874646559849199,0.2874878128046799,0.20782555003087322,0.2974457298843104,0.2078445390439671,0.20728537076753104,0.2874735987002437,0.20730439303353262,0.29742989895051497,0.2974527259730977,0.20783651190746938,0.2078622482131254,0.28745005035573895,0.2078812292898447,0.2974368969885976,0.2974597193347193,0.2078934546045152,0.2974728772818814,0.29749569623542405,0.2079056775367026,0.29750885056351295,0.2873985060084443,0.2975220031827482,0.2975448168355417,0.20790439385574644,0.20793011625641358,0.29754830329598964,0.2079490842966619,0.20719550605578466,0.2079680498733684,0.2975421279911685,0.2072077922077922,0.29755527417940975,0.29757807934549707,0.20722007596662662,0.20796000519413063,0.20798571660444734,0.20801142634551711,0.2872723731619437,0.20721890418073227,0.20724463630757245,0.2080168776371308,0.29752361169712116,0.20803583019602753,0.2872488884561711,0.2872720192120465,0.20723673535615772,0.29750778816199375,0.2975305837686991,0.2080277759750795,0.2975437230280022,0.2975665152498378,0.20722883748093832,0.20725455843228863,0.2872205820328975,0.28724370620295875,0.20726682887266829,0.29754103678712773,0.2975638239205891,0.20799273387829245,0.28722955658633104,0.20801167693804737,0.208037364989783,0.2975480020757654,0.20805630331138714,0.20808198741648828,0.2975514837035836,0.2081009210014269,0.28718746959820995,0.28721058434399116,0.20720516229449723,0.20723086900129703,0.2872150708472488,0.2872381817002788,0.20808611354278117,0.29749708209052006,0.2081050413357108,0.2081307138688971,0.2975005673161085,0.2081496369294606,0.20817530552043825,0.29750405186385737,0.29752682246928785,0.20818747569039284,0.208213139727093,0.20823880210021392,0.2975206611570248,0.28714026445423907,0.20714910717179247,0.29752414284788387,0.29754690689912183,0.20823071937783538,0.2071546612229027,0.29755038558745384,0.20717363833716748,0.20823613271124936,0.2975538635995464,0.2082550379057863,0.28707033401367155,0.28709343008941296,0.2071657650069649,0.2871072238419177,0.2071847364840789,0.2072104172065302,0.20824020989213876,0.20722938394765822,0.28709311740890686,0.2072483482316362,0.20727402273536938,0.20729969557613834,0.2870883124453512,0.2974417098445596,0.20731193938020143,0.29745482805517776,0.20733089401936342,0.29746794456676595,0.20734984620365873,0.20737550993977855,0.29747142810891314,0.2073944573944574,0.29748454142251285,0.20815797992877955,0.2074066880321129,0.2974880227890716,0.2975107629560095,0.297533501650806,0.29755623887360416,0.28696271361988607,0.20814318542253293,0.2081688135154379,0.28696721576750056,0.20818770226537217,0.28698100385100805,0.20820658857031907,0.2082322104650034,0.28698550349469326,0.2974923151593593,0.20824435384714943,0.29750541948425924,0.20826323281998188,0.2975185221133003,0.20828210934972502,0.20830772217010127,0.29752199792960665,0.29754472228512274,0.20831985508183995,0.29755781982856216,0.29758054082028723,0.2072646117022997,0.2975936347758587,0.2083185096542579,0.20834411384217336,0.29759710229294006,0.20726343703512062,0.20835623969213854,0.20728236968050706,0.2868229587712207,0.2975813231585074,0.29760403530895335,0.286827470253492,0.20728119240841927,0.20834141610087295,0.29759787915036695,0.2868227078753395,0.29761096563540557,0.28683649059287514,0.20834006788427348,0.20836565813291957,0.2072599153117626,0.20838451095739866,0.2975855716086493,0.20840336134453782,0.2084289454122362,0.2975890375541335,0.20725204408105224,0.20844105480868666,0.29759250282759736,0.28675757771602145,0.20845316185736906,0.20725087243117488,0.28676209247471646,0.2867851373182552,0.20845853122677782,0.2084841044197467,0.2975478951959422,0.20850293984622342,0.2975609756097561,0.2975836671404574,0.28675259230545597,0.2867756315007429,0.20720953519170515,0.29757751937984495,0.29760020671166953,0.20848136425295524,0.2976132803668895,0.20720837101149722,0.20723397384143388,0.2072595750177614,0.20728517454064005,0.2073107724102299,0.20846653104717622,0.2975783015821763,0.2084853572697039,0.20731628567738603,0.20850418106092403,0.28665977916962615,0.28668280871670704,0.2867058367768595,0.28672886335022757,0.28675188843695526,0.20849607798831465,0.20852162685603615,0.28675639908330913,0.20728164740817248,0.20853371203563245,0.20855925639039505,0.2974665160561562,0.2974891886658491,0.20857133636686354,0.2072737834000258,0.2072993642905547,0.20858341400451758,0.2866961375883321,0.2086022199277233,0.29745426386603424,0.2974769310189069,0.2072914986288111,0.2974899987095109,0.20731038487595574,0.20859410284534485,0.2086196328913836,0.2073225806451613,0.28663591497048485,0.2866589252306303,0.20862497177692482,0.2073280866984905,0.2073536526366715,0.2974263045862091,0.207372528783823,0.20862358101135192,0.20739140249604954,0.2074169622702354,0.29741059624004385,0.28659873597317165,0.20742914261761197,0.2974140710646805,0.29743672416572625,0.2074413206087181,0.29744978560144436,0.20858856148043073,0.20861407524420517,0.20863958736299162,0.2865478224428613,0.20743343433692218,0.28656158334139187,0.29741490458999487,0.20744560838033843,0.2074711532263263,0.28655686982305734,0.28657986334923297,0.2074833220535628,0.29738962294553656,0.2865843833585769,0.20749548852797112,0.20858441014404022,0.20751433911194175,0.20753987433542775,0.28657043433432144,0.2075587202371363,0.20758425156260069,0.28657495409001577,0.20760309278350517,0.2973164524338778,0.29733908897622574,0.2085494314338176,0.2973521453420951,0.29737477854727007,0.20856148940282163,0.2973878313524656,0.20758180881216182,0.2865148636026925,0.2865378421900161,0.20759395832662395,0.20855339430632489,0.2865423630567095,0.2973529980034778,0.2865561101271937,0.20855873261205565,0.2973564735808352,0.2085775001609891,0.20757268424611225,0.2865421764327109,0.2973503750684138,0.20758483033932135,0.28654669542542577,0.2973538501158898,0.29737646869467244,0.20759029163715959,0.20761579811375414,0.20854255182181022,0.2085680260066304,0.28651432249758607,0.2973512278330276,0.2973738414006179,0.207607891095163,0.2973868829246315,0.29740949316170556,0.2974321019436221,0.20761334749171412,0.20763884419846837,0.2076643392644551,0.2974259974259974,0.2974486020398314,0.28643587928704717,0.20850625743975806,0.28644962038347704,0.2974424963808911,0.28646335971176734,0.2076430662334738,0.2864770972722594,0.28650004824857667,0.29742682534577036,0.20764851564761508,0.2865045670912132,0.286527514231499,0.28655045989579986,0.20765396365975236,0.2084512477489066,0.28655497314853523,0.20846999807061548,0.286568699958198,0.29736334405144693,0.2865824250024115,0.28660536299916406,0.28662829952094654,0.2084619341563786,0.20848738144992768,0.20851282710731048,0.29732857556177067,0.20853156744245854,0.2075926580732264,0.2973320475731276,0.2085436019414355,0.20856904088454617,0.2865683154951307,0.208587773992415,0.20758476618994054,0.28657282427047176,0.2972972972972973,0.20759688926023523,0.29731032488190495,0.2865681233933162,0.28659104784550626,0.20760233918128654,0.28660476175175914,0.29729469219894616,0.20854618473895584,0.28660926556576494,0.20856491149163106,0.29728861475199175,0.2973111889235118,0.2085769354320591,0.2973242105939417,0.2973467814467429,0.2085889570552147,0.2086143765658123,0.20863979444355227,0.28654933196300103,0.2973311494363619,0.2086518080801593,0.2973441664793346,0.29736673089274246,0.2973892938569731,0.28652623466700916,0.2865491442699804,0.20748779861289493,0.28656285117996466,0.2973736595389456,0.2973962179343115,0.2086169256453063,0.2865581559600629,0.28658105939004813,0.2866039613495554,0.20862223934257831,0.20745995570250056,0.2866084611927842,0.20747873535548067,0.2075041725510335,0.20752960811374652,0.2973233198536491,0.29734587117686706,0.29736842105263156,0.20859407592824364,0.2075283999743277,0.20861277797387928,0.2086381722500321,0.28653938713300176,0.29734325867933004,0.20865017486443996,0.29735626283367556,0.2973788058648016,0.2086621751684312,0.20868756215713324,0.20871294751700245,0.2864979309017419,0.2865208186309104,0.2865437048917402,0.2865665896843726,0.2865894730089489,0.2087048559881968,0.2866031623849386,0.28662604233483,0.297296430518585,0.2087101532935668,0.2087355289741205,0.2866213442791175,0.2866442199775533,0.2972808311421792,0.2866579023310995,0.20873412851096576,0.29728429895155345,0.20737415838409748,0.28665320124394855,0.207392921261862,0.29727823550155485,0.2973007629672373,0.29732328898862,0.28663931273240156,0.2973362823348399,0.2073850887877428,0.2973492740151928,0.2973717948717949,0.29739431428479857,0.2086725209922441,0.20869788161394737,0.20737725932572748,0.20871655183464188,0.2865795039415497,0.2973691799916685,0.28659318123558064,0.2973821654010061,0.2087151553989106,0.29739514914613435,0.20873382032551582,0.2865793099029251,0.20734285897353752,0.2865929841422393,0.2866158380317786,0.2073549668449883,0.29736049714908064,0.2973830039399084,0.20736707238949392,0.2973959834726626,0.29741848696432005,0.29744098901450855,0.2865744299256982,0.20736589271417133,0.2974444373278678,0.28657892208665575,0.20737799410785193,0.20865221428800154,0.20867755363432597,0.20870289135794562,0.28656506147540983,0.2865879038196779,0.28661074470128706,0.20870817992636465,0.20873351261365092,0.2866152319364856,0.2866380690185031,0.20874547840839977,0.2973431498079385,0.2973656413046957,0.2087574419051277,0.28662420382165604,0.20730380233004736,0.2866378620579293,0.20732253728477246,0.2866515185457804,0.2973310291858679,0.2087426797657525,0.207328,0.2087613196377716,0.2973249712018431,0.20734009535084633,0.20877327702054138,0.28661014237721966,0.2866329664704377,0.2087852321080078,0.2866466184656728,0.2972903803704533,0.2866602687140115,0.2866830875531813,0.2867059049325059,0.20877714870613825,0.29727482088024565,0.28671037901807134,0.20878909998080983,0.2972782806153452,0.20880772674939235,0.2972912469218715,0.2072593540134314,0.2866873461034185,0.29729470452801227,0.29731717455952417,0.28669182068171645,0.208792965627498,0.20881826320501343,0.207244940371519,0.28668712833301363,0.2072636593241472,0.28670076726342714,0.20728237588312395,0.20730771689789657,0.2972540996707477,0.2972765630993479,0.20879015502637047,0.2972895224701144,0.20880877041582765,0.29730248018409616,0.20882738342548499,0.20728667305848514,0.29730593461378674,0.29732839064297584,0.20883264627872047,0.286604460919026,0.2866272567502796,0.2088445807770961,0.2866408920982842,0.28666368458048436,0.20885651298763538,0.29728434504792334,0.2866681575668509,0.28669094626541436,0.20886177043733828,0.28670457449527215,0.20888037054783581,0.2972593113141251,0.2867090427061041,0.2088922958988118,0.29726276789421574,0.28671351006068346,0.20890421896458114,0.2867271333673991,0.2972567304314502,0.2089161397458006,0.29726967906753954,0.2867224422020692,0.20892805824312674,0.2972731336611533,0.2972955713783965,0.20893997445721585,0.2973085150537978,0.2973309494923696,0.20895188838872394,0.2973438896692632,0.28667198723064646,0.20896380003830684,0.286685606665177,0.28670837589376913,0.2070605509272559,0.2070858601978934,0.20896236953815708,0.2972998851014937,0.20709794785050906,0.2089742771430395,0.2089995213020584,0.2071100331886648,0.20713533522672878,0.20901142383049334,0.2071540253358435,0.28663050414805363,0.2972464184295332,0.28664411971156917,0.2972593561560795,0.20715288412455335,0.20899665018344232,0.2972628086518216,0.29728522665645835,0.20715835140997832,0.20718364222144248,0.29728867623604466,0.28659372906765335,0.20898188313345242,0.2090071125570121,0.207182496651145,0.20902567373624623,0.2972636815920398,0.28657078164365213,0.2865935327508132,0.20903090022003254,0.2090561224489796,0.297248174484232,0.20907467635992602,0.29726110384848387,0.2972835097564086,0.20908656145384982,0.28655231779634,0.20910511046641375,0.20712190767661312,0.20912365711371098,0.20914886834555307,0.20713397724012622,0.20715925028688,0.2972301023172792,0.2071779180212915,0.2972430278884462,0.20914074451810302,0.2091659495809032,0.29724647842437374,0.2972688740877657,0.20717017208413002,0.29728179471654825,0.29730418711363205,0.20915782429978014,0.29731710425694624,0.286410705751155,0.20916969349391448,0.29732054672316566,0.2973429336051994,0.2071426295836121,0.209174896463842,0.29734637316428275,0.2091934250764526,0.2973592839167967,0.2863604510416003,0.20713489409141583,0.29736272136577907,0.2973851004873077,0.20714695203516148,0.20717220293639924,0.2863375796178344,0.2863603069965925,0.20718425577988664,0.2863739133203834,0.28639663737103555,0.2071963063206496,0.20722155002228873,0.2864011207692553,0.20724019358125317,0.29730332070425675,0.2973256924546323,0.20725223647766705,0.29733859671463136,0.29736096520548816,0.2072642770739161,0.20907209931561355,0.20909727527374586,0.2863417894770347,0.2091157934941753,0.20726312104140807,0.29732654360280075,0.28633716304382417,0.2072751575329387,0.2073003850682621,0.20732561099796334,0.2073508353221957,0.20737605804111245,0.29729213733413945,0.2973144966272114,0.20738808107162174,0.2862869869551384,0.2074067003913334,0.29730847543904304,0.29733083065568033,0.209041165616848,0.297343725147129,0.2074055223310854,0.20905302668829723,0.2973471594885171,0.28623683959413465,0.2090648854961832,0.29735059317451734,0.29737294065263026,0.20739115224374263,0.297385828774965,0.20906344410876132,0.20908859632385676,0.2861958215410055,0.28621851946069704,0.20738338261947917,0.29736089030206675,0.28622301357667485,0.20739539615922675,0.2973643213683909,0.29738665988427543,0.29740899697981243,0.2974313326551373,0.20904727087770608,0.2090724140123339,0.2974347563495343,0.20909090909090908,0.20911604844092685,0.20736126120399212,0.20913453898229667,0.2861365369946606,0.20915302717304943,0.28615013029937075,0.20917151301363332,0.2973814668869963,0.2861546283644221,0.20734032411820782,0.2973848940294239,0.2974072191154042,0.20916340990690432,0.2091885365698672,0.2092136616362192,0.2092387851061126,0.20926390697969946,0.29738229874833216,0.20928237872867625,0.20730622617534944,0.2973857247228487,0.2073248205323677,0.29739859606771907,0.29742091220937616,0.20927425758297602,0.29743378009273963,0.28602280306158095,0.20928607723577236,0.2974372002921655,0.2860273102572245,0.20729732304467943,0.29744061983995934,0.2073159114723907,0.20927795770622976,0.2860136529607874,0.20929641859283718,0.2974251516017398,0.2860181598831672,0.2093082320073653,0.20933333333333334,0.2974191295514428,0.20935178718811503,0.20937688474113578,0.29742254951752156,0.2974448500238057,0.20938868786897732,0.29745770781096265,0.2974800050780754,0.20940048874924624,0.2072357981593145,0.20941893307099108,0.20725437928408225,0.2974645384444515,0.29748683124960335,0.20726638108837062,0.20729153445868764,0.20941079417457245,0.20943587791103496,0.20730353120340111,0.29746192893401013,0.20732210272516735,0.2073472495400038,0.2858230498366272,0.2073658165207461,0.207390959555908,0.29743703609718963,0.29745932058235797,classic
