2_29937462_29948940,1.0,1.0,0.3333333333333333,0.75,0.2,0.3333333333333333,0.2857142857142857,0.375,0.4444444444444444,0.1,0.45454545454545453,0.16666666666666666,0.23076923076923078,0.2857142857142857,0.4,0.1875,0.23529411764705882,0.2777777777777778,0.3684210526315789,0.3,0.38095238095238093,0.4090909090909091,0.30434782608695654,0.20833333333333334,0.4,0.15384615384615385,0.2962962962962963,0.17857142857142858,0.3103448275862069,0.36666666666666664,0.1935483870967742,0.3125,0.3333333333333333,0.35294117647058826,0.37142857142857144,0.19444444444444445,0.21621621621621623,0.3157894736842105,0.15384615384615385,0.325,0.34146341463414637,0.3333333333333333,0.3488372093023256,0.1590909090909091,0.3333333333333333,0.1956521739130435,0.2127659574468085,0.3333333333333333,0.32653061224489793,0.34,0.3333333333333333,0.34615384615384615,0.1509433962264151,0.35185185185185186,0.36363636363636365,0.375,0.3157894736842105,0.3793103448275862,0.3220338983050847,0.38333333333333336,0.39344262295081966,0.4032258064516129,0.14285714285714285,0.3125,0.4,0.4090909090909091,0.31343283582089554,0.16176470588235295,0.3188405797101449,0.4,0.14084507042253522,0.4027777777777778,0.3150684931506849,0.14864864864864866,0.16,0.39473684210526316,0.15584415584415584,0.3974358974358974,0.3037974683544304,0.4,0.30864197530864196,0.4024390243902439,0.40963855421686746,0.4166666666666667,0.15294117647058825,0.4186046511627907,0.2988505747126437,0.14772727272727273,0.4157303370786517,0.3,0.3076923076923077,0.15217391304347827,0.40860215053763443,0.4148936170212766,0.14736842105263157,0.4166666666666667,0.29896907216494845,0.41836734693877553,0.42424242424242425,0.43,0.297029702970297,0.14705882352941177,0.42718446601941745,0.4326923076923077,0.29523809523809524,0.14150943396226415,0.29906542056074764,0.14814814814814814,0.14678899082568808,0.41818181818181815,0.42342342342342343,0.29464285714285715,0.4247787610619469,0.2982456140350877,0.4260869565217391,0.43103448275862066,0.29914529914529914,0.4322033898305085,0.3025210084033613,0.14166666666666666,0.4297520661157025,0.14754098360655737,0.13821138211382114,0.1532258064516129,0.144,0.15079365079365079,0.29133858267716534,0.15625,0.16279069767441862,0.4076923076923077,0.16793893129770993,0.2878787878787879,0.2932330827067669,0.40298507462686567,0.17037037037037037,0.17647058823529413,0.291970802919708,0.39855072463768115,0.4028776978417266,0.14285714285714285,0.40425531914893614,0.2887323943661972,0.2937062937062937,0.14583333333333334,0.4,0.2945205479452055,0.14965986394557823,0.16891891891891891,0.3959731543624161,0.15333333333333332,0.3973509933774834,0.40131578947368424,0.40522875816993464,0.15584415584415584,0.4064516129032258,0.41025641025641024,0.2802547770700637,0.41139240506329117,0.2830188679245283,0.4125,0.4161490683229814,0.15432098765432098,0.4171779141104294,0.15853658536585366,0.41818181818181815,0.1566265060240964,0.16167664670658682,0.16071428571428573,0.16568047337278108,0.4117647058823529,0.26900584795321636,0.16279069767441862,0.41040462427745666,0.16666666666666666,0.4114285714285714,0.16477272727272727,0.1694915254237288,0.2640449438202247,0.40782122905027934,0.4111111111111111,0.4143646408839779,0.17032967032967034,0.26229508196721313,0.41304347826086957,0.2648648648648649,0.41397849462365593,0.16042780748663102,0.16489361702127658,0.1693121693121693,0.2631578947368421,0.4083769633507853,0.171875,0.40932642487046633,0.41237113402061853,0.26153846153846155,0.2653061224489796,0.41116751269035534,0.2676767676767677,0.16080402010050251,0.27,0.4079601990049751,0.16831683168316833,0.4088669950738916,0.1715686274509804,0.2682926829268293,0.4077669902912621,0.15942028985507245,0.40865384615384615,0.41148325358851673,0.26666666666666666,0.41232227488151657,0.41509433962264153,0.41784037558685444,0.26635514018691586,0.4186046511627907,0.4212962962962963,0.15668202764976957,0.16055045871559634,0.2648401826484018,0.41818181818181815,0.16289592760180996,0.16666666666666666,0.4170403587443946,0.41964285714285715,0.16,0.2610619469026549,0.16740088105726872,0.2631578947368421,0.4148471615720524,0.26521739130434785,0.4155844155844156,0.15948275862068967,0.41630901287553645,0.26495726495726496,0.16595744680851063,0.4152542372881356,0.16033755274261605,0.16806722689075632,0.41422594142259417,0.4166666666666667,0.17012448132780084,0.16115702479338842,0.25925925925925924,0.26229508196721313,0.4122448979591837,0.4146341463414634,0.1700404858299595,0.2620967741935484,0.17269076305220885,0.412,0.41434262948207173,0.4166666666666667,0.4189723320158103,0.15748031496062992,0.4196078431372549,0.421875,0.17120622568093385,0.1744186046511628,0.2548262548262548,0.41923076923076924,0.421455938697318,0.17557251908396945,0.155893536121673,0.42045454545454547,0.4226415094339623,0.424812030075188,0.42696629213483145,0.17537313432835822,0.4275092936802974,0.15555555555555556,0.4280442804428044,0.17647058823529413,0.1794871794871795,0.15693430656934307,0.4254545454545455,0.15942028985507245,0.4259927797833935,0.24100719424460432,0.16129032258064516,0.24285714285714285,0.4234875444839858,0.425531914893617,0.1625441696113074,0.426056338028169,0.24210526315789474,0.17482517482517482,0.16376306620209058,0.16666666666666666,0.17647058823529413,0.2413793103448276,0.41924398625429554,0.1678082191780822,0.17064846416382254,0.41836734693877553,0.42033898305084744,0.4222972972972973,0.42424242424242425,0.174496644295302,0.17725752508361203,0.18,0.23588039867109634,0.4205298013245033,0.42244224422442245,0.4243421052631579,0.16721311475409836,0.23529411764705882,0.16938110749185667,0.17857142857142858,0.23624595469255663,0.18064516129032257,0.2379421221864952,0.4166666666666667,0.16932907348242812,0.4171974522292994,0.41904761904761906,0.4208860759493671,0.4227129337539432,0.2358490566037736,0.1786833855799373,0.18125,0.2367601246105919,0.4192546583850932,0.1826625386996904,0.18518518518518517,0.16615384615384615,0.18711656441717792,0.18960244648318042,0.19207317073170732,0.4133738601823708,0.16666666666666666,0.2326283987915408,0.23493975903614459,0.23723723723723725,0.4101796407185629,0.23880597014925373,0.4107142857142857,0.1661721068249258,0.1893491124260355,0.41002949852507375,0.1676470588235294,0.17008797653958943,0.4093567251461988,0.18950437317784258,0.40988372093023256,0.17101449275362318,0.23410404624277456,0.19020172910662825,0.1925287356321839,0.2349570200573066,0.19428571428571428,0.19658119658119658,0.23579545454545456,0.16997167138810199,0.4011299435028249,0.23661971830985915,0.17134831460674158,0.17366946778711484,0.3994413407821229,0.4011142061281337,0.19444444444444445,0.40166204986149584,0.40331491712707185,0.4049586776859504,0.17307692307692307,0.4054794520547945,0.23224043715846995,0.40599455040871935,0.4076086956521739,0.23306233062330622,0.23513513513513515,0.19137466307277629,0.23655913978494625,0.17158176943699732,0.17379679144385027,0.23733333333333334,0.19148936170212766,0.19363395225464192,0.19576719576719576,0.1741424802110818,0.3973684210526316,0.3989501312335958,0.4005235602094241,0.402088772845953,0.234375,0.4025974025974026,0.40414507772020725,0.2351421188630491,0.23711340206185566,0.40359897172236503,0.23846153846153847,0.4040920716112532,0.1913265306122449,0.40458015267175573,0.19289340101522842,0.16962025316455695,0.23737373737373738,0.23929471032745592,0.4020100502512563,0.40350877192982454,0.1925,0.40399002493765584,0.19402985074626866,0.23821339950372208,0.4034653465346535,0.16790123456790124,0.19458128078817735,0.19656019656019655,0.4019607843137255,0.4034229828850856,0.23658536585365852,0.2384428223844282,0.16747572815533981,0.19612590799031476,0.19806763285024154,0.2385542168674699,0.39903846153846156,0.40047961630695444,0.19856459330143542,0.16706443914081145,0.16904761904761906,0.171021377672209,0.17298578199052134,0.3971631205673759,0.39858490566037735,0.1976470588235294,0.19953051643192488,0.20140515222482436,0.17289719626168223,0.3962703962703963,0.39767441860465114,0.1740139211136891,0.39814814814814814,0.23094688221709006,0.3986175115207373,0.23218390804597702,0.39908256880733944,0.40045766590389015,0.1735159817351598,0.19817767653758542,0.4,0.23129251700680273,0.17420814479638008,0.39954853273137697,0.17567567567567569,0.17752808988764046,0.17937219730941703,0.3982102908277405,0.39955357142857145,0.18040089086859687,0.19555555555555557,0.22838137472283815,0.39823008849557523,0.19646799116997793,0.18061674008810572,0.3978021978021978,0.3991228070175439,0.19693654266958424,0.22707423580786026,0.18082788671023964,0.22826086956521738,0.19739696312364424,0.19913419913419914,0.22894168466522677,0.39439655172413796,0.18064516129032257,0.3948497854077253,0.18201284796573874,0.3952991452991453,0.18336886993603413,0.2276595744680851,0.19745222929936307,0.3940677966101695,0.3953488372093023,0.39662447257383965,0.22736842105263158,0.18277310924369747,0.18448637316561844,0.39539748953974896,0.19624217118997914,0.19791666666666666,0.18503118503118504,0.18672199170124482,0.22567287784679088,0.19834710743801653,0.18762886597938144,0.39094650205761317,0.188911704312115,0.1987704918032787,0.1901840490797546,0.2,0.3890020366598778,0.3902439024390244,0.2231237322515213,0.39068825910931176,0.39191919191919194,0.39314516129032256,0.1891348088531187,0.22289156626506024,0.22444889779559118,0.198,0.18962075848303392,0.199203187250996,0.22465208747514911,0.2261904761904762,0.38811881188118813,0.3893280632411067,0.22682445759368836,0.19881889763779528,0.20039292730844793,0.22745098039215686,0.18786692759295498,0.38671875,0.38791423001949316,0.188715953307393,0.3883495145631068,0.1996124031007752,0.38878143133462284,0.38996138996138996,0.2254335260115607,0.3903846153846154,0.3915547024952015,0.2260536398467433,0.1988527724665392,0.18702290076335878,0.22666666666666666,0.19961977186311788,0.22770398481973433,0.38825757575757575,0.18714555765595464,0.3886792452830189,0.2278719397363465,0.3890977443609023,0.3902439024390244,0.3913857677902622,0.22803738317757008,0.3917910447761194,0.3929236499068901,0.18587360594795538,0.22820037105751392,0.3925925925925926,0.22920517560073936,0.3929889298892989,0.19521178637200737,0.39338235294117646,0.22935779816513763,0.184981684981685,0.2303473491773309,0.23175182481751824,0.19489981785063754,0.39090909090909093,0.39201451905626133,0.2318840579710145,0.19529837251356238,0.3916967509025271,0.3927927927927928,0.18345323741007194,0.19569120287253142,0.3924731182795699,0.18425760286225404,0.39285714285714285,0.3939393939393939,0.22953736654804271,0.19538188277087035,0.39361702127659576,0.39469026548672564,0.196113074204947,0.18342151675485008,0.39436619718309857,0.22847100175746923,0.39473684210526316,0.3957968476357268,0.229020979020979,0.23036649214659685,0.1951219512195122,0.23130434782608697,0.19618055555555555,0.3934142114384749,0.1972318339100346,0.19861830742659758,0.1810344827586207,0.3924268502581756,0.39347079037800686,0.18181818181818182,0.3938356164383562,0.19829059829059828,0.39419795221843,0.19931856899488926,0.18197278911564627,0.3938879456706282,0.2271186440677966,0.22842639593908629,0.3935810810810811,0.22934232715008432,0.18181818181818182,0.23025210084033612,0.19798657718120805,0.39195979899497485,0.39297658862876256,0.2303839732888147,0.18166666666666667,0.39267886855241263,0.19767441860465115,0.19900497512437812,0.23013245033112584,0.2,0.3910891089108911,0.39209225700164746,0.18092105263157895,0.3924466338259442,0.39344262295081966,0.3944353518821604,0.3954248366013072,0.18107667210440456,0.1986970684039088,0.3951219512195122,0.19967532467532467,0.39546191247974066,0.3964401294498382,0.3974151857835218,0.18064516129032257,0.3977455716586151,0.22508038585209003,0.19903691813804172,0.3974358974358974,0.3984,0.19968051118210864,0.39872408293460926,0.17993630573248406,0.18124006359300476,0.3984126984126984,0.19968304278922344,0.3987341772151899,0.39968404423380727,0.222397476340694,0.22362204724409449,0.19968553459119498,0.22448979591836735,0.3981191222570533,0.20031298904538342,0.225,0.1794071762870515,0.397196261682243,0.18040435458786935,0.39751552795031053,0.2248062015503876,0.18111455108359134,0.3972179289026275,0.22530864197530864,0.3975346687211094,0.3984615384615385,0.22580645161290322,0.22699386503067484,0.1807044410413476,0.19724770642201836,0.1984732824427481,0.22713414634146342,0.395738203957382,0.3966565349544073,0.3975720789074355,0.3984848484848485,0.1800302571860817,0.3987915407854985,0.3996983408748115,0.22590361445783133,0.4,0.4009009009009009,0.4017991004497751,0.17964071856287425,0.18086696562032886,0.18208955223880596,0.18330849478390462,0.40029761904761907,0.4011887072808321,0.18397626112759644,0.4014814814814815,0.40236686390532544,0.22304283604135894,0.18436578171091444,0.4020618556701031,0.2235294117647059,0.18502202643171806,0.22434017595307917,0.22547584187408493,0.18567251461988304,0.4,0.2259475218658892,0.4002911208151383,0.18604651162790697,0.19013062409288825,0.18695652173913044,0.18813314037626627,0.3988439306358382,0.3997113997113997,0.19020172910662825,0.1884892086330935,0.1896551724137931,0.1908177905308465,0.22349570200573066,0.2246065808297568,0.2257142857142857,0.2268188302425107,0.1908831908831909,0.19203413940256045,0.22727272727272727,0.22836879432624113,0.19263456090651557,0.18811881188118812,0.3926553672316384,0.22849083215796898,0.3929577464788732,0.22925457102672292,0.2303370786516854,0.2314165497896213,0.1876750700280112,0.1888111888111888,0.39106145251396646,0.2315202231520223,0.1894150417827298,0.1905424200278164,0.19166666666666668,0.1927877947295423,0.389196675900277,0.23098201936376211,0.38950276243093923,0.1889655172413793,0.23140495867768596,0.18982118294360384,0.19093406593406592,0.19204389574759945,0.38767123287671235,0.38850889192886456,0.1912568306010929,0.19236016371077763,0.23024523160762944,0.23129251700680273,0.23233695652173914,0.23337856173677068,0.23441734417344173,0.19079837618403248,0.1918918918918919,0.19298245614035087,0.1940700808625337,0.3835800807537012,0.19489247311827956,0.23355704697986576,0.38337801608579086,0.19009370816599733,0.19518716577540107,0.1909212283044059,0.23333333333333334,0.19573901464713714,0.3816489361702128,0.19123505976095617,0.1962864721485411,0.19205298013245034,0.2328042328042328,0.1928665785997358,0.37994722955145116,0.1963109354413702,0.38026315789473686,0.19316688567674112,0.1968503937007874,0.23197903014416776,0.19764397905759162,0.2326797385620915,0.19321148825065274,0.19426336375488917,0.19791666666666666,0.19505851755526657,0.23246753246753246,0.19844357976653695,0.1955958549222798,0.19663648124191463,0.19767441860465115,0.3741935483870968,0.375,0.1981981981981982,0.19922879177377892,0.23106546854942234,0.23205128205128206,0.1997439180537772,0.3734015345268542,0.20051085568326948,0.19642857142857142,0.2318471337579618,0.19720101781170485,0.37229987293519695,0.19796954314720813,0.23193916349809887,0.19873417721518988,0.1997471554993679,0.20075757575757575,0.19924337957124844,0.23173803526448364,0.20125786163522014,0.2022613065326633,0.36888331242158096,0.19924812030075187,0.2002503128911139,0.2025,0.23096129837702872,0.20324189526184538,0.20423412204234123,0.20522388059701493,0.36645962732919257,0.19975186104218362,0.20074349442379183,0.20173267326732675,0.3658838071693449,0.22962962962962963,0.36621454993834773,0.3669950738916256,0.20418204182041821,0.22972972972972974,0.23067484662576687,0.23161764705882354,0.204406364749082,0.36552567237163813,0.3663003663003663,0.3670731707317073,0.36784409257003653,0.20437956204379562,0.20534629404617255,0.19902912621359223,0.23030303030303031,0.3668280871670702,0.20556227327690446,0.20652173913043478,0.2074788902291918,0.20843373493975903,0.3658243080625752,0.36658653846153844,0.19807923169267708,0.19904076738609114,0.2,0.20095693779904306,0.2019115890083632,0.36515513126491644,0.36591179976162097,0.20238095238095238,0.20332936979785968,0.2042755344418052,0.20640569395017794,0.20734597156398105,0.20473372781065088,0.3640661938534279,0.20543093270365997,0.20754716981132076,0.2061248527679623,0.20705882352941177,0.36310223266745006,0.36384976525821594,0.20750293083235638,0.22365339578454332,0.20818713450292398,0.2091121495327103,0.2100350058343057,0.2062937062937063,0.21071012805587894,0.2116279069767442,0.3612078977932636,0.2122969837587007,0.21320973348783315,0.21412037037037038,0.21502890173410405,0.20554272517321015,0.20645905420991925,0.2073732718894009,0.20828538550057538,0.2149425287356322,0.208955223880597,0.22018348623853212,0.22107674684994272,0.2151029748283753,0.20914285714285713,0.22146118721461186,0.20980615735461802,0.22209567198177677,0.21046643913538113,0.21136363636363636,0.35414301929625425,0.21428571428571427,0.21517553793884484,0.21153846153846154,0.21242937853107344,0.22121896162528218,0.21307779030439683,0.21396396396396397,0.21484814398200225,0.21460674157303372,0.21548821548821548,0.2163677130044843,0.21500559910414332,0.21700223713646533,0.21564245810055865,0.21763392857142858,0.34894091415830547,0.2182628062360802,0.21913236929922136,0.21888888888888888,0.2153163152053274,0.21951219512195122,0.2159468438538206,0.2168141592920354,0.2176795580110497,0.2185430463576159,0.21830209481808158,0.21916299559471367,0.22002200220022003,0.22087912087912087,0.21844127332601537,0.21929824561403508,0.343921139101862,0.34463894967177244,0.21967213114754097,0.2205240174672489,0.22137404580152673,0.22004357298474944,0.22089227421109903,0.21630434782608696,0.22149837133550487,0.21691973969631237,0.2210184182015168,0.341991341991342,0.22162162162162163,0.2224622030237581,0.22330097087378642,0.3415948275862069,0.34230355220667386,0.22365591397849463,0.22448979591836735,0.21995708154506438,0.2207931404072883,0.22162740899357602,0.22245989304812835,0.2232905982905983,0.34044823906083244,0.22388059701492538,0.21405750798722045,0.2148936170212766,0.22316684378320936,0.22399150743099788,0.22481442205726404,0.225635593220339,0.22328042328042327,0.21458773784355178,0.2238648363252376,0.22468354430379747,0.21496311907270813,0.22526315789473683,0.22502628811777076,0.22584033613445378,0.22560335781741866,0.22641509433962265,0.21465968586387435,0.22594142259414227,0.21525600835945663,0.33402922755741127,0.22627737226277372,0.22604166666666667,0.22684703433922998,0.33367983367983367,0.22637590861889928,0.22717842323651452,0.22797927461139897,0.2267080745341615,0.22854188210961737,0.22933884297520662,0.2301341589267286,0.2309278350515464,0.23171987641606592,0.22633744855967078,0.23227132579650564,0.33059548254620125,0.22666666666666666,0.23258196721311475,0.23336745138178097,0.23415132924335377,0.3299284984678243,0.3306122448979592,0.3312945973496432,0.22606924643584522,0.23397761953204477,0.2266260162601626,0.23451776649746192,0.3306288032454361,0.22695035460992907,0.22773279352226722,0.22851365015166836,0.3303030303030303,0.22906155398587286,0.2086693548387097,0.229607250755287,0.23340040241448692,0.23015075376884422,0.23092369477911648,0.2337011033099298,0.23446893787575152,0.23523523523523523,0.231,0.23176823176823177,0.23253493013972057,0.2333000997008973,0.2350597609561753,0.20696517412935322,0.2355864811133201,0.20754716981132076,0.23313492063492064,0.23389494549058473,0.23465346534653464,0.20771513353115728,0.23517786561264822,0.23593287265547877,0.23668639053254437,0.23448275862068965,0.23523622047244094,0.23697148475909538,0.23772102161100198,0.23846908734052993,0.23529411764705882,0.23898139079333985,0.23972602739726026,0.20625610948191594,0.20703125,0.24,0.24074074074074073,0.24148003894839337,0.31906614785992216,0.23420796890184645,0.20679611650485438,0.2347235693501455,0.3187984496124031,0.3194578896418199,0.24081237911025144,0.24154589371980675,0.24227799227799227,0.3191899710703954,0.3198458574181118,0.23387872954764197,0.23461538461538461,0.2420749279538905,0.23512476007677544,0.23585810162991372,0.24233716475095785,0.2430622009569378,0.24378585086042065,0.24450811843361986,0.23568702290076335,0.20400381315538607,0.20476190476190476,0.2445290199809705,0.20532319391634982,0.245014245014245,0.24573055028462998,0.24644549763033174,0.2471590909090909,0.2478713339640492,0.23440453686200377,0.24834749763928235,0.20471698113207548,0.23468426013195098,0.23540489642184556,0.24835371589840075,0.23590225563909775,0.20469483568075117,0.23639774859287055,0.23711340206185566,0.23782771535580524,0.3115060804490178,0.2383177570093458,0.24743230625583568,0.23880597014925373,0.20410065237651445,0.31098696461824954,0.23906976744186045,0.20446096654275092,0.2051996285979573,0.24675324675324675,0.31047265987025024,0.2388888888888889,0.23959296947271044,0.24676524953789278,0.247460757156048,0.2047970479704797,0.24792626728110598,0.24861878453038674,0.24931002759889603,0.23897058823529413,0.2497704315886134,0.23944954128440368,0.24014665444546288,0.2042124542124542,0.24062214089661482,0.24954296160877515,0.2045662100456621,0.25,0.2506836827711942,0.20491803278688525,0.24021838034576887,0.3054545454545455,0.3060853769300636,0.25045372050816694,0.2511332728921124,0.25181159420289856,0.3058823529411765,0.3065099457504521,0.3071364046973803,0.2518050541516246,0.25247971145175835,0.30720720720720723,0.23852385238523852,0.2392086330935252,0.252470799640611,0.20287253141831238,0.20358744394618833,0.3064516129032258,0.25246195165622204,0.3067978533094812,0.2386058981233244,0.2526785714285714,0.23907225691347012,0.3065953654188948,0.23953695458593055,0.2526690391459075,0.25333333333333335,0.2539964476021314,0.2546583850931677,0.2553191489361702,0.2391496899911426,0.2557522123893805,0.3050397877984085,0.2393992932862191,0.2559576345984113,0.2566137566137566,0.20088105726872246,0.3045774647887324,0.256816182937555,0.30492091388400705,0.305531167690957,0.306140350877193,0.23838737949167396,0.2565674255691769,0.20034995625546806,0.23863636363636365,0.25676855895196504,0.23909249563699825,0.25719267654751526,0.2578397212543554,0.2584856396866841,0.2591304347826087,0.1998262380538662,0.2595486111111111,0.23850823937554205,0.2391681109185442,0.2597402597402597,0.26038062283737023,0.3025064822817632,0.2607944732297064,0.3028472821397757,0.26120689655172413,0.23858742463393626,0.19879518072289157,0.1994840928632846,0.23883161512027493,0.23948497854077253,0.2607204116638079,0.23993144815766923,0.3013698630136986,0.24037639007698888,0.2606837606837607,0.2408198121263877,0.24146757679180889,0.2608695652173913,0.2614991482112436,0.2621276595744681,0.2627551020408163,0.1979609175870858,0.299660441426146,0.30025445292620867,0.2627118644067797,0.24047417442845045,0.26311336717428085,0.24091293322062554,0.2998310810810811,0.24135021097046414,0.1973018549747049,0.2999157540016849,0.3005050505050505,0.3010933557611438,0.26218487394957984,0.26280436607892527,0.2634228187919463,0.2640402347024308,0.30067001675041877,0.2401673640167364,0.2408026755852843,0.26399331662489556,0.19616026711185308,0.19683069224353628,0.26416666666666666,0.26477935054121565,0.2653910149750416,0.24023275145469658,0.24086378737541528,0.26556016597510373,0.19651741293532338,0.19718309859154928,0.26572847682119205,0.2663358147229115,0.26694214876033057,0.19735755573905864,0.19801980198019803,0.2671063478977741,0.2677100494233937,0.2683127572016461,0.2393092105263158,0.2686935086277732,0.26929392446633826,0.26989335520918784,0.27049180327868855,0.2710892710892711,0.23895253682487724,0.23957481602616518,0.27124183006535946,0.27183673469387754,0.2398042414355628,0.19641401792991034,0.2719869706840391,0.2725793327908869,0.2926829268292683,0.272948822095857,0.19642857142857142,0.2733171127331711,0.19692058346839547,0.19757085020242915,0.27346278317152106,0.23848019401778497,0.19789983844911146,0.23890234059725585,0.27338709677419354,0.23932312651087834,0.27375201288244766,0.23974255832662913,0.2741157556270096,0.24016064257028114,0.24077046548956663,0.2413793103448276,0.2419871794871795,0.24259407526020815,0.2888,0.28936850519584334,0.24281150159744408,0.27294493216280924,0.27352472089314195,0.24302788844621515,0.2890127388535032,0.28957836117740654,0.27344992050874406,0.28991262907069104,0.24285714285714285,0.24345757335448057,0.2733755942947702,0.273950910530483,0.2745253164556962,0.24347826086956523,0.27488151658767773,0.27545382794001577,0.24369085173501578,0.1938534278959811,0.2755905511811024,0.2761605035405193,0.19418238993710693,0.27651217596229377,0.2770800627943485,0.28705882352941176,0.28761755485893414,0.2427564604541895,0.27699530516431925,0.19390148553557468,0.24296875,0.28727556596409054,0.2878315132605304,0.2766952455183164,0.1939252336448598,0.27704280155642025,0.2776049766718507,0.2874902874902875,0.2779503105590062,0.27851047323506595,0.27906976744186046,0.24167312161115415,0.24226006191950464,0.28692962103634956,0.2789799072642968,0.27953667953667954,0.19290123456790123,0.19352351580570548,0.24191063174114022,0.19399538106235567,0.2792307692307692,0.2797847809377402,0.2803379416282642,0.2417498081350729,0.19401840490797545,0.2421455938697318,0.24272588055130168,0.2433052792654935,0.24388379204892965,0.27960275019098546,0.24427480916030533,0.2448512585812357,0.27972560975609756,0.19345011424219344,0.19406392694063926,0.2828897338403042,0.2796352583586626,0.2832194381169324,0.24430955993930198,0.27975739196360877,0.2803030303030303,0.24451173353520061,0.2806354009077156,0.2811791383219955,0.28172205438066467,0.28226415094339624,0.28205128205128205,0.2825923134890731,0.28237951807228917,0.1926260346124906,0.28270676691729324,0.2832456799398948,0.28378378378378377,0.19279819954988747,0.1934032983508246,0.28164794007490634,0.28218562874251496,0.28347045624532535,0.242152466367713,0.24271844660194175,0.2835820895522388,0.2431021625652498,0.2436661698956781,0.28369322412509307,0.28422619047619047,0.28475836431226764,0.2852897473997028,0.2858203414996288,0.2433234421364985,0.2861378799110452,0.2437037037037037,0.28645447816432273,0.2869822485207101,0.19142645971914266,0.19202363367799113,0.2870848708487085,0.27876106194690264,0.2792925571112749,0.28718703976435933,0.28771155261221487,0.2426470588235294,0.2432035268185158,0.2790014684287812,0.2876008804108584,0.28812316715542524,0.2886446886446886,0.2891654465592972,0.24286759326993415,0.24342105263157895,0.2892622352081812,0.1905109489051095,0.24361779722830051,0.2893586005830904,0.2898761835396941,0.19068413391557495,0.2901818181818182,0.29069767441860467,0.29121278140885987,0.29172714078374457,0.2922407541696882,0.2427536231884058,0.2433019551049964,0.27568740955137483,0.292118582791034,0.19002890173410406,0.24332129963898916,0.2922077922077922,0.19033886085075702,0.29250720461095103,0.2750179985601152,0.24316546762589927,0.2753414809489576,0.27586206896551724,0.24335965541995694,0.2919655667144907,0.2924731182795699,0.27578796561604585,0.24337866857551896,0.2925608011444921,0.2437455325232309,0.24428571428571427,0.2926481084939329,0.1890156918687589,0.29294369208838206,0.2934472934472934,0.27473309608540925,0.2937411095305832,0.27505330490405117,0.2755681818181818,0.27608232789212206,0.2765957446808511,0.2430900070871722,0.29320113314447593,0.2767162066525124,0.29349363507779347,0.2939929328621908,0.2944915254237288,0.2949894142554693,0.2954866008462623,0.24242424242424243,0.29577464788732394,0.18719211822660098,0.24261603375527427,0.29585382993675335,0.29634831460674155,0.2968421052631579,0.27489481065918653,0.29712683952347585,0.27521008403361347,0.27571728481455565,0.2762237762237762,0.27672955974842767,0.29678770949720673,0.2972784368457781,0.27684797768479774,0.27735191637630663,0.27785515320334264,0.2971468336812804,0.24061196105702365,0.27797081306462823,0.2972222222222222,0.24080499653018736,0.18515950069348128,0.24116424116424118,0.24168975069252077,0.2968858131487889,0.29737206085753803,0.1852107809260539,0.24171270718232044,0.18564527260179434,0.18620689655172415,0.18676774638180565,0.24173553719008264,0.24225739848589126,0.18707015130674004,0.29621993127147767,0.2967032967032967,0.27522306108442,0.29698216735253774,0.297464016449623,0.2979452054794521,0.24161533196440793,0.2982216142270862,0.2987012987012987,0.29918032786885246,0.29965870307167236,0.2742155525238745,0.27471029311520107,0.24114441416893734,0.18584070796460178,0.18639455782312925,0.24133242692046228,0.29891304347826086,0.241683638832315,0.24219810040705564,0.24271186440677966,0.29878048780487804,0.18618821936357483,0.2733423545331529,0.2738336713995943,0.29864864864864865,0.24240378122889938,0.2989203778677463,0.24275118004045854,0.24326145552560646,0.2734006734006734,0.27388963660834453,0.29858776059179554,0.29905913978494625,0.24311618535930155,0.2436241610738255,0.29912810194500333,0.299597855227882,0.3000669792364367,0.24364123159303883,0.2729096989966555,0.30013368983957217,0.24382097528390115,0.30040053404539385,0.3008672448298866,0.184,0.24383744170552965,0.3009320905459387,0.3013972055888224,0.1841755319148936,0.2717607973421927,0.27224435590969454,0.30126078301260784,0.3017241379310345,0.30218687872763417,0.30264900662251654,0.30311052283256124,0.18386243386243387,0.24256444150693984,0.18428005284015853,0.2429042904290429,0.18469656992084432,0.1852340145023072,0.1857707509881423,0.2705727452271231,0.30197368421052634,0.30243261012491784,0.3028909329829172,0.242284963887065,0.3031496062992126,0.30360655737704917,0.3040629095674967,0.24230517354289458,0.24280104712041886,0.2432962720732505,0.2437908496732026,0.2442847811887655,0.3035248041775457,0.26875407697325504,0.2692307692307692,0.3035830618892508,0.18424479166666666,0.30383864671437866,0.24382314694408322,0.244314489928525,0.3038961038961039,0.2446463335496431,0.245136186770428,0.3039533376539209,0.30440414507772023,0.2453074433656958,0.18369987063389392,0.3044602456367162,0.3049095607235142,0.18398967075532602,0.24516129032258063,0.3049645390070922,0.18427835051546393,0.18480360592401804,0.26640926640926643,0.26688102893890675,0.3046272493573265,0.26718047527296085,0.26765083440308085,0.30468248877485565,0.18461538461538463,0.30493273542600896,0.1850192061459667,0.30518234165067176,0.30562659846547313,0.3060702875399361,0.3065134099616858,0.30695596681557114,0.24298469387755103,0.18483110261312938,0.2662420382165605,0.3068109484404838,0.30725190839694655,0.3076923076923077,0.30813214739517153,0.266031746031746,0.3083756345177665,0.24223208623969564,0.3086185044359949,0.24255858138062064,0.2430379746835443,0.2656546489563567,0.3084702907711757,0.30890713834491473,0.30934343434343436,0.30977917981072556,0.26544766708701134,0.24259609325771897,0.30982367758186397,0.26557583385777217,0.310062893081761,0.3104965430546826,0.310929648241206,0.3113622096672944,0.24215809284818068,0.31159874608150473,0.31203007518796994,0.2648716343143394,0.3122653316645807,0.26516572858036275,0.265625,0.24172392254840724,0.3121098626716604,0.24204616344354335,0.24251870324189526,0.24299065420560748,0.26525529265255293,0.2657125077784692,0.26616915422885573,0.2666252330640149,0.24285714285714285,0.31098696461824954,0.2667493796526055,0.2672039677619343,0.24287484510532836,0.243343653250774,0.31064356435643564,0.24366110080395795,0.17985166872682323,0.31068560840024706,0.3111111111111111,0.31153608883405304,0.311960542540074,0.3123844731977819,0.17980295566502463,0.1803076923076923,0.2656826568265683,0.2661339889366933,0.31203931203931207,0.24248004910988336,0.24294478527607363,0.24340895156345801,0.3118872549019608,0.31230863441518675,0.24357405140758873,0.24403669724770644,0.265281173594132,0.3121563836285889,0.3125763125763126,0.1793776693105552,0.3128048780487805,0.31322364411943937,0.31364190012180265,0.24345709068776628,0.2645985401459854,0.2650455927051672,0.26549210206561363,0.2434729811778992,0.3131067961165049,0.2656155245603396,0.26606060606060605,0.3131435493640218,0.26634382566585957,0.26678765880217786,0.2430471584038694,0.24350453172205438,0.24396135265700483,0.2667471333735667,0.267189384800965,0.26763110307414106,0.24397590361445784,0.24443106562311862,0.31167268351383876,0.31208659049909804,0.3125,0.2672672672672673,0.3127250900360144,0.3131373725254949,0.3135491606714628,0.3139604553624925,0.3143712574850299,0.1765409934171155,0.24342105263157895,0.2438732815301853,0.3142174432497013,0.2662686567164179,0.26670644391408116,0.31425163983303517,0.3146603098927294,0.3150684931506849,0.24345238095238095,0.24390243902439024,0.26634958382877527,0.24420677361853832,0.24465558194774348,0.17566765578635016,0.3143534994068802,0.3147599288678127,0.24466824644549762,0.17584369449378331,0.31479289940828403,0.24482554701360143,0.24527186761229314,0.24571766095688127,0.2650531286894923,0.24601769911504426,0.2653301886792453,0.24631703005303476,0.24676089517078917,0.1753972925250147,0.26529411764705885,0.3133450911228689,0.26556991774383076,0.31356429829712273,0.31396713615023475,0.3143695014662757,0.17526377491207504,0.3145869947275923,0.3149882903981265,0.17554125219426564,0.3152046783625731,0.31560490940970193,0.1758177570093458,0.315820198482195,0.24504084014002334,0.3160349854227405,0.31643356643356646,0.17588817705299942,0.31664726426076834,0.3170447934845841,0.3174418604651163,0.3178384660081348,0.24448315911730545,0.24492164828787,0.24535962877030162,0.31768115942028985,0.17555040556199306,0.31789229878401853,0.31828703703703703,0.31868131868131866,0.24508670520231213,0.2616984402079723,0.2453810623556582,0.31852279284477786,0.24567474048442905,0.24610951008645532,0.17511520737327188,0.24640184225676454,0.2468354430379747,0.24726854514088556,0.1752873563218391,0.3176335439402642,0.24741676234213547,0.3178427997705106,0.24770642201834864,0.2481375358166189,0.24856815578465064,0.24899828277046365,0.2494279176201373,0.259576901086335,0.3171428571428571,0.31753283837806967,0.17465753424657535,0.24928693667997717,0.1750285062713797,0.24957264957264957,0.3171981776765376,0.1752988047808765,0.24971558589306028,0.17566799317794202,0.17613636363636365,0.2498580352072686,0.3166855845629966,0.17640385706182643,0.25,0.31671388101983,0.17667044167610418,0.31692133559705715,0.3173076923076923,0.3176936122102883,0.1768361581920904,0.25691699604743085,0.3177200902934537,0.2571912013536379,0.3179255918827508,0.25746478873239437,0.25788288288288286,0.24873382104670794,0.24915635545556805,0.24957841483979765,0.17640449438202246,0.17686692869174622,0.25757575757575757,0.2495793606281548,0.31670403587443946,0.17703081232492998,0.3169092945128779,0.31729155008393956,0.31767337807606266,0.257126886528787,0.24916201117318434,0.24958123953098826,0.25,0.3173452314556609,0.1767001114827202,0.31754874651810583,0.31792873051224946,0.3183082915971063,0.3186874304783092,0.2562534741523068,0.24944444444444444,0.3187118267629095,0.17647058823529413,0.3189129229062673,0.17682926829268292,0.24930747922437674,0.31893687707641194,0.3193137797454344,0.3196902654867257,0.3200663349917081,0.24917127071823206,0.3202650469353948,0.32064017660044153,0.2548262548262548,0.2552370452039691,0.32066115702479336,0.2488986784140969,0.24931205283434232,0.32068206820682066,0.3210555250137438,0.17582417582417584,0.24931356397583745,0.3210757409440176,0.24958859023587493,0.25,0.32109589041095893,0.2502738225629792,0.25068418171866447,0.17560175054704596,0.17605248769819573,0.253551912568306,0.2506826870562534,0.17631004366812228,0.320240043644299,0.32061068702290074,0.32098092643051773,0.3213507625272331,0.25040827436037016,0.25081610446137104,0.25122349102773245,0.17608695652173914,0.2514937533948941,0.32084690553745926,0.2523060227889311,0.3210412147505423,0.3214092140921409,0.176056338028169,0.32160259880887926,0.25216450216450215,0.2525689561925365,0.3216216216216216,0.2506753106428957,0.17602591792656588,0.2509444144630329,0.2513484358144552,0.3212938005390836,0.2516163793103448,0.2520193861066236,0.32131324004305706,0.2517482517482518,0.32150537634408605,0.2520150456743686,0.25241675617615467,0.2517444981213097,0.32135193133047213,0.32171581769436997,0.3220793140407288,0.2517407605784681,0.17505353319057815,0.2520064205457464,0.2518716577540107,0.32175307322287544,0.1752136752136752,0.25200213561131873,0.3217716115261473,0.3221333333333333,0.3224946695095949,0.322855620671284,0.3232161874334398,0.2511974454497073,0.32340425531914896,0.3237639553429027,0.3241232731137088,0.25119490175252257,0.2510615711252654,0.25145888594164456,0.2518557794273595,0.32379438261791205,0.1742584745762712,0.3239809422975119,0.1746031746031746,0.32416710735060816,0.32452431289640593,0.2514527205493925,0.32470960929250264,0.325065963060686,0.25,0.2503953610964681,0.2507903055848261,0.32490784623486046,0.32526315789473687,0.25092056812204105,0.1740273396424816,0.2511823436678928,0.32510504201680673,0.32545931758530183,0.32581322140608604,0.32616675406397483,0.1740041928721174,0.1744368779465689,0.17486910994764399,0.326007326007326,0.1752092050209205,0.25039205436487194,0.2507836990595611,0.17545691906005223,0.2510438413361169,0.325508607198748,0.17570385818561002,0.2511724856696196,0.2515625,0.2483081728266528,0.3251821019771072,0.3255330213208528,0.32588357588357586,0.3262337662337662,0.2481827622014538,0.3264141152049818,0.24844398340248963,0.24883359253499224,0.24922279792746113,0.24961160020714657,0.25,0.25038799793067773,0.250258531540848,0.25064599483204136,0.17458677685950413,0.2503871966959215,0.25077399380804954,0.25116039195461576,0.2515463917525773,0.17465224111282843,0.32440782698249226,0.2501286670097787,0.3245884773662551,0.25038560411311056,0.25077081192189105,0.25115562403698,0.324435318275154,0.3247819394561314,0.2512820512820513,0.17426960533059968,0.32479508196721313,0.25140809011776755,0.2517911975435005,0.25217391304347825,0.25255623721881393,0.17424629535002556,0.25280898876404495,0.32414497192445124,0.24948979591836734,0.32432432432432434,0.1743119266055046,0.17473255221599593,0.17515274949083504,0.3241730279898219,0.17548321464903358,0.32435180477885106,0.3246951219512195,0.2488572879634332,0.24923857868020305,0.2496194824961948,0.25,0.2513938165230613,0.2502532928064843,0.3240506329113924,0.25050607287449395,0.25139099645928176,0.2517694641051567,0.2521475492673067,0.25252525252525254,0.25290257445734476,0.32341069626639757,0.3237518910741301,0.1743951612903226,0.24987405541561714,0.2502517623363545,0.2506290890790136,0.25100603621730383,0.3232780291603821,0.3236180904522613,0.32395781014565544,0.2520080321285141,0.2523833416959358,0.25275827482447344,0.2531328320802005,0.32364729458917835,0.32398597896845266,0.25325325325325326,0.32416208104052024,0.25,0.3243378310844578,0.17332667332667331,0.32451323015476785,0.17365269461077845,0.32468827930174565,0.17397806580259223,0.2526158445440957,0.25298804780876494,0.3245395719263315,0.17412935323383086,0.3247140726006962,0.24900596421471172,0.32488822652757077,0.32522343594836145,0.2491315136476427,0.3253968253968254,0.17402082300446206,0.2522299306243806,0.1743437345220406,0.32524752475247526,0.17466600692726372,0.3254203758654797,0.32575383094414234,0.17490118577075098,0.24839506172839507,0.24876604146100692,0.3256043413912186,0.2490138067061144,0.2513553474618038,0.2517241379310345,0.25209256523879864,0.32529527559055116,0.3256271519921299,0.252212389380531,0.2525798525798526,0.25294695481335955,0.2533136966126657,0.2536800785083415,0.3251593918587543,0.24803921568627452,0.32533072023517884,0.17384916748285995,0.3255017131669114,0.3258317025440313,0.25330073349633253,0.2536656891495601,0.2540302882266732,0.25439453125,0.2547584187408492,0.17365853658536584,0.17406143344709898,0.3250487329434698,0.32537749634680957,0.3257059396299903,0.2545012165450122,0.25486381322957197,0.2552260573650948,0.17395529640427598,0.2554638173870811,0.32524271844660196,0.3255701115963125,0.3258971871968962,0.32622394571013086,0.24563953488372092,0.25520581113801455,0.32623426911907066,0.25544267053701014,0.24564796905222436,0.2556790720154664,0.2560386473429952,0.17334620956059874,0.2562741312741313,0.3256150506512301,0.17357762777242045,0.2563855421686747,0.2567437379576108,0.24506499759268174,0.3253128007699711,0.3256373256373256,0.32596153846153847,0.245074483421432,0.2564841498559078,0.24531925108017283,0.32581573896353166,0.24556354916067147,0.24592521572387344,0.25634882606612364,0.2567049808429119,0.3255146002872188,0.3258373205741627,0.32615973218555716,0.1725621414913958,0.1729574773053034,0.2454632282712512,0.3260143198090692,0.2562022900763359,0.3261802575107296,0.3265014299332698,0.3268222963315865,0.3271428571428571,0.17277486910994763,0.3273073263558516,0.3276271992391821,0.3279467680608365,0.25558194774346793,0.32811016144349475,0.17275747508305647,0.32827324478178366,0.3285917496443812,0.3289099526066351,0.25532922785409756,0.3290719696969697,0.32938949361097963,0.3297067171239357,0.3300236406619385,0.33034026465028354,0.1724137931034483,0.3305004721435316,0.25483718735252475,0.17264150943396225,0.17303158887317302,0.33034872761545714,0.25482807348092323,0.2551789077212806,0.1731764705882353,0.1735653809971778,0.3300423131170663,0.33035714285714285,0.33067167684358856,0.17370892018779344,0.330830595964336,0.25469043151969983,0.2550398499765588,0.33083411433926896,0.33114754098360655,0.2551498127340824,0.33130556855404775,0.3316183348924228,0.1734455352968677,0.3317757009345794,0.25502101821578704,0.2404295051353875,0.3317778814745684,0.24067164179104478,0.24102564102564103,0.2413793103448276,0.24173265020959478,0.33147113594040967,0.33178222429036763,0.2544186046511628,0.17294281729428174,0.33178438661710036,0.3320947515095216,0.25441039925719594,0.17308584686774942,0.24118738404452691,0.3319425127491887,0.17330861909175163,0.2413154238073182,0.25416666666666665,0.3317908375751967,0.33209990749306195,0.17337031900138697,0.3322550831792976,0.3325635103926097,0.25392428439519854,0.24088601753576372,0.25415129151291516,0.2544951590594744,0.17327188940092167,0.254721326577614,0.2550644567219153,0.2554072710538426,0.3316467341306348,0.33195402298850574,0.3322610294117647,0.3325677537896187,0.33287419651056016,0.255162918770078,0.3330275229357798,0.3333333333333333,0.2552703941338222,0.33348602840128266,0.2554945054945055,0.23935926773455377,0.3334858188472095,0.2395976223136717,0.2554844606946984,0.3334856098675194,0.33378995433789954,0.3340940209949795,0.3343978102189781,0.2553579571363429,0.17183226982680036,0.2555808656036446,0.3342440801457195,0.3345471096950387,0.3348498635122839,0.33515234197362437,0.17181818181818181,0.17219445706497047,0.17257039055404177,0.33499773036768044,0.3352994555353902,0.3356009070294785,0.2547597461468722,0.23787947439963752,0.33559782608695654,0.17247623358985967,0.25475113122171944,0.3355947535052013,0.17269439421338156,0.3357433348395843,0.33604336043360433,0.23747178329571106,0.3361913357400722,0.2377086152458277,0.25428313796212804,0.33618747183415953,0.3364864864864865,0.3367852318775326,0.33708370837083707,0.33738191632928477,0.23741007194244604,0.33752808988764044,0.33782569631626236,0.2537045352492142,0.2374326750448833,0.23777478689995513,0.1717488789237668,0.3375168086060063,0.23790322580645162,0.23824451410658307,0.238585496866607,0.2532438478747204,0.2535778175313059,0.23871256146624945,0.33690795352993747,0.17150513622152747,0.25357142857142856,0.33690316822846944,0.33719892952720787,0.253678109674543,0.23841354723707664,0.3371937639198218,0.3374888691006233,0.3377837116154873,0.23843416370106763,0.2534459759893286,0.25377777777777777,0.17103509551310528,0.33747779751332146,0.23834886817576564,0.23868677905944988,0.23902439024390243,0.25354609929078015,0.3371732388125831,0.337466784765279,0.23904382470119523,0.2535398230088496,0.25386996904024767,0.33731211317418214,0.23906319045514804,0.2539752650176678,0.3373068432671082,0.3375992939099735,0.17026907807675343,0.25396825396825395,0.3375936535918907,0.25418502202643173,0.3377366798767063,0.238556338028169,0.2388913330400352,0.23922603342128407,0.23956043956043957,0.3374340949033392,0.16996047430830039,0.3375768217734855,0.3378674857393594,0.3381578947368421,0.2533976326172731,0.2537248028045574,0.25405168637757336,0.23905429071803852,0.25426695842450764,0.33770778652668415,0.3379973764757324,0.2543706293706294,0.3381389252948886,0.3384279475982533,0.23876036665211697,0.33856893542757416,0.3388573920627998,0.16913687881429817,0.16949891067538125,0.23867595818815332,0.25380931649978233,0.25413402959094866,0.3384080034797738,0.16956521739130434,0.23859191655801826,0.25412684622067766,0.23881893182805036,0.2543402777777778,0.33796095444685464,0.2545533391153513,0.25487646293888166,0.2551993067590988,0.2386314421827631,0.23896103896103896,0.25530073561228905,0.16911764705882354,0.25551232166018156,0.25583405358686256,0.3369330453563715,0.33721934369602763,0.25593439792835565,0.25625539257981017,0.3372143165157395,0.3375,0.2563550193881947,0.23815676141257536,0.25656478691347395,0.25688468158347677,0.2572043010752688,0.23817712811693895,0.3369144821658788,0.23840206185567012,0.23872906826964363,0.3369098712446352,0.25697125697125694,0.33704974271012006,0.2387483926275182,0.33718937446443875,0.3374732334047109,0.2568493150684932,0.25716730851519043,0.25748502994011974,0.2578024796921761,0.3371794871794872,0.16744980777445537,0.2578992314261315,0.25821596244131456,0.3370307167235495,0.23795309168443496,0.25831202046035806,0.3370259906263315,0.3373083475298126,0.33759046402724563,0.2582978723404255,0.25861335601871543,0.16709183673469388,0.23756906077348067,0.3372982158028887,0.2585987261146497,0.33743633276740237,0.2588035638523547,0.23748939779474132,0.3374311148791861,0.25889830508474576,0.16687844133841592,0.23751058425063507,0.23783326280152348,0.3371404399323181,0.2587737843551797,0.1669484361792054,0.2378538234051542,0.33699324324324326,0.25875897002954834,0.3371308016877637,0.25896246309574017,0.3372681281618887,0.25916561314791403,0.2375737152485257,0.2593684210526316,0.2596801346801347,0.33697938578039544,0.2375946173254836,0.2597730138713745,0.23781512605042016,0.3368332633347333,0.2598656591099916,0.26017624842635334,0.16610738255033558,0.23773584905660378,0.33654652137468566,0.2601591956430666,0.26046901172529313,0.2377563834240268,0.3364016736401674,0.26056043496445,0.2608695652173913,0.33639782699540327,0.1658312447786132,0.1661795407098121,0.26085141903171954,0.26115978306216103,0.1663886572143453,0.23718215923301375,0.3358333333333333,0.33610995418575595,0.2373022481265612,0.23761964211402414,0.33610648918469216,0.2607068607068607,0.1662510390689942,0.23764021603656002,0.260797342192691,0.16645911166459113,0.33568464730290454,0.2376607216922439,0.16666666666666666,0.1670120182345628,0.3355426677713339,0.16728778467908903,0.3356788079470199,0.16756309474555234,0.2601323407775021,0.3356758991318727,0.2371900826446281,0.16769929781082196,0.26011560693641617,0.16797358646306232,0.2372112211221122,0.2602061855670103,0.23742786479802144,0.33498145859085293,0.2602965403624382,0.23754631535611362,0.23786008230452674,0.23817359111476757,0.2602796052631579,0.16769420468557336,0.33442892358258014,0.1679671457905544,0.23809523809523808,0.33442757488715635,0.33470057424118127,0.16810168101681017,0.16844262295081966,0.33469889389594426,0.16871416871416872,0.23782234957020057,0.25941080196399346,0.334560327198364,0.2596075224856909,0.2378422558234573,0.23815359477124182,0.3344222131482238,0.2383673469387755,0.16850265197878417,0.33442088091353994,0.16877293110476968,0.1691116544417278,0.33441955193482686,0.3346905537459283,0.1693121693121693,0.33482506102522375,0.25864172427816184,0.23780487804878048,0.33482324258431534,0.169374492282697,0.1697117336581405,0.33482142857142855,0.16997971602434078,0.23763179237631793,0.23794081880826914,0.3346839546191248,0.1701093560145808,0.2380566801619433,0.2577903682719547,0.23826860841423947,0.2579862515163769,0.23848019401778497,0.1701010101010101,0.3340064620355412,0.1703673798950343,0.23849878934624696,0.23880597014925373,0.25766129032258067,0.17049576783555018,0.23892022562449639,0.2392267418445429,0.3333333333333333,0.2575452716297787,0.23934030571198714,0.17048652995577002,0.33319935691318325,0.17075130574527922,0.1710843373493976,0.3331995182657567,0.257223113964687,0.23906939430405133,0.2574178027265437,0.23927855711422846,0.23958333333333334,0.23988786543852622,0.25740592473979185,0.17086834733893558,0.24,0.3322670931627349,0.17106314948041568,0.2401118657610867,0.2571884984025559,0.2403193612774451,0.24062250598563448,0.33187076186677306,0.17105263157894737,0.24073335990434436,0.3318725099601594,0.3321385902031063,0.2567675159235669,0.2570632709908476,0.17104216388225935,0.3320079522862823,0.3322734499205087,0.17123559793404847,0.1715647339158062,0.24017467248908297,0.33214285714285713,0.3324077746925823,0.17168913560666138,0.24019024970273484,0.24049128367670364,0.24079207920792078,0.24109263657957244,0.17174515235457063,0.17207278481012658,0.25583234480031636,0.25612648221343876,0.25642038719873567,0.2567140600315956,0.3312277931306751,0.2569060773480663,0.33136094674556216,0.24053627760252366,0.331493890421758,0.2568951930654058,0.3316266246553761,0.33188976377952756,0.2404565131837859,0.24075531077891424,0.3318914667715297,0.3321540880503145,0.1713163064833006,0.25648075412411625,0.25677267373380447,0.33202511773940346,0.2569635151039623,0.33215686274509804,0.2571540572324579,0.3322884012539185,0.2573443008225617,0.33241973375097883,0.25753424657534246,0.33255086071987483,0.2577238951896754,0.3326817826426896,0.25791324736225085,0.3328125,0.258102303787583,0.3329430132708821,0.258291065158018,0.3330733229329173,0.2584795321637427,0.333203429462198,0.25866770549279317,0.3333333333333333,0.25885558583106266,0.33346303501945523,0.2590431738623104,0.33359253499222397,0.2592304702681695,0.3337218337218337,0.2594174757281553,0.3338509316770186,0.259604190919674,0.3339798293250582,0.25979061651803026,0.33410852713178296,0.2599767531964355,0.3342370255615802,0.2601626016260163,0.33436532507739936,0.26034816247582204,0.33449342614075794,0.2605334364128334,0.33462132921174653,0.2607184241019699,0.3347490347490347,0.260903126206098,0.33487654320987653,0.26108754338603934,0.33500385505011565,0.261271676300578,0.33513097072419107,0.261455525606469,0.3352578906851424,0.26163909195844554,0.3353846153846154,0.2618223760092272,0.335511145272867,0.2620053784095275,0.33563748079877115,0.2621880998080614,0.3357636224098235,0.26237054085155354,0.33588957055214724,0.26255270218474513,0.3360153256704981,0.26273458445040215,0.33614088820826954,0.2629161882893226,0.16717674062739096,0.2344168260038241,0.26299694189602446,0.3358807795185327,0.2345301757066463,0.2630775105001909,0.2633587786259542,0.2636398321251431,0.3356216628527841,0.2344643537933664,0.26371951219512196,0.3356190476190476,0.2345773038842346,0.16673011039208221,0.234779299847793,0.26359832635983266,0.26387832699619773,0.3352337514253136,0.33548632218844987,0.2639574629699962,0.16666666666666666,0.26413662239089186,0.26441578148710165,0.2646947288585514,0.16679302501895377,0.26487305797650623,0.33484848484848484,0.16698220371071565,0.16729750189250567,0.23382519863791146,0.264750378214826,0.2650283553875236,0.1674225245653817,0.2652058934642992,0.334214501510574,0.3344658361645904,0.26528301886792455,0.16748396831384382,0.2654600301659125,0.16773464003015454,0.233232856066315,0.33408662900188324,0.23343373493975902,0.26533684606699287,0.2656132430398796,0.3339601353892441,0.33421052631578946,0.16760616309658025,0.26558978211870776,0.16785580172737513,0.26576576576576577,0.3339587242026266,0.16804201050262565,0.16835395575553055,0.3339580209895052,0.16860247283626825,0.2655430711610487,0.2658180456757769,0.1687874251497006,0.23232323232323232,0.2658937920718025,0.26616822429906545,0.16890881913303438,0.3332088158386253,0.3334578043315907,0.3337066069428891,0.23208955223880598,0.23237597911227154,0.232662192393736,0.26574729780096906,0.2660208643815201,0.3333333333333333,0.16865227103499628,0.2660960178637886,0.2663690476190476,0.16883599851245817,0.23234200743494424,0.33296172426607207,0.2663447251114413,0.3330857779428147,0.3333333333333333,0.33358070500927645,0.2663204747774481,0.26659251019651464,0.23202372127501852,0.33345683586513525,0.1685185185185185,0.16882636060718254,0.33345669874167283,0.2663706992230855,0.2666420118343195,0.266913123844732,0.23170731707317074,0.2670853343184337,0.2673559822747415,0.2676264304171281,0.26789667896678965,0.2681667281445961,0.16851032448377581,0.33247327681533356,0.16875460574797346,0.33259668508287293,0.26804123711340205,0.16893632683106366,0.1692420897718911,0.3324751746965796,0.26801470588235293,0.33259830944505697,0.230712711241734,0.2680866691149468,0.33259911894273125,0.1691743119266055,0.2681584739545121,0.3325999266593326,0.26832844574780057,0.1692927812385489,0.2304029304029304,0.2683998535335042,0.3323572474377745,0.16941090376875229,0.16971470373079736,0.2683729433272395,0.23026315789473684,0.16989404457435148,0.3319941563184806,0.1701350857977364,0.26824817518248173,0.3319956220357534,0.17031363967906638,0.23004010207801678,0.26822157434402333,0.17049180327868851,0.23015294974508377,0.2682926829268293,0.2685589519650655,0.26882502728264823,0.17054545454545456,0.2300981461286805,0.2688953488372093,0.3309117326552851,0.3311546840958606,0.3313974591651543,0.2688679245283019,0.2299601015596663,0.331399564902103,0.26893802102210945,0.17028985507246377,0.33140166606302063,0.26900796524257786,0.22982265653275424,0.2691751085383502,0.23001808318264014,0.1702819956616052,0.17058185760751718,0.26914739884393063,0.3308053448898519,0.17075812274368232,0.3309274630097438,0.33116883116883117,0.1709340064911648,0.26892573900504685,0.22954954954954954,0.17110951008645534,0.33093266114512065,0.17134629229661627,0.2688017272400144,0.17158273381294964,0.3308162531463502,0.26887131560028754,0.2691340280273087,0.26939655172413796,0.2696588868940754,0.2699210337401292,0.22891998564764982,0.2700860832137733,0.33022588741484404,0.17132616487455196,0.22895019706198494,0.3302292263610315,0.22914428929466524,0.2698639942734431,0.2293381037567084,0.1713161659513591,0.2295316410439757,0.17155110793423875,0.2297249017506252,0.1717857142857143,0.32952516958229205,0.17201998572448252,0.17231537638244737,0.26925820256776034,0.22959001782531194,0.3292943692088382,0.1724260776629854,0.1727207977207977,0.3292986828052688,0.3295373665480427,0.2689434364994664,0.26920341394025604,0.1727692854603626,0.3294243070362473,0.26927175843694495,0.26953125,0.1728789492367767,0.26969481902058196,0.3291947499113161,0.26985815602836877,0.27011697979439914,0.22856130403968816,0.3290825363088912,0.2701841359773371,0.22867256637168143,0.27034677990092004,0.27060488149982315,0.17256011315417255,0.32873806998939553,0.2706713780918728,0.3288590604026846,0.3290960451977401,0.2283798093893399,0.17254763585038815,0.1728395061728395,0.1731311706629055,0.32886852308776876,0.2702607470049331,0.22824938358576963,0.2704225352112676,0.3287574797606477,0.2705840957072484,0.17305663032008442,0.3287623066104079,0.27065026362038663,0.17322557976106817,0.1735159817351598,0.27071629213483145,0.2277992277992278,0.27087719298245616,0.32830585759382674,0.2710378681626929,0.17350157728706625,0.17379117028731605,0.32819614711033274,0.22759103641456582,0.22786139306965347,0.2708187543736879,0.3280867436166492,0.1737762237762238,0.27088430618664805,0.27113906359189377,0.22773314704855047,0.22800279329608938,0.32774869109947646,0.17376133984647593,0.1740495291245204,0.17433751743375175,0.3276402927849425,0.17456445993031358,0.17485196795541624,0.32764623955431754,0.2704490080055691,0.17501739735560196,0.2274782608695652,0.22774687065368568,0.27042057698992006,0.27067407922168174,0.17506078499478986,0.2708333333333333,0.22769871572370703,0.22796668979875087,0.3267429760665973,0.2708044382801664,0.17504332755632582,0.3267498267498268,0.17526844475233808,0.3268698060941828,0.22776047075112496,0.1754325259515571,0.17571774472500865,0.17600276625172892,0.32665053577601105,0.32688320663441606,0.3271157167530225,0.32734806629834257,0.17604418363824645,0.17632850241545894,0.3273542600896861,0.3275862068965517,0.26956221992416407,0.26981392143349414,0.32759214605580433,0.3278236914600551,0.17624784853700518,0.17653131452167928,0.3278293773649811,0.2696011004126547,0.269852182880715,0.32783505154639175,0.32806595671590516,0.2699175824175824,0.17645039478201166,0.2700754975978037,0.17667238421955403,0.27023319615912206,0.17689406924922865,0.17717614804660728,0.3275094210346009,0.2702054794520548,0.327627524820267,0.22553045859000684,0.22579541566883338,0.2701778385772914,0.1770940170940171,0.3274094326725906,0.17731465664502905,0.2701502732240437,0.22567429156708774,0.3273037542662116,0.32753326509723646,0.17735334242837653,0.2257074667575861,0.3275391956373552,0.2698466780238501,0.27009536784741145,0.2703438883214164,0.17733151803948263,0.32732221844164683,0.32755102040816325,0.2703162189731384,0.17743031951053706,0.2704723071695549,0.327445652173913,0.22512733446519526,0.27053632043448744,0.327451645741432,0.3276797829036635,0.1773482536453035,0.22508474576271187,0.3276855303287021,0.2252710027100271,0.32780223501523875,0.27014218009478674,0.17732656514382403,0.270297699594046,0.2252282718971931,0.17748478701825557,0.17776275768840824,0.17804054054054055,0.3272543059777102,0.3274814314652262,0.32770840364495446,0.2699055330634278,0.3278246205733558,0.27006068779501013,0.17795753286147623,0.1782345013477089,0.2701246210845403,0.32760942760942763,0.32783574554022216,0.2244279946164199,0.2246888664648503,0.17821116341627438,0.1784873949579832,0.2698252688172043,0.32751091703056767,0.3277367360644728,0.3279624034911044,0.224496644295302,0.22475679302247567,0.26961770623742454,0.32785786121354343,0.17828418230563003,0.2696817420435511,0.3278633623576691,0.22464010713090057,0.2248995983935743,0.22515891602542656,0.1782608695652174,0.32764961551320626,0.178475935828877,0.2692950217173405,0.17869071476285905,0.3275459098497496,0.32777036048064084,0.1788455121788455,0.2248165443629086,0.22507502500833612,0.179,0.1792735754748417,0.17954696868754164,0.22510822510822512,0.17976031957390146,0.2252911813643927,0.17997338656021292,0.18024609245094778,0.32679521276595747,0.22532402791625125,0.2681063122923588,0.268349385586184,0.2685922974767596,0.32658479920345174,0.22528201725282018,0.22553897180762852,0.22579575596816975,0.22605236990387803,0.268389662027833,0.22623385226896323,0.326158940397351,0.22641509433962265,0.17968232958305758,0.22659609659278862,0.17989417989417988,0.268099173553719,0.2267019167217449,0.22695738354806738,0.26816380449141347,0.1799273687685705,0.3254125412541254,0.18013856812933027,0.3255277044854881,0.22683811407847015,0.26796308503625577,0.1802306425041186,0.18050065876152832,0.18077049720118538,0.26793943383805136,0.22671931556433036,0.2680921052631579,0.22689904636632688,0.22715318869165024,0.2274071639829116,0.32457293035479634,0.26798029556650244,0.26822061720288903,0.22743682310469315,0.2683727034120735,0.3243686454575271,0.18032786885245902,0.2274664044575549,0.268348623853211,0.32427120864723225,0.2685003274394237,0.18036006546644845,0.1806282722513089,0.26856395158652274,0.18083714846304774,0.18110493625367768,0.26862745098039215,0.26886638353479253,0.3236446766819073,0.2269017303297421,0.3237597911227154,0.32398042414355627,0.18101761252446183,0.26866644929898925,0.18122555410691005,0.22678396871945258,0.1814332247557003,0.32367307066102247,0.2685546875,0.22681418808981452,0.3236824983734548,0.22699186991869919,0.2685305591677503,0.32369190770230744,0.22709551656920077,0.323806430659305,0.22727272727272727,0.18111002921129504,0.18137573004542504,0.22737593253324684,0.1815823605706874,0.1818476499189627,0.22747893713545042,0.32329122125040494,0.18199481865284975,0.2275817416639689,0.227831715210356,0.18214170171465546,0.18240620957309184,0.18267054639508568,0.18293471234647704,0.26720516962843294,0.26744186046511625,0.3225702292541169,0.1830213040671401,0.2675056469828977,0.1832258064516129,0.1834891970332151,0.3223726627981947,0.1836932001289075,0.2271262886597938,0.3223832528180354,0.26722472633612365,0.26746057289990344,0.18371943371943372,0.2676101640398842,0.3221864951768489,0.2677595628415301,0.2679948586118252,0.2267908769675554,0.22703917790622993,0.3219903691813804,0.32220795892169446,0.18350978504972731,0.18377164849262348,0.2269958319974351,0.32211538461538464,0.18391541172701056,0.26745675848814865,0.1841178354146654,0.3220230473751601,0.18432,0.18458093410108764,0.2267348896706108,0.22698209718670076,0.2671780121444551,0.18466453674121405,0.18492494410731397,0.22701149425287356,0.22725821895946377,0.18506700701978301,0.22743221690590112,0.18526785714285715,0.32100733184571245,0.32122370936902483,0.2274609748327493,0.18535031847133757,0.18560967844635468,0.18586887332908975,0.18612790327712378,0.32092875318066155,0.32114467408585057,0.26605212968849334,0.22720050842071815,0.18614993646759848,0.3210543029533185,0.266031746031746,0.18629006664550937,0.1865482233502538,0.18680621630193467,0.18706404565630944,0.3207606973058637,0.22686945500633712,0.18720304086157744,0.18746041798606713,0.26559037670148783,0.26582278481012656,0.18759886111989876,0.32036685641998736,0.2266835282959216,0.1877370417193426,0.26571879936808845,0.18793430195830702,0.26586675086832967,0.18813131313131312,0.26601451562006945,0.1883280757097792,0.18858404288867864,0.18883984867591425,0.18909549322407815,0.31947069943289225,0.22614173228346457,0.1892317380352645,0.18948693736229147,0.31938325991189426,0.1896822900283108,0.26540880503144654,0.1898773970449544,0.22595851665619107,0.22620169651272384,0.22644472361809045,0.22668759811616954,0.2652228499686127,0.31879510511452774,0.2267879548306148,0.31890874882408277,0.2652037617554859,0.189595738013162,0.26535087719298245,0.22674600689007204,0.1897307451471509,0.26541471048513304,0.18992490613266583,0.26556146387238033,0.19011882426516574,0.2657080337605502,0.2659375,0.2661668228678538,0.3179262960649594,0.1901342491414299,0.19038701622971285,0.26614664586583464,0.2663755458515284,0.2666043030869972,0.317643391521197,0.2259270800872546,0.2261682242990654,0.2665836188103395,0.26681195516811956,0.19016495487083723,0.22619788425637835,0.31726283048211507,0.31747512437810943,0.19023935343487722,0.19049098819142324,0.26654240447343897,0.2667701863354037,0.3172927662216703,0.31750465549348234,0.3177164132795532,0.31792803970223327,0.22573643410852715,0.2665840049597024,0.2668112798264642,0.19021065675340768,0.31774543202229794,0.26687306501547986,0.2670999690498298,0.2255569306930693,0.19022579647386328,0.3175633889919604,0.317774343122102,0.2669962917181706,0.22551745443311708,0.19024088943792464,0.2670577338684779,0.22561728395061728,0.2672014810243752,0.3173966687230105,0.22571692876965774,0.26726263871763256,0.2674884437596302,0.22581638940234133,0.2676316599938405,0.22598522167487683,0.18990458602646967,0.22615384615384615,0.3168255921254998,0.1900369003690037,0.22625268982477714,0.26736324523663185,0.31674347158218125,0.31695331695331697,0.2674240098249923,0.18999386126457948,0.3169683952132556,0.1901840490797546,0.31708065010732905,0.22593500919681178,0.26723873735825926,0.19025735294117646,0.22603369065849924,0.26729944886711576,0.26752372206917663,0.19033047735618114,0.31661058427653715,0.22599388379204893,0.22623051054723325,0.22646699266503667,0.19034524900702718,0.2672571777642028,0.26748091603053437,0.19047619047619047,0.26762282575526397,0.3160463697376449,0.22628850259225375,0.2676829268292683,0.3160621761658031,0.22638634978671543,0.3161742308863844,0.2676613885505481,0.2678843226788432,0.1902008520998174,0.3160937024642531,0.19038929440389293,0.2678625722103983,0.3161094224924012,0.31631722880583407,0.19046172539489672,0.3164287883389007,0.3166363084395871,0.1905918057663126,0.2675970873786408,0.1907794965119806,0.3165554881746513,0.3167626553501061,0.2675757575757576,0.2677976370796728,0.19079345850999394,0.31668180442022403,0.19098062953995157,0.19122541603630863,0.31669691470054445,0.2676141517992138,0.2678355501813785,0.3167119975823512,0.22477341389728098,0.3168227121715494,0.2678140096618358,0.19106549954723814,0.3168376584188292,0.19125188536953242,0.3169481302774427,0.26771178776002413,0.31705846895720313,0.31726423621572764,0.22439759036144577,0.31737428485395963,0.2676098735701385,0.1910923863978333,0.2677496991576414,0.2679699248120301,0.19122068550811785,0.317102494740006,0.26802884615384615,0.26824872334034244,0.1912912912912913,0.26838787151005705,0.3169267707082833,0.26852685268526855,0.26874625074985004,0.3169415292353823,0.31714628297362113,0.3173509139946059,0.2687237866986219,0.19107517220724768,0.31736526946107785,0.2687818018557318,0.2690005984440455,0.19114567753514808,0.26913875598086123,0.2693572496263079,0.317095038852361,0.2228861667164625,0.22311827956989247,0.31710958495073155,0.26925373134328356,0.19098776484631452,0.2693914081145585,0.31702952579779303,0.2695289206917114,0.19105812220566318,0.22288438617401668,0.2695859398272267,0.26980345443716497,0.31676094075617744,0.19107142857142856,0.31686997917286525,0.3170731707317073,0.31727624145108535,0.19114149821640905,0.3173848439821694,0.19132501485442663,0.22245322245322247,0.31739904988123513,0.3176016622143069,0.3178041543026706,0.22248590922574904,0.26897983392645314,0.2691965609249926,0.31772377000592766,0.19111111111111112,0.22245260663507108,0.2691738229197513,0.317643576080521,0.3178455164249778,0.3180473372781065,0.2691511387163561,0.2693672383205204,0.31806089269878807,0.3182624113475177,0.269423929098966,0.19078558771411694,0.31827576025981696,0.2694805194805195,0.3183830038359398,0.22182890855457227,0.2695370097316426,0.31839622641509435,0.19068670792808723,0.3185032410135533,0.3187039764359352,0.26943462897526504,0.2696496909037386,0.19070041200706297,0.19093851132686085,0.3185294117647059,0.3187297853572479,0.31893004115226337,0.31913017925359977,0.190951821386604,0.2211453744493392,0.2692307692307692,0.3190490167302612,0.3192488262910798,0.3194485186271634,0.3196480938416422,0.2691292875989446,0.2693434935521688,0.26955757398183416,0.19068541300527242,0.31947291361639824,0.2696135831381733,0.2698273339186421,0.270040959625512,0.2702544603685288,0.3192982456140351,0.1905875475007308,0.3194038573933372,0.22027461291264971,0.2701518691588785,0.22043795620437956,0.31932282545242263,0.19054566676393347,0.220536756126021,0.2700495771361913,0.31924198250728864,0.19061498105508598,0.2701048951048951,0.19079522283716865,0.22044263249854398,0.27016011644832605,0.270372526193248,0.27058481233633985,0.2707969749854567,0.1907531259086944,0.19098837209302325,0.22028480092996222,0.31841952353282976,0.31861748475167007,0.31881533101045295,0.22031930333817126,0.22054556006964596,0.3188279663475486,0.3190255220417633,0.3192229631777327,0.22057971014492753,0.22080556360475226,0.22103128621089224,0.22125687807703445,0.2698320787492762,0.22141823444283648,0.31886574074074076,0.19033844373734451,0.22151532677848468,0.22174038739520094,0.31878612716763005,0.31898295290378503,0.3191796649335644,0.22177302916546346,0.31928406466512704,0.19018759018759018,0.22186959030582803,0.2691087395442746,0.1903114186851211,0.22196598443355434,0.3190201729106628,0.2690867185249208,0.19038018433179724,0.19061330262021306,0.26914219919401267,0.2218705035971223,0.26927502876869963,0.3186655162496405,0.19062679700977572,0.318769761425697,0.19080459770114944,0.1910370583165757,0.2690982194141298,0.3186907838070629,0.19115958668197475,0.3187948350071736,0.19133677567412508,0.19156868368224836,0.31880733944954126,0.19174548581255374,0.26876790830945557,0.3188198224004583,0.1918671248568156,0.31892356140853134,0.2687464224384659,0.26895565092989987,0.2208237986270023,0.22104661138118387,0.269010863350486,0.2692197770791655,0.31857142857142856,0.2210796915167095,0.31867504283266707,0.22123893805309736,0.22146118721461186,0.1914407988587732,0.19167142042213348,0.19190191046478472,0.2688141391106043,0.3183243089199202,0.31851851851851853,0.19196810025633723,0.26879271070615035,0.19214346712211786,0.2689243027888446,0.3183499288762447,0.19226393629124006,0.2209269263576912,0.2689027856736782,0.19238420005683432,0.3181818181818182,0.19255893212155636,0.26888131743327653,0.3181947204087425,0.2690124858115778,0.2692198581560284,0.31820760068065795,0.1925148851715339,0.26927437641723356,0.3182204590535562,0.26940509915014166,0.31832342112715944,0.2202718006795017,0.2694593829606567,0.22043010752688172,0.31824611032531824,0.19230769230769232,0.2205258693808312,0.22074618428490672,0.26928510878779316,0.31807909604519774,0.19231855408076814,0.22077922077922077,0.26926333615580017,0.26946952595936796,0.31791255289139636,0.26959954878736603,0.19227516210882437,0.3179255918827508,0.22062552831783602,0.3180281690140845,0.2695015488594762,0.31813063063063063,0.3183225443287363,0.26955543050084413,0.26976090014064696,0.26996625421822273,0.2701714928310374,0.2703766160764474,0.19190783928069682,0.2705056179775281,0.31788823364223534,0.19202695115103874,0.1922537187763121,0.27048260381593714,0.31781206171107995,0.27061132922041503,0.192318474908887,0.21973094170403587,0.27066405155505746,0.27086834733893556,0.21982637916549985,0.31746920492721165,0.19227539882451722,0.19250139899272523,0.3174825174825175,0.27069351230425054,0.31758456807380486,0.2708216880939072,0.19251187482537022,0.19273743016759776,0.27087405752583077,0.2710776102735902,0.19285514931621547,0.31724330357142855,0.2711297071129707,0.19297267150027886,0.19319765821020352,0.27118171683389075,0.1933686263583171,0.2713091922005571,0.19353940406571984,0.31681514476614697,0.21875869746729754,0.27128547579298834,0.2714881780250348,0.1935483870967742,0.19377258826800112,0.21873262923846581,0.2189497082522923,0.2713888888888889,0.3163010274923632,0.21904497501388118,0.2192617263391618,0.316315205327414,0.21941747572815534,0.21963394342762063,0.21985029110063764,0.2710643015521064,0.19340537545026323,0.21994459833795013,0.2201606203267793,0.31589147286821706,0.2203155272626626,0.22053126729385722,0.1933609958506224,0.19358407079646017,0.19380702239424938,0.27059148700939745,0.27079303675048355,0.19392265193370165,0.19414526373929852,0.3152954168967421,0.2707700800441623,0.19426048565121412,0.19448275862068964,0.27082184225041367,0.22001654259718775,0.19459757442116868,0.3149627996693304,0.19476584022038568,0.27072431836959515,0.1949339207048458,0.1951555188549408,0.1953769950467804,0.3147180192572215,0.2706270627062706,0.19549078911190543,0.2707531610775151,0.2709535586699643,0.1956043956043956,0.2194452073606152,0.27100494233937394,0.21959923140269008,0.21981339187705817,0.19561042524005487,0.19583104772353263,0.2199067726898821,0.3138706140350877,0.1959440942724034,0.19616438356164384,0.31388660640920296,0.21987951807228914,0.31398850260060224,0.1962233169129721,0.19644322845417236,0.31400437636761486,0.19660924254853704,0.2197922361946419,0.31402022410494673,0.19672131147540983,0.19694072657743786,0.3140360458765702,0.19710619710619712,0.19732532751091703,0.3140518417462483,0.19749045280960176,0.2694300518134715,0.31406761177753545,0.19760152630144454,0.26948228882833786,0.19776627621901388,0.1979847494553377,0.19820310372992103,0.2191072400653239,0.2693877551020408,0.3136561479869423,0.19825945063910796,0.1984774333877107,0.21908127208480566,0.21929347826086956,0.26922032056506384,0.269418794133623,0.1984795004072767,0.21932681867535286,0.21953867028493895,0.21975040694519804,0.21996202874966098,0.3129067245119306,0.26917863919761453,0.2693766937669377,0.21999458141425088,0.22020585048754063,0.2694286487950176,0.22035733622089876,0.19810554803788905,0.22050865800865802,0.26940762780632943,0.26960519199567334,0.26980264936469317,0.22054054054054054,0.1980545798432856,0.3119935170178282,0.2206319200648123,0.19816414686825054,0.31201079622132255,0.2695628710199676,0.31211222012408957,0.2696871628910464,0.22054462119169588,0.19811320754716982,0.3120452708164915,0.26966594827586204,0.2698626447616483,0.22051696284329564,0.26998654104979813,0.22066738428417654,0.22087705138552596,0.19795589026358257,0.3116429147620328,0.2698924731182796,0.19806503628056973,0.22084900591080064,0.31157668546870804,0.19817400644468314,0.2697986577181208,0.26999463231347287,0.27019050174403003,0.3114270386266094,0.27031375703942073,0.22064343163538874,0.27043688019297774,0.27063236870310825,0.31127779266005895,0.27075522228173543,0.19785809906291835,0.31129550321199145,0.3114797966283115,0.22043873729266988,0.27066060443968976,0.27085561497326205,0.31141406041165465,0.27097808658471406,0.3115148276783329,0.27110042735042733,0.22029372496662217,0.31153230112119595,0.19749132639444889,0.22038420490928495,0.27100560149373165,0.31146666666666667,0.22047454012263396,0.27105543710021324,0.2712496669331202,0.19738945125199786,0.31131824234354194,0.31150159744408945,0.3116848549374501,0.31186801490154337,0.3120510774142059,0.22021276595744682,0.2709385801648498,0.22036150983519404,0.2710603242094074,0.1971307120085016,0.3118193891102258,0.2711099309612321,0.2713034244757101,0.2714968152866242,0.3117537808437251,0.2716180371352785,0.19702996552638558,0.2717391304347826,0.3116883116883117,0.3118706942236354,0.2717880794701987,0.3119703389830508,0.31215250198570293,0.2196929592376919,0.27176501720031754,0.27195767195767195,0.2197831261571013,0.3120042305658382,0.19666931007137192,0.27193446088794926,0.3120211360634082,0.219756999471738,0.2719831000792184,0.2721752903907075,0.2723673792557403,0.31187335092348284,0.31205486678976524,0.272415611814346,0.2726074347482204,0.2727991565629942,0.1963109354413702,0.3119072708113804,0.19647089807742954,0.1966824644549763,0.27270334298499604,0.27289473684210525,0.27308602999210735,0.27327722251446607,0.21903760189324217,0.2192429022082019,0.2733245729303548,0.19653179190751446,0.27344365642237983,0.27363445378151263,0.27382515095825677,0.2740157480314961,0.3109420099711362,0.2741343126967471,0.2743246787306583,0.31095962244362874,0.2744429882044561,0.3110587002096436,0.27456117369662036,0.2747511786275537,0.2749410840534171,0.21858638743455497,0.2750588851086103,0.27524856096284667,0.27543813758828145,0.2756276150627615,0.1958169934640523,0.2757449032932567,0.19597596028220537,0.3103448275862069,0.21833376860799164,0.27571801566579635,0.21848081440877057,0.3102818371607516,0.21862770675710932,0.21883150756390193,0.31029986962190353,0.2755474452554745,0.21892103205629398,0.19567483064095884,0.3102370408960667,0.19583333333333333,0.2754491017964072,0.19599167100468506,0.3101743429612282,0.19614984391259105,0.2754226267880364,0.2756110244409776,0.31011177540940993,0.1962058212058212,0.27565601454923355,0.19636363636363635,0.19657231887821344,0.2757009345794392,0.3098883986504023,0.2758173326414115,0.2760051880674449,0.2761929460580913,0.19652579725175007,0.3097459823742872,0.27623736719357345,0.2178756476683938,0.2180782180782181,0.2762817193164164,0.19647942013978772,0.19668737060041408,0.3094437257438551,0.2762545266425246,0.19679337988104473,0.3094622543950362,0.19695011630912382,0.27622739018087855,0.19710669077757687,0.19731404958677687,0.21766072811773818,0.2762003097573567,0.27638709677419354,0.27657378740970073,0.3090018055197318,0.276689014956163,0.21758185099252383,0.30902061855670104,0.19711414583870138,0.3091190108191654,0.21761524594385784,0.276519052523172,0.30913770913770916,0.1971178589809573,0.30923591458708516,0.27649176954732513,0.217536641810234,0.2766066838046273,0.19712156258031355,0.3090955806783145,0.1972771641407655,0.19748330765279917,0.19768934531450577,0.30903490759753593,0.21734667693097254,0.2762955361723961,0.19774301102846883,0.308974358974359,0.21738015893360677,0.19784725781650436,0.19805277991288753,0.19825819672131148,0.27605633802816903,0.2762416794674859,0.30867673406705914,0.27635619242579323,0.27654131491430034,0.21713554987212277,0.21733571976476604,0.1981083844580777,0.30845898287758755,0.2764435360245273,0.27662835249042145,0.27681307456588355,0.3083992851672198,0.30857580398162326,0.19800969635111,0.2767857142857143,0.1981637337413925,0.2768995410504844,0.19831761407086412,0.27701325178389397,0.27719745222929937,0.19842078451349973,0.2167048637636873,0.1985743380855397,0.19877831509289895,0.216793893129771,0.21699313151869754,0.27695829094608343,0.21713704551233157,0.27707168276563293,0.30749682337992373,0.3076727642276423,0.19862839725679451,0.1988318943626206,0.21706016755521707,0.30761421319796955,0.2768332910428825,0.19888381532217148,0.30763378138473246,0.21703853955375255,0.2768060836501901,0.19893563101875317,0.3075753737015455,0.19908814589665655,0.19929095973664218,0.2169620253164557,0.30751708428246016,0.21710526315789475,0.276498861624083,0.2766818411734952,0.3074589127686473,0.307633973710819,0.19914076320444782,0.2170288024254674,0.27658499621116445,0.30757575757575756,0.19919212320121182,0.3076728924785462,0.3078475902094373,0.27648839556004035,0.30794451450189153,0.308119011598588,0.27653138391731785,0.2767137096774194,0.2166792642983119,0.19899244332493704,0.1991941576429111,0.3079053373615307,0.21671281147747296,0.1992954202315048,0.19949685534591194,0.2764084507042254,0.2765903947699271,0.21669180492709905,0.2767026891178688,0.19949748743718593,0.2167797035920623,0.2169763937719739,0.30730605071554107,0.21711847389558234,0.3074027603513174,0.21726041144004013,0.3074993729621269,0.19934804413239718,0.2173477061920281,0.21754385964912282,0.2761212728639439,0.21768537074148298,0.1993488605058853,0.19954932398597897,0.21777221526908636,0.21796796796796797,0.27595696772579437,0.21810905452726362,0.218304576144036,0.30675,0.2184453886528368,0.27586206896551724,0.27604296777416937,0.21853146853146854,0.3066167290886392,0.2760858711932102,0.1991514849014225,0.218562874251497,0.30656023946121225,0.21870324189526186,0.30665669409124907,0.30682951146560317,0.30700224271118864,0.21873442949676133,0.19900373599003737,0.21887450199203187,0.19915359721184964,0.1993529118964659,0.21895994028365265,0.2753731343283582,0.19945287241979606,0.21904525111884635,0.199602286850609,0.2753479125248509,0.275527950310559,0.19970193740685543,0.21902160417184008,0.19985104270109236,0.3060312732688012,0.21910669975186103,0.21930042173158026,0.19990079365079366,0.2194396231093479,0.20004957858205255,0.275092936802974,0.30574826560951435,0.3059202378003468,0.3060921248142645,0.2750680861599406,0.2193069306930693,0.21950012373174957,0.30603661553686295,0.21963888201830323,0.21983184965380811,0.3060568603213844,0.21997034107760752,0.19965406473931308,0.3060770750988142,0.3062484564089899,0.1997530864197531,0.1999506294742039,0.2198914116485686,0.27436466814705157,0.20004933399111988,0.2002466091245376,0.30596646942800787,0.21986689672171555,0.2742730409068507,0.27445183542744517,0.21995073891625616,0.20019699581383896,0.22008862629246675,0.30568545409795717,0.2202263779527559,0.22041820418204183,0.3057058534185932,0.2001475288910745,0.2205014749262537,0.27402310149913983,0.20024570024570024,0.3055760255465488,0.22053045186640471,0.22072182666339307,0.20029455081001474,0.22085889570552147,0.22105004906771344,0.3053715967623252,0.30554193231976456,0.2002941897523903,0.20049019607843138,0.2006861063464837,0.27339539441450267,0.30541268674993877,0.2007835455435847,0.20097919216646268,0.22075379344101811,0.30535845363347197,0.27323874755381605,0.22083639031548055,0.22102689486552568,0.20092886824737227,0.20112414467253176,0.2211092108477889,0.20127015144113336,0.30500610500610503,0.201416015625,0.20161093483036369,0.2018057589067838,0.20200048792388386,0.2726829268292683,0.22092172640819313,0.3047294002925402,0.2210577626127224,0.27266081871345027,0.2728380024360536,0.22113979542133463,0.3046018991964938,0.2212755598831548,0.22146507666098808,0.221654501216545,0.3045487715884213,0.30471789883268485,0.2725504497933382,0.3048128342245989,0.22162818955042526,0.22181729834791059,0.22200631527811512,0.30475959203496844,0.20126244234037388,0.2220873786407767,0.22227614656636738,0.3047064531780689,0.27213194276012614,0.20126091173617847,0.2223030303030303,0.20140571982549685,0.22243760600920764,0.22262596899224807,0.30443206587551463,0.3046004842615012,0.20140401839748245,0.2015972894482091,0.20179046697314298,0.22254475084663763,0.22273276904474001,0.30440038684719534,0.222866811699299,0.3044949250845819,0.2230007248127567,0.22318840579710145,0.223375996136199,0.22356349589570257,0.3043688148684528,0.2709942084942085,0.30446320868516286,0.2013989387361312,0.20159151193633953,0.22348119575699132,0.30441070137382503,0.30457831325301205,0.27077812575283067,0.3046724470134875,0.3048398747893089,0.3050072219547424,0.27075812274368233,0.27093358999037537,0.2711089728169353,0.22318422318422318,0.2712190430391921,0.27139423076923075,0.22326363854842585,0.3046612205670351,0.22339658899831852,0.22358309317963496,0.30468187274909964,0.30484877580412867,0.3050155987520998,0.27111324376199614,0.2235548093067882,0.30503597122302156,0.22368736514025414,0.20062320230105465,0.22381979391325185,0.22400574988021082,0.22419161676646707,0.2006704980842912,0.22432367728034475,0.2707036859741503,0.30461832974395786,0.22440191387559807,0.2707486247309256,0.22453371592539456,0.3045661008845326,0.20052581261950286,0.2007168458781362,0.22455805064500717,0.20085980415572008,0.20105062082139447,0.30436858438768205,0.22458233890214796,0.30446194225721784,0.30462786259541985,0.2246601478654901,0.30472103004291845,0.2700834326579261,0.20090562440419446,0.270192994996426,0.22463077656026678,0.20100023815194093,0.30452380952380953,0.30468935967626753,0.20109471680152308,0.2012847965738758,0.20147478591817317,0.22449464922711057,0.22467902995720399,0.22486332303304016,0.22504752851711027,0.26966025184129244,0.269833729216152,0.2700071241985277,0.201329534662868,0.2701163066698315,0.22496440436639772,0.2702253855278766,0.2703984819734345,0.22504149869575527,0.30369843527738266,0.2704432329936004,0.22511848341232227,0.2705520018952855,0.2707247749881573,0.225195358749704,0.22537878787878787,0.27076923076923076,0.22550875532418363,0.22569198012775019,0.20080416272469254,0.22582170725939937,0.2260047281323877,0.30300165445521154,0.22613421550094517,0.22631703283723129,0.2704298535663675,0.22644628099173553,0.20066100094428707,0.30280859098418694,0.3029731005191128,0.27034677990092004,0.22641509433962265,0.20066022164583824,0.3029231494578029,0.20080131982088145,0.20098963242224316,0.2011778563015312,0.3028732925105982,0.30303743819166473,0.2262241054613936,0.20122381736879266,0.2263529411764706,0.22653493295695132,0.3029162746942615,0.2266635316247355,0.3030089327691584,0.26956521739130435,0.3031015037593985,0.3032652102419544,0.2266322217003288,0.303357595679737,0.26948356807511736,0.20089180943440507,0.2695917409666823,0.20103213699272812,0.30323639774859285,0.20117233294255568,0.22644163150492264,0.30325755800328097,0.22656982193064668,0.30334973061606935,0.20117096018735364,0.20135799578553032,0.30337078651685395,0.2691317575473906,0.2014506317267197,0.20163742690058478,0.22637979420018708,0.226560673369184,0.20172978027115473,0.20191633559242814,0.3030373831775701,0.20205559448726934,0.20224194301728166,0.26873686668223207,0.3029878618113912,0.20233372228704785,0.3030797946803546,0.22626545369722417,0.26865671641791045,0.22639309862438797,0.20233100233100232,0.2025168958284782,0.22646784715750232,0.3028185418122525,0.3029809035863996,0.20256111757857975,0.22648975791433892,0.22666976960670235,0.26826430898092135,0.2684345196557339,0.22674418604651161,0.20251104394326902,0.30264993026499304,0.226818498721822,0.3027416356877323,0.2682926829268293,0.22689270784951232,0.3027629440445786,0.22701949860724233,0.22719888605244837,0.302784222737819,0.20227325446532127,0.2024582560296846,0.30280547182935313,0.20259619842373666,0.22711471610660486,0.2272937905468026,0.30275654389622425,0.22742010189902734,0.3028478814540403,0.2675925925925926,0.30293913445961584,0.2024525682554373,0.30303030303030304,0.30319148936170215,0.22728323699421965,0.2274618585298197,0.3032123873353363,0.30337338262476893,0.30353430353430355,0.30369515011547343,0.3038559224197645,0.26708217913204063,0.2273251788599123,0.22750346100599908,0.22768166089965397,0.3037361623616236,0.2278072400276689,0.22798524665744582,0.30375662595067987,0.20184331797235022,0.26675881133379403,0.26692768309534776,0.30370711489753627,0.22790055248618785,0.228078250863061,0.22825586746433502,0.22843340234644582,0.30358785648574055,0.26672798344447,0.26689655172413795,0.2670650425189612,0.20151654411764705,0.2671720652423616,0.2673403766651355,0.22824339839265212,0.22842056932966023,0.2673858159283911,0.3031206975676916,0.2014223445744437,0.22844036697247708,0.2015592753955515,0.26730857404860153,0.30300252120100846,0.2016498625114574,0.2018327605956472,0.20201557489693084,0.20219830547286466,0.30288461538461536,0.22819867246509498,0.26704805491990846,0.30290551361244566,0.26715462031107046,0.2282186142236451,0.26726108824874256,0.22834285714285715,0.22851919561243145,0.30271875713959334,0.228643216080402,0.30280886047042704,0.30296803652968035,0.22871490527276878,0.22889091738931994,0.2669404517453799,0.229014598540146,0.30285062713797034,0.2669858641130871,0.22908593571917027,0.2292616226071103,0.20141262246525404,0.30273348519362187,0.2669095877932134,0.20150273224043716,0.2670157068062827,0.22917614929449248,0.26712172923777017,0.2672884440400364,0.22924721400955198,0.2294224647567076,0.26733348488292796,0.30227272727272725,0.2013178822994774,0.26737846433439344,0.30229389052918465,0.2293369663941871,0.2674233825198638,0.22945982750794372,0.20127070569548447,0.2014519056261343,0.2295305057836244,0.2015873015873016,0.2672863296304693,0.20172257479601088,0.3018354860639021,0.30199365654734933,0.20181200453001133,0.20199275362318841,0.2671496490830881,0.20212765957446807,0.22923738402353475,0.3018099547511312,0.267134132549197,0.2021709633649932,0.30183133619715125,0.26717902350813744,0.20225988700564973,0.3018526886579304,0.3020103907838265,0.3021680216802168,0.20230300293519982,0.2670428893905192,0.22884224779959378,0.20239169675090252,0.2289645838032935,0.22913847541723048,0.26696730552423903,0.30184851217312897,0.20238900157764256,0.3019378098242452,0.3020950664564091,0.2024774774774775,0.3021841927493808,0.20261143628995948,0.20279090704478955,0.20297029702970298,0.2031496062992126,0.26653171390013497,0.20328311221047898,0.30193345323741005,0.30209035738368173,0.2665168539325843,0.30217928555380813,0.20327942497753818,0.20345834269032112,0.22833408172429276,0.20359147025813693,0.20377019748653502,0.30199685887368183,0.3021534320323015,0.2662031845705315,0.2282511210762332,0.26630800268997984,0.3021066786194532,0.30226305175890655,0.3024193548387097,0.30257558790593503,0.2662337662337662,0.26639802999776135,0.2665622202327663,0.3025285298724547,0.26666666666666666,0.3026168642361888,0.3027728085867621,0.30292868321037336,0.22776039338399642,0.2665921787709497,0.2667560321715818,0.3028813937904847,0.30303707012058956,0.20294708640321502,0.22767857142857142,0.3030573532693595,0.2278000892458724,0.30314521525764,0.227921498661909,0.3032329988851728,0.22804279982166742,0.2663249387118342,0.30325311942959,0.22811316551570507,0.30334075723830733,0.3034958806501893,0.20258236865538737,0.22813265079011796,0.22830440587449932,0.20266963292547274,0.30338078291814946,0.2028018679119413,0.20297910182303247,0.26583685263391865,0.266,0.30326594090202175,0.20302087960906265,0.303353320008883,0.30350799289520425,0.26592674805771366,0.2660896582334665,0.3035278455735523,0.20297249334516415,0.22776668884453316,0.30354767184035475,0.2278873863888273,0.26595744680851063,0.2661200974961223,0.30350022153300843,0.3036544850498339,0.3038086802480071,0.26610582244852776,0.3038955289951306,0.30404956848860365,0.30420353982300885,0.20261004202610042,0.2660327288810261,0.2275038691134203,0.22767462422634838,0.20265193370165746,0.20282810428634557,0.20300419703998232,0.20318021201413428,0.20335614926032236,0.30375275938189844,0.20348708894283823,0.3038393645189762,0.20361791308184427,0.20379355977062197,0.2039691289966924,0.20414462081128748,0.3037249283667622,0.30387836051123845,0.3040317250495704,0.3041850220264317,0.2270425016516186,0.3042712461470718,0.30442438917015185,0.3045774647887324,0.2649064906490649,0.22701275846898372,0.30459643721134816,0.30474934036939316,0.30490217630248406,0.26483516483516484,0.20369149637442321,0.2038664323374341,0.30485394245552383,0.30500658761528326,0.305159165751921,0.3053116769095698,0.22668422207592714,0.30539710399297937,0.30554946260144766,0.2037280701754386,0.22670467002850253,0.20385795703638754,0.30550076703922857,0.30565293602103416,0.264184008762322,0.20389837932544896,0.3056711188964309,0.3058231173380035,0.22652659225213395,0.3059080962800875,0.22664624808575803,0.20384951881014873,0.3059260879072819,0.26388281591604723,0.2039344262295082,0.30594405594405594,0.2639283373388683,0.264089121887287,0.26424983620877923,0.2039301310043668,0.2643527614058066,0.2645133129637713,0.2646737944577787,0.2648342059336824,0.3055616139585605,0.2261229829917139,0.2262916939175932,0.20379250217959896,0.3055131837001525,0.20392156862745098,0.204094968416467,0.2645905923344948,0.2647507075985195,0.2261645624727906,0.20413492927094667,0.20430809399477806,0.26473787252556014,0.26489778164419314,0.22613611654707544,0.265,0.3049337100630298,0.3050847457627119,0.30523571583749726,0.20417028670721113,0.3053203040173724,0.30547112462006076,0.22596049489906664,0.2261284722222222,0.26469950097635064,0.3054229934924078,0.20407720667967902,0.2647441457068517,0.22610015174506828,0.26484612050281753,0.22621885157096425,0.22638648180242635,0.30517652155079056,0.26483326115201383,0.2649924226022949,0.2038961038961039,0.30512876000865613,0.2040242319342276,0.20419640925805754,0.2649221453287197,0.20432432432432432,0.2044963251188932,0.2649665009725524,0.22601555747623164,0.30481745517390363,0.22613390928725702,0.30490174908227163,0.30505181347150256,0.3052018130800777,0.30535174794993525,0.3055016181229773,0.22605694564279552,0.2262238516282079,0.20418283742992668,0.20435438672127615,0.20452586206896553,0.26438267614738203,0.22619560534252478,0.2644841697178548,0.22631352282515074,0.26458557588805165,0.2647438656909169,0.26490208736819454,0.22633390705679862,0.30479673047967304,0.30494623655913977,0.22640292410234358,0.22656921754084264,0.22673543950139693,0.2647185217017619,0.2648764769065521,0.2650343642611684,0.22675542194545845,0.22692142550450836,0.22708735780210346,0.26502145922746784,0.22720446256168203,0.2651222651222651,0.22732146686682395,0.2652229845626072,0.22743837084673096,0.30411487355336475,0.304263981144204,0.30441302485004285,0.2274576997215678,0.20342612419700215,0.2035966602440591,0.2649828767123288,0.22747699550609887,0.3042362002567394,0.22759358288770054,0.26497005988023953,0.26512721830233055,0.30418982471141515,0.20346227826458646,0.30427350427350425,0.22751548814355907,0.22768047842802222,0.20350202861413624,0.3042271562766866,0.20362860192102455,0.26483141271873667,0.20375506720716877,0.30418088737201365,0.2038814246107912,0.2275053304904051,0.26476231080793006,0.26491901108269394,0.26507564457702965,0.22752449936088623,0.26517571884984026,0.22764054514480409,0.22780498190334256,0.2652192422307365,0.26537561183230474,0.30361702127659573,0.30376515634971285,0.2654189706507869,0.2277269827769509,0.30378401360544216,0.30393198724760895,0.3040798980025499,0.2653494794986191,0.20327102803738317,0.20344022085368443,0.20360934182590235,0.26533644661430694,0.22750424448217318,0.3038404413324846,0.22761985574883326,0.26532343584305407,0.26547921967769295,0.3037947848208607,0.20347604917337855,0.3038779402415766,0.22754237288135593,0.22770599449269222,0.22786954680220245,0.22803302985390642,0.20342929720575784,0.22814814814814816,0.30363944138806603,0.30378675692828433,0.20346869712351945,0.20363713258617044,0.30380549682875263,0.22807017543859648,0.22823330515638207,0.30382421297274453,0.22834811998310098,0.22851108764519534,0.30384290540540543,0.2286257124762508,0.3039257070493879,0.22874024055707956,0.3040084388185654,0.22885467201012444,0.26423450021088146,0.26438962681846934,0.20320404721753793,0.20337197049525815,0.264433206911083,0.20349694543922478,0.2645324347093513,0.2286797220467467,0.26463157894736844,0.22879393811829088,0.2647306397306397,0.26488533557752997,0.20340765671013883,0.2288117770767613,0.2649285113540791,0.2650830355265924,0.26523749474569147,0.20340407648665687,0.3029411764705882,0.26528040327662256,0.26543469130617386,0.3029603191266009,0.22858942065491183,0.3030430220356768,0.30318925723877466,0.20327249842668346,0.26531040268456374,0.228559446424827,0.26540880503144654,0.2286732341228254,0.2655071248952221,0.2656610098470564,0.20318391286133222,0.20335078534031414,0.20351758793969849,0.30270043960644755,0.302846379238175,0.22849968612680477,0.302928870292887,0.30307467057101023,0.20347135089920534,0.3031570144260924,0.3033026755852843,0.2652037617554859,0.20351023819473466,0.3033214957175684,0.20363408521303258,0.20380037586134891,0.30334029227557413,0.303485702358589,0.26502504173622704,0.20383893177550594,0.30350438047559447,0.30364963503649633,0.20391993327773145,0.3037314988534501,0.30387661525635684,0.30402167118149614,0.20395833333333332,0.22766090397833785,0.20408163265306123,0.3039766812408911,0.26457119067443796,0.22767950052029137,0.2278401997503121,0.3039317661743291,0.3040765391014975,0.20399251403618215,0.22785862785862787,0.30409478278944085,0.30423940149625933,0.22792437149387076,0.3043207312006647,0.3044652128764278,0.20390365448504982,0.30454639817313683,0.20402656704026567,0.22784810126582278,0.30456431535269707,0.22796100394109106,0.30464537536291997,0.3047895500725689,0.3049336650082919,0.2039378238341969,0.3050145047658516,0.30515848353014297,0.22783761391880697,0.3052391799544419,0.22795031055900622,0.20389153384392467,0.3052566225165563,0.3054003724394786,0.22796855606123292,0.30548086866597723,0.3056244830438379,0.3057680380401075,0.2629185613890037,0.3058483157677206,0.22789256198347108,0.2629621978929973,0.22800495662949194,0.2630600867231055,0.22811725846407926,0.2631578947368421,0.2282294676021461,0.3055498246337941,0.3056930693069307,0.20334089502990307,0.26309278350515464,0.22820037105751392,0.3056471558120363,0.22831238409231402,0.2630819942315616,0.3056642636457261,0.20325370675453047,0.2034177475808112,0.2630712227254014,0.20353982300884957,0.2037037037037037,0.26311458547623945,0.2632661456190868,0.20378367263006375,0.20394736842105263,0.3052415210688592,0.3053842992190711,0.26320115060612287,0.20398520953163518,0.3054015198192647,0.2632443531827515,0.2633956066516116,0.26354679802955666,0.26369792735481223,0.20393926959376282,0.2041025641025641,0.20426579163248565,0.30510559770350626,0.3052480524805248,0.22730067636810822,0.2635245901639344,0.2636754763368162,0.20421958213846783,0.20438255171001435,0.3050778050778051,0.204503582395087,0.30515759312320917,0.2046245140167792,0.2047872340425532,0.22704029453876048,0.26339468302658486,0.2635452872623185,0.26369582992641044,0.20478234212139793,0.3048630976706171,0.2637385086823289,0.22691993464052287,0.2638350010210333,0.263985300122499,0.2641355378648704,0.2642857142857143,0.2644358294225668,0.30456956344349245,0.2645319192331226,0.26468189233278955,0.26483180428134556,0.204443538524256,0.2649276543713063,0.2045639771801141,0.2650234263597474,0.30427698574338086,0.2651191203420892,0.30435667752442996,0.20455933238347243,0.20472120472120472,0.30437436419125125,0.2048413344182262,0.2649989831197885,0.2049613664091094,0.3043301484041472,0.30447154471544713,0.2649867913025808,0.20499796830556685,0.22587852935202113,0.3044272948822096,0.22598984771573605,0.26492082825822166,0.30444489547391923,0.2049512987012987,0.22600933252180969,0.2649087221095335,0.2261204623808558,0.26500405515004055,0.26515305088181634,0.20490474260235103,0.2652482269503546,0.3040923824959481,0.2653433259064209,0.26549210206561363,0.20489977728285078,0.30404858299595144,0.30418943533697634,0.26547956292998787,0.20493627351810642,0.3042071197411003,0.30434782608695654,0.3044884755357865,0.30462906812209417,0.2255456750202102,0.2653061224489796,0.26545454545454544,0.22561098767925672,0.3045234248788368,0.2047244094488189,0.3046023415421881,0.30474268415741673,0.20480225988700565,0.3048214645955215,0.2254941508672852,0.2651744303286953,0.2653225806451613,0.2047974198750252,0.20495767835550183,0.304654442877292,0.2653102336825141,0.20503524672708962,0.225332259363673,0.2653513187034427,0.26549919484702095,0.20507144294626686,0.2052313883299799,0.3043653188493261,0.20534995977473855,0.26543334003619545,0.26558102131081623,0.20542713567839196,0.26567524115755625,0.3041993168575447,0.20550421856167136,0.26571600723036753,0.20562248995983937,0.20578197149166835,0.26575672420714574,0.2659040738510937,0.20585874799357945,0.20601805416248747,0.20617729643000401,0.20633647483456988,0.20649558941459503,0.26578472639807577,0.30360721442885774,0.26587858144660387,0.266025641025641,0.26617264169837773,0.30356427713255907,0.26626626626626626,0.3036429143314652,0.20632379427656594,0.22408963585434175,0.22424484896979396,0.2244,0.26614677064587083,0.22451019592163135,0.3034179492304617,0.30355715427657876,0.22457542457542456,0.224730323611666,0.3035749950069902,0.2248402555910543,0.2249950089838291,0.30359281437125746,0.3037317900618639,0.22505985634477255,0.3038100937562338,0.3039489429597128,0.2057826520438684,0.26555023923444976,0.22503488140322903,0.2058589079314468,0.26559075513050406,0.2657370517928287,0.20593507269468234,0.2060931899641577,0.20625124427632888,0.2064092356687898,0.3034825870646766,0.30362116991643456,0.20648498110204894,0.20664280031821797,0.224696758798966,0.2654075546719682,0.20671834625322996,0.22476152623211446,0.26544804291674945,0.2067938021454112,0.26554121151936444,0.22478157267672755,0.2068691681556482,0.3030964668519254,0.2655288747767414,0.20694444444444443,0.20710176552271375,0.20725902419674733,0.22466785643466192,0.20737509912767646,0.22477700693756195,0.3028141101862862,0.22488607093322766,0.22503961965134706,0.3028322440087146,0.20732673267326732,0.30291031478915065,0.22505938242280285,0.30298832376805857,0.2073605065294816,0.2648862512363996,0.22507911392405064,0.22523235119636148,0.2073942269671807,0.20755089938723068,0.2648221343873518,0.20766646907725747,0.225207427894113,0.20778194746197906,0.22531595576619273,0.2254689042448174,0.3024082116067904,0.2255772646536412,0.22573007103393844,0.20773328072598146,0.2078895463510848,0.3023072372313153,0.2257492113564669,0.3023851764242066,0.20792274339771383,0.20807881773399015,0.2641843971631206,0.22572385266889897,0.22587632926348955,0.2642252411892105,0.20807086614173229,0.2643180476284196,0.3020464384100748,0.2081447963800905,0.3021243115656963,0.22576204523107177,0.30220212347620923,0.2081777078828386,0.2641509433962264,0.22578109648260955,0.22593320235756384,0.2082105676684345,0.30204241948153965,0.26408796387198114,0.2082842559874362,0.30206084396467126,0.3021978021978022,0.26407690798508926,0.26422126324048645,0.3022161208080016,0.2643137254901961,0.3022936679082533,0.20815366522932183,0.2255535959239663,0.20826802507836992,0.20842311459353574,0.30219349784567173,0.2085373017427061,0.20869224745497258,0.20884713251125464,0.225440313111546,0.2089610643709646,0.22554773082942098,0.22569919812243303,0.2637856863511928,0.20899315738025415,0.209147771696638,0.3017393003713113,0.3018757327080891,0.30201211174057435,0.3021484375,0.3022847100175747,0.3024209293244826,0.22545383564317784,0.22560499609679938,0.20897560975609755,0.3023800234100663,0.20908913594694753,0.30245709828393136,0.20920257360109182,0.2631578947368421,0.209315922822062,0.20946999220576773,0.26319890902006626,0.26334242306194,0.20954235637779942,0.20969626168224298,0.2633832976445396,0.2635266640716232,0.26366997470324965,0.20972762645914397,0.3018867924528302,0.20984052897705174,0.22496597316741201,0.26360808709175737,0.2099125364431487,0.26369996113486205,0.30172916261900135,0.22494172494172493,0.20994367838415226,0.21009708737864077,0.26363812851873425,0.22496118012422361,0.22511158548418397,0.2636786961583236,0.21008729388942773,0.21024049650892165,0.225130890052356,0.3012795657231485,0.22523744911804613,0.3013565891472868,0.22534392559581476,0.22549399457574584,0.21014913809800503,0.21030209140201395,0.30125847047434656,0.22551296941540844,0.3013353977162764,0.22561919504643962,0.2631069839427355,0.2102514506769826,0.263198607619416,0.22563805104408352,0.2257877440556737,0.21028218013142636,0.21043478260869566,0.2631375579598145,0.21054664863820746,0.21069911162611046,0.22571925082062175,0.3007722007722008,0.225825130283729,0.3008490930142802,0.22593092803395717,0.22608024691358025,0.21060752169720348,0.21075973775549556,0.3007518796992481,0.22609868928296067,0.3008286760454808,0.21078998073217725,0.26256983240223464,0.2261171032357473,0.22626612747929906,0.21082017712745477,0.2109720885466795,0.26250962278675904,0.2110833172984414,0.22624086186995,0.21119446047316792,0.22634615384615384,0.26244952893674295,0.21126489811610918,0.26254084182202575,0.2626825518831668,0.22632084534101826,0.22646945831732615,0.2627232571538314,0.22657450076804916,0.29986561720099825,0.21113243761996162,0.22663596238725772,0.2998848810437452,0.22674084020717436,0.29996164173379364,0.22684563758389262,0.2624616564417178,0.22695035460992907,0.2999233422767344,0.30005748227629814,0.21091954022988504,0.262401838728213,0.2625430869398698,0.2626842810645223,0.22683767228177643,0.2627751196172249,0.2629161882893226,0.2630572029845035,0.21078806426931906,0.22681200994454007,0.2630975143403442,0.22691645956796025,0.22706422018348624,0.26313777947639977,0.26327856324035154,0.26341929321872015,0.21065699006875477,0.2992171090318885,0.29935089728904163,0.26340904752815425,0.2635496183206107,0.2636901354703301,0.21060663868752386,0.29925615105855424,0.2993897787948131,0.22669208770257387,0.22683949675943577,0.22698684962835905,0.26352896341463417,0.2992951038293008,0.29942857142857143,0.22700438011807275,0.26351865955826353,0.2636588616028936,0.21031594975256948,0.29933396764985726,0.2994672754946728,0.2636484687083888,0.299543552681628,0.2637383532991063,0.26387832699619773,0.2640182474814674,0.2995058912960851,0.2641079232376971,0.26424772036474165,0.2100664767331434,0.21021648309912647,0.26428707043857985,0.2644267274107821,0.2645663313721769,0.21024667931688804,0.29918421551887686,0.2103566009104704,0.26455528162336434,0.2646947288585514,0.2104265402843602,0.29909021986353296,0.29922304339586886,0.2260325881015536,0.2261792006061754,0.26458333333333334,0.26472259041848134,0.26486179477470656,0.2102971796327844,0.26495079485238454,0.21040681173131504,0.22606886114264094,0.29884622659353133,0.22617246596066565,0.22631877481565513,0.26483931947069944,0.21035721035721036,0.26492819349962204,0.29869639146041943,0.21042689837551945,0.2987724268177526,0.21053625377643503,0.22616575420049084,0.21064552661381652,0.26476693715795435,0.21075471698113207,0.26485568760611206,0.2985665786495662,0.2649443711106921,0.26508295625942685,0.22601319509896325,0.26517150395778366,0.2984737139626908,0.21062547098718915,0.29854963269919005,0.21073446327683615,0.2259461495010356,0.29856927710843373,0.2987012987012987,0.26496048174633047,0.225964252116651,0.2650489089541008,0.29866466052285123,0.2106054907860098,0.2650874224478285,0.2652255639097744,0.2986280774290547,0.21063509958662158,0.2652639489009957,0.22577009767092412,0.2259154929577465,0.2985354862936538,0.2652524873287028,0.2986111111111111,0.26534058922874837,0.29868667917448405,0.2654286250234478,0.26556639159789946,0.26570410650665666,0.21034870641169853,0.2657919400187441,0.21045727136431783,0.2658797077009556,0.2660172349194455,0.21052631578947367,0.26610486891385765,0.2106347126006366,0.22538375140396855,0.2981471083660865,0.2660928143712575,0.26623012160898035,0.2254021698466143,0.29811109033102673,0.29824233358264773,0.22546270330902973,0.22560747663551403,0.2982620071014764,0.2257100149476831,0.22585466093779188,0.2982816585730295,0.2984126984126984,0.29854368932038833,0.29867463132350197,0.26577081000373276,0.2659078186228774,0.2986940298507463,0.29882484611080024,0.2659455427079448,0.2660824165578967,0.2099179716629381,0.2661696178937558,0.21002609019754007,0.2101732811626607,0.2103204172876304,0.2985658409387223,0.29869646182495346,0.29882703407186745,0.29895755770662696,0.2103108133258887,0.21045775958317828,0.2658604651162791,0.26599702380952384,0.2661335317091315,0.29880996653030867,0.2249488752556237,0.225092936802974,0.22523694480579817,0.2660720921590487,0.2987181868846368,0.2661589895988113,0.2662952646239554,0.266431489045674,0.2251717096714312,0.2253155159613957,0.225459268881054,0.2664192949907236,0.26655537006121316,0.2666913946587537,0.22547747079547562,0.2982944011865035,0.29842446709916587,0.26667902149740547,0.22549564572910877,0.2667654686921082,0.22559733283941472,0.22574074074074074,0.22588409553786337,0.22602739726027396,0.22617064593744216,0.26665433012583273,0.2667900092506938,0.2669256381798002,0.2670612169410024,0.2671967455621302,0.20928082824921426,0.20942698706099816,0.26723341341711326,0.20953436807095344,0.29761684832809904,0.2672700406353897,0.26740535549399813,0.2095642540620384,0.2975816872807827,0.22572905131044665,0.20963277357446022,0.22583025830258302,0.2259730676996864,0.29749170047952783,0.2976212428545086,0.22603244837758113,0.2976958525345622,0.2261334316255068,0.2977704072231435,0.29789977892409725,0.29802910296555535,0.22615101289134437,0.22629350027619222,0.2980486008836524,0.2981778023191607,0.29830695620169306,0.20919963201471942,0.22626931567328917,0.29832628287658636,0.2984553144538433,0.2985842985842986,0.26636029411764706,0.29865833486491455,0.26644615950018374,0.2987323167370935,0.2665319617927994,0.2988062442607897,0.22603745868527358,0.2089223425738939,0.20906754772393538,0.2664709120939622,0.20917431192660552,0.22601357549073564,0.29860601614086574,0.2092426187419769,0.2986798679867987,0.29880843263061413,0.2989369501466276,0.2662635147516951,0.20923415170392085,0.2989558527202784,0.2990842490842491,0.22578282365867058,0.2662028560966679,0.2991030569284276,0.20918740849194728,0.26623970722781337,0.2663739480424442,0.26650813974757637,0.20921726408193123,0.22563539952459316,0.29890310786106034,0.2664960701882654,0.2989766081871345,0.2991046957792801,0.26653270003653634,0.2091324200913242,0.266617969320672,0.29906883330290307,0.2991967871485944,0.2091622558861106,0.2666058394160584,0.2092683816821748,0.22528274352426123,0.2991063286521977,0.26659372720641866,0.299179580674567,0.20925993437841778,0.20940404592673592,0.26658163265306123,0.2667152486791765,0.2668488160291439,0.2250956109998179,0.2669337217771304,0.2670671764063353,0.2093192573716782,0.2094631483166515,0.2987627365356623,0.2988903038020739,0.26700618406693344,0.26713947990543735,0.2989090909090909,0.29903653881112524,0.2991639403853144,0.22478648010176266,0.22492732558139536,0.2991825613079019,0.2993098438067563,0.2669329943708008,0.2670660856935367,0.2671991286984934,0.20907441016333939,0.2672836145890038,0.29916545718432513,0.2992925811717758,0.26731955023576354,0.26745240253853125,0.2675852066715011,0.22457857531266992,0.29920260964117434,0.22467838376517485,0.26757246376811594,0.29922115558775586,0.2088011590003622,0.2992938620315046,0.2675597393193338,0.29936651583710405,0.2676438653637351,0.20879319703274832,0.2993849493487699,0.299511665762344,0.26763110307414106,0.2088229976496113,0.20896601590744757,0.29947587204048437,0.26761835923382726,0.26775067750677506,0.2089956647398844,0.22412858948889292,0.2677862044059227,0.26791839682253116,0.26805054151624547,0.2241472658364916,0.2681342475640563,0.2682662817968609,0.2683982683982684,0.2685302073940487,0.2989542012261089,0.268613665044168,0.26874549387166546,0.268877275184718,0.2989189189189189,0.29904521707800397,0.2689121037463977,0.2991175940932829,0.268995318689233,0.26912691269126915,0.26925845932325415,0.2693899586107612,0.20834832673623604,0.2084907357438388,0.2989208633093525,0.22352094946951986,0.22366055375764113,0.29893942117562466,0.22375988497483826,0.2990116801437556,0.2691340280273087,0.26926531345428417,0.26939655172413796,0.20829592386424853,0.2236983842010772,0.2988691437802908,0.2237975592246949,0.22393683832765118,0.2988876928597058,0.22403587443946188,0.26918938307030127,0.269320423166577,0.20813911796342774,0.26940311883850154,0.26953405017921145,0.2696649345995341,0.2697957721246865,0.20813182876589648,0.269878223495702,0.27000895255147717,0.27013963480128894,0.2702702702702703,0.27040085898353616,0.2080873143675076,0.22361359570661896,0.2981577535324629,0.2982832618025751,0.2984087251922045,0.2702895959957097,0.22359249329758712,0.27037169406719086,0.2705020546721458,0.27063236870310825,0.27076263618503305,0.27089285714285716,0.20782003213711836,0.2079614423420207,0.29805461359985724,0.2981798715203426,0.2983050847457627,0.2984302533000357,0.270733012306046,0.22325249643366618,0.2708147619896595,0.2709447415329768,0.2710746747460346,0.2712045616535994,0.223231783360057,0.2076950480940506,0.2981300089047195,0.2711894586894587,0.20776215061420686,0.2712709149163403,0.2980957465741235,0.2713523131672598,0.2714819427148194,0.27161152614727857,0.2717410634892406,0.2718705547652916,0.22293333333333334,0.29790259509420547,0.29802736804691665,0.29815209665955933,0.2718067152247291,0.2982238010657194,0.20742319303853668,0.27183948863636365,0.2227942481803657,0.29818956336528224,0.29831410825199645,0.2984386089425124,0.20737981195671457,0.2075203973040085,0.2716793757758468,0.29840425531914894,0.2717603261833008,0.29847571783055654,0.2718412192096403,0.2985471296952516,0.2986713906111603,0.29879560750974143,0.22241898353107845,0.2988668555240793,0.20729332625243405,0.20743362831858408,0.29888515307025304,0.27158527954706296,0.2717141340880948,0.20746374248319774,0.2222811671087533,0.2987977369165488,0.2989216899416652,0.20749381406857548,0.29899275490369326,0.2991166077738516,0.20756050167814874,0.22218297421405864,0.29913473423980225,0.2713629943502825,0.27149161518093556,0.27162019061066006,0.2717487206634904,0.2221242060691602,0.2989945316634327,0.29911816578483247,0.20737083406806558,0.29918899858956277,0.27163758152652917,0.27176594994712727,0.2718942731277533,0.20736434108527133,0.29910163818918445,0.2992250792532582,0.2993484768445149,0.271830985915493,0.2719591621193452,0.2720872932066174,0.22171388351222945,0.27216748768472904,0.2218117854001759,0.22194864579669363,0.22208545806224722,0.2222222222222222,0.2223589383019863,0.2720562390158172,0.20699349850641363,0.27213633169360507,0.2722641840857193,0.27239199157007377,0.22230026338893766,0.2986306179775281,0.2987537300333509,0.29887679887679885,0.2723284786804703,0.20684210526315788,0.22224171198035433,0.27236057523675905,0.27248816412414517,0.2726157082748948,0.27274320771253285,0.2222222222222222,0.20676362362011566,0.2727750525578136,0.27290243475214576,0.2730297723292469,0.20679390649623533,0.29831932773109243,0.222124978120077,0.27301365068253414,0.2983377077865267,0.2984604618614416,0.2985831729928284,0.22210563133962924,0.29865361077111385,0.29877622377622376,0.29889879391714735,0.29902132121635794,0.22208631836449413,0.2727113906359189,0.22218340611353712,0.2223192455466294,0.22245503754147022,0.22259078212290503,0.22272647931576192,0.27260034904013963,0.29872622578956554,0.29884856943475224,0.2989708703994418,0.2725845831880014,0.206102877070619,0.29898884239888424,0.29911103364127595,0.2725688393168351,0.272695591566475,0.27282229965156796,0.2224351158334785,0.2729014280738419,0.22253177781647224,0.22266713091922005,0.2729329852045257,0.22276366167768882,0.2730120062641378,0.2731384829505915,0.29866063663245784,0.29878260869565215,0.273169883498522,0.2732962447844228,0.2734225621414914,0.2735488355926312,0.2736750651607298,0.22255038220986798,0.2985930171964565,0.29871483153872874,0.2054176072234763,0.29878472222222224,0.20551987502169763,0.20565775772301284,0.2057955925733125,0.2734212352532963,0.2735472679965308,0.2736732570239334,0.2737992023582452,0.2739251040221914,0.20575489686254117,0.2984402079722704,0.2985617743891873,0.2986832986832987,0.2738610774294128,0.298753030827849,0.2057142857142857,0.29882271468144045,0.2738445559979228,0.29889235029421946,0.22183768818134625,0.22197231833910033,0.29891022314478466,0.2990314769975787,0.27373335638941726,0.27385892116182575,0.20553154710458083,0.20566885585896993,0.29894591325384484,0.2990670352453352,0.20573501468301952,0.27374784110535405,0.2990847867380418,0.2738259668508287,0.2991541515622303,0.27390403866068347,0.27402933563416737,0.22153209109730848,0.20562359841297223,0.274060020696792,0.2990170719089498,0.2991379310344828,0.2740906740217204,0.2742157876594278,0.2743408581768051,0.2991040661612681,0.20551248923341947,0.29917326903203584,0.27432409161356985,0.20557851239669422,0.22120846961611293,0.22134251290877796,0.2990879366718293,0.2992085340674467,0.27421297092723207,0.27433780529755764,0.27446259673258816,0.2745873452544704,0.2054323534467939,0.2990718459951873,0.29919230108266026,0.2993127147766323,0.2994330870984367,0.27447612504294056,0.22102009273570325,0.27455357142857145,0.2993991416309013,0.2746309646412633,0.29946799382186373,0.2995881949210707,0.299708354777835,0.220926243567753,0.2997770536786143,0.274519890260631,0.29984570546888395,0.22094617757970517,0.2210796915167095,0.2998629198080877,0.29998286791159845,0.2744090441932169,0.274533310498373,0.27465753424657535,0.20475945899674713,0.2998972954467648,0.3000171144959781,0.3001368925393566,0.2745936698032506,0.3002052685596989,0.2746707713357277,0.3002735978112175,0.22072149085313728,0.22085470085470085,0.3002905486241668,0.3004101161995899,0.27456005467281736,0.27468397676802186,0.3004269854824936,0.3005464480874317,0.30066586989926586,0.30078525093888697,0.27462024236217786,0.27474402730375425,0.2748677700051186,0.2749914704878881,0.27511512877366534,0.2752387448840382,0.2040920716112532,0.30054551653597,0.30066473495824103,0.3007839127471029,0.22031010393593456,0.3008517887563884,0.22040538238800886,0.3009196185286104,0.30103865145581477,0.2749404153898536,0.27506382978723404,0.27518720217835263,0.3010039135613408,0.3011228308948622,0.30124170777343084,0.2751700680272109,0.2752933174630165,0.2754165249914995,0.3012068672446031,0.20360299116247452,0.20373831775700935,0.27539925246347263,0.20383896721589945,0.2039741847826087,0.2754287654949907,0.20407470288624788,0.20420981157698184,0.2754582484725051,0.20431019854064145,0.21971496437054633,0.20441051738761662,0.20454545454545456,0.2753942682720027,0.21973550356052898,0.2198677741990168,0.2754237288135593,0.2755465175394001,0.2756692646560488,0.27579197018465185,0.20443766937669378,0.21981371718882303,0.2758211987809008,0.27594379549686815,0.27606635071090047,0.20443391436791336,0.20456852791878172,0.20470309592285568,0.21972259810554803,0.27600202942668695,0.27612445045654377,0.2997464074387151,0.29986477349560514,0.2761534561433159,0.2999324095978371,0.21963169454299714,0.27618243243243246,0.2763046782638068,0.27642688280986155,0.21965220327536722,0.2765023632680621,0.21974683544303797,0.219878501518731,0.22001012316517632,0.2201417004048583,0.22027323326024625,0.2763912310286678,0.2765132355420671,0.2766351989211059,0.20411259059497724,0.20424671385237614,0.2202190395956192,0.2991913746630728,0.2765706585817753,0.27669248905355337,0.299208620979963,0.29932659932659933,0.2767210907254671,0.22012790306294178,0.29934376577486116,0.22022207267833108,0.2994112699747687,0.2995290951900437,0.29964688078022533,0.29976462676529925,0.2998823331652379,0.3,0.22013107040833474,0.2037970430107527,0.20393079119771543,0.2999664091367148,0.2040302267002519,0.30003357958361315,0.22007722007722008,0.27609936220208126,0.27622084242322537,0.27634228187919463,0.2039926186881396,0.29989936262998995,0.20409190005031025,0.2999664654594232,0.20419111483654653,0.21991283942339926,0.22004357298474944,0.22017426273458446,0.2760931479309767,0.27621440536013403,0.2763356221738402,0.2764567983924983,0.2996819018918466,0.22012052226314027,0.27648535564853555,0.27660642570281124,0.2767274552451062,0.27684844429575106,0.22010369627027931,0.27692307692307694,0.220197291422839,0.27699765964560347,0.22029082400133712,0.2204211229946524,0.2992481203007519,0.2769796191112596,0.2771003841656923,0.20357381429525717,0.20370679579228584,0.27712854757929883,0.2991153396761809,0.2772029372496662,0.2991823794426831,0.2992992992992993,0.2036697247706422,0.2771847898599066,0.2993163248290812,0.2994331443814605,0.29954992498749794,0.2771666666666667,0.29961673054490917,0.29973342219260246,0.20356488422455438,0.29980013324450366,0.20366361365528726,0.27705627705627706,0.2037622773430997,0.2997669773635153,0.2998835080712265,0.20382695507487522,0.29995009149891866,0.27694610778443113,0.2770663562281723,0.29996674426338543,0.2771404821280133,0.3000332446808511,0.21937842778793418,0.21950814223994683,0.30004984216647285,0.3001661129568106,0.27703039362232185,0.2771504483560279,0.20355304665449112,0.300132802124834,0.20365145228215767,0.30019913707268503,0.2037497925999668,0.2770404777704048,0.20384806767291425,0.30016583747927034,0.27706847952246727,0.20391246684350134,0.2771423835571026,0.20401060656281073,0.20414250207125104,0.30003313452617625,0.20424051681298658,0.27707850281550184,0.2043384666335486,0.3,0.21883794073828836,0.20440251572327045,0.3000165480721496,0.2188947716743878,0.2044665012406948,0.30003307972213034,0.3001488341326278,0.21891534391534392,0.20449661101008432,0.2046280991735537,0.2766484878532474,0.30006609385327165,0.30018172806872623,0.3002973240832507,0.27663088356729976,0.20459048877146632,0.3003136866435529,0.27665896335424234,0.30037960059415747,0.21864686468646866,0.21877577957432767,0.2045529528208512,0.2765957446808511,0.2767150395778364,0.30024732069249793,0.20458292120013188,0.3003131696060656,0.20468029004614371,0.27665183720547043,0.20477759472817134,0.20490858178224344,0.30023056653491437,0.2050057632142269,0.2765887388870596,0.2051028806584362,0.20523370638578012,0.30014809939114695,0.30026324448831854,0.20529692383615727,0.2182565789473684,0.21838513402400922,0.27638934560999673,0.2765083018247575,0.20529257067718606,0.27658175842235005,0.21837002957607624,0.2766551667488089,0.27677398160315375,0.2768927574314337,0.20525451559934318,0.2183549499261205,0.21848325673013788,0.20531757754800592,0.2996389891696751,0.29975389663658736,0.2053805774278215,0.299819583401673,0.2184322728763529,0.2766027217576652,0.2185245901639344,0.21865267988854287,0.2997377908882334,0.27658528592495496,0.2767038007863696,0.27682227682227684,0.2186374058303308,0.21876535123628624,0.21889325474787164,0.2768047143558684,0.27692307692307694,0.277041400752741,0.21891361256544503,0.29936201537706525,0.2994766110565914,0.2770237121831562,0.21893394375408765,0.27709661598822954,0.2994442628309905,0.2189900310508253,0.20473856209150326,0.2994608724064695,0.21904606337798105,0.2769884043769394,0.277106466361855,0.29942857142857143,0.20470127326150833,0.2771339970621838,0.2994451697127937,0.27720672214064285,0.299510603588907,0.20469743924319034,0.29957599478147423,0.29969020055437795,0.29980436909031627,0.27709861450692747,0.29986962190352023,0.27717125631416,0.2999348321928967,0.21860237823749795,0.2771986970684039,0.2773163979807849,0.20449365027678282,0.20462314829887676,0.2998046875,0.2999186330349878,0.30003254149040026,0.21848055962258012,0.3000975927130774,0.21857212554886973,0.30016260162601627,0.27702812550804745,0.27714564369310796,0.30017877458150494,0.20441988950276244,0.27717303005686433,0.21848602988953866,0.20448270261490986,0.27720038973692757,0.30004870920603993,0.20454545454545456,0.21847102743061192,0.21859785783836416,0.27713775758559145,0.277255029201817,0.20454176804541768,0.20467077521894259,0.2772823090643749,0.29977302204928663,0.29988652942130006,0.3,0.3001134338032734,0.2772197018794556,0.3001781953669205,0.30029154518950435,0.3004048582995951,0.2772020725388601,0.3004694835680751,0.3005827128520557,0.20440200679721637,0.3006472491909385,0.30076039475812977,0.30087350372047883,0.27704997573993206,0.3009379042690815,0.27712206952303964,0.20433236340122857,0.21787619201551642,0.3009049773755656,0.2771045403134594,0.20436187399030695,0.2771765465999031,0.20445736434108527,0.2772485063781689,0.3007749434937036,0.21775625504439064,0.21788250484183344,0.3007907051799258,0.30090351726363346,0.2043878044845943,0.2770967741935484,0.2044831478793743,0.3008706868752015,0.30098339513138805,0.3010960670535139,0.20451248992747784,0.3011601675797615,0.2046077009827614,0.3012242268041237,0.21758737316798196,0.3012882447665056,0.2767670262437611,0.20460399227301995,0.3013037180106229,0.27679433537174125,0.217538213998391,0.3013191763191763,0.3014315586295641,0.20456738501125765,0.2046952886316128,0.20482315112540192,0.2766436264266195,0.3013500482160077,0.27671541057367827,0.301413881748072,0.21734939759036145,0.3014776742691937,0.2766982495583748,0.20472061657032756,0.3014930165355595,0.20481540930979134,0.2173005938051677,0.2766367137355584,0.30145997112145034,0.27670837343599614,0.20481154771451485,0.2767799871712636,0.2049062049062049,0.2768515549855723,0.20500080141048244,0.2171474358974359,0.30123377663835926,0.30134572252483177,0.276790004805382,0.20499679692504805,0.27686148919135306,0.27697726544988793,0.27709300464222825,0.21702944942381563,0.3011681869099056,0.30128,0.2770756678931371,0.2170505438259757,0.30129537821845515,0.21714102974096577,0.30135891286970423,0.3014705882352941,0.27696979383090936,0.27708533077660596,0.21712733663524525,0.21725239616613418,0.20459990416866317,0.30134142446502715,0.20469423598914258,0.30140485312899107,0.3015163607342378,0.27689115863389724,0.21716929950534547,0.301531589023612,0.30164300526399745,0.20462519936204146,0.3017062669430713,0.3018176020408163,0.2767415909453212,0.30188077781319733,0.27681274900398406,0.27692797960484383,0.27704317349052093,0.3018477222045237,0.20449116101290013,0.21687898089171975,0.27702595128164303,0.2169691181152499,0.3017666719719879,0.27705283259070657,0.2771678599840891,0.21699013681196308,0.21711468108795928,0.27719465648854963,0.30163778025123233,0.3017488076311606,0.20426005404546177,0.277177368086459,0.2772922294613062,0.27740705433746427,0.20428911834789515,0.21696315120711562,0.27743369858662853,0.3015242934264846,0.3016351801873313,0.30174603174603176,0.20425329312807491,0.20437956204379562,0.277328256385848,0.27744289340101524,0.2775574940523394,0.2776720583571202,0.2167433010940225,0.2777425491439442,0.21683309557774608,0.30142630744849447,0.27776897480589446,0.21688846641318124,0.2778393790590844,0.30139372822299654,0.30150435471100556,0.3016149461684611,0.2040525565933196,0.20417853751187084,0.2168064567178351,0.2776898734177215,0.27780414491377947,0.20420752926289149,0.2043333860509252,0.2778304870335231,0.3013438735177866,0.3014543155232374,0.3015647226173542,0.2043299620733249,0.30162742929372727,0.2777251184834123,0.3016900963512873,0.27779532533164875,0.21648507816200852,0.20429428481212503,0.30165745856353593,0.21654040404040403,0.277733943506391,0.3016724518775639,0.30178261555450386,0.2777602523659306,0.2778741523419019,0.2041942604856512,0.3017499605864733,0.27790037831021436,0.21639085894405044,0.27797037503939487,0.27808413423664724,0.21644612476370512,0.20412663411560875,0.204251968503937,0.27806644622894033,0.20434508816120905,0.2781363135526523,0.2782499213094114,0.2783634933123525,0.3012901195720579,0.21629699543809974,0.3013526266121422,0.27834565183204907,0.30141509433962266,0.3015249174658073,0.20418107513360578,0.27832783278327833,0.278441231929604,0.30149253731343284,0.27851083883129124,0.2786241558033611,0.27873743718592964,0.21604647511383263,0.20408163265306123,0.3013655627060116,0.2787193973634652,0.30142789894868977,0.2787888296203326,0.216,0.21612296110414053,0.21624588364434688,0.21636876763875823,0.21649161310550244,0.21661442006269593,0.27863971164394297,0.27875274208712003,0.27886573711420964,0.2037907268170426,0.2789350039154268,0.2790479173191356,0.20385157350868952,0.20397620538509706,0.2790734074190014,0.20406885758998436,0.3007354091691441,0.27909887359199,0.21633036133270764,0.21645292461682827,0.21657544956997654,0.2790806754221388,0.2166640612787244,0.30056267583619883,0.2039381153305204,0.300625,0.30073426027183253,0.30084348641049674,0.20396689052006872,0.2788881948782011,0.20405932864949258,0.3008117389946925,0.27891368815358203,0.30087390761548066,0.21641441722577626,0.27893915756630266,0.2040243331773514,0.30084217092950716,0.30095119288944333,0.2789211100717181,0.20405300077942323,0.27899002493765584,0.21630045192457534,0.27905889685260205,0.30082567378096275,0.2791277258566978,0.2040180657218502,0.27919651199003426,0.20411022886501634,0.21622042341220424,0.27922178988326846,0.27933395580454407,0.30060681499922204,0.20410703173615433,0.27935915383418886,0.204199066874028,0.21614056911833307,0.21626243781094528,0.20425928804601276,0.21635063723966427,0.27925407925407925,0.204319453076445,0.2793226658381234,0.20441130785958372,0.27939120981518867,0.2795031055900621,0.21627076540909795,0.3000620925178516,0.30017072792177557,0.21632526381129732,0.204344453064391,0.2044678870617437,0.20459128276717853,0.30009305210918114,0.2792681035819507,0.2793798449612403,0.3001085103084793,0.27944823310601363,0.21617852161785217,0.21629996901146575,0.20449264136328427,0.21638785625774473,0.21650921480563728,0.2999380613192939,0.27930020126954636,0.2044891640866873,0.21652994892431512,0.2999071494893222,0.2045489710660684,0.2999690594059406,0.2791956689868523,0.2793071450665017,0.2045770836554817,0.21645021645021645,0.29989179162157986,0.21653786707882536,0.2792458661721527,0.21662546353522869,0.2793140738452031,0.21671300586963238,0.2997683397683398,0.27933909820877084,0.2794503628222943,0.2997838839147885,0.2795184442043525,0.21666666666666667,0.2997994136707298,0.216754088244369,0.2998611753817677,0.2794571252313387,0.299922898997687,0.20413197656490903,0.20425466317249885,0.29993834771886557,0.20434581599630144,0.3,0.20443691264828223,0.20455945779420825,0.20468196519328508,0.29996920234062213,0.21647421093148575,0.2790948275862069,0.2792057872864399,0.2793167128347184,0.2046468687490383,0.21646153846153846,0.27934163974773113,0.21654875422946784,0.2997078271566969,0.29981549815498154,0.2793235972328978,0.27943436827543805,0.2795451052712464,0.20451751690227413,0.27961284375480105,0.2996927803379416,0.20457686991245586,0.21636977886977887,0.2164900967296177,0.29966226588885475,0.2795088257866462,0.29972375690607733,0.20454196716280498,0.2795335992635778,0.21644423991409725,0.2165644171779141,0.21668455758319277,0.27951548604722476,0.2995554192856048,0.29966278356836296,0.20444444444444446,0.20456634998467668,0.20468821817067565,0.27941176470588236,0.279522132026344,0.27963246554364474,0.20471596998928188,0.2164727495407226,0.21659268330016837,0.2796143250688705,0.21667941851568479,0.299265605875153,0.27963897812452193,0.21673294585500152,0.21685272977519499,0.2992354740061162,0.2993426081638893,0.2994497095689392,0.20449335167354424,0.2794926650366748,0.2994652406417112,0.29957225786739994,0.27951733618451197,0.2796273671350031,0.20445869598411973,0.2166412213740458,0.20454892382842313,0.21672771672771673,0.2994048527392034,0.2168141592920354,0.2994660564454615,0.29957291031116534,0.21686746987951808,0.29963403476669714,0.29974081414849824,0.27926829268292686,0.20438957475994513,0.2997561718988113,0.2168215754990096,0.21694088970140157,0.27920792079207923,0.2043862321047822,0.21699406121516673,0.29963459196102316,0.20444512102298676,0.21704718417047184,0.2996499771724243,0.29975654290931225,0.2790202342917998,0.20444174018862185,0.27908745247148287,0.29972627737226276,0.2169682225938878,0.2791121921556704,0.21705426356589147,0.20440729483282674,0.20452818720559185,0.21710726223032512,0.27905210390399515,0.27916160388821387,0.21716021260440393,0.2045247494685697,0.20464551389099742,0.21721311475409835,0.2047351646683867,0.20485584218512898,0.27901684114701863,0.20494538834951456,0.20506597906870924,0.29905975128905066,0.29916603487490523,0.20512431776834444,0.2052448082461725,0.29918157017277963,0.20533414153659646,0.21696969696969698,0.2787456445993031,0.29915177219024536,0.21702256550053006,0.27877044215626895,0.2052990158970477,0.2991220102936724,0.20538822461026185,0.27875302663438256,0.2788621576637918,0.2789712556732224,0.2790803206776584,0.20538415003024804,0.27914713443217903,0.2792561233746598,0.27936507936507937,0.21674727932285368,0.2794317666616291,0.27954064672106377,0.27964949388125093,0.2052870090634441,0.29859537834164024,0.2987012987012987,0.20534500981428355,0.21663647342995168,0.21675471698113208,0.21687292484153337,0.2986268296363362,0.27942063971031983,0.20531000150852316,0.2986425339366516,0.21686020208113407,0.29870325693606753,0.2169455751545304,0.21706361169731686,0.2987189148455162,0.20524412296564196,0.2053638692180202,0.20548357939138295,0.29868956168097605,0.27906626506024096,0.2169853937659991,0.2791327913279133,0.2792413066385669,0.21703792895845875,0.21715575620767494,0.21727354799879628,0.2984805175267038,0.20532490974729242,0.29854113400511356,0.2986466165413534,0.29875206735829196,0.21722790138304268,0.27897189237937775,0.20529005109708445,0.2987227648384673,0.21724759615384615,0.298783235691753,0.29888855512165813,0.20528607899083948,0.2788288288288288,0.21723464945203422,0.21735214650255177,0.2174696082845565,0.27881152460984393,0.20525131282820705,0.2986798679867987,0.2788360581970901,0.20530893821235752,0.2789023841655421,0.20539730134932535,0.21735871683405786,0.27892685851318944,0.21744342874269443,0.2789931075816602,0.2791011235955056,0.21749550629119233,0.21761270031451252,0.27912548667265646,0.298248240754604,0.2791916167664671,0.21763209100434067,0.298263992816522,0.29836899595989824,0.2791741472172352,0.2792819745699327,0.2793897696679629,0.21758636159712877,0.29829545454545453,0.21767080281058454,0.29835575485799704,0.21775519354356598,0.21787208607292288,0.2792469744509189,0.2793546459515984,0.20477968633308438,0.21789127837514935,0.2180080633119307,0.2181248133771275,0.2981041946559188,0.2982089552238806,0.2792120579018057,0.21814383766039988,0.2046844696404595,0.20480310262529833,0.21819537658463833,0.2980912615568148,0.27911137617414644,0.2182468694096601,0.20479952302876733,0.20491803278688525,0.29801817910892564,0.2981227651966627,0.2790108744227618,0.2981829014000596,0.27907669396872675,0.27918403811792736,0.21810331993449456,0.2792497767192617,0.2981098377734782,0.2793154761904762,0.27942270495461985,0.29812555786968165,0.298229956864495,0.2983343248066627,0.27940520446096656,0.21796015462384777,0.29834993310539615,0.2984542211652794,0.29855847822856296,0.2986627043090639,0.20442727677908187,0.27926322043969104,0.20451507500371305,0.20463320463320464,0.2985894580549369,0.2792458432304038,0.21775270892088466,0.21786880379934698,0.2179848642231785,0.27922848664688427,0.2793354101765317,0.20453871254820527,0.20465668100252113,0.20477461447212336,0.20489251297257227,0.27927660836050994,0.2982066103453387,0.21784232365145229,0.21795821603200474,0.2982222222222222,0.2983261739001629,0.2984300947867299,0.2047978676143936,0.279093870299082,0.21791265729089562,0.2180284191829485,0.298357259138671,0.27907664989641906,0.2984169255807072,0.21804733727810652,0.27910072474486025,0.2792073351079562,0.29838828922076,0.2046126552335896,0.20473022912047303,0.2984037836240024,0.20481749667504065,0.2791075650118203,0.20490471266065888,0.2791728212703102,0.29833111800324913,0.2984347312463083,0.29853831389340024,0.21774431650428108,0.27911439114391146,0.29855371900826444,0.2986572229600118,0.2987606963706108,0.2790972119781679,0.29882005899705016,0.279162365432827,0.21763491595399587,0.27922748046587054,0.2177181603773585,0.29874723655121593,0.27925139994105513,0.20450861941947843,0.29876252209781967,0.27927529827662395,0.2793814432989691,0.21764099543513474,0.2794464075382803,0.21772412777859562,0.2795113335295849,0.27961736571008095,0.2177751618599176,0.298514050316316,0.21785819358634892,0.20429474922782762,0.20441176470588235,0.21790913101014556,0.2180241105557189,0.21813905629869176,0.2793944738389183,0.29831006612784716,0.2984131648545401,0.20434846481563096,0.2044653349001175,0.27933617271258626,0.20455212922173274,0.29834091910145355,0.298443922489724,0.2793189490679583,0.27942471382447903,0.27953044754218637,0.21786971830985916,0.21798445063811062,0.2795541214432385,0.2796597741604341,0.2982404692082111,0.20436886087084005,0.20448548812664907,0.29825589916459033,0.27960140679953105,0.21787545787545787,0.2045121593905655,0.20462868024022265,0.2179261862917399,0.27954312490847855,0.2796486090775988,0.204655248133509,0.20477166276346603,0.2979657544270452,0.2980684811237928,0.21784930504754937,0.2981275599765945,0.2795085563843791,0.2796139221994735,0.2047082906857728,0.21783625730994152,0.29805583978950445,0.21791873721134172,0.2981148619026743,0.21800116890707188,0.2981738495252009,0.2794332456909144,0.2982328026873083,0.2180198598130841,0.2982917214191853,0.27941605839416056,0.29835060575098526,0.2180385288966725,0.20443601342477746,0.2045520863729209,0.29832239241429614,0.2984247374562427,0.29852705264693014,0.20457859434237388,0.21796180201195509,0.29854227405247813,0.2791138318029442,0.2986009909647333,0.2987031910243334,0.27913752913752915,0.298761835396941,0.2792018642586659,0.21785350225717198,0.2179673849737915,0.20439656427427574,0.20451237263464336,0.27914422936981514,0.2179860302677532,0.20456860177506184,0.29851614780331687,0.20465454545454545,0.2985747527632344,0.2790460956812564,0.20471067170689153,0.21790957988079662,0.29854651162790696,0.21799157099258828,0.2986050566695728,0.2789481330815052,0.2986635676932016,0.29876543209876544,0.2988672669183851,0.27893131987803105,0.29892566782810687,0.20452895921033531,0.29898403483309144,0.2046147148454506,0.2788740568775392,0.2989989844770057,0.29910066724688134,0.2992023205221175,0.20461136890951276,0.2992605480643758,0.27877645694404174,0.21756776344397738,0.21768115942028984,0.27880017388784234,0.29918864097363085,0.2788642619151094,0.21769988412514485,0.2992034757422158,0.2788879235447437,0.21775010858549299,0.29921829762594093,0.29931972789115646,0.2788712011577424,0.21776877441759515,0.2042824074074074,0.20439751193403732,0.278854498119757,0.2992046276211135,0.27891844997108156,0.2992626861356079,0.21769297484822203,0.2178060413354531,0.27890173410404623,0.27900592399942203,0.2791100837908119,0.279214213491261,0.20421721548238012,0.2990613718411552,0.2792376552122437,0.2176988595351523,0.2793013856812933,0.29903304950209264,0.27936507936507937,0.2041552445534555,0.20427005193306405,0.29900475984422326,0.2176233054513989,0.27930785868781544,0.27941176470588236,0.2989765028110134,0.2176419717497838,0.217754719700245,0.2793948126801153,0.21783604667915285,0.2794583693460098,0.21791732680397521,0.2040610599078341,0.2794816414686825,0.2987330837892312,0.2795451273931193,0.21790443293033968,0.20405813786156282,0.298705035971223,0.20414328873543375,0.2042577675489068,0.2178915576010355,0.27940753523152145,0.20431344356578002,0.2985911443358252,0.20439844760672704,0.2986490370796206,0.27935048139100443,0.20445402298850573,0.21778480103433415,0.21789715598965814,0.21800947867298578,0.2985353245261344,0.27925340990667624,0.27935687625610106,0.29855030859767473,0.20436280137772675,0.2793801119242359,0.2794835007173601,0.21790273992253623,0.21801491681009752,0.21812706152301736,0.29839403498709494,0.279426523297491,0.20427178899082568,0.2043858391858965,0.204499856692462,0.2794096575440608,0.20458452722063036,0.2794728548918493,0.21798911486680034,0.27953601603895173,0.27963917525773196,0.20458124552612741,0.29802462066991126,0.2796622298554458,0.20463651974813968,0.20475032193446846,0.20486409155937052,0.21785152338721214,0.27960526315789475,0.2797082797082797,0.20488990563340007,0.2050035739814153,0.21783876500857632,0.29769901386308417,0.29779937124892825,0.21788826975282183,0.218,0.27953149550064277,0.2796343901742359,0.21804940739682993,0.2976870359794403,0.2796573875802998,0.2797602055381102,0.2180676466390752,0.21817922374429224,0.2976173491225567,0.2977175463623395,0.29781771501925547,0.21819737592698232,0.2796235562526736,0.2797262617621899,0.2045616535994298,0.2797890535917902,0.27989169160609945,0.2976631518951268,0.2977632141330674,0.20455840455840457,0.2798746617290984,0.29777841070919964,0.27993734871137693,0.20458428246013668,0.28,0.2179049245658981,0.2800626156254447,0.28016505406943654,0.20458102148242993,0.2975817923186344,0.297681695349168,0.28014789533560863,0.20460685340537466,0.2802104065965311,0.2976545842217484,0.21773735076748152,0.2802330538581782,0.280335322534811,0.280437562153715,0.20454545454545456,0.28049992898735976,0.2806021016756603,0.2807042453499929,0.20457126632595116,0.20468417317246274,0.21757025262560317,0.28068681708528453,0.204738933030647,0.29720527734430413,0.28070921985815606,0.2047936462913062,0.2972206466250709,0.29732028923862186,0.20484831301389284,0.20496102055279944,0.28061224489795916,0.20504463653110386,0.2173420232360442,0.21745289701090806,0.20509915014164307,0.28055516215833454,0.21750212404418012,0.28061730142998725,0.28071913929784825,0.2050955414012739,0.20520803849419755,0.29687278901938585,0.205291454442558,0.28066204555099733,0.28076379066478074,0.20534577853203226,0.21733597285067874,0.2807860879400537,0.2808877579869946,0.20537102473498234,0.29663651780667044,0.21732372474212236,0.2808703023452953,0.2809718886848425,0.20536723163841808,0.2965682813161983,0.29666760802033326,0.2967669066779613,0.28091473743647655,0.2172194777699365,0.2173299463731301,0.28093692676732046,0.29669864559819414,0.2052475666525603,0.20535966149506346,0.2967141446904527,0.2968133107727016,0.29691244889327506,0.28080067662813646,0.296969696969697,0.21716459977452085,0.2808228829082711,0.28092420400112705,0.21721369206930555,0.29690140845070423,0.2970004224757076,0.21726274288932695,0.28086723919470646,0.21734234234234234,0.21745249824067558,0.21756262313537855,0.21767271703953847,0.21778277996623524,0.29680686453790966,0.2807313642756681,0.21783152861763466,0.296822272215973,0.2807535498383242,0.29687939274669667,0.20477863668306395,0.2969364811691962,0.21778839398623015,0.29699353751053664,0.2806573957016435,0.2178370786516854,0.2807190001404297,0.21791631564167369,0.2046890355187421,0.29688377316114545,0.2969824561403509,0.280662363177098,0.2807632945138207,0.2808641975308642,0.2809650722401459,0.28106591865357644,0.20459963539475529,0.28112731351654513,0.29678956960605635,0.28118867395570507,0.2176594253679047,0.296804932735426,0.2812105926860025,0.20453908657887362,0.2968202829527945,0.21764705882352942,0.2177566167203473,0.21786614393727247,0.28111437771244574,0.2967525195968645,0.2179146256123163,0.2811363000279877,0.29676787463271304,0.29686625629546726,0.29696461043502587,0.2179020979020979,0.28107956929100825,0.21798098434004473,0.281140780092269,0.2812412636287392,0.2180293501048218,0.29681386249301284,0.21810814587117508,0.2968706342553786,0.2969688503981003,0.20405027932960895,0.28110599078341014,0.2969840826584753,0.2041044255200335,0.20421552205471805,0.28108862526168876,0.28118894780909853,0.2812892423608204,0.20424107142857142,0.28135025805551683,0.2814504881450488,0.2967508018407475,0.2042665923034021,0.2814721873693016,0.29676609980485086,0.2043205574912892,0.2968227424749164,0.2176396823185175,0.2177486765115631,0.2178576403398802,0.2967966573816156,0.2968945829271689,0.29699248120300753,0.28121954615063344,0.2970489977728285,0.2812804453723034,0.20414695240745895,0.29706414359259775,0.28130217028380633,0.2971206009180693,0.28136300417246174,0.21763315255180085,0.2971357063403782,0.2813846795495621,0.2176814011676397,0.29715079916608755,0.297248471372985,0.21772960955953868,0.297304806890803,0.28128906792610087,0.29736111111111113,0.29745868629357036,0.2975562343793391,0.28127169235040955,0.28137146029983345,0.28147120055517,0.20371912295309463,0.20382961010129041,0.21753607103218647,0.2974060202524622,0.28141470180305134,0.29746221051171823,0.2175540765391015,0.2975183696104256,0.2976157471583033,0.29771309771309773,0.2175720620842572,0.29776915615906885,0.2978664449986146,0.29796370688461005,0.28116343490304707,0.21755989475141946,0.2812240376626973,0.28132354977156304,0.2814230343300111,0.281522491349481,0.20343205092720731,0.2175176421751764,0.2977310459324848,0.2978281920044266,0.2814661134163209,0.29788411008159316,0.20340154867256638,0.28148762615788747,0.2815869505114736,0.28168624740843123,0.28178551686014375,0.2977753212657178,0.20337109698811826,0.2818068794032325,0.2977900552486188,0.297887032177876,0.29798398232532447,0.2033687698467486,0.2980397570403092,0.20345065562456865,0.2816726469776428,0.20353249620532635,0.2817328918322296,0.2979721340874603,0.2035862068965517,0.2036960419252517,0.2038058466629895,0.2816765476354612,0.2168458781362007,0.2038594073053067,0.29782249173098124,0.29791925037894446,0.28162028106916503,0.2817192450750792,0.2818181818181818,0.28191709130973697,0.2820159735610025,0.21671485612006058,0.20374449339207049,0.29772883688919477,0.21676300578034682,0.2819595431402229,0.2820583379196478,0.28215710551657724,0.29766162310866573,0.2977582175766745,0.2978547854785479,0.20362986388010448,0.21666208413527632,0.21676975945017182,0.2978284771852666,0.2819843342036554,0.2820829898323715,0.2978431103173513,0.20357142857142857,0.28210410657876667,0.20365284262565228,0.29781683372236717,0.28212520593080725,0.2978723404255319,0.2979687071095251,0.20365033621517772,0.2037596048298573,0.2979832624502675,0.29807956104252403,0.2981758332190372,0.28195282501371366,0.21637186343068696,0.28201261310666303,0.21644962302947224,0.20367324561403508,0.21652734000274085,0.2980268566730611,0.28195643238799833,0.2036986301369863,0.21654567867415422,0.29800054779512464,0.2819389292071751,0.28203723986856516,0.2165639972621492,0.2979742677251574,0.28205830026002465,0.29802955665024633,0.216582295799699,0.21668946648426812,0.29804404322254135,0.28200218818380746,0.20347326678517708,0.2167076838939021,0.2820232399179768,0.2167851284855112,0.2820828208282083,0.28218092374965836,0.2034430933187594,0.20355191256830601,0.20366070208987844,0.20376946189565692,0.21671446128635805,0.2820862916439104,0.28218430034129693,0.2037947037947038,0.21673263272826532,0.28220524017467247,0.2823031791513167,0.2038199181446112,0.2973673441549584,0.20390070921985815,0.21669166780308197,0.21679847286610307,0.2169052488070893,0.2973009814612868,0.28213166144200624,0.2973562278550014,0.29745196893309717,0.29754768392370573,0.20378695000681107,0.2168346499591392,0.20386762903445457,0.21691176470588236,0.21701837985023825,0.28192213449496323,0.28201987205662177,0.2821175830157866,0.20383725676962852,0.2972789115646258,0.20391783430825738,0.29733405875952124,0.2039983680130559,0.28202338863203696,0.2821210061182869,0.2822185970636215,0.29726790811472065,0.2822777928784996,0.2973230058431852,0.21671195652173914,0.2973780736313001,0.21678891605541972,0.29743311150346324,0.2821835958718088,0.20380176510522743,0.20390985609557427,0.28220442513913396,0.28230184581976114,0.2973266386212512,0.2039348710990502,0.2040428707095374,0.20415084102007597,0.2822460328224603,0.29726064551125575,0.21654237288135594,0.28226681127982645,0.2166192219059238,0.29723502304147464,0.21669602927225912,0.28224932249322493,0.297249695163257,0.2823083175291249,0.216714072870107,0.28236728060671723,0.2824644549763033,0.21676144056322774,0.29714363070258565,0.2972387655657823,0.29733387467857625,0.20378890392422191,0.2823704505479637,0.21672077922077923,0.20384147166238334,0.2039491479578036,0.20405679513184585,0.2971876690102758,0.20413681222117075,0.20424439037577724,0.28220029733747803,0.2822972972972973,0.2042967166599108,0.21656309105647123,0.2823179791976226,0.21663965424095083,0.2969615124915598,0.2970564407237375,0.21668691778047794,0.2971112311015119,0.2822243217708193,0.297165991902834,0.2041559843475914,0.297220723151646,0.21664643194388236,0.21675209063933099,0.2821308159136885,0.2168284789644013,0.28218956451395444,0.28228633054731733,0.21687558970211618,0.2169811320754717,0.282306966716076,0.28240366478038265,0.2039606628047959,0.296875,0.2824242424242424,0.2825208726097495,0.20398545846236704,0.2040926225094238,0.2825413918427783,0.2168236877523553,0.21692908087740545,0.29668998923573736,0.2825238799946186,0.2826203927898843,0.20403496973772697,0.2966648735879505,0.20411456232351755,0.20422156493681098,0.29667966124479095,0.2967741935483871,0.20427361913721273,0.2043805428648213,0.2167136907161091,0.296749059645352,0.2167897918065816,0.2822992210582863,0.2823955955418289,0.2824919441460795,0.2825882668814606,0.21677852348993287,0.29660448261978256,0.2826086956521739,0.20421306856299476,0.2826670244164207,0.21676727028839704,0.21687231759656653,0.2964999329489071,0.28264950388844196,0.2827456763641239,0.2828418230563003,0.20412813295804852,0.20423478960064326,0.28286211979096876,0.29635584137191856,0.29645010046885467,0.2965443343155639,0.2042319539306281,0.21665773968934118,0.28276877761413843,0.28286479250334673,0.29647972159014857,0.2965738758029979,0.29666800481734246,0.20417447150120419,0.2165886287625418,0.21669341894060995,0.2966430386518657,0.28269590799679056,0.20417168070597674,0.20427807486631017,0.28271621440983824,0.2965784549585672,0.2966724575704931,0.20430251202565472,0.2826987307949232,0.2966871493454448,0.20435421397088285,0.21647970085470086,0.2967018293497129,0.28264352469959947,0.29675610732879454,0.20435130806193272,0.20445749366075003,0.21643981852148386,0.29673115410273515,0.2968249733191035,0.20448179271708683,0.282475326753801,0.2968395786104814,0.2969333333333333,0.2824956672443674,0.29698747000799786,0.2825536452085832,0.29704157782515994,0.2162558294470353,0.20436983746336265,0.297056080991075,0.29714970697922216,0.2824610467439073,0.2825565912117177,0.20436692850485955,0.2971246006389776,0.21615865832556902,0.2825392600479106,0.2162341982701264,0.29709952102182013,0.297193029133963,0.20430965682362331,0.21625216119164783,0.2163563829787234,0.28240925408855205,0.29712842329167777,0.20430679250299083,0.21637426900584794,0.2823920265780731,0.2971033749667818,0.2164208848146672,0.2043039319872476,0.20440961615088324,0.20451527224435592,0.282299827380162,0.20459373340414233,0.21638125580777912,0.2969206264932307,0.2822826808228268,0.29697452229299365,0.29706779885896245,0.20456354470681878,0.2822655524605385,0.28236074270557027,0.2824559077045485,0.2162556351100504,0.2969640726501392,0.2163308589607635,0.21643472498343275,0.29697853167240923,0.29707168411289253,0.2971648118706942,0.20439793350112598,0.28225165562913906,0.21639517944643094,0.2164989406779661,0.2971004898715742,0.297193539846439,0.2972865651886168,0.21651667548967707,0.21662035199153104,0.28208520772691187,0.2821801825638312,0.21666666666666667,0.20420579288453908,0.29714361280084634,0.21671294459870422,0.2821258593336859,0.2822207534699273,0.204203013481364,0.28227831373067264,0.20428118393234673,0.29700092482494383,0.29709379128137386,0.2822612600713248,0.2971473851030111,0.29724019543113694,0.21653023501452337,0.21663366336633663,0.2822069693769799,0.28230170252078657,0.2823964106624439,0.20411663807890223,0.20422163588390502,0.21659411687112518,0.2166974413083619,0.29698008703679285,0.21677215189873417,0.2970336189848385,0.2971262852623253,0.20416501911163834,0.21678966789667897,0.2821188562392937,0.20421607378129117,0.20432090633645106,0.20442571127502634,0.21677861187936256,0.2820647879905188,0.2821593153390388,0.2822538177988415,0.20442279847308148,0.28231113450908135,0.28240557968153707,0.21671052631578946,0.21681357716089988,0.28242567745330177,0.28252005787189266,0.2043661230931089,0.282577251808021,0.21680252432290298,0.2964374917838833,0.21687697160883282,0.2169798922328821,0.29645203679369253,0.21705426356589147,0.2965055176037835,0.21712859582293445,0.2172314158129761,0.29652002626395274,0.2823004201680672,0.2041486149402652,0.21724862168548176,0.28232051450321566,0.2173228346456693,0.296417792940559,0.28234059302020464,0.2173684900957628,0.2823976915005247,0.2824918032786885,0.2040388145816942,0.21738560377605873,0.282511798636602,0.28260584611351425,0.20406290956749673,0.28266282269689424,0.2827568134171908,0.20411371675619022,0.21731726486769715,0.20419122462344466,0.20429544264012572,0.29592772030902187,0.2960199004975124,0.2826286163110355,0.2960732984293194,0.21724905117131266,0.2173514786705051,0.21745387936674082,0.29604918890633175,0.21752779594506214,0.28250065393669893,0.2825944814960115,0.20410564853556484,0.2042097006144594,0.28261437908496734,0.29590903149915043,0.2174594877156299,0.21756174049392396,0.28259733472694015,0.2958850424559112,0.21760710553814003,0.29593835705890037,0.2960302951162183,0.21765243504373938,0.29608355091383814,0.2824696514815298,0.28256329939963454,0.2826569228761582,0.2827505219206681,0.20391389432485324,0.295982259326898,0.2827703143341594,0.2828638497652582,0.29599687051766854,0.20391134289439375,0.20401512188762874,0.2960114702815433,0.21738563795125765,0.2040656763096169,0.28273615635179156,0.20414278269932257,0.20424645043636838,0.29591039333159674,0.29600208360463603,0.21731770833333333,0.2826454888686369,0.2960166623275189,0.2961082910321489,0.2961998958875586,0.2826284970722186,0.20413739266198283,0.21724990243267855,0.21735171696149844,0.296137339055794,0.2825747724317295,0.2961903523599012,0.21736869474778991,0.282594566489016,0.2826878086820899,0.21741390513320338,0.2961278586278586,0.28270754839547874,0.28280072746167834,0.28289388232237955,0.2174025974025974,0.2829502661991949,0.28304336535964686,0.203816694794236,0.28309968847352024,0.20389357560025956,0.2958733454451077,0.2959647074088491,0.29605604566683963,0.2830457906343235,0.28313878080415045,0.20386460900012968,0.28319502074688796,0.2832879553999741,0.2039149598133264,0.29591704471808167,0.2039917055469155,0.21705325903848646,0.28323399844519304,0.21712657079932635,0.2172279792746114,0.2832534645771273,0.2173012173012173,0.28330959471707884,0.28340238218539615,0.20388349514563106,0.21731814651825007,0.29558690306716706,0.2833850931677019,0.29563979816276365,0.20388098318240622,0.2173069460613116,0.21740817382307295,0.29561619035303244,0.2039048357900181,0.21745313510019393,0.2956308169596691,0.21752617293524623,0.21762729387438615,0.2177283886807081,0.29560723514211884,0.29569823020281616,0.283001808318264,0.21774506005424255,0.2178460743801653,0.2037443511943189,0.2956364575264653,0.29572737834000257,0.2829117191533299,0.21783455929797393,0.28296774193548385,0.21790736679138176,0.28302373581011353,0.2831162130788082,0.2955893732267217,0.20361057382333977,0.28313563692625066,0.20368699239396673,0.21783964939417375,0.2955277741977059,0.2831185567010309,0.21788429326117767,0.21798505539809326,0.28313796212804326,0.21805770221535292,0.218158403090792,0.2953901622456863,0.2182309772112785,0.21833161688980432,0.21843223066031664,0.283011583011583,0.20344871959850727,0.28306742151312403,0.29525279814743344,0.2831232312837664,0.2034726688102894,0.20357510288065844,0.21833611932621833,0.28310619696580097,0.2184085358015169,0.29511568123393317,0.2952062716874438,0.2830891801593421,0.2952588975973275,0.20349434737923947,0.2953114964675658,0.20357051117390187,0.2036727879799666,0.2953261427837699,0.21825651559892156,0.29537869062901156,0.2183288409703504,0.2954312114989733,0.29552162196843323,0.2956120092378753,0.29570237331622834,0.20356593124679323,0.29575477747851736,0.20364195947678893,0.2826003333760739,0.2957692307692308,0.2958595051916421,0.2826198410663932,0.2036396257849545,0.28267555099948743,0.28276745675848813,0.2180374071227261,0.2957602151914948,0.21810963114754098,0.2958125240107568,0.29590268886043536,0.2959928306234797,0.2960829493087558,0.2961730449251248,0.28256974660865114,0.2034548944337812,0.28262538382804503,0.20353076627862351,0.21795855717574827,0.29607366670929786,0.2961636828644501,0.2180028129395218,0.28253643569419584,0.21807490732455578,0.2034764826175869,0.29610223642172523,0.20355226169179658,0.2961543375495081,0.28244762391415434,0.21803550900498148,0.28250319284802045,0.29613076235474395,0.20352400408580185,0.2825226605387463,0.20359969364309422,0.20370134014039565,0.28254211332312407,0.282633660839607,0.29599387598877264,0.21788493430284475,0.217984693877551,0.2180844280066318,0.21818413669982148,0.21828381996684942,0.282508924018358,0.28260038240917784,0.2958195258730563,0.28265579202242896,0.20349133537206932,0.2958338641865206,0.2959235668789809,0.2826391542478665,0.2035150280183393,0.2826945116515981,0.21810542398777694,0.2958625079567155,0.21817718940936864,0.21827669593992619,0.20348689233901757,0.2958391652882046,0.2035623409669211,0.2036636560234067,0.2958534723988807,0.282462164568231,0.20371312309257375,0.2038143674507311,0.2958301550978896,0.20388966569213168,0.2824097610574479,0.28250095310712925,0.2039390088945362,0.2957692796340999,0.21798780487804878,0.20398831449256954,0.20408940817881635,0.2041904761904762,0.2042915185373286,0.2823409927637425,0.20436659050520437,0.2955958878030207,0.2823604060913706,0.2178657530770207,0.2824156305506217,0.21793733350247368,0.204337899543379,0.28243500317057707,0.282525995434948,0.20438696589324204,0.29538539553752535,0.29547471162378,0.28250950570342204,0.2826004308706121,0.2043841865179929,0.217787913340935,0.2826197111730428,0.2827105763141229,0.20440729483282674,0.20450804102823858,0.2827298050139276,0.2045828585896949,0.20468354430379748,0.2951525123402101,0.21766641356618577,0.28267746425408075,0.21773785425101214,0.2827324478178368,0.2828231722742221,0.20462880991526494,0.20472938796155793,0.2048299405740296,0.2828065739570164,0.20490456326633802,0.2828614762386249,0.20497914823707822,0.20507960576194087,0.21756159191408717,0.20515411824153612,0.20525451559934318,0.2827734276332407,0.21757797701730017,0.2828282828282828,0.28291882338088625,0.283009341075486,0.20522529344945095,0.29442200908632005,0.21753943217665614,0.21763815291445873,0.21773684874479626,0.2829212916246216,0.2051961155252869,0.2943253467843632,0.29441432354053715,0.28290468986384265,0.2829950838270516,0.2830854550037812,0.21764335223692502,0.28314012096774194,0.2832304397127378,0.20508944318468128,0.2942436075072427,0.2832493702770781,0.21760483566301472,0.2942583732057416,0.28326828654160896,0.21764853977844914,0.2833228445563247,0.28341303800654416,0.2176922108971939,0.21779063915450428,0.28343187822367594,0.28352201257861637,0.29405106275940135,0.2835764587525151,0.2177794542939771,0.28363087754588884,0.2837209302325581,0.2838109602815485,0.2939550081689079,0.28386529278713246,0.21774092222641037,0.29396984924623115,0.2838839341791232,0.2839738759105752,0.29398467914102727,0.28402812656956306,0.2177024482109228,0.2939994978659302,0.2840466926070039,0.2940512048192771,0.28410089095244073,0.2176913425345044,0.21778948688997615,0.21788760662318113,0.21798570174338391,0.2180837722598445,0.284012539184953,0.28410230692076227,0.2042121098157202,0.2938079719227877,0.28412081714500564,0.21804511278195488,0.29382282921939606,0.2841393134552744,0.2842289865965176,0.20415831663326653,0.28428303068252975,0.21800651139494115,0.2181044196819832,0.2843014521782674,0.2181749906120916,0.21827284105131414,0.2843198598423226,0.21834334334334335,0.2843738270987114,0.28446334751063296,0.21838649155722326,0.2933966983491746,0.20395148180567713,0.2040510127531883,0.28441055131891485,0.204125,0.21834770653668292,0.2184453886528368,0.2843933524928152,0.21851574212893554,0.29319175515302937,0.28441169123157634,0.21855876108405145,0.28446553446553446,0.2845548757647646,0.21860174781523095,0.28460866308825367,0.2846979530703944,0.2039186322226382,0.29298727227352134,0.2847161572052402,0.218562874251497,0.2847698640389173,0.2848590670990272,0.2186058111984038,0.2928927680798005,0.28487719735693806,0.2849663425579656,0.28505546553658234,0.2851445663010967,0.2185669781931464,0.29279840518315475,0.2851625763049707,0.218609865470852,0.292813550878067,0.2851805728518057,0.21865272070725936,0.2852340637450199,0.2853230424498942,0.20351008215085886,0.2927193528313628,0.20358387257341962,0.21861391066318278,0.21871112216969396,0.2852344819007339,0.20360696517412935,0.2852878995149857,0.2853767719472768,0.21869949023996021,0.21879661859771257,0.2853946550652579,0.21886651752423564,0.2924071082390953,0.28541252485089463,0.2189091812647534,0.2854658385093168,0.2855545894919886,0.20342771982116245,0.2923134235688563,0.20350136578097838,0.2855369335816263,0.28562562065541214,0.20354970832816185,0.20364854802680565,0.2856433800719692,0.20372208436724565,0.20382086589753132,0.29211113867526667,0.20389433213444128,0.29216269841269843,0.2855548667079975,0.20394247458467643,0.2185446882360233,0.285572632622707,0.2856611723881522,0.20396530359355639,0.20406393259819106,0.2856788899900892,0.28576737272389446,0.204111964329948,0.20421052631578948,0.2918524021792967,0.29194007676117373,0.20425847982173806,0.29199158311672235,0.2856435643564356,0.2043063977230541,0.29200692897797575,0.2856612643820364,0.20435428005937656,0.20445269016697587,0.2856789512738066,0.28576728082107083,0.20450049455984173,0.2918778588206206,0.2857849196538937,0.21802002224694106,0.28583786455758775,0.2859261089830718,0.20447244872745243,0.2859789993823348,0.20454545454545456,0.21798196863035693,0.2859965423561373,0.28608470181503887,0.2045679012345679,0.2861375138871744,0.2046408294248334,0.2179439713686289,0.2047137216189536,0.20481184454040716,0.20490994325191217,0.21795978783767114,0.2860138135175136,0.2180293501048218,0.28606658446362515,0.2861546048576008,0.21807199211045364,0.20485640330334032,0.20495439980280997,0.2910659272951325,0.28610152784622966,0.28618947887150425,0.2180339985218034,0.21813031161473087,0.28620689655172415,0.28629479128186186,0.290938192563408,0.20485042471993106,0.2049483013293944,0.2909538461538462,0.21806546886537043,0.291005291005291,0.21813484251968504,0.29105671054250215,0.2182041820418204,0.2911081047841594,0.28603049680275455,0.21824664945284644,0.2183427587902631,0.21843884449907805,0.21853490658800392,0.29101634509032814,0.29110346522487096,0.2859073596264897,0.20466830466830466,0.2047659992629898,0.29108327192336036,0.2184698514061157,0.29113457760314343,0.2858195211786372,0.20476307390130125,0.28587210015956793,0.2859597447226313,0.2184317094121978,0.2185276073619632,0.28597718071402284,0.2860647693817468,0.29093585183368087,0.2046848172675987,0.21851624770079706,0.204757233938205,0.21858526419026603,0.20482961510174064,0.29084446623360705,0.21862745098039216,0.2908957235632888,0.21869639794168097,0.2909469557760627,0.218765311121999,0.20477648499693815,0.20487386725446977,0.29092690094281864,0.20494613124387856,0.21875382543763006,0.21884944920440635,0.2855219679353812,0.21891825746451296,0.28557445246543495,0.28566185466112065,0.21896024464831804,0.2907289628180039,0.2856793445028739,0.21900220102714602,0.29074458980315443,0.28569682151589243,0.2190441266348857,0.2857492055732095,0.29072467310277406,0.20466764418377323,0.28576664630421506,0.28585389689714147,0.219005740808599,0.2906692721055203,0.28587129075589207,0.21904761904761905,0.29068489805884506,0.290771484375,0.20456487245209326,0.2908225530876251,0.28578401464307507,0.21900927281600782,0.29083811150420885,0.29092461575994144,0.21905110379314552,0.28573170731707315,0.2858188025850506,0.20446232626188734,0.2190661952944045,0.2858361774744027,0.21913467397928094,0.219229831830368,0.29072742780553185,0.21929824561403508,0.28578389572420515,0.2858708891595615,0.20436000487151382,0.20445689235265466,0.20455375624010716,0.2906014122230338,0.20462568472306755,0.20472249269717624,0.21917974930023124,0.2905816500365052,0.2856795230563329,0.2857664233576642,0.2905972509427077,0.2046947214789589,0.2857837772102639,0.2191147859922179,0.2858358662613982,0.21918307804522247,0.29050686763097117,0.28585318424890616,0.21922469315834245,0.2905224787363305,0.2906086745231442,0.29069484936831874,0.21923964532977044,0.2907456886082099,0.21930783242258653,0.2907965031568723,0.2908826028894015,0.2856275795095897,0.20439373710401748,0.28567961165048544,0.2192695061278971,0.29082746906090756,0.21933761979861702,0.2908782144590005,0.29096422073984235,0.20434149890856174,0.29101491451436884,0.20441319107662465,0.291065583707116,0.21927272727272729,0.21936734941219246,0.28538536112457585,0.21943535683993698,0.2910104191906954,0.2910963052695336,0.2194767441860465,0.2853336562916313,0.29111164930976025,0.29119748153529484,0.28535108958837774,0.21946495581648712,0.2195594287097555,0.2911775384243011,0.20413843175217813,0.2852994555353902,0.20421001693684976,0.2043062779726624,0.29112239961296565,0.2852823799733946,0.28536880290205563,0.28545520493289805,0.2043036750483559,0.2855070711954551,0.2855934251873338,0.20435045317220543,0.29096181730304493,0.29104748097136646,0.20439719739067408,0.29109795869066313,0.21920289855072464,0.2854727689892525,0.21927070755856073,0.2855245683930943,0.2910429744084983,0.2855763427881714,0.29109341057204924,0.28562809219259083,0.20427123552123552,0.2192061768609,0.21930036188178528,0.291038475455313,0.2855764592378196,0.285662607017967,0.20424403183023873,0.2857142857142857,0.20431533269045324,0.28576593949620344,0.2858520125331405,0.2859380648270876,0.20433734939759035,0.2908083363450187,0.290893760539629,0.28592075153558955,0.2190510597302505,0.2909090909090909,0.28593787623404765,0.29095943180450223,0.2859894077997111,0.21903959561920808,0.21913357400722022,0.286006497413067,0.2909047160731473,0.20413809695657403,0.28602357469328843,0.2909200240529164,0.291005291005291,0.2910905374534087,0.29117576340466456,0.2912609688664503,0.20408653846153846,0.21896406681889197,0.21905791876952654,0.2858344346990268,0.2859202306583373,0.2190990990990991,0.28597165505644967,0.29110123694007445,0.29118635926993275,0.2912714611598031,0.20396158463385355,0.21906133717440884,0.21915506481036967,0.2858514340573623,0.2859371250299976,0.29118176364727055,0.20393474088291746,0.2040302267002519,0.2911969297193572,0.20410121117640004,0.21906474820143884,0.29121208488190864,0.2912970510668904,0.291381996883615,0.2857142857142857,0.28579988016776514,0.2858854541097532,0.2913621660476818,0.20400095831336848,0.29141214516708586,0.2858682634730539,0.2859537779906598,0.2860392720306513,0.2861247456003831,0.21881733301412498,0.2861759425493716,0.2912876974629009,0.21885844202465,0.2189519023689878,0.28615863141524106,0.21901913875598086,0.28620978351871784,0.28629514470222434,0.2863804854717207,0.2864658058345289,0.29109384339509864,0.2911785799665312,0.28648261025457156,0.29122848948374763,0.291313179591349,0.203584229390681,0.2913630390634333,0.2914476827520306,0.28639675146303595,0.29149749223787913,0.2915820895522388,0.2916666666666667,0.2917512235883968,0.2186679398424445,0.29180093089867526,0.2862768496420048,0.2863620093067653,0.28644714865187304,0.2033878086603841,0.2186307251908397,0.286463923673226,0.2916766038635822,0.21867175390485274,0.2187649022412971,0.2916915007748242,0.29177592371871275,0.29186032654034083,0.2032888465204957,0.2919099249374479,0.2187276626161544,0.2862418106015485,0.21879466412577417,0.28629272359175895,0.2918552036199095,0.29193951660912015,0.2920238095238095,0.29210808237114627,0.28624137110211856,0.29215756277519933,0.286292241789624,0.20309339678762642,0.2921722579110159,0.2922564529558701,0.2923406279733587,0.21857533594957784,0.2923900118906064,0.2861728688622043,0.2862577270565858,0.20301913704980387,0.20311385785595437,0.20320855614973263,0.21851235741444866,0.28620648687180705,0.2862912805892136,0.2863760541632023,0.2864608076009501,0.2865455409096307,0.29209213963429115,0.21844948355692745,0.21854226020892686,0.292106824925816,0.20306195110372657,0.28646018749258334,0.20313241575700047,0.2920868430418792,0.20320284697508897,0.20329735499940696,0.2921015180265655,0.20336772204434958,0.2863410007114062,0.2864256075874333,0.21834992887624466,0.2920469361147327,0.2864422849016355,0.2920962199312715,0.28649289099526065,0.20329344864352564,0.2921108742004264,0.28650953452564254,0.20333964945523447,0.28656009473060984,0.21820980345725788,0.28661063099325207,0.28669507575757575,0.2182506805539117,0.2867455621301775,0.2868299609513667,0.20326549929010884,0.2918490476753815,0.20333569907735982,0.2034299231224128,0.2918637653736991,0.28674470852548184,0.2868290375975408,0.21811088781179808,0.20342789598108746,0.20352204231178347,0.28681162845662966,0.20359210681791326,0.2917060491493384,0.2917897223862965,0.20363808173871958,0.20373213653005787,0.2867264997638167,0.2917699846498996,0.28677685950413223,0.2918191476803211,0.20372993389990557,0.21786852354537944,0.21796082133585085,0.20377581120943952,0.2038697498820198,0.28665801580747907,0.28674215616890775,0.2039155560797264,0.29162735849056604,0.2867586369531895,0.20396132987502946,0.20405516916185312,0.2916077322017916,0.20412492634060106,0.28670751826537827,0.2916224814422057,0.20417059377945335,0.2176934856873601,0.29163722025912836,0.2042162289482982,0.20430993876589731,0.21770870128340986,0.20437956204379562,0.20447321954090641,0.2864877589453861,0.20454277980463692,0.2865380089432808,0.2866219555241793,0.29141176470588237,0.29149511822138574,0.28663843801458483,0.21757026931671175,0.20449200376293508,0.21763668430335098,0.21772866212085587,0.28658751616315975,0.21779501645510108,0.29133858267716534,0.2044653349001175,0.2178357419809658,0.21792763157894737,0.2180194995888641,0.2912849424477331,0.2913681738109219,0.29145138562705497,0.2915345779030175,0.21800892228222588,0.21810071604648432,0.20434272300469483,0.20443609904940735,0.2862004224360479,0.2181156869646838,0.21820741435945565,0.2044574780058651,0.20455078583157402,0.2913099566084203,0.20462007504690433,0.28608277640989566,0.21817116060961314,0.286132926972219,0.28621659634317864,0.20461736786593226,0.28626669791422543,0.29115407147041594,0.2181349578256795,0.2862832376713131,0.21820098383696415,0.29113479330132336,0.2862997658079625,0.21824142372087577,0.29114961367361275,0.2912325880838113,0.20447097378277154,0.21825629022820361,0.29124736718932837,0.2861822861822862,0.2044922788956481,0.20458533161773307,0.28619883040935673,0.21822009121740146,0.21831150608044902,0.2862153630305156,0.2862988075754033,0.20455873758036236,0.21832632071061245,0.21841766974406918,0.29095583080158915,0.286248393503914,0.20455607476635515,0.2862983296343885,0.21840691427236628,0.21849818988672196,0.2908687529191966,0.20455341506129598,0.2862479570394583,0.29088362320532274,0.2045985060690943,0.29093243085540904,0.2046674445740957,0.2861976432154941,0.28628091460569294,0.21835996733932111,0.28633076743643576,0.2908454810495627,0.28638059701492535,0.2864637985309549,0.2183492655630683,0.2865135796712904,0.2865967365967366,0.218389465097308,0.2184805406665113,0.28661307235232436,0.21854613233923578,0.28666278392545136,0.21861169345446074,0.21870269011296145,0.29052165812761993,0.21876819187332636,0.28661233993015134,0.2905366080782214,0.21880819366852886,0.2905853601768882,0.21887363276704677,0.21896451425247238,0.2906002791996277,0.28649528905432126,0.2865782740172133,0.28666123967903245,0.28674418604651164,0.20404604115800487,0.2867937688909556,0.2868766709287458,0.20409112040911204,0.2904125508425334,0.20415988844991867,0.204252352736145,0.2868262081784387,0.2043210593564874,0.2868757259001161,0.20438973406108465,0.28692522062238734,0.2902589109485661,0.20443464128163455,0.20452698781195588,0.20461931290622098,0.290240222815365,0.2046878626131353,0.29028889662373825,0.29037122969837587,0.20473262962533348,0.29041985618186034,0.20480111330163517,0.2904684601113173,0.29055072463768117,0.21829353118479017,0.28654225107221515,0.21835883171070933,0.2905319272221578,0.286558516801854,0.20472714633298575,0.2183734939759036,0.2865747712266883,0.2866574009728978,0.2047481181239143,0.2904122278832793,0.2866736135232141,0.20479277610558,0.21831230466489177,0.21840277777777778,0.21849322995023723,0.28662346679009487,0.2185583709360176,0.29025913928736696,0.28663967611336033,0.21859819569743233,0.21868856250722793,0.2866558741905643,0.21875361313446642,0.2901734104046243,0.2902554617963241,0.2045769764216366,0.29030394082977,0.29038594869424544,0.2904679376083189,0.29054990757855825,0.21866697470255284,0.21875721875721876,0.2864072063748701,0.2864896073903002,0.21879690566909132,0.29046409605172013,0.2905460002308669,0.28647276084949214,0.2865551067512983,0.2866374336487422,0.2043382946809738,0.29049377018920164,0.20440650594070828,0.2905420991926182,0.29062391880982585,0.28655442804428044,0.21860947768938083,0.2186995619091538,0.28657060518731986,0.2866528354080221,0.2867350466751181,0.2905047245909196,0.2905864730959788,0.21866359447004607,0.28671812003225433,0.218728403593642,0.2867672463434297,0.20416858590511286,0.28681635002878525,0.21874280451300945,0.218832738574882,0.21892265193370167,0.2903671308551041,0.2867663981588032,0.28684846392820157,0.2903819604233778,0.28689750373864026,0.21888658845180584,0.2040253018976423,0.21895124195032198,0.2868805335173048,0.28696252011956774,0.21899068858489482,0.2870114942528736,0.28709343753591543,0.2901631808779591,0.28714236470182697,0.21897977941176472,0.2871912693854107,0.28727314495750056,0.2873550017227518,0.28743683968764355,0.28751865885865197,0.20378874856486798,0.2899781884973023,0.28753443526170797,0.21886835762653506,0.21895799862290566,0.28755020080321286,0.28763194125745756,0.2898933119192383,0.2899747648543244,0.287647666016745,0.21892201834862385,0.2190115812406834,0.2036230222426049,0.2899231915625358,0.2900045850527281,0.21902578796561606,0.287531515012606,0.21909017990145527,0.28998625114573784,0.28754725627219613,0.2876288659793814,0.28771045699232617,0.28779202931745307,0.203481048894996,0.2899015342340279,0.20354894104178592,0.28777472527472525,0.2189538743275724,0.21904325932707713,0.20357020254033642,0.2877574370709382,0.21908248484155132,0.28780599405170443,0.21914674596820313,0.2896843549862763,0.2897655803316181,0.20352160987880175,0.2898136503944209,0.28989483310470965,0.2876900217167676,0.21908571428571427,0.2191749514341218,0.21926416819012798,0.2876727978978636,0.287754169522504,0.287835522558538,0.28974417542256736,0.289825282631038,0.2033569308061201,0.20344788217833085,0.28778538812785387,0.21915306471863943,0.2878338278931751,0.2192171630720073,0.28788224554997716,0.28796349115801484,0.20339949806068902,0.20349036158320977,0.20358120437956204,0.2879461740221234,0.28802736602052453,0.28810853950518756,0.20360237118103056,0.2881568448649265,0.20366993389560065,0.2893447293447293,0.28817228805834094,0.2882533895408454,0.2883344725449989,0.28841553707711587,0.28849658314350796,0.21888167634665756,0.21897062172625825,0.28851189798474325,0.20355191256830601,0.21900967558338078,0.2890962895515593,0.2891771935814271,0.2892580791989076,0.28933894641028557,0.289419795221843,0.20350358321010123,0.28946769790718835,0.2895485044922097,0.288264725949511,0.2895963615690733,0.21884947703501592,0.21893827441173128,0.21902705160263697,0.28957836117740654,0.2896590909090909,0.20338597886603796,0.2881163371960918,0.20345336816994206,0.28964107223989094,0.2897217490062465,0.20349761526232116,0.21891677075053934,0.20356494096276112,0.2897037121126121,0.2036322360953462,0.28975144705481787,0.28983204720835226,0.28787019176216955,0.28987973678239165,0.2899602949517867,0.2878856624319419,0.2187818986049677,0.28997505103198,0.28790112257625583,0.21882086167800455,0.21890942070060085,0.28995692586715033,0.2189731383883033,0.29000453309156843,0.29008498583569403,0.2877860865624292,0.29013254786450665,0.29021295876755776,0.21893759202627705,0.2877689694224236,0.29022760729249236,0.20323822463768115,0.2902751047209329,0.2189268734435137,0.2903225806451613,0.2032593933906745,0.28765418128324094,0.29033718035754696,0.21891616698721575,0.28766968325791853,0.2877502544960977,0.29031893236824247,0.21893022729842815,0.2877657168701945,0.21899378179762577,0.219082070992539,0.219170340228326,0.20309674502712477,0.219233811730139,0.2193220338983051,0.20314088803525027,0.20323090826931767,0.28758612899582064,0.2032979444318952,0.21931112365894975,0.28760162601626016,0.28768205938805463,0.289907428313389,0.287729992098431,0.20327313769751693,0.2877779031711996,0.28988941548183256,0.2899695362743992,0.2032942238267148,0.2191765369430344,0.2877284006316264,0.2899515055824969,0.2877762742444745,0.21919043860638177,0.20326944757609922,0.28779168075752454,0.20333633904418394,0.2192043277358278,0.21929231462700022,0.20338028169014086,0.2897701667417756,0.2898501746085389,0.2876774048209056,0.28989751098096633,0.2899774774774775,0.2900574259655444,0.28766043683854986,0.21918270854441066,0.21927059882935615,0.2900393922341024,0.28764348413234303,0.20321818386407112,0.2876912691269127,0.20328495893801327,0.20337457817772778,0.28995613541783827,0.2034412955465587,0.2876419655909142,0.2899707668090848,0.2034851039910062,0.21908723021582735,0.287625042149039,0.2191503708698584,0.20350601191145073,0.2898876404494382,0.20357263228850692,0.2191642327566839,0.2036392227339099,0.20372866127583109,0.21920269511510387,0.21929036604536267,0.28741439317390816,0.20374943870678042,0.28746211696037716,0.21930415263748598,0.2896420154864774,0.20377019748653502,0.287445304611242,0.21931792685663,0.2038137969713965,0.28746074472857785,0.21935628574632723,0.28952679973088136,0.2874761744590201,0.20381165919282512,0.28954153121847326,0.2874915938130464,0.20385520564832454,0.28753922008068133,0.2876190476190476,0.21924714317723504,0.2876666293267615,0.28774641577060933,0.20383021614962482,0.2877939529675252,0.20389654014108163,0.28784146887595163,0.20396283443412067,0.20405193642265504,0.28919977616116394,0.28782452999104746,0.20409533400469956,0.28921458939360034,0.28783980310996754,0.2041387024608501,0.2042277150206912,0.20431670767166182,0.21894218942189422,0.20438282647584974,0.21900503074343208,0.2190923317683881,0.2890354308706829,0.28911488600804647,0.21913062912057213,0.2875977653631285,0.28767735448553233,0.20431188561215372,0.2191444208645147,0.28769265132901495,0.2877721943048576,0.2878517195176418,0.21915820029027577,0.2192453672694798,0.287866949436321,0.20424107142857142,0.21928356210244393,0.28788216915866993,0.28796161999330583,0.20426149040606872,0.2886781929726715,0.2192728083872407,0.2887253261960522,0.2879125780553078,0.28877243839892963,0.2192865105908584,0.20421357708170773,0.21934908604547482,0.28786359077231694,0.28872297749052817,0.21938718662952647,0.2887700534759358,0.2888492814971594,0.28892849186901315,0.21940082414522774,0.21948775055679287,0.28894332479679324,0.28768648407926967,0.2040520984081042,0.28773374888691006,0.2194769059543684,0.2877809926552415,0.2878602425726049,0.2879394748553627,0.21949048837468016,0.28798665183537264,0.21955288621955288,0.28870106761565834,0.2887801623484933,0.28885923949299536,0.28893829905503055,0.2879057358826145,0.20384572635322887,0.288953100689042,0.2890321146794088,0.21944444444444444,0.2890789912231974,0.28782492779382357,0.2879040319893369,0.2879831186139494,0.20377568017767908,0.28803020208749724,0.28810924836238483,0.28896536412078155,0.2037962037962038,0.2881243063263041,0.2192875374542226,0.21937416777629826,0.2194607788749584,0.28888395828710894,0.2889628397115918,0.28904170363797693,0.28912055007208604,0.2879795963628299,0.20368111764053665,0.28802660753880266,0.20374681299190778,0.28807359787186876,0.2881524991687909,0.2193040780141844,0.2881994459833795,0.21936627520496343,0.21945275285255345,0.21953921134249002,0.28818252298150404,0.28826135105204875,0.2883401616653748,0.2887511071744907,0.20358684822318165,0.2887978746955944,0.2888765910348644,0.2036299247454626,0.21943122717716057,0.28822748395662756,0.28830622856510674,0.20365044247787611,0.2883530582900122,0.20371599203715993,0.2887316156142873,0.2888102609464839,0.20375898286346047,0.28885695334954675,0.2882723554769537,0.28835101679929265,0.21925074593877777,0.2883977900552486,0.288476411446249,0.2192885550154662,0.2887440627416326,0.2884912745747736,0.2885698509110988,0.21930212014134276,0.21938831842773546,0.28869507617575624,0.2887735953195717,0.2194260485651214,0.28882021851892725,0.28845729419554184,0.20346463643385193,0.20355251544571934,0.2036403750689465,0.21939113170086036,0.2884085143928532,0.28870754300838114,0.20366082258242363,0.28842337375964716,0.21938044317054348,0.2037037037037037,0.2037914691943128,0.21941811769892,0.20385674931129477,0.2885632437197003,0.2883111160074915,0.2038995373430271,0.21940742372507985,0.21949339207048457,0.2885144807840546,0.20391984144461572,0.28856104811185734,0.20398502862175252,0.21948266373142541,0.21956856702619415,0.28854407395179926,0.28862235915492956,0.21960611728462978,0.2196919691969197,0.2197778022219778,0.2886053673559173,0.2879137798306389,0.20387068396745106,0.2879604178119846,0.2880386983289358,0.28855666703308785,0.20389096504726315,0.28805363226728214,0.21967032967032968,0.2881002087682672,0.28817842232476376,0.2884763264857739,0.2038664323374341,0.21965952773201539,0.2884911047660883,0.2885692324585484,0.28809837505489677,0.21967285102645734,0.28858397365532384,0.28866205685435187,0.2887401229148376,0.21968616262482168,0.2887864823348694,0.2888645090510148,0.20370776656428258,0.28792365909838763,0.2037727571835929,0.28797017216800086,0.2880482456140351,0.20381537112158754,0.28875246656434994,0.20388030253206182,0.28803156510302497,0.2881095890410959,0.21948279640587334,0.2887038457324422,0.20387817703768624,0.21952021031876437,0.28806133625410735,0.20392070967035375,0.288107752956636,0.2039855469177707,0.28815414933216554,0.288232074438971,0.2194614711033275,0.28827842836817336,0.21952287152549793,0.28843418317102526,0.2882932166301969,0.2883710753746855,0.2884489170859768,0.28852674176965987,0.2886045494313211,0.2886823400765446,0.28832276404985785,0.28840056849240187,0.2193922168780061,0.28866542791561917,0.2194535519125683,0.28838378319309366,0.28868006993006995,0.2887577843330056,0.2888354817566091,0.2883670125614418,0.28888160768894716,0.28841323577590916,0.28892771347455776,0.2035156676493067,0.2193231441048035,0.2883964632682022,0.2035581750709452,0.28887918803885193,0.2193365342645133,0.2194217130387343,0.2195068732271438,0.2883167884804189,0.21956806282722513,0.2883629621550878,0.28876772082878954,0.28884527314360486,0.21958133449629308,0.28889131145753844,0.2196424678439067,0.288283378746594,0.21970357454228423,0.21978860193963168,0.219873610808455,0.28826669571848784,0.2883442265795207,0.28874850234179283,0.28882596384230014,0.2889034084721768,0.2883275261324042,0.20315732172019596,0.21979098628347485,0.28834222270599763,0.2888550282977797,0.2883882903471542,0.2884657236126224,0.20313350016320314,0.28883812010443866,0.2889154791689329,0.2884489884707418,0.21968461120174007,0.20313179643323184,0.28846362944438403,0.2197216786257882,0.28883574301554515,0.21978260869565217,0.2884469079447886,0.2885242338622039,0.21981962403564057,0.28857018687527164,0.288647474198805,0.21985661525092332,0.288693385467579,0.2886620330147698,0.2887392767944402,0.2888165038002172,0.2029095646509608,0.2888623534520191,0.21979811136437644,0.28890818319947903,0.20293000542593598,0.2885199652777778,0.28892264294238906,0.2889997830331959,0.21976353183642477,0.2890455531453362,0.21982431406571956,0.2884406853177185,0.28851783584516966,0.20284041630529054,0.21983739837398375,0.2889659657489703,0.2885011379646689,0.21987429562201993,0.2885469715028714,0.2889490790899242,0.2885927851803705,0.2889948006932409,0.28907180764648543,0.28914879792072773,0.289225771521386,0.2893027284538761,0.20266320233842156,0.28934834379735874,0.2197207489988094,0.2884199134199134,0.20268369224109944,0.288465700064921,0.2885426809477442,0.2027260926006058,0.28858842617631153,0.2892061431970582,0.2027684654482535,0.2196150519031142,0.2196994269650773,0.21978378378378377,0.2891579288725543,0.2884781668828361,0.28855506322273855,0.28863194294359196,0.20270124257158292,0.28910976663785654,0.2197256130495841,0.2891553251242169,0.21978615401231236,0.2892008639308855,0.28927761580822803,0.288490606780393,0.2885674187628198,0.20261226252158895,0.2892606583917971,0.2026764515432765,0.2893061400669041,0.289382822615451,0.2894594886179739,0.2884573894282632,0.2895049077769388,0.20265314926660916,0.28955030734390164,0.28962691395298684,0.28970350404312667,0.20267356619232427,0.21946750026948367,0.28971761155421427,0.2897941588533247,0.28987068965517243,0.28822325180476244,0.28829993535875886,0.28988473553808036,0.28834554071520896,0.2899299946149704,0.2900064613396511,0.288360073220631,0.2884366925064599,0.28851329529551084,0.28998923573735197,0.29006565493488323,0.2901420576840293,0.2024104164424836,0.29018721755971594,0.2902635825712749,0.2884036144578313,0.21910293643110682,0.28844912884491286,0.29024626303903645,0.21913978494623657,0.2902913665197291,0.29036766286820037,0.20230033322584112,0.2904127257093723,0.2904889844169801,0.2905652267354395,0.29064145267003333,0.2907176622260421,0.21903534214201312,0.2907626208378088,0.28815379658468476,0.28823024054982815,0.20219048641683668,0.20227614343998282,0.29071390230810523,0.2907900386431945,0.20231834281421057,0.2881519639407598,0.29080373430625606,0.20236051502145921,0.29084862139255446,0.29092469427161555,0.28810468733240374,0.20238095238095238,0.20246648793565683,0.2881192365429981,0.21871984560952074,0.29084476843910806,0.20248686890341944,0.20257234726688103,0.2880720180045011,0.2026360908701243,0.2907960998607093,0.2880865652453396,0.29084092126405997,0.28813196229648674,0.2908857234657813,0.2026129792246734,0.21854588285683693,0.29089935760171304,0.29097527031367093,0.2880539499036609,0.2881301509151236,0.2882063356164384,0.2882825040128411,0.2909265996148085,0.21846581790948968,0.21854942233632862,0.2909402075088245,0.29101604278074866,0.2024382418992621,0.28817365269461076,0.21853950604084252,0.21862304896301046,0.28818813468733295,0.28826421547669945,0.28834028000427486,0.20239367386193632,0.2908430387861951,0.2185897435897436,0.21867321867321868,0.29085665456099125,0.2909323934636335,0.29100811618966255,0.21868659903897492,0.2187700192184497,0.2881392121276823,0.2882152006831768,0.20226278151350197,0.29092849519743863,0.2882296446483833,0.28830559112249254,0.28838152139123013,0.21868999359931726,0.21877333333333332,0.290848976109215,0.28836514876826275,0.21880998080614203,0.21889327220385968,0.21897654584221748,0.2190598017268948,0.2020891068002558,0.29073856975381007,0.29081415174765557,0.2882258923814598,0.20210952482420627,0.2882710131032279,0.2021729867916489,0.2907657897539674,0.2882854100106496,0.2908103503354275,0.20219335604770017,0.28829979772170766,0.28837555886736216,0.21883980840872805,0.2022137079608344,0.2883899116739385,0.288465630985316,0.29066922012980106,0.2022340425531915,0.20231890224444207,0.20240374388427995,0.2906519196001276,0.2883879200340281,0.21871345029239767,0.2884329151605358,0.2885085574572127,0.21875,0.20235944308640663,0.28852284803400635,0.2885984486239507,0.2886740331491713,0.2887496016147881,0.28882515402591885,0.21869357408390866,0.2888700084961767,0.21875331846660295,0.20227224463792737,0.2888841702940864,0.2902335456475584,0.20231397940770618,0.20239864147739334,0.29024726732463124,0.20246179966044142,0.20254641909814325,0.29026098026734565,0.2026095258300626,0.29030547305897325,0.2903807402693817,0.2185577942735949,0.2904251935107624,0.28859202714164545,0.28866744407929606,0.21857112571549714,0.28871224165341813,0.21863077575243747,0.2887570202394829,0.28883237974147064,0.21866723169827312,0.2888771186440678,0.2187268297849804,0.2188095742427452,0.2188923011754739,0.2189750105887336,0.2888300688194812,0.290069870844802,0.2888747750608659,0.21898814563928873,0.29008360673087097,0.28888888888888886,0.20220082530949107,0.28893355903512485,0.2022638315878557,0.20234821239686904,0.28894764674775253,0.28902284263959394,0.2890980226287406,0.20236836540494818,0.2891426154984671,0.20243128964059195,0.21879293943557762,0.2897907419150285,0.28912606995667334,0.21882924767540152,0.21891178024300054,0.20240862032537502,0.21897116298721875,0.28907900295732997,0.28968212060407644,0.2891235480464625,0.21898426776475557,0.28969594594594594,0.28977092790034836,0.2891070297656745,0.2891820580474934,0.28978471929084004,0.28922654848580776,0.21892804389111628,0.21901044413967719,0.2897679324894515,0.28984284358190066,0.21904661463826197,0.2891490034799114,0.2892239561366512,0.20210859251449656,0.2897954880877082,0.28987034889849267,0.21901349072512646,0.21909579513120456,0.2891464699683878,0.2191549889368876,0.21923725242309314,0.2020436110818498,0.20212765957446807,0.28973143759873615,0.2890690817186184,0.20216910603348426,0.21920404295641188,0.2897147068112433,0.2890526315789474,0.28975897273971163,0.28983371921700696,0.2899084499631695,0.21917087542087543,0.21925302472382957,0.2889753839680202,0.20206163879246872,0.2192890197728229,0.28983068671784623,0.28990536277602524,0.2899800231311113,0.29005466778805716,0.21927888153053715,0.2900988017658188,0.2901734104046243,0.28877679697351827,0.2888515288431228,0.2889262450094558,0.2901565290471688,0.201890756302521,0.20197458250183803,0.21917664356227684,0.21925863698414366,0.28884922301553967,0.2889238845144357,0.2019735460844006,0.28896819565445575,0.2890428211586902,0.2192255220904607,0.28908709338929695,0.2891616829293883,0.28986571548468315,0.2019301374173922,0.20201384518565135,0.2891452543261668,0.2898489932885906,0.21914648212226068,0.2192283497588593,0.21931020023063214,0.28983228511530396,0.28990671837333615,0.28998113603018233,0.28900764958608405,0.20190695725062865,0.20199057097957046,0.28902157971925413,0.21923117209594636,0.2890657729367407,0.28914022410723633,0.20198952879581153,0.20207308135273794,0.20215661641541038,0.28912383544436304,0.2191752145698137,0.21925693354264783,0.28913771452490583,0.2892120958459768,0.28928646160284577,0.21926979809603514,0.2895397489539749,0.21932852212111703,0.2895837690859653,0.2892397783122451,0.2893140945211209,0.2895974908520648,0.2019652937486933,0.2896414759067628,0.28971571906354515,0.28978994670289476,0.21922675026123303,0.2898338731584996,0.2899080651901379,0.20192207249556043,0.21923960726968875,0.28992167101827676,0.21929824561403508,0.2193797640179597,0.28899561495092924,0.2890698402756029,0.20187891440501043,0.20196221688759003,0.20204550198288457,0.28905353229677555,0.28975375626043404,0.21930099113197704,0.21938243271437513,0.2194638573067696,0.2897371714643304,0.2898112420481802,0.28988529718456724,0.21947659263893232,0.28992910758965806,0.21953507766079433,0.2899728997289973,0.2900468994267848,0.20185493955814923,0.2887360633531312,0.2888101687851636,0.28888425877695595,0.2889583333333333,0.20185397354442244,0.20193709643824204,0.28990940331146514,0.20199916701374426,0.21936491410723583,0.28888194878201123,0.2194233371499948,0.28892589508742716,0.28899989593089814,0.20197710718002082,0.28904380397461243,0.20203911776945485,0.2890876937480495,0.28916163927605576,0.2892355694227769,0.20205906821963393,0.21929915774149944,0.21938032855063422,0.21946148248258654,0.21954261954261955,0.21962373973599417,0.28944086468509667,0.2895147043541515,0.21965918536990856,0.28955844155844157,0.2890089341367131,0.28960216059000726,0.2890527627752389,0.2891265967390175,0.28920041536863966,0.20184819852559444,0.20193106312292358,0.21955777016505762,0.2894955366410629,0.2895692786715101,0.21959319219593193,0.28909411642627375,0.28958290101680845,0.2196285921776118,0.2891078838174274,0.28918162016388343,0.28925534121551544,0.20180441771233018,0.21961841559518872,0.21969932607568687,0.2892390628239685,0.20182440136830102,0.28938640132669985,0.2892527723080112,0.28932642487046634,0.28940006216972336,0.2018234562784915,0.28944369626023,0.2895172985291071,0.28928016571724496,0.20184341342170672,0.2895309102205654,0.28929384965831434,0.28936742934051146,0.20186335403726707,0.2895145430079702,0.28938108052163114,0.2193935630756494,0.2894246688741722,0.28949818934299015,0.28946823918890957,0.2895417399400021,0.20179975175837817,0.28948184920881165,0.28955532574974147,0.20184055423430874,0.21929280397022333,0.2894655225886488,0.2895389704362208,0.219328165374677,0.2894791236047954,0.28955254727704866,0.28962595577598677,0.2896993491063126,0.20175619834710745,0.28943290982336534,0.2895063003511671,0.2895796757203346,0.2896530359355638,0.28962312854930305,0.2896964691307041,0.2897697945700423,0.2898431048720066,0.2016719991743214,0.2898864809081527,0.28995975647508,0.2900330169211721,0.21902403796554215,0.2900763358778626,0.28942753996905624,0.28950082508250824,0.2900897184696298,0.289544235924933,0.20156717187338902,0.21896907216494846,0.2895577775487063,0.21902700474129044,0.29001339791816966,0.28957131079967025,0.28964451313755796,0.2897177003915104,0.20150406922839187,0.2899670374948496,0.289731177258214,0.2015447991761071,0.21892699001132737,0.2899505766062603,0.2015855039637599,0.2189623224212477,0.289963973237262,0.20162618361465623,0.20170834619738603,0.2899773615970364,0.290050416709538,0.20174897119341564,0.20183108733669375,0.21888500308578482,0.2900339401419315,0.2018716577540107,0.2893573264781491,0.28943039276166976,0.289503444021795,0.28998766447368424,0.29006064343714666,0.2895169578622816,0.2901037920049327,0.2895602137279079,0.20178773245659098,0.29011711526607764,0.20184899845916796,0.28954396055875103,0.20191023929341687,0.2019921955226946,0.2895574494301263,0.290041067761807,0.2896006570167334,0.20201190720591256,0.21851585753874578,0.2185960591133005,0.289584402257568,0.2020316027088036,0.2899353647276085,0.2900082068116537,0.21858652169453277,0.2895384615384615,0.29002153625269206,0.20200984413453651,0.29006459550907415,0.2895222472831659,0.20205023065094824,0.21853218532185323,0.21861227836425132,0.28950604632096744,0.2186699456911569,0.2899590163934426,0.2895195164429874,0.2895922966605204,0.21868278193178325,0.2896353953297829,0.28970814132104455,0.2898832684824903,0.2897512030306133,0.28992628992628994,0.2186508342716757,0.28996929375639713,0.28973492989458605,0.29001227998362666,0.29008492786247825,0.2901575608757929,0.290230179028133,0.20171849427168576,0.21857420476628822,0.29024340355901,0.2896001636159116,0.20173824130879345,0.2018198548205705,0.28961357595583725,0.21854236941633445,0.2901676206050695,0.20183955033214104,0.2902105048027795,0.29028302850720344,0.2903555373927258,0.2185105730922464,0.2903983656792646,0.20181799611888468,0.29044117647058826,0.2905136321862555,0.28936083316316114,0.2018376722817764,0.2905267456104532,0.20189854036950086,0.29056950398040415,0.2893152362485968,0.2893877551020408,0.28946025915722884,0.21832279126708834,0.21840252983780475,0.2894736842105263,0.290464048954615,0.20181521517438303,0.21841541755888652,0.29047716150081565,0.28942807625649913,0.290519877675841,0.2905921924370604,0.2906644924582144,0.28941200448384796,0.2894844100264928,0.28955680081507895,0.2896291768541157,0.21829479474381175,0.21837441434100632,0.28964252978918426,0.2905295315682281,0.2906017717136748,0.2896558745672979,0.28972818894431435,0.28980048859934854,0.28987277353689567,0.2905556686342357,0.2899155388216139,0.20146520146520147,0.2899582867026147,0.29003051881993896,0.2181873664937443,0.20148494711147275,0.20156615478490797,0.20164734594264797,0.29039145907473307,0.28995526636844243,0.29043407542950084,0.2905062004472454,0.28996849273300135,0.29004065040650406,0.2901127934153033,0.20158504369030686,0.2180229604795286,0.2904307192198293,0.20162519045200608,0.2017062766605728,0.290443789986798,0.29000812347684807,0.2904863437912478,0.2900507614213198,0.29052888031671914,0.2906008932196508,0.2906728915051253,0.29074487517759284,0.2900050735667174,0.20160308441558442,0.2900476818504616,0.29072834246297424,0.29080028400446295,0.21774847870182557,0.21782780651049588,0.21790711823159603,0.2899726249619791,0.21796431467964314,0.2907247845919919,0.28998580985201705,0.2900577683186379,0.29073773814349413,0.2901003141149053,0.29017223910840934,0.21791105257825955,0.29021474878444087,0.20135723690874102,0.29066234555398013,0.29073417721518985,0.2179019846091535,0.21798116837096285,0.2907471148005669,0.2901103350541553,0.2013157894736842,0.20139661977532639,0.20147743371787089,0.29009410098148336,0.20153783893160665,0.21790591805766313,0.2179850293344123,0.29007788004450286,0.2901496763754045,0.2902214581858631,0.21799797775530838,0.2180770397330907,0.21815608572583906,0.2902051955928434,0.29027693551647465,0.2903486609398686,0.29031932093775265,0.21814691320602203,0.2013538088502728,0.29033235680371755,0.2904040404040404,0.29047570952429047,0.2902443950717027,0.2903160658386348,0.2904886914378029,0.20131246845027764,0.2905309913183929,0.29029978802866657,0.2905732741219217,0.29064486830154407,0.2903128153380424,0.21793966300070627,0.2903551251008878,0.2904267123978614,0.29049828525317734,0.29056984367120525,0.2905405405405405,0.20116970858122415,0.201250252066949,0.20133077931243068,0.20141129032258065,0.21782078419514161,0.29046563192904656,0.29043635997178274,0.29050785973397825,0.2904785894206549,0.29055007052186177,0.2013700010073537,0.217767929089444,0.2904622822036459,0.2905337361530715,0.20138958815829222,0.290475231574708,0.21775898520084566,0.29051741493859473,0.29048817312531455,0.2905595813204509,0.2905303411492402,0.21775005031193398,0.29057249220243486,0.2906438631790744,0.21778493109345137,0.21786360893180445,0.21794227094438298,0.2906275140788415,0.20120663650075415,0.2906696159260004,0.290740926912637,0.2012464817048653,0.2013267665091969,0.290251256281407,0.2903225806451613,0.2903938906752412,0.21782377172711745,0.2179023508137432,0.29040683073832246,0.2904781036560868,0.29054936225770817,0.2012452299658566,0.21789336278742846,0.2179718875502008,0.29043268748117657,0.2905039148765308,0.21800662451068956,0.21808510638297873,0.2905168088309082,0.29058799919727074,0.290358182000602,0.29042937399678975,0.2906008626742903,0.2904714142427282,0.2180322936515896,0.20106297633373446,0.2904843076306026,0.20112291959093642,0.201203007518797,0.2012830793905373,0.21800140322742306,0.20134295449989978,0.2904098607074857,0.21803607214428858,0.2904518585312093,0.21809256661991586,0.2181708905138736,0.2182491987179487,0.29023535302954434,0.29040656919687563,0.2904776209071793,0.2902482979575491,0.2905195715286816,0.2902902902902903,0.201181062956661,0.29033226581265015,0.20124086860802562,0.21813087852711627,0.29034517258629317,0.29041616646658663,0.20126037811343403,0.21814362872574514,0.29042904290429045,0.2905,0.2181781821817818,0.29054189162167565,0.29021293611916427,0.20121951219512196,0.21819090454772613,0.2902258644813112,0.2902967922454282,0.2903677058353317,0.29043860525527027,0.2905094905094905,0.29058036160223755,0.2903515781062725,0.29042245081394186,0.29049330936688633,0.21807289066400398,0.29053514376996803,0.29060596985125287,0.290676781792773,0.29074757959876235,0.218063872255489,0.29039018062069655,0.290760327279984,0.29083108849645817,0.290901835594573,0.29097256857855364,0.21803311390385,0.29031614640470726,0.2903869166334264,0.29095622694186857,0.2910269192422732,0.29109759744791147,0.21800239234449761,0.29034187182298415,0.2911102252342037,0.20069755854509216,0.21801514547628537,0.2911228454717545,0.21807132894999004,0.29026795497559515,0.29113545816733066,0.29120605517378745,0.20065723959370643,0.2902519167579409,0.29121863799283154,0.2912891986062718,0.29135974517220786,0.29143027769483426,0.29020700636942676,0.2006169768136133,0.21791044776119403,0.29021987861904286,0.2006565857540788,0.2913558141848204,0.2914262979908494,0.29020387866732966,0.2902744630071599,0.29143879884657453,0.2915092463710479,0.2006163634556119,0.2915506958250497,0.20067587714938873,0.21774995030808983,0.2915631521415085,0.2901430842607313,0.2916045702930949,0.29018478044903634,0.29164597198768255,0.20063567739372268,0.2901976363094647,0.2916583912611718,0.21765465197100586,0.2902104845115171,0.2916708031370992,0.2917411157434981,0.29181141439205954,0.2918816990869393,0.20055572094869506,0.2919230005953562,0.2919932532989384,0.2005952380952381,0.2920345203848825,0.2921047411227931,0.29217494793216303,0.2899642998809996,0.2900347050074368,0.29218719016458455,0.29225736095965105,0.2900475812846947,0.20051541282584995,0.2900891972249752,0.2005747695966703,0.21730083234244946,0.29010205092638464,0.29017237963146425,0.20059435364041606,0.20067353407290014,0.29206695057938004,0.2007328183798772,0.29012773541934844,0.29207920792079206,0.21720621720621722,0.29014056622451,0.2920914579827774,0.2921615201900237,0.2922315685304305,0.290124678408866,0.29227268229939646,0.2901662049861496,0.20061331486793946,0.21711177052423344,0.2901790129561863,0.29222705696202533,0.21714624740433106,0.2901918133280601,0.29026198714780027,0.2171807038355081,0.2903034496392211,0.2921525993279304,0.2922225516355371,0.2903162055335968,0.2903863254619109,0.2922347362181387,0.290427738812605,0.2922757803239826,0.21708641975308643,0.29231680821647243,0.21714229288041867,0.29235781990521326,0.29035442788034355,0.21717670286278382,0.29039581482578225,0.29234109751283066,0.21721109247014705,0.29238208012630745,0.2903798717316231,0.20017758484609313,0.292394199467298,0.20023673308344841,0.2171811815760923,0.2903353057199211,0.29040528547480526,0.29047525142969827,0.29231982648131716,0.2923895899053628,0.20019714144898965,0.2904592943031737,0.29052922045924906,0.290599132834056,0.21706572076066608,0.29064039408866993,0.29228647423899123,0.20015760441292357,0.21707869595193538,0.29229860153634035,0.2171344165435746,0.20017723513194172,0.29053854484591907,0.21716873400275644,0.2905797814745546,0.20019685039370078,0.2921956500344454,0.29059240307026174,0.2002361507428909,0.290633608815427,0.29217904574520415,0.20027542789691127,0.2922199272155011,0.29061762391817464,0.2003146818762907,0.29065880039331365,0.20037361124766492,0.20045222178529296,0.20053081686818047,0.29211716139178295,0.2921867321867322,0.2922562893081761,0.20055026039107793,0.21684024366280213,0.2905000491207388,0.2905697445972495,0.29063942638247714,0.2168532704773129,0.29068054600805265,0.2921249018067557,0.29219440353460974,0.29226389161594346,0.29066457249435557,0.2907341970946211,0.29227598390421045,0.2923454367026497,0.21675988617407516,0.2907182103610675,0.29235750024526636,0.2167941926623504,0.2923982344286415,0.29070223617104746,0.2924389526331274,0.21680721710139242,0.29247965486812433,0.29254901960784313,0.29065777864915204,0.20015683199372672,0.2906988140742919,0.29253234025872205,0.29260166585007347,0.29267097785616303,0.29274027628098365,0.29065438871473354,0.20011754334410814,0.21665034280117532,0.29066692782293607,0.2926948687818253,0.20013708019191226,0.20021539064029764,0.2166421928536466,0.29062255285826155,0.2926495057257512,0.2927187316500294,0.29278794402583425,0.29285714285714287,0.21661285588494278,0.2905497945607513,0.2928690208353712,0.2166471048513302,0.29290953545232273,0.21670252298063758,0.2929500342231348,0.29047712162690653,0.2905464854824519,0.2,0.2905874303587137,0.2166731821735731,0.29062835922994235,0.20001954270080124,0.20009770395701026,0.29064087534193045,0.2907101689948227,0.2907794491111545,0.29270436566070906,0.20009765625,0.20017576408553853,0.290763522749463,0.29083276383871914,0.29265911753221396,0.21649585163494386,0.2908452078860043,0.2926710256660486,0.2927400468384075,0.20011708459361888,0.21648780487804878,0.29080089747341725,0.2908700741318767,0.29093923729640103,0.21650087770626097,0.2909800097513408,0.21655616224648985,0.2925806766110949,0.2166114252290895,0.29096403158202555,0.2910331384015595,0.2925640775752851,0.29263301500682126,0.21660333235895937,0.2926734216679657,0.2927423283000487,0.29281122150789013,0.29093211259374696,0.2910011686793923,0.21657415522446197,0.292794547224927,0.29286340181092396,0.2929322429906542,0.2909568772510464,0.1997274673934203,0.2909975669099757,0.291066562864928,0.2911355453926243,0.21648180579879353,0.21655803093686157,0.291147859922179,0.2912168077035308,0.29128574207352653,0.21657103957988913,0.2926876701672501,0.2912980068060282,0.1995916780089442,0.21658403810634783,0.2913102643856921,0.29264262804937313,0.2927113702623907,0.2927800991157322,0.2928488146132919,0.21655494025065578,0.29123761414416166,0.29286061194754737,0.29292929292929293,0.2929979605710401,0.2165469023111284,0.2930381590445674,0.2911650485436893,0.2912338607902145,0.19937876140555233,0.2912743861011356,0.21651785714285715,0.29296458030082484,0.1993984086939647,0.19947608421461144,0.2912301125339542,0.29129886506935687,0.29136760426770125,0.29289108718843954,0.29295965865011636,0.19945699602443517,0.2913515609850688,0.29142026175472613,0.29148894920511825,0.21634195987205582,0.2915293661562318,0.29285783506153695,0.2929263565891473,0.2915415172948358,0.21633404378996318,0.29158190448513027,0.2916505230530802,0.2917191283292978,0.21634708502808445,0.29175946547884185,0.2927962819519752,0.2928647497337593,0.29293320425943853,0.29174329687348755,0.29181184668989546,0.21629729991290042,0.29291658602670795,0.2929850024189647,0.29305340557275544,0.29312179549192224,0.216289417682337,0.2917109971950866,0.29177949709864603,0.29184798375398896,0.2919164571649584,0.2930484385574785,0.29311678267594743,0.291928467858869,0.19891745602165087,0.2919686865758191,0.2920371086200232,0.2921055174412987,0.29304347826086957,0.29311177663993815,0.2921174652241113,0.29218583985318264,0.1988603438284721,0.21603090294543698,0.29306682116647353,0.29216954716616783,0.19888009268198495,0.21604401969302056,0.2921814671814672,0.29302190908213493,0.29309013703918163,0.29315835182862104,0.29322655345426474,0.2160154365653642,0.2921088172872854,0.29323815954470916,0.2933063271604938,0.216028546629376,0.21610414657666346,0.29331790569858257,0.2920362514462013,0.29210450207268873,0.19866975130133024,0.19874698795180723,0.2932729375481881,0.29334104269056566,0.2920601271921372,0.1987667405337701,0.29210019267822734,0.2921683845486947,0.2922365632826045,0.2932678416642589,0.29227657935285056,0.1987481945113144,0.29231658001155403,0.29238471165880425,0.29322294955718137,0.21580517855424006,0.29239653512993263,0.29323452988162835,0.2924364896073903,0.1986914269219667,0.21579757552434098,0.29244829244829246,0.2925163524432474,0.2925843993459652,0.293133294864397,0.1986729493220502,0.21576923076923077,0.29314488991443133,0.2925398961738127,0.29260790156685573,0.1986735870818916,0.2157616530514176,0.2931001345377667,0.21581627750552512,0.21589162182936203,0.29311173023345183,0.2931796349663785,0.2924791086350975,0.19861698040722245,0.29319120330356285,0.21586326099481468,0.2924627940470475,0.29253072196620583,0.19861764423538447,0.29314647725091186,0.2932143199923217,0.29328214971209216,0.29334996641397176,0.21579351372097486,0.29243020243691836,0.21584804297774368,0.29247002398081534,0.2933051985421063,0.2933729740097823,0.29344073647871116,0.29350848595263207,0.29357622243528286,0.21579906049276196,0.29361579754601225,0.29234160835809453,0.21583285413072648,0.2936272160996646,0.2936949022614028,0.21586662834147743,0.21594175129335122,0.2937062937062937,0.19827586206896552,0.2922133895220764,0.19833365255698143,0.21593411854830988,0.29222520107238603,0.29363331737673526,0.2922649818112196,0.2923327270986886,0.19831546707503828,0.21590582830892907,0.2923444976076555,0.2935604248397283,0.2936280137772675,0.29369558978283744,0.2937631528601492,0.2938307030129125,0.2938982402448355,0.29224442956870994,0.2158156435264869,0.29390955158236926,0.2939770554493308,0.294044546410477,0.2922003441024661,0.29226799197170983,0.2157874617737003,0.2923076923076923,0.29399961781005157,0.19805101748351964,0.29403897592663353,0.29410640939917854,0.2941738299904489,0.29424123770413524,0.29430863254392664,0.2943760145135109,0.2921519954172236,0.29441527446300714,0.2944826269568538,0.2945499665934905,0.2946172933765986,0.29210802557495946,0.29465648854961835,0.2947237858982921,0.294791070406411,0.29209195840885244,0.2921594811140786,0.29480209823557463,0.2921991226397101,0.29226661581005053,0.19774980930587338,0.19782629421298503,0.292278360343184,0.2923458202268611,0.2947007243614182,0.29476794053178307,0.21526586620926244,0.21534063839923773,0.29477896341463417,0.2153948747261122,0.29481806058296817,0.29488522716449184,0.1977142857142857,0.19779068660127608,0.2153875452294801,0.2948681329144054,0.29207920792079206,0.29490718705378394,0.21540072339615457,0.21547539735414487,0.2920631899505139,0.2921305547625844,0.19771646051379638,0.29217010750642186,0.19777397260273974,0.2947778940359555,0.2948449686132775,0.21540656205420827,0.2921262837580829,0.2948559475135495,0.21544019775622741,0.21551478277402794,0.29486692015209126,0.29493394164052844,0.2155483748336818,0.2949729164686876,0.21560243253515773,0.2919714964370546,0.29498384951548545,0.19758715683480574,0.291983282674772,0.29205052711558555,0.2949667616334283,0.2920900199411262,0.19758830231674895,0.21551314915028957,0.29494968672868804,0.2155671570953963,0.21564160971905846,0.29496061497579956,0.2919908901119757,0.2949995255716861,0.29506641366223907,0.2920026562944692,0.19749573136027318,0.29507730247557623,0.295144157814871,0.21555239449976293,0.2919590366015551,0.29515502038494357,0.295221843003413,0.29528865295288653,0.2919431279620853,0.292010235996588,0.2952994692949204,0.29536624656495786,0.29543301118059506,0.2954997631454287,0.2955665024630542,0.21540210287013356,0.21547641598787648,0.2955772326924898,0.2956439393939394,0.2957106334627403,0.2957773149024806,0.19719776578623496,0.29581597879591065,0.29588263132986276,0.19723641870149536,0.2153875272073436,0.29163512490537474,0.2958652663449711,0.19725638599810785,0.2959038879954593,0.2959704880817253,0.2915917904095337,0.29165878570077547,0.19725768321513001,0.1973335854765507,0.29592512054457787,0.295991680847041,0.29161546459967863,0.19735349716446124,0.21519705131840092,0.2916272916272916,0.29169422658981387,0.29176114890400606,0.291828058573453,0.29189495560173817,0.19731746481533957,0.29193426520589344,0.1973746340542072,0.21510859301227572,0.291945991879898,0.29201283987915405,0.19739450580572077,0.29563904096658483,0.2920245398773006,0.2920913552283881,0.29215815796923655,0.2956218154368749,0.2150202849325408,0.2921698113207547,0.29563248750117915,0.21505376344086022,0.29567103649910403,0.2957374575631837,0.21508722300801508,0.19724684141052234,0.2957480908833789,0.21512066365007543,0.2957865962861721,0.29585296889726675,0.21515408538309302,0.2919336600075386,0.21520776406294168,0.2958356887130205,0.2919453603391427,0.19715523737754334,0.29198455307525667,0.29205123375400266,0.21518033713155665,0.2957627118644068,0.2920628942660766,0.2152137073997364,0.2152875835451379,0.21536144578313254,0.29571764705882353,0.21541501976284586,0.2919920956055331,0.29572826496048177,0.215448301815787,0.2920037629350894,0.2957388768695325,0.2958051166290444,0.29201542368099315,0.19691555388376905,0.19699106723084156,0.2957878901842798,0.19704803986086303,0.2958262831359278,0.2958924710969076,0.19708646616541353,0.29593083356827365,0.291862431873708,0.2959691816217232,0.29190154077414504,0.21521841240018788,0.29597971068946083,0.296045834507373,0.19703230653643877,0.19710770964409804,0.19718309859154928,0.19725847338278096,0.19733383402177995,0.2959729653618699,0.19739065139853576,0.1974659784138902,0.29598348348348347,0.2960495449000657,0.29611559392006004,0.2961816305469556,0.2915572232645403,0.19744864459243974,0.19752391671356218,0.29616430648035263,0.2962303075768942,0.19756211908110644,0.2962685167822989,0.29145964188619106,0.21484814398200225,0.21492173587027838,0.29625117150890345,0.29631712116952486,0.21495502248875561,0.29635528904712827,0.29642121041783775,0.21498829039812647,0.2964593480704384,0.29652524117261403,0.29659112193294623,0.2966569903549021,0.2967228464419476,0.19735979777174423,0.2967609061973413,0.21492090236824862,0.1973979782852864,0.2967711745437529,0.21495414561107992,0.2150276036305792,0.2967814371257485,0.2968472261203106,0.19738072965388212,0.19745580394724535,0.21502057613168724,0.2150939867202843,0.2908172807181597,0.2967741935483871,0.1974569932685116,0.2908292044498457,0.29089549448495045,0.29096177212823626,0.21504672897196261,0.2910008410428932,0.2966735189684171,0.2967392319910305,0.296804932735426,0.29098552078468004,0.29684289183635343,0.19734752965349772,0.19742248785954428,0.21495937996078066,0.2150326797385621,0.19746055457006814,0.29088872292755785,0.21506580789694763,0.19749859996266567,0.2966868875408306,0.2967525195968645,0.19753662405523933,0.19761149468184364,0.1976863513387443,0.19776119402985073,0.2907378043092995,0.29080395448610336,0.19779912337965122,0.29084296904140244,0.19785547785547786,0.19793026291254895,0.29085485224200613,0.19798657718120805,0.19806132910802499,0.21481826654240446,0.21489143602646538,0.21496459187476705,0.29637566384049197,0.2964412148313769,0.19804378202142525,0.2964791356184799,0.29654465865698054,0.19808157943751165,0.2906229630319397,0.29655493482309125,0.19811935573968903,0.19819400484081176,0.21483756864935308,0.19825018615040954,0.29055374592833877,0.2964824120603015,0.19828789429608262,0.29652028284331966,0.29658572890501445,0.19832558139534884,0.19840014882336526,0.21475074404761904,0.1984562447689017,0.19853077924493212,0.21478382147838215,0.19858683525474155,0.29645812029376223,0.21481688046105224,0.21488985965238405,0.29646840148698883,0.21494284917758572,0.19856903921204236,0.2964786769488061,0.21497584541062803,0.1986065954482118,0.19868103288129296,0.29005293953747563,0.1987369985141159,0.19881140310149503,0.2900649953574745,0.1988673289388172,0.19894170070553285,0.29007704446300936,0.1989975867829961,0.2962412993039443,0.21482925018559762,0.29006216943490765,0.19901651512339952,0.2962241395305687,0.19907235621521335,0.1991466468787682,0.29002040437766646,0.19920244829824724,0.21476261127596438,0.29615206305053315,0.2148155015761172,0.2961898581626031,0.21486837226548017,0.19918435443507276,0.29620018535681186,0.21490130664442592,0.1992216456634544,0.19929583989622904,0.28979062442097464,0.19935155164427976,0.29612819562801035,0.2148745021765305,0.21494721244674939,0.21501990925085657,0.2897222222222222,0.29608369595407835,0.29614886132197743,0.21503286124224752,0.2961865975564606,0.2962517353077279,0.19924116231723116,0.19931525862866661,0.21502590673575128,0.28957350356184663,0.2150786308973173,0.2896124317824438,0.21513133555308916,0.19929714232867846,0.2960976511928981,0.19935275080906148,0.199426775147929,0.19950078580012942,0.21510445553706786,0.2894907107865792,0.29602587800369684,0.21513723315774883,0.19950101644797635,0.21518987341772153,0.21526237989652625,0.2894226327944573,0.21531498244965824,0.21538745728271913,0.21545991872922055,0.2958721950318589,0.29593721144967683,0.21549256762995106,0.21556499261447562,0.29594756761746516,0.21561750046151007,0.2959852330410706,0.29605020302694723,0.19931715419396512,0.296087839084702,0.2891410646738629,0.19935424354243542,0.29609814592749745,0.28915329275041507,0.21553075717052475,0.21560309848764295,0.29608114338404795,0.21565554121335054,0.29611874250944964,0.2961836283185841,0.21568808185086183,0.296221198156682,0.2962860565846466,0.21572060449686695,0.296323597162075,0.2157729869172655,0.2158452326116997,0.2963338246131172,0.2963986368241687,0.21587769386627373,0.2964361359241182,0.2965009208103131,0.21591013718810423,0.2965383907199411,0.29660314830157414,0.21594256259204714,0.2160147261849977,0.21608687649549052,0.2161590135271924,0.2965587044534413,0.2966234244180697,0.21619135234590617,0.2966608407690185,0.29672553348050035,0.19884116619148348,0.2967629207283428,0.216183908045977,0.19887826406767195,0.2967730072630321,0.21621621621621623,0.19891534148359225,0.21626838235294119,0.216340409888797,0.21641242418673037,0.21648442525039052,0.29667401690554945,0.2881028938906752,0.29671137240492373,0.21649673923027463,0.28811535635562086,0.21654881072642115,0.21662075298438935,0.28812781195482506,0.296639735585751,0.21665289635545765,0.28814026069396,0.216704910509408,0.2966226138032305,0.29668716160411124,0.28812626169939437,0.28819157720891825,0.216697247706422,0.2882304375745344,0.2966428178315905,0.29670732825827756,0.1985509904622157,0.19862448418156808,0.2881899871630295,0.2166498578894288,0.28822882288228824,0.29663580529837746,0.29670027497708523,0.2967647328384199,0.2882148093841642,0.19857051223311648,0.2166025288620121,0.2882272102611086,0.2882924148039575,0.2966932307410461,0.28833119618977837,0.2883963732942577,0.28846153846153844,0.28852669169489975,0.29664896539095403,0.19848027098782386,0.28853899670450384,0.29665903890160183,0.2967234120446641,0.19849913059394161,0.2885248901903367,0.1985543050599323,0.21637694419030193,0.29667916933491906,0.29674350530552507,0.28848440501234796,0.21638924455825864,0.21646090534979423,0.28849670811997075,0.216512754868794,0.2885353812397148,0.21656458542828413,0.296617915904936,0.2966822045516863,0.19840979711204532,0.2967193639769716,0.28846856725146197,0.19844677935130198,0.21651744929654668,0.2884808623367133,0.21656923639020825,0.28851949949767103,0.29662100456621004,0.21660122363254497,0.2966581446311176,0.29672235917100337,0.21663319335402592,0.2967594705613875,0.2968236582694414,0.2968878342612029,0.19830260996532215,0.2883474769595766,0.19835766423357665,0.2165860779125992,0.1984126984126984,0.19848581592629755,0.1985589201021525,0.19863201094391245,0.2165785154112712,0.296708306738397,0.2967724288840263,0.19865074300300847,0.2968094804010939,0.28812323398049405,0.1986875683558148,0.2968194659619065,0.2165117550574084,0.21658314350797267,0.29682944606413997,0.2968935046005284,0.21661504827837494,0.21668640131159486,0.2167577413479053,0.21682906839085694,0.21690038244399928,0.29682236183192207,0.21695193008011654,0.2968593536640874,0.19852539595849264,0.29689633202876126,0.2969603203494722,0.19856219856219856,0.21692447679708826,0.2969702483850423,0.29703420669577874,0.1985809151278086,0.28761142441331633,0.19863574351978172,0.1987086213168425,0.2876238974265709,0.29696308419712675,0.2970270024547686,0.29709090909090907,0.19870920825379512,0.19878203962915833,0.216759065709352,0.19883678662304616,0.19890958655156746,0.2874795566054879,0.28754428999727444,0.19894622093023256,0.21673176491961121,0.2969118982742961,0.21678321678321677,0.29694878314565926,0.2970126214473804,0.19892863628109678,0.28742623694961417,0.2970225127087872,0.1989652355450667,0.2874387366128154,0.29703239858426356,0.19900181488203267,0.2874512294710099,0.19905643258936673,0.21663793885512111,0.199111030478955,0.2166893424036281,0.21676038454561944,0.28738550829781445,0.29688066739209285,0.296944419258319,0.2970081595648232,0.2167527875985858,0.21682378535170413,0.2970180367986948,0.21687511328620626,0.28726778432260985,0.2970279086625589,0.29709160097852677,0.1989490849791629,0.2971283630763656,0.21684782608695652,0.19898559913051353,0.28717623618909616,0.19904011591053156,0.21685983339369794,0.2970574920778633,0.2971211298207496,0.19905856793699647,0.19913106444605358,0.2870848040546656,0.19918552036199094,0.19925798570265135,0.2167933405718422,0.19931240387225188,0.29699656233037813,0.21682496607869742,0.19934876989869754,0.28696753188025687,0.29697956230783146,0.19938511619495433,0.19945750452079566,0.19952987975770725,0.28692822274453084,0.2869926782970261,0.19956616052060738,0.21671938544961591,0.2167901680824146,0.296828408782868,0.2869533791109505,0.21682175444936308,0.2968383017163505,0.29690181555415046,0.19951228323699421,0.28691411541587647,0.2969116850279935,0.199548532731377,0.29694835680751175,0.28690078541121244,0.19958476259252572,0.28693925444534707,0.21669675090252707,0.2969046114971573,0.2969680563075257,0.2167283226563205,0.297004691447131,0.21677943166441135,0.29704131336821216,0.29710471723640297,0.2971681096681097,0.2167914149156822,0.297204688908927,0.2972680551798756,0.21682293544897224,0.297304606508609,0.21687398593834506,0.29734114465975664,0.29740447007930787,0.2169054699468325,0.21697603171742658,0.1992972339850437,0.2973873873873874,0.2974506801189082,0.19933345343181408,0.2169683869224534,0.29746037463976943,0.2975236380009005,0.2975868899693859,0.19933375348879084,0.28628015844436444,0.28634440543703304,0.2975697569756976,0.1993519935199352,0.29760619150467965,0.1994061009628363,0.2863055605542559,0.21682411156095366,0.19944224541201871,0.19951425744355492,0.19958625652095702,0.2975087687741703,0.2975719424460432,0.19962233612085245,0.2167775579931667,0.28616380472894004,0.2168284789644013,0.21689887640449437,0.29750134819342083,0.216949761840568,0.19958662832494609,0.19965854973492678,0.19973045822102425,0.2974575509837391,0.19978440531800215,0.2974939369442199,0.19983833303395007,0.19991019308486754,0.2859195402298851,0.19996408368501392,0.20003591309032143,0.29742346709758505,0.28590664272890487,0.20007180683960146,0.2167474421109316,0.28591941128959886,0.21679827709978464,0.29735307312696274,0.2974161134039117,0.20005382614156275,0.21681019016864012,0.2974257780966903,0.2168609865470852,0.21693121693121692,0.2857783357245337,0.285842374249081,0.20001793078716157,0.297355445988346,0.29741842954463965,0.2000537778972842,0.2858039075103065,0.2168653105116946,0.20008960573476703,0.2858166830929128,0.29734814549363914,0.20012541431514827,0.29738445001791475,0.20017913121361397,0.29742074153680814,0.29748365720426256,0.29754656160458454,0.2001969737666756,0.20026857654431512,0.2856503446423776,0.20032223415682063,0.2975029087979952,0.21666368355110077,0.2975391498881432,0.2976020042949177,0.29766484745459426,0.2003041689032027,0.2855353788353162,0.29767441860465116,0.2166174760754852,0.2855482024682525,0.29768398461951173,0.2977467811158798,0.28556101922217253,0.2002503128911139,0.2165906856172343,0.2977297104040043,0.216641344177317,0.2855227882037534,0.2855866321150925,0.285650464617584,0.20021441972661486,0.21663391102376273,0.2976328718177758,0.21668453018935335,0.28561221755827454,0.21673513127344168,0.2856505045093312,0.2857142857142857,0.2857780555307562,0.21674700946259595,0.2975095956440239,0.2975722956087112,0.28576528335564483,0.2167588791718722,0.21682876773445167,0.2857780157030692,0.2858417343206352,0.29750223015165034,0.1999821603782,0.2858544416696397,0.21680192633550344,0.2974852862493312,0.29754792688363796,0.21683309557774608,0.21690291521797272,0.29755749688001426,0.21695338265442554,0.2857397504456328,0.19989305765974513,0.19996435572981644,0.28575247260090886,0.20001781895937276,0.28579064587973274,0.21690717976126847,0.28582880555802975,0.29738154613466333,0.2974441179089857,0.2858414959928762,0.1999821921467367,0.2974537037037037,0.2975162467729013,0.2975787787074951,0.2858032932799288,0.29761480954076186,0.2858414167482424,0.297650827549386,0.21674526203398878,0.2976868327402135,0.28582866293034426,0.19987546699875466,0.19994663346082006,0.28584133760227676,0.29764339706536236,0.21669927085185844,0.2167689161554192,0.21683854907539118,0.2169081696150769,0.2857777777777778,0.21695849257843747,0.19987557767508,0.2975206611570248,0.2857650613115337,0.2975566414926699,0.2976190476190476,0.28577773829617126,0.2858411796056138,0.2976285638156142,0.29769094138543517,0.19980463546754285,0.28582844965370274,0.2858918582970789,0.216796875,0.29764758100310695,0.29770992366412213,0.2858791160024851,0.28594249201277955,0.19975153074806992,0.2976929902395741,0.2859551060243102,0.19978708303761533,0.19985806794996896,0.2859677133226894,0.297649667405765,0.2977119545938276,0.28598031391327483,0.29774782762901225,0.19984041138398795,0.28599290780141845,0.28605620069142806,0.2861194823612835,0.2977045112115572,0.28615739099610066,0.21648205582631813,0.19980506822612085,0.28616993000797375,0.1998582565556343,0.19992913455576225,0.2,0.2861571162873085,0.2975557917109458,0.21641724962366068,0.2164866300690632,0.2861443116423196,0.286207507082153,0.19996459236965566,0.2862453531598513,0.2863085228781308,0.21646017699115044,0.2863463410317671,0.28640948504689434,0.21649119702733788,0.21656050955414013,0.2973020787262273,0.2973642313815673,0.19987618289555142,0.28634594977007427,0.21655318772658944,0.21662245800176835,0.28635841216514896,0.2972949080622348,0.2973570228940157,0.2974191267456249,0.21661511268228015,0.2863202545068929,0.2974286471679774,0.19977027743417564,0.19984097535117942,0.2974381625441696,0.21658864057945412,0.19987634693517045,0.2974476728782125,0.21661956905687035,0.21668874172185432,0.21675790217199364,0.28613048468261676,0.2974046610169492,0.29746667843587254,0.2975286849073257,0.1998058423793134,0.19987645605365337,0.29753816288714374,0.1999294159167108,0.21667401852668725,0.2975476358503881,0.21672400105848108,0.21679308520021168,0.21686215715671575,0.19991181657848325,0.285865443964377,0.19996473285134897,0.20003526403949573,0.297425952045134,0.2974878801234024,0.20007050943063634,0.21679739138098175,0.20012336975678532,0.21684729932152613,0.285726872246696,0.2168971896749185,0.2973925299506695,0.2974544173346252,0.20010568962480182,0.2001761338617349,0.2974638957379359,0.2975257550409439,0.21685155837295297,0.2855885201162074,0.21690140845070421,0.21697033711821143,0.28560112656222497,0.2974566575728241,0.20010559662090813,0.2001759788825341,0.2974661270455745,0.21694378463974665,0.2975017593244194,0.29756355000439794,0.29762532981530343,0.28546301996306395,0.2976609215617306,0.28550074738415543,0.29769650079127835,0.2000879120879121,0.20015822784810128,0.2977058978641118,0.2977676217261382,0.20019333860620442,0.2978031634446397,0.2978648624901151,0.20022843085573713,0.29790037775630324,0.20028109627547436,0.20035133948177428,0.20042157034955208,0.20049178888205849,0.20056199508254302,0.2006321889542541,0.200702370500439,0.20077253972434378,0.2851123595505618,0.29772667427367683,0.28515007898894157,0.2977621763931549,0.21647946647946648,0.21654821444239714,0.2851377434637656,0.21659794718834985,0.21666666666666667,0.2006841505131129,0.20075425363971233,0.2008243444707533,0.2976148719747457,0.21665935992985533,0.21672803787480274,0.28500043832734284,0.21677769985974754,0.21684634937330177,0.20078878177037687,0.200858820436421,0.28496319663512093,0.2850258477175151,0.20089363939022253,0.20096364432763908,0.2850385423966363,0.2973635806253832,0.28507619548081975,0.28513880374813905,0.2852014010507881,0.285263987391647,0.20092803361933112,0.2853015845224547,0.21664915966386555,0.21671772428884026,0.2972168737966042,0.21676730550450687,0.2852642632131607,0.21681686936739872,0.20087489063867017,0.28527687866328405,0.2853393981805458,0.2854019067611301,0.2008920762637747,0.2009619588981198,0.21677159846100036,0.21684008044067501,0.21690855044588214,0.2009791065652592,0.2969405594405594,0.2010313783760161,0.20110120608285265,0.20117102158524863,0.21688220901782593,0.21695063346439494,0.21701904595491875,0.28514021140910284,0.28520265548567436,0.29679447986723734,0.2852401746724891,0.28530259365994237,0.29680405169402724,0.2968654501004104,0.21695477562423607,0.20104757747708424,0.2170041899441341,0.28524046434494194,0.28530284517367777,0.2010646653285627,0.20113438045375218,0.2967454846872001,0.2169778398185308,0.28526563726773096,0.29675505931612,0.2968163977322285,0.2169893598465027,0.21705764367314903,0.29682595047087545,0.2968872613131049,0.21708805579773321,0.2010286810217069,0.29689679218967924,0.20108079839623463,0.20115042705246644,0.20122004357298476,0.2170616939700244,0.21712991199790885,0.29682871580414705,0.20123704155414235,classic
