4_246856261_246863940,1.0,1.0,0.3333333333333333,0.75,0.2,0.3333333333333333,0.2857142857142857,0.5,0.3333333333333333,0.1,0.45454545454545453,0.25,0.3076923076923077,0.35714285714285715,0.4,0.125,0.4117647058823529,0.4444444444444444,0.15789473684210525,0.2,0.2857142857142857,0.3181818181818182,0.34782608695652173,0.375,0.36,0.19230769230769232,0.37037037037037035,0.21428571428571427,0.13793103448275862,0.36666666666666664,0.3870967741935484,0.40625,0.42424242424242425,0.29411764705882354,0.42857142857142855,0.3055555555555556,0.13513513513513514,0.42105263157894735,0.4358974358974359,0.45,0.17073170731707318,0.4523809523809524,0.27906976744186046,0.29545454545454547,0.13333333333333333,0.15217391304347827,0.1702127659574468,0.2916666666666667,0.30612244897959184,0.32,0.17647058823529413,0.3269230769230769,0.33962264150943394,0.37037037037037035,0.14545454545454545,0.16071428571428573,0.17543859649122806,0.1896551724137931,0.3220338983050847,0.3333333333333333,0.3442622950819672,0.1935483870967742,0.20634920634920634,0.34375,0.2153846153846154,0.15151515151515152,0.31343283582089554,0.16176470588235295,0.3333333333333333,0.3142857142857143,0.3380281690140845,0.3194444444444444,0.2054794520547945,0.32432432432432434,0.16,0.21052631578947367,0.3246753246753247,0.16666666666666666,0.3291139240506329,0.3375,0.1728395061728395,0.34146341463414637,0.3493975903614458,0.20238095238095238,0.29411764705882354,0.20930232558139536,0.2988505747126437,0.3068181818181818,0.21348314606741572,0.2222222222222222,0.16483516483516483,0.30434782608695654,0.3118279569892473,0.3191489361702128,0.22105263157894736,0.3125,0.31958762886597936,0.22448979591836735,0.23232323232323232,0.31,0.31683168316831684,0.23529411764705882,0.32038834951456313,0.2403846153846154,0.24761904761904763,0.1509433962264151,0.3177570093457944,0.32407407407407407,0.29357798165137616,0.3,0.3063063063063063,0.32142857142857145,0.30973451327433627,0.23684210526315788,0.24347826086956523,0.14655172413793102,0.3162393162393162,0.3050847457627119,0.24369747899159663,0.25,0.1487603305785124,0.3114754098360656,0.3170731707317073,0.25,0.152,0.15873015873015872,0.25196850393700787,0.2890625,0.31007751937984496,0.2923076923076923,0.29770992366412213,0.1590909090909091,0.3082706766917293,0.16417910447761194,0.24444444444444444,0.25,0.291970802919708,0.2971014492753623,0.302158273381295,0.16428571428571428,0.1702127659574468,0.24647887323943662,0.2937062937062937,0.1736111111111111,0.1793103448275862,0.2945205479452055,0.29931972789115646,0.30405405405405406,0.3087248322147651,0.2866666666666667,0.17880794701986755,0.23684210526315788,0.2875816993464052,0.2922077922077922,0.18064516129032257,0.2948717948717949,0.2356687898089172,0.24050632911392406,0.18238993710691823,0.24375,0.2919254658385093,0.18518518518518517,0.294478527607362,0.29878048780487804,0.24242424242424243,0.30120481927710846,0.281437125748503,0.30357142857142855,0.3076923076923077,0.18235294117647058,0.30994152046783624,0.18604651162790697,0.1907514450867052,0.19540229885057472,0.2742857142857143,0.23295454545454544,0.1977401129943503,0.2752808988764045,0.3016759776536313,0.2,0.23204419889502761,0.3021978021978022,0.20218579234972678,0.20652173913043478,0.3027027027027027,0.3064516129032258,0.22994652406417113,0.2074468085106383,0.21164021164021163,0.2631578947368421,0.3036649214659686,0.265625,0.30569948186528495,0.211340206185567,0.22564102564102564,0.2653061224489796,0.30456852791878175,0.22727272727272727,0.2663316582914573,0.23,0.208955223880597,0.26732673267326734,0.30049261083743845,0.2107843137254902,0.2146341463414634,0.30097087378640774,0.22705314009661837,0.30288461538461536,0.3062200956937799,0.21428571428571427,0.3080568720379147,0.3113207547169811,0.215962441314554,0.21962616822429906,0.3116279069767442,0.2222222222222222,0.31336405529953915,0.22477064220183487,0.2511415525114155,0.2545454545454545,0.22624434389140272,0.3108108108108108,0.2556053811659193,0.22767857142857142,0.2577777777777778,0.23008849557522124,0.23348017621145375,0.25877192982456143,0.3056768558951965,0.30869565217391304,0.3116883116883117,0.3146551724137931,0.20600858369098712,0.3162393162393162,0.3191489361702128,0.2076271186440678,0.3206751054852321,0.21008403361344538,0.21338912133891214,0.225,0.24896265560165975,0.3181818181818182,0.2139917695473251,0.319672131147541,0.24897959183673468,0.21544715447154472,0.21862348178137653,0.2217741935483871,0.24899598393574296,0.224,0.21912350597609562,0.25,0.22529644268774704,0.25196850393700787,0.22745098039215686,0.25390625,0.25680933852140075,0.21705426356589147,0.305019305019305,0.21923076923076923,0.2567049808429119,0.3053435114503817,0.22433460076045628,0.2196969696969697,0.30566037735849055,0.3082706766917293,0.2247191011235955,0.2537313432835821,0.30855018587360594,0.22592592592592592,0.2177121771217712,0.22058823529411764,0.3076923076923077,0.3102189781021898,0.22181818181818183,0.2246376811594203,0.3104693140794224,0.22661870503597123,0.22939068100358423,0.3107142857142857,0.31316725978647686,0.24468085106382978,0.24734982332155478,0.21830985915492956,0.24912280701754386,0.3111888111888112,0.2508710801393728,0.22569444444444445,0.31141868512110726,0.22758620689655173,0.23024054982817868,0.3116438356164384,0.23208191126279865,0.3129251700680272,0.24745762711864408,0.23310810810810811,0.31313131313131315,0.31543624161073824,0.21070234113712374,0.24666666666666667,0.24916943521594684,0.2119205298013245,0.2508250825082508,0.3125,0.31475409836065577,0.22875816993464052,0.31596091205211724,0.3181818181818182,0.21035598705501618,0.24838709677419354,0.2508038585209003,0.3173076923076923,0.3194888178913738,0.22611464968152867,0.2507936507936508,0.25316455696202533,0.2555205047318612,0.31761006289308175,0.22570532915360503,0.228125,0.2554517133956386,0.3167701863354037,0.3188854489164087,0.2037037037037037,0.32,0.22699386503067484,0.20489296636085627,0.22865853658536586,0.3191489361702128,0.23030303030303031,0.2326283987915408,0.3192771084337349,0.24924924924924924,0.25149700598802394,0.3194029850746269,0.23214285714285715,0.32047477744807124,0.3224852071005917,0.23303834808259588,0.3235294117647059,0.3255131964809384,0.32748538011695905,0.2478134110787172,0.23255813953488372,0.23478260869565218,0.3265895953757225,0.3285302593659942,0.2471264367816092,0.2492836676217765,0.19428571428571428,0.2336182336182336,0.32670454545454547,0.23512747875354106,0.24858757062146894,0.2507042253521127,0.25280898876404495,0.32492997198879553,0.3268156424581006,0.233983286908078,0.25277777777777777,0.3268698060941828,0.3287292817679558,0.3305785123966942,0.3324175824175824,0.18904109589041096,0.1912568306010929,0.19346049046321526,0.23097826086956522,0.33062330623306235,0.23243243243243245,0.33153638814016173,0.23387096774193547,0.2359249329758713,0.3315508021390374,0.3333333333333333,0.24468085106382978,0.1909814323607427,0.1931216931216931,0.24538258575197888,0.24736842105263157,0.1942257217847769,0.23298429319371727,0.195822454308094,0.328125,0.32987012987012987,0.3316062176165803,0.23255813953488372,0.24484536082474226,0.2467866323907455,0.33076923076923076,0.19437340153452684,0.33163265306122447,0.24681933842239187,0.23096446700507614,0.33164556962025316,0.3333333333333333,0.3350125944584383,0.1934673366834171,0.19548872180451127,0.1975,0.3341645885286783,0.3358208955223881,0.337468982630273,0.22772277227722773,0.33827160493827163,0.229064039408867,0.24078624078624078,0.3382352941176471,0.33985330073349634,0.34146341463414637,0.34306569343065696,0.1941747572815534,0.19612590799031476,0.19806763285024154,0.22650602409638554,0.34134615384615385,0.2278177458033573,0.34210526315789475,0.22911694510739858,0.23095238095238096,0.342042755344418,0.23222748815165878,0.34278959810874704,0.23349056603773585,0.23294117647058823,0.2347417840375587,0.34192037470725994,0.1939252336448598,0.23543123543123542,0.2372093023255814,0.19489559164733178,0.23842592592592593,0.24018475750577367,0.3387096774193548,0.2413793103448276,0.22935779816513763,0.2311212814645309,0.2328767123287671,0.24145785876993167,0.2431818181818182,0.1927437641723356,0.334841628959276,0.19413092550790068,0.24324324324324326,0.2449438202247191,0.19506726457399104,0.23042505592841164,0.19642857142857142,0.24498886414253898,0.19777777777777777,0.24611973392461198,0.24778761061946902,0.24944812362030905,0.2511013215859031,0.25274725274725274,0.3267543859649123,0.2275711159737418,0.25327510917030566,0.32679738562091504,0.22826086956521738,0.25379609544468545,0.2554112554112554,0.22894168466522677,0.25646551724137934,0.25806451612903225,0.3240343347639485,0.32548179871520344,0.25854700854700857,0.2281449893390192,0.25957446808510637,0.2611464968152866,0.1906779661016949,0.26215644820295986,0.22784810126582278,0.2294736842105263,0.26260504201680673,0.32075471698113206,0.26359832635983266,0.22964509394572025,0.32083333333333336,0.32224532224532226,0.26348547717842324,0.22981366459627328,0.32231404958677684,0.3237113402061856,0.23045267489711935,0.23203285420944558,0.2336065573770492,0.3231083844580777,0.23469387755102042,0.18533604887983707,0.2601626016260163,0.3225152129817444,0.1862348178137652,0.23434343434343435,0.2600806451612903,0.26156941649899396,0.26305220883534136,0.18637274549098196,0.188,0.3193612774451098,0.26294820717131473,0.2644135188866799,0.1884920634920635,0.2316831683168317,0.2648221343873518,0.26627218934911245,0.23228346456692914,0.18860510805500982,0.19019607843137254,0.1917808219178082,0.314453125,0.23196881091617932,0.23346303501945526,0.26407766990291265,0.2655038759689923,0.26692456479690524,0.19111969111969113,0.23314065510597304,0.2673076923076923,0.19193857965451055,0.3103448275862069,0.1931166347992352,0.1946564885496183,0.31047619047619046,0.1958174904942966,0.19734345351043645,0.26515151515151514,0.23062381852551986,0.19811320754716982,0.23163841807909605,0.2650375939849624,0.19887429643527205,0.20037453183520598,0.26542056074766357,0.30597014925373134,0.26629422718808193,0.26765799256505574,0.2690166975881262,0.27037037037037037,0.3049907578558225,0.3062730627306273,0.27071823204419887,0.3069852941176471,0.27155963302752295,0.1978021978021978,0.19926873857404023,0.30656934306569344,0.20036429872495445,0.2018181818181818,0.20326678765880218,0.20471014492753623,0.22423146473779385,0.26895306859205775,0.2702702702702703,0.22482014388489208,0.2710951526032316,0.30286738351254483,0.3041144901610018,0.2714285714285714,0.3048128342245989,0.2722419928825623,0.27353463587921845,0.274822695035461,0.2761061946902655,0.20141342756183744,0.2222222222222222,0.3028169014084507,0.2759226713532513,0.2771929824561403,0.27845884413309985,0.30244755244755245,0.22164048865619546,0.2787456445993031,0.22260869565217392,0.3020833333333333,0.27902946273830154,0.19896193771626297,0.27979274611398963,0.22241379310344828,0.30120481927710846,0.2800687285223368,0.19897084048027444,0.2808219178082192,0.30085470085470084,0.22184300341296928,0.28109028960817717,0.2227891156462585,0.28183361629881154,0.2830508474576271,0.2233502538071066,0.2989864864864865,0.224283305227656,0.2828282828282828,0.22521008403361345,0.2835570469798658,0.2847571189279732,0.1956521739130435,0.2854757929883139,0.2966666666666667,0.28618968386023297,0.287375415282392,0.2885572139303483,0.2897350993377483,0.2231404958677686,0.2953795379537954,0.2899505766062603,0.19407894736842105,0.2955665024630542,0.2967213114754098,0.2978723404255319,0.29901960784313725,0.28874388254486133,0.2996742671009772,0.19349593495934958,0.288961038961039,0.29983792544570503,0.1941747572815534,0.28917609046849757,0.21935483870967742,0.2898550724637681,0.2909967845659164,0.2985553772070626,0.2916666666666667,0.2992,0.29233226837060705,0.19298245614035087,0.2929936305732484,0.19395866454689983,0.19523809523809524,0.21711568938193343,0.2974683544303797,0.292259083728278,0.29337539432176657,0.1952755905511811,0.2971698113207547,0.29356357927786497,0.2946708463949843,0.297339593114241,0.2953125,0.296411856474259,0.29750778816199375,0.29704510108864696,0.2981366459627329,0.2992248062015504,0.29721362229102166,0.19319938176197837,0.2978395061728395,0.29892141756548535,0.3,0.2980030721966206,0.19325153374233128,0.2986217457886677,0.2996941896024465,0.300763358778626,0.21036585365853658,0.2983257229832572,0.3009118541033435,0.29893778452200304,0.3,0.3010590015128593,0.30060422960725075,0.30165912518853694,0.20933734939759036,0.3022556390977444,0.3003003003003003,0.1904047976011994,0.20958083832335328,0.30194319880418535,0.3,0.3025335320417288,0.20982142857142858,0.21099554234769688,0.3026706231454006,0.3037037037037037,0.3047337278106509,0.30576070901033975,0.29793510324483774,0.29896907216494845,0.3,0.20998531571218795,0.30058651026392963,0.2108345534407028,0.30116959064327486,0.2116788321167883,0.30174927113702626,0.3027656477438137,0.3023255813953488,0.3033381712626996,0.30289855072463767,0.21128798842257598,0.30346820809248554,0.1847041847041847,0.21181556195965417,0.302158273381295,0.1853448275862069,0.30272596843615496,0.18624641833810887,0.2117310443490701,0.18714285714285714,0.18830242510699002,0.21225071225071226,0.30014224751066854,0.21306818181818182,0.21418439716312057,0.3002832861189802,0.3012729844413013,0.3022598870056497,0.3032440056417489,0.29859154929577464,0.21378340365682139,0.30337078651685395,0.21458625525946703,0.21568627450980393,0.3034965034965035,0.30446927374301674,0.21617852161785217,0.3050139275766017,0.30598052851182195,0.30694444444444446,0.3079056865464632,0.30886426592797783,0.2946058091286307,0.2154696132596685,0.21655172413793103,0.3085399449035813,0.30949105914718017,0.29395604395604397,0.2167352537722908,0.2945205479452055,0.3091655266757866,0.21721311475409835,0.3096862210095498,0.18119891008174388,0.2938775510204082,0.29483695652173914,0.3093622795115332,0.18157181571815717,0.30987821380243574,0.3108108108108108,0.3117408906882591,0.31266846361185985,0.1816958277254374,0.3131720430107527,0.29261744966442954,0.18230563002680966,0.2931726907630522,0.31283422459893045,0.2937249666221629,0.31333333333333335,0.29427430093209056,0.29521276595744683,0.31341301460823373,0.1816976127320955,0.31390728476821195,0.294973544973545,0.18229854689564068,0.31398416886543534,0.31488801054018445,0.21052631578947367,0.31537450722733246,0.29396325459317585,0.21100917431192662,0.31544502617801046,0.31633986928104574,0.293733681462141,0.31681877444589307,0.2109375,0.31729518855656696,0.3181818181818182,0.18028534370946822,0.31865284974093266,0.31953428201811124,0.32041343669250644,0.32129032258064516,0.18041237113402062,0.2908622908622909,0.3213367609254499,0.2092426187419769,0.3217948717948718,0.2906530089628681,0.2915601023017903,0.18007662835249041,0.32142857142857145,0.2917197452229299,0.1806615776081425,0.32147395171537485,0.3223350253807107,0.3231939163498099,0.3240506329113924,0.29077117572692796,0.3244949494949495,0.18032786885245902,0.29093198992443325,0.1811320754716981,0.20603015075376885,0.3237139272271016,0.18170426065162906,0.2903629536921151,0.1825,0.3233458177278402,0.32418952618453867,0.2901618929016189,0.3246268656716418,0.2906832298136646,0.3250620347394541,0.20446096654275092,0.20544554455445543,0.32509270704573545,0.20617283950617285,0.28976572133168926,0.3251231527093596,0.32595325953259535,0.18058968058968058,0.28957055214723926,0.29044117647058826,0.18115055079559364,0.29095354523227385,0.20512820512820512,0.32439024390243903,0.32521315468940315,0.29075425790754256,0.20534629404617255,0.2912621359223301,0.2921212121212121,0.18038740920096852,0.2926239419588875,0.32367149758454106,0.18094089264173704,0.2927710843373494,0.29362214199759323,0.1814903846153846,0.29411764705882354,0.18225419664268586,0.3221556886227545,0.20334928229665072,0.2939068100358423,0.20405727923627684,0.18235995232419547,0.32142857142857145,0.18311533888228299,0.1840855106888361,0.2040332147093713,0.32109004739336494,0.32189349112426036,0.2919621749408983,0.29279811097992914,0.18396226415094338,0.2037691401648999,0.3211764705882353,0.2925969447708578,0.2934272300469484,0.20398593200468934,0.2939110070257611,0.29473684210526313,0.2044392523364486,0.2952158693115519,0.31934731934731936,0.18277066356228172,0.29534883720930233,0.2961672473867596,0.29698375870069604,0.29779837775202783,0.31828703703703703,0.3190751445086705,0.18244803695150116,0.31949250288350634,0.20276497695852536,0.31990794016110474,0.20344827586206896,0.29621125143513205,0.1823394495412844,0.18327605956471935,0.31922196796338675,0.32,0.295662100456621,0.29646522234891676,0.2972665148063781,0.29806598407281,0.20227272727272727,0.2985244040862656,0.31859410430839,0.1823329558323896,0.2986425339366516,0.31864406779661014,0.3194130925507901,0.2987598647125141,0.31981981981981983,0.18222722159730034,0.298876404494382,0.20089786756453423,0.29932735426008966,0.20156774916013437,0.3187919463087248,0.2994413407821229,0.20200892857142858,0.3188405797101449,0.29955456570155903,0.20244716351501668,0.3188888888888889,0.3196448390677026,0.18070953436807094,0.18161683277962348,0.18252212389380532,0.31933701657458563,0.2980132450331126,0.298787210584344,0.29955947136563876,0.18261826182618263,0.31868131868131866,0.3194291986827662,0.2993421052631579,0.3198247535596933,0.29978118161925604,0.2,0.3002183406113537,0.20065430752453653,0.3006535947712418,0.3014145810663765,0.30217391304347824,0.2008686210640608,0.30260303687635576,0.20151679306608883,0.20238095238095238,0.18054054054054053,0.3023758099352052,0.31607335490830635,0.30280172413793105,0.31646932185145316,0.18064516129032257,0.20193340494092374,0.3165236051502146,0.3172561629153269,0.31798715203426126,0.2021390374331551,0.202991452991453,0.31803628601921025,0.3006396588486141,0.20340788072417465,0.3180851063829787,0.3188097768331562,0.3195329087048832,0.30010604453870626,0.2033898305084746,0.31957671957671957,0.30021141649048627,0.30095036958817317,0.20358649789029537,0.3192834562697576,0.30105263157894735,0.20399579390115669,0.20483193277310924,0.31899265477439664,0.319706498951782,0.30052356020942406,0.20502092050209206,0.31974921630094044,0.30062630480167013,0.32012513034410844,0.30104166666666665,0.3017689906347555,0.2047817047817048,0.31983385254413293,0.32053941908713696,0.3015544041450777,0.3022774327122153,0.3029989658738366,0.3037190082644628,0.17440660474716202,0.30412371134020616,0.30484037075180226,0.31893004115226337,0.20349434737923947,0.17453798767967146,0.2041025641025641,0.31864754098360654,0.3193449334698055,0.30368098159509205,0.30439223697650664,0.20408163265306123,0.30479102956167176,0.20468431771894094,0.3051881993896236,0.20528455284552846,0.30558375634517765,0.30628803245436104,0.3171225937183384,0.31781376518218624,0.3063700707785642,0.17272727272727273,0.31786074672048437,0.3064516129032258,0.1732124874118832,0.306841046277666,0.3075376884422111,0.20381526104417672,0.316950852557673,0.3076152304609218,0.3083083083083083,0.173,0.2037962037962038,0.20459081836327345,0.17347956131605186,0.3157370517928287,0.3164179104477612,0.31709741550695825,0.31777557100297915,0.30654761904761907,0.31813676907829536,0.3069306930693069,0.3076162215628091,0.20355731225296442,0.3079960513326752,0.20414201183431951,0.3083743842364532,0.2047244094488189,0.3166175024582104,0.31728880157170924,0.20510304219823355,0.3176470588235294,0.20568070519098922,0.30724070450097846,0.30791788856304986,0.1708984375,0.20585365853658535,0.3079922027290448,0.17137293086660174,0.30836575875486383,0.30903790087463556,0.17184466019417477,0.31522793404461685,0.17248062015503876,0.3155856727976767,0.20502901353965183,0.17294685990338166,0.17374517374517376,0.17454194792671165,0.30732177263969174,0.314725697786333,0.3153846153846154,0.30739673390970224,0.31573896353166986,0.31639501438159157,0.20402298850574713,0.3167464114832536,0.3173996175908222,0.17382999044890163,0.17461832061068702,0.20400381315538607,0.20476190476190476,0.3168411037107517,0.31749049429657794,0.20512820512820512,0.3045540796963947,0.20568720379146918,0.3172348484848485,0.31788079470198677,0.30434782608695654,0.3050047214353163,0.3179245283018868,0.17342130065975495,0.20527306967984935,0.3047977422389464,0.30545112781954886,0.17370892018779344,0.3170731707317073,0.3177132146204311,0.31835205992509363,0.31898971000935455,0.2046728971962617,0.20541549953314658,0.31902985074626866,0.3196644920782852,0.3202979515828678,0.17302325581395347,0.1737918215613383,0.1745589600742804,0.3200371057513915,0.3206672845227062,0.20462962962962963,0.3209990749306198,0.20517560073937152,0.32132963988919666,0.3219557195571956,0.17419354838709677,0.32228360957642727,0.2999080036798528,0.17463235294117646,0.3002754820936639,0.30091743119266057,0.3015582034830431,0.3021978021978022,0.302836230558097,0.30347349177330896,0.32054794520547947,0.17427007299270073,0.30355515041020964,0.30418943533697634,0.30482256596906276,0.3054545454545455,0.31970935513169846,0.3203266787658802,0.20217588395285585,0.2028985507246377,0.32036199095022627,0.3047016274864376,0.2032520325203252,0.30505415162454874,0.3056807935076646,0.31981981981981983,0.32043204320432045,0.3057553956834532,0.32075471698113206,0.17235188509874327,0.32107623318385653,0.3055555555555556,0.306177260519248,0.17262969588550983,0.32082216264521896,0.1732142857142857,0.32114183764495985,0.3057040998217469,0.1736420302760463,0.20106761565836298,0.3208888888888889,0.32149200710479575,0.3052351375332742,0.32180851063829785,0.30558015943312666,0.20088495575221238,0.3059239610963749,0.30653710247349825,0.20123565754633715,0.32098765432098764,0.20176211453744494,0.32130281690140844,0.32189973614775724,0.17223198594024605,0.305531167690957,0.3219298245614035,0.20157756354075373,0.202276707530648,0.3219597550306212,0.32255244755244755,0.3231441048034934,0.3237347294938918,0.17175239755884916,0.3240418118466899,0.32463011314186246,0.17217391304347826,0.20156385751520417,0.3246527777777778,0.3026886383347788,0.17244367417677642,0.20173160173160173,0.20242214532871972,0.3025064822817632,0.30310880829015546,0.20276100086281276,0.1724137931034483,0.20327304048234282,0.3227194492254733,0.20378331900257954,0.17268041237113402,0.3021459227467811,0.1732418524871355,0.17395029991431019,0.3219178082191781,0.20359281437125748,0.32222222222222224,0.322801024765158,0.30119453924914674,0.17391304347826086,0.30153321976149916,0.3225531914893617,0.3018707482993197,0.17417162276975362,0.30220713073005095,0.20271416454622562,0.30254237288135594,0.20321761219305673,0.32148900169204736,0.3220625528317836,0.17398648648648649,0.30210970464135023,0.30269814502529513,0.17438921651221567,0.20286195286195285,0.3027754415475189,0.20336134453781513,0.30310663308144414,0.20385906040268456,0.3034367141659681,0.30402010050251255,0.3196652719665272,0.3202341137123746,0.20384294068504594,0.32053422370617696,0.3035863219349458,0.30416666666666664,0.17318900915903415,0.20382695507487522,0.3200332502078138,0.20431893687707642,0.3203319502074689,0.3034825870646766,0.304059652029826,0.20447019867549668,0.3200992555831266,0.32066115702479336,0.30388109000825764,0.320957095709571,0.3215169002473207,0.17215815485996705,0.3037037037037037,0.17269736842105263,0.32128184059161874,0.3218390804597701,0.3223954060705496,0.32295081967213113,0.3235053235053235,0.3027823240589198,0.2027800490596893,0.2034313725490196,0.3028571428571429,0.3034257748776509,0.32273838630806845,0.30374592833876224,0.20341741253051263,0.3227642276422764,0.30381803411860275,0.32305194805194803,0.30413625304136255,0.3233387358184765,0.1708502024291498,0.32362459546925565,0.1713823767178658,0.3037156704361874,0.32364810330912025,0.20241935483870968,0.20306204673650283,0.32367149758454106,0.3242156074014481,0.1712218649517685,0.3028112449799197,0.2030497592295345,0.17161186848436247,0.32371794871794873,0.32425940752602084,0.2032,0.32454036770583533,0.3250798722044728,0.17158818834796488,0.3014354066985646,0.30199203187250995,0.30254777070063693,0.20286396181384247,0.30286168521462636,0.20333598093725178,0.30317460317460315,0.32355273592386996,0.303486529318542,0.3238321456848773,0.3037974683544304,0.20316205533596837,0.32385466034755134,0.324388318863457,0.3249211356466877,0.32545311268715527,0.2031496062992126,0.2037765538945712,0.16981132075471697,0.204241948153967,0.17032967032967034,0.3247058823529412,0.32523510971786834,0.32576350822239625,0.30125195618153366,0.32603596559812353,0.3265625,0.17017954722872755,0.30109204368174725,0.3016367887763055,0.20327102803738317,0.3019455252918288,0.3024883359253499,0.30303030303030304,0.17003105590062112,0.17067494181536075,0.3248062015503876,0.30286599535243997,0.20278637770897834,0.3248259860788863,0.32534775888717155,0.17065637065637065,0.1712962962962963,0.2027756360832691,0.325115562403698,0.325635103926097,0.17153846153846153,0.3259031514219831,0.32642089093702,0.3269378357636224,0.32745398773006135,0.17164750957854405,0.20214395099540583,0.3274674827850038,0.32798165137614677,0.3284950343773873,0.20229007633587787,0.3287566742944317,0.32926829268292684,0.17136329017517135,0.2024353120243531,0.32927756653992396,0.32978723404255317,0.20273348519362186,0.29742033383915023,0.20318423047763456,0.1712121212121212,0.2036336109008327,0.2972768532526475,0.3287981859410431,0.1714501510574018,0.3290566037735849,0.3295625942684766,0.3300678221552374,0.2033132530120482,0.17155756207674944,0.2962406015037594,0.20360631104432758,0.32957957957957956,0.29632408102025504,0.29685157421289354,0.3295880149812734,0.20359281437125748,0.3298429319371728,0.1711509715994021,0.29648991784914114,0.17164179104477612,0.3296047725577927,0.2965722801788376,0.1720029784065525,0.17261904761904762,0.20297397769516728,0.3291233283803863,0.2962138084632517,0.3293768545994065,0.32987398072646407,0.20296296296296296,0.29607698001480387,0.20340236686390534,0.3296378418329638,0.17208271787296897,0.2959409594095941,0.17256637168141592,0.29624170965364777,0.296759941089838,0.17292126563649743,0.3286764705882353,0.29684055841293167,0.2973568281938326,0.2978723404255319,0.29838709677419356,0.3282051282051282,0.2986822840409956,0.20190197512801755,0.32821637426900585,0.3287070854638422,0.17226277372262774,0.3289569657184537,0.3294460641399417,0.20174799708667152,0.3296943231441048,0.3301818181818182,0.20203488372093023,0.33042846768336964,0.3309143686502177,0.331399564902103,0.17173913043478262,0.331643736422882,0.3321273516642547,0.2957339117859725,0.33236994219653176,0.296028880866426,0.2012987012987013,0.29632299927901945,0.2017291066282421,0.17134629229661627,0.17194244604316547,0.29618979151689434,0.1724137931034483,0.20172290021536252,0.17288378766140602,0.17347670250896058,0.29584527220630374,0.3299928418038654,0.17381974248927037,0.29592566118656183,0.33,0.17416131334760884,0.29600570613409416,0.17462580185317178,0.3297720797720798,0.3302491103202847,0.17496443812233287,0.17555081734186212,0.29545454545454547,0.29595457771469125,0.29645390070921984,0.17576187101346563,0.29674220963172804,0.1762208067940552,0.32885431400282883,0.2968197879858657,0.297316384180791,0.17642907551164433,0.29760225669957685,0.17688513037350245,0.32816901408450705,0.3286418015482055,0.17721518987341772,0.19817287420941673,0.19873595505617977,0.32842105263157895,0.2966339410939691,0.19901892081289418,0.2969187675070028,0.1994401679496151,0.17692307692307693,0.19986023759608665,0.20041899441340782,0.29658060013956733,0.29707112970711297,0.32682926829268294,0.32729805013927576,0.3277661795407098,0.20027816411682892,0.17651146629603892,0.3277777777777778,0.20055517002081888,0.20110957004160887,0.2959112959112959,0.20152354570637118,0.29619377162629756,0.32710926694329184,0.32757429163787144,0.2962707182320442,0.3278122843340235,0.17586206896551723,0.17643004824259131,0.20110192837465565,0.32759807295251203,0.2015130674002751,0.29553264604810997,0.2960164835164835,0.20178448867536034,0.2962962962962963,0.2967786154900617,0.20205479452054795,0.3264887063655031,0.2968536251709986,0.20232399179767602,0.2028688524590164,0.29692832764505117,0.29740791268758526,0.3258350374914792,0.29768392370572205,0.20285908781484002,0.2979591836734694,0.3256288239292998,0.203125,0.20366598778004075,0.3256445047489824,0.2040677966101695,0.3258807588075881,0.2972241029113067,0.17388362652232747,0.325895875591616,0.32635135135135135,0.2970965563808238,0.3265856950067476,0.20364126770060686,0.204177897574124,0.2047138047138047,0.29676985195154776,0.2972427706792199,0.2977150537634409,0.2981867024848892,0.2986577181208054,0.32528504359490273,0.17292225201072386,0.2042866711319491,0.3253012048192771,0.20468227424749164,0.3255347593582888,0.3259853039412158,0.32643524699599463,0.3268845897264843,0.29733333333333334,0.2978014656895403,0.20439414114513982,0.2980705256154358,0.29853723404255317,0.29900332225913623,0.20451527224435592,0.32581287325812874,0.20490716180371352,0.17163684559310802,0.2052980132450331,0.2984778292521509,0.29894179894179895,0.29940515532055517,0.17173051519154559,0.32475247524752476,0.32519788918205805,0.3256427158866183,0.17193675889328064,0.32587228439763,0.3263157894736842,0.2984878369493754,0.1721419185282523,0.3263296126066973,0.20406824146981628,0.2983606557377049,0.20445609436435125,0.20497707924034053,0.2054973821989529,0.32570307390451275,0.3261437908496732,0.20574787720444154,0.206266318537859,0.32615786040443573,0.20664928292046936,0.2970684039087948,0.326171875,0.2973324658425504,0.2067620286085826,0.29759584145549056,0.17077922077922078,0.29785853341985724,0.20687418936446172,0.20738820479585224,0.2979274611398964,0.20776699029126214,0.32470892626131953,0.2979961215255333,0.29844961240310075,0.17043253712072304,0.29870967741935484,0.32430689877498386,0.17074742268041238,0.20734063103670317,0.20785070785070786,0.32411575562700967,0.2982005141388175,0.29865125240847784,0.2079589216944801,0.17062219371391918,0.17115384615384616,0.17168481742472774,0.29833546734955185,0.29878438899552145,0.29923273657289,0.29968051118210864,0.20753512132822477,0.32227185705169115,0.20790816326530612,0.32249840662842577,0.32292993630573247,0.20814767663908337,0.3231552162849873,0.29879211697393515,0.20838627700127066,0.32317460317460317,0.3236040609137056,0.17057704502219403,0.20849176172370087,0.3236225459151362,0.3240506329113924,0.20872865275142316,0.297724399494311,0.20909665192672142,0.20959595959595959,0.32365930599369086,0.29760403530895335,0.3238815374921235,0.17002518891687657,0.20956576463184393,0.3238993710691824,0.2972972972972973,0.17022613065326633,0.3239171374764595,0.32434127979924715,0.20940438871473355,0.32456140350877194,0.32498434564809014,0.29662077596996245,0.17010631644777988,0.296875,0.297314178638351,0.1704119850187266,0.17092950717404864,0.20885286783042395,0.32398753894080995,0.2970112079701121,0.29744866210329807,0.208955223880597,0.29770043505282784,0.2981366459627329,0.20918684047175667,0.20967741935483872,0.2982021078735276,0.298636926889715,0.29907120743034055,0.17017326732673269,0.20964749536178107,0.3220024721878863,0.3224212476837554,0.17037037037037037,0.17088217149907464,0.29839704069050554,0.2988293284041898,0.29926108374384236,0.17107692307692307,0.3216482164821648,0.17148125384142593,0.32186732186732187,0.17188459177409454,0.3220858895705521,0.17228694052728388,0.20833333333333334,0.29822412737293325,0.2086903304773562,0.3217125382262997,0.2982885085574572,0.29871716554673183,0.29914529914529914,0.1720561317876754,0.299390243902439,0.1724558196221816,0.3209500609013398,0.2994522215459525,0.29987834549878345,0.17264437689969606,0.2077764277035237,0.3205828779599271,0.32099514563106796,0.17283201940570042,0.20787878787878789,0.3210175651120533,0.2990314769975787,0.29945553539019965,0.2998790810157195,0.3003021148036254,0.20772946859903382,0.3204586602293301,0.3208685162846803,0.20795660036166366,0.32108433734939756,0.29981938591210117,0.20818291215403129,0.3211064341551413,0.3215144230769231,0.2996996996996997,0.30012004801920766,0.3005398920215957,0.3009592326139089,0.3211503894547633,0.3215568862275449,0.32196289646918014,0.3223684210526316,0.3006575014943216,0.17084826762246116,0.32238805970149254,0.32279236276849643,0.32319618366129993,0.32359952324195473,0.20667063728409768,0.3238095238095238,0.3242117787031529,0.32461355529131986,0.2994652406417112,0.2998812351543943,0.3002967359050445,0.17022538552787664,0.3242442205097807,0.3246445497630332,0.1705150976909414,0.20591715976331362,0.29982259018332347,0.20626477541371158,0.3000590667454223,0.2066115702479339,0.20707964601769913,0.32370283018867924,0.29994107248084856,0.3003533568904594,0.3007651559741024,0.30117647058823527,0.30158730158730157,0.3019976498237368,0.20669406928948914,0.3227699530516432,0.32316715542521995,0.3018757327080891,0.20679554774458114,0.3231850117096019,0.323581041544763,0.20701754385964913,0.2074810052600818,0.20794392523364486,0.2084063047285464,0.16861143523920655,0.2087463556851312,0.3006993006993007,0.168899242865463,0.2089639115250291,0.2094240837696335,0.3005813953488372,0.16908773968622895,0.3008130081300813,0.1694718514219385,0.30104408352668216,0.20927536231884059,0.16975666280417148,0.1702374059061957,0.30092592592592593,0.32041642567958356,0.2092485549132948,0.32062391681109187,0.20958429561200922,0.1702250432775534,0.3206459054209919,0.20979827089337175,0.21025345622119815,0.3206678180771445,0.2997698504027618,0.21046578493387005,0.3,0.30040206777713957,0.21067738231917335,0.32013769363166955,0.30045871559633025,0.16962750716332378,0.21076746849942726,0.31997710360618203,0.21109839816933637,0.32018296169239563,0.32057142857142856,0.2998286693318104,0.1695205479452055,0.1699942954934398,0.2998859749144812,0.32022792022792024,0.3206150341685649,0.17017643710870803,0.32081911262798635,0.3212052302444571,0.21022727272727273,0.32140829074389554,0.29909194097616343,0.17016449234259784,0.21031746031746032,0.3212464589235127,0.32163080407701017,0.298811544991511,0.3218325791855204,0.21028829847371397,0.29887005649717513,0.16996047430830039,0.3216704288939052,0.17033276931754088,0.2987598647125141,0.21014084507042252,0.21058558558558557,0.21102982554867755,0.3211473565804274,0.21135469364811693,0.32134831460674157,0.2981471083660865,0.29854096520763185,0.16993830622546272,0.29876681614349776,0.21120448179271709,0.2989921612541993,0.21152770005595972,0.2992170022371365,0.320290665176076,0.3206703910614525,0.2992741485203797,0.21149553571428573,0.16954824316787506,0.32051282051282054,0.32089136490250697,0.16982182628062362,0.21146355036171396,0.32091212458286983,0.32128960533629797,0.29833333333333334,0.169905607995558,0.2985571587125416,0.29894620077648365,0.32095343680709537,0.32132963988919666,0.32170542635658916,0.29883785279468733,0.3219026548672566,0.32227750138197897,0.2988950276243094,0.1695196024295969,0.29911699779249445,0.16988416988416988,0.3219404630650496,0.32231404958677684,0.20980176211453744,0.21023665382498624,0.21067106710671066,0.21110500274876307,0.321978021978022,0.2981878088962109,0.21130625686059276,0.2984092155787164,0.2987938596491228,0.32164383561643833,0.29901423877327493,0.2112753147235906,0.29923413566739604,0.21159103335155824,0.32131147540983607,0.21190606226105954,0.21233624454148473,0.32133115111838517,0.16848418756815703,0.3215258855585831,0.2984749455337691,0.21230266739248776,0.2986942328618063,0.32137030995106036,0.16847826086956522,0.21238457360130364,0.32138979370249726,0.3217580032555616,0.16865509761388287,0.16910569105691056,0.2979414951245937,0.29832160259880885,0.32142857142857145,0.16928069226608977,0.2983783783783784,0.29875742841707187,0.2991360691144708,0.211548839719374,0.2993527508090615,0.29973045822102423,0.16918103448275862,0.3204092622509424,0.2997847147470398,0.300161377084454,0.21129032258064517,0.3202579258463192,0.21160042964554243,0.32045088566827695,0.2119098712446352,0.2123324396782842,0.2995712754555198,0.21264059989287626,0.29978586723768735,0.31995719636169073,0.21283422459893048,0.21325494388027794,0.31997863247863245,0.16817939135077417,0.32017075773745995,0.2992,0.32036247334754797,0.32072456046883324,0.3210862619808307,0.21287919105907396,0.298936170212766,0.2993088782562467,0.29968119022316686,0.21295804567180032,0.3205944798301486,0.21326259946949602,0.21367974549310711,0.21409644939056705,0.2145127118644068,0.29910005293806247,0.29947089947089944,0.29984135378106824,0.21458773784355178,0.3000528262017961,0.3194297782470961,0.16675461741424802,0.30010548523206754,0.30047443331576174,0.30084299262381453,0.30121116377040547,0.30157894736842106,0.2140978432403998,0.3017875920084122,0.3184445612191277,0.31880252100840334,0.31916010498687664,0.31951731374606507,0.3015207131620346,0.319706498951782,0.30172865374541646,0.3020942408376963,0.21350078492935637,0.3023012552301255,0.1657083115525353,0.16614420062695925,0.3023498694516971,0.16649269311064718,0.16692749087115286,0.3023983315954119,0.167274622199062,0.3026041666666667,0.30296720458094745,0.30332986472424556,0.3036921476859074,0.30405405405405406,0.21246753246753247,0.304257528556594,0.3046185781006746,0.3049792531120332,0.30533955417314673,0.316580310880829,0.16675297773174522,0.3167701863354037,0.16709777547853077,0.21199586349534644,0.31679586563307494,0.3047520661157025,0.2121837893649974,0.21259029927760578,0.21299638989169675,0.30463917525773193,0.3049974240082432,0.21318228630278063,0.30519814719505917,0.21347736625514405,0.30539845758354756,0.3057553956834532,0.16640986132511557,0.2135523613963039,0.3150333504361211,0.3153846153846154,0.16658124038954383,0.3155737704918033,0.3051715309779826,0.1668372569089048,0.3156010230179028,0.16717791411042945,0.21308124680633622,0.304902962206333,0.3052577845839714,0.3153061224489796,0.30545639979602246,0.1671763506625892,0.16760061130922058,0.3054989816700611,0.16793893129770993,0.1683621566632757,0.30554143365531267,0.16869918699186992,0.3143727780599289,0.21218274111675126,0.3145611364789447,0.31490872210953347,0.30511910795742525,0.30547112462006076,0.3149367088607595,0.3152834008097166,0.16843702579666162,0.30535894843276035,0.1687721071248105,0.3151515151515151,0.3154972236244321,0.30524722502522705,0.16893595562279376,0.30544354838709675,0.31536523929471033,0.2109768378650554,0.30548565676899847,0.2112676056338028,0.3152337858220211,0.3155778894472362,0.3159216474133601,0.1686746987951807,0.3161063723030607,0.3164493480441324,0.16892230576441103,0.3046092184368738,0.21081622433650477,0.3163163163163163,0.3046523261630815,0.169,0.31634182908545727,0.3166833166833167,0.2106839740389416,0.21107784431137724,0.1690773067331671,0.3165503489531406,0.3039362232187344,0.3042828685258964,0.16923842707814835,0.16965174129353233,0.21084037792143212,0.31610337972166996,0.3164431197218082,0.21102284011916583,0.31662531017369727,0.3169642857142857,0.16955875061973227,0.21110009910802774,0.316988608221892,0.21138613861386138,0.30282038594755073,0.31701285855588524,0.2115669797330697,0.3028656126482213,0.31703703703703706,0.16929911154985192,0.21164282190429207,0.3170611439842209,0.3173977328733366,0.3024630541871921,0.3175775480059084,0.16929133858267717,0.3177570093457944,0.31809242871189775,0.31842751842751843,0.2111984282907662,0.21158566519391261,0.3184494602551521,0.21186856302108878,0.2122549019607843,0.3184713375796178,0.21253672869735554,0.3186490455212922,0.31898238747553814,0.1687041564792176,0.30058651026392963,0.30092818759159745,0.1689453125,0.1693509028794534,0.31853658536585366,0.1696733300828864,0.300682261208577,0.3010228933268388,0.16991236611489777,0.3182481751824818,0.3010700389105058,0.1701507049100632,0.3012633624878523,0.17047110247693054,0.2111650485436893,0.3178068898592916,0.3181377303588749,0.31846825012118274,0.3187984496124031,0.21113801452784503,0.31897386253630206,0.3193033381712627,0.3002901353965184,0.17013049782503625,0.31932367149758456,0.3196523418638339,0.2109073359073359,0.31982633863965265,0.29990356798457085,0.32,0.3203275529865125,0.29995185363505056,0.3205004812319538,0.1697931697931698,0.1701923076923077,0.21047573282075924,0.32036503362151775,0.299567930868939,0.17034548944337813,0.2997601918465228,0.17066155321188878,0.17105893627216098,0.31992337164750956,0.2996649114408808,0.3,0.3199426111908178,0.3202676864244742,0.3000477783086479,0.3204393505253104,0.30023866348448686,0.20944656488549618,0.32045779685264664,0.3207816968541468,0.17055740828966173,0.3,0.3207996192289386,0.30019029495718363,0.20922491678554447,0.30038022813688214,0.3007125890736342,0.3010446343779677,0.20930232558139536,0.3012333965844402,0.3015647226173542,0.3018957345971564,0.17006158218853623,0.3020833333333333,0.31945101751064836,0.3197729422894986,0.1702127659574468,0.20888468809073724,0.20925838450637696,0.31964117091595845,0.3015573383671543,0.3018867924528302,0.31966053748231965,0.3199811498586239,0.32030146019783323,0.301789077212806,0.30211764705882355,0.20884289746001883,0.32016925246826516,0.20911654135338345,0.20948802254579615,0.3018779342723005,0.20976067573908963,0.16932457786116323,0.21003281762775433,0.31958762886597936,0.3016393442622951,0.3197565543071161,0.30182498830135707,0.3021515434985968,0.2099111734455353,0.1691588785046729,0.3194768799626343,0.30205415499533145,0.16938870741950537,0.20988805970149255,0.3020979020979021,0.21015843429636533,0.21052631578947367,0.31890130353817503,0.30200093066542577,0.21069767441860465,0.31892143189214317,0.3020446096654275,0.3190896423594984,0.3022284122562674,0.21067285382830628,0.21103896103896103,0.30227167362076957,0.3025949953660797,0.16859657248726262,0.2111111111111111,0.2114761684405368,0.211840888066605,0.21220527045769763,0.21256931608133087,0.3020785219399538,0.16851338873499538,0.3174896169820028,0.30212177121771217,0.21254034117104656,0.30230414746543777,0.3026255181943805,0.1685082872928177,0.1688909341923608,0.3169273229070837,0.3025287356321839,0.3170955882352941,0.3027101515847497,0.3172635445362718,0.16888480954566315,0.3174311926605505,0.30261348005502064,0.3175985334555454,0.3179111314704535,0.30265567765567764,0.211441647597254,0.21180237877401648,0.3177869227251943,0.30255941499085925,0.16857012334399268,0.1689497716894977,0.21177544500228207,0.16925182481751824,0.3173734610123119,0.30218778486782133,0.21184510250569477,0.3173952641165756,0.31770596267637685,0.16924476797088261,0.3178717598908595,0.3181818181818182,0.16946842344388915,0.16984559491371481,0.2115297321833863,0.2118874773139746,0.3179138321995465,0.3182230281051677,0.31853194381513367,0.3188405797101449,0.3191489361702128,0.3004524886877828,0.31931252826775214,0.31962025316455694,0.2114776321735201,0.3003613369467028,0.30067720090293454,0.21164259927797835,0.2119981957600361,0.3007213706041479,0.3010365029292474,0.21216216216216216,0.31877532642953627,0.3190819081908191,0.16869095816464239,0.16906474820143885,0.21213483146067416,0.3005390835579515,0.3008531656937584,0.2122980251346499,0.3010318528488111,0.16905829596412555,0.31824294038547735,0.3010752688172043,0.16927899686520376,0.30125335720680396,0.3181208053691275,0.16949910554561717,0.3012963790791238,0.31814119749776587,0.30147387226440375,0.21160714285714285,0.21195894689870592,0.3015165031222123,0.301827909050379,0.16934046345811052,0.3175946547884187,0.21193232413178986,0.3177570093457944,0.3016014234875445,0.1694086260560249,0.212,0.30164371390493117,0.3019538188277087,0.16955170883266754,0.31721384205856257,0.16984478935698447,0.1702127659574468,0.17058041648205582,0.21169176262178918,0.31695440460380697,0.3172566371681416,0.17072091994692615,0.31741821396993813,0.3177198409191339,0.31802120141342755,0.21147902869757174,0.2118270079435128,0.3180414644905161,0.3002645502645503,0.3005729396209784,0.2118942731277533,0.21224130339057684,0.31778169014084506,0.30048394192696876,0.21240105540897097,0.3178021978021978,0.2126537785588752,0.31796223100570925,0.30026338893766463,0.16981132075471697,0.30043859649122806,0.21262604120999562,0.21297107800175286,0.3004818221638195,0.30078809106830123,0.16980306345733043,0.31714785651793526,0.30083078268473984,0.3173076923076923,0.31760594145915244,0.30087336244541485,0.3011785246617198,0.212478184991274,0.3174880069777584,0.21272885789014823,0.3176470588235294,0.3009581881533101,0.31780583369612536,0.30113141862489123,0.21270117442366246,0.30130434782608695,0.31768796175575836,0.3014769765421373,0.2127659574468085,0.3016493055555556,0.3019522776572668,0.31743278404163056,0.2128305158214131,0.3175909878682842,0.31788653096578606,0.3181818181818182,0.3184768498485504,0.3187716262975779,0.31906614785992216,0.31936041486603284,0.30107991360691144,0.31951640759930916,0.16788951230038843,0.3011216566005177,0.3014230271668823,0.31939655172413794,0.16803102111158982,0.21188630490956073,0.30133448127421436,0.3192771084337349,0.1681720430107527,0.16852966466036112,0.21186076493339062,0.31915807560137455,0.3194504079003864,0.21201716738197424,0.3196053196053196,0.21226415094339623,0.31975996570938703,0.32005141388174807,0.21241970021413276,0.3202054794520548,0.29995721009841675,0.1680923866552609,0.3202223172295853,0.32051282051282054,0.32080307560871424,0.3210930828351836,0.29961587708066584,0.3212457337883959,0.3215351812366738,0.3218243819266837,0.3221133361738389,0.2994037478705281,0.3222647935291613,0.2995744680851064,0.16758826031475968,0.32227891156462585,0.32256693582660434,0.32285471537807986,0.2110403397027601,0.29923599320882854,0.32286805260924906,0.21119592875318066,0.32301822806273844,0.3233050847457627,0.2990258365099534,0.32345469940728194,0.29919593736775285,0.16708967851099832,0.21099365750528543,0.32333051563820797,0.3236163920574567,0.32390202702702703,0.2988602785985648,0.3240506329113924,0.3243357233234922,0.3246205733558179,0.324905183312263,0.2986520640269587,0.32505263157894737,0.2988215488215488,0.16659655027345394,0.32506307821698904,0.3253467843631778,0.32563025210084034,0.16673666526669467,0.29848866498740556,0.3256399496433068,0.20973154362416108,0.29853249475890986,0.3256496227996647,0.2987012987012987,0.2989949748743719,0.32565927166178316,0.2096234309623431,0.20995399414470933,0.29891304347826086,0.2101964061847054,0.3253968253968254,0.325678496868476,0.2988313856427379,0.32582394659991654,0.29899916597164305,0.21008753647353065,0.3258333333333333,0.21032902957101207,0.21065778517901748,0.16562630045776114,0.21089850249584027,0.21122661122661124,0.3254364089775561,0.2982966348151226,0.29858803986710963,0.298879202988792,0.16556016597510373,0.2990460389879718,0.29933665008291876,0.21094073767094904,0.2995028997514499,0.29979296066252586,0.30008278145695366,0.3243690525444766,0.32464846980976014,0.21083092186854072,0.3247933884297521,0.16522098306484923,0.32493806771263417,0.3252166735451919,0.3254950495049505,0.2107216494845361,0.325638911788953,0.29913473423980225,0.21087314662273476,0.3256484149855908,0.2111111111111111,0.16495269436445906,0.2989309210526316,0.16522811344019728,0.32539030402629415,0.29897330595482546,0.29926108374384236,0.2109150594993845,0.32526661197703033,0.2993029930299303,0.21106557377049182,0.3252765260139287,0.32555282555282555,0.2992222677036431,0.32569558101472995,0.3259713701431493,0.16475878986099754,0.3261136085002043,0.3263888888888889,0.2988975091874234,0.32653061224489793,0.16483068135454917,0.3266721044045677,0.1651039543416225,0.32681336593317034,0.3270875763747454,0.16530944625407165,0.29833129833129834,0.2986167615947925,0.2989019926799512,0.2097560975609756,0.29906542056074764,0.32656376929325753,0.29922858302882666,0.20982142857142858,0.29939148073022315,0.21005677210056772,0.21037697608431294,0.2994327390599676,0.32604293236127985,0.29959514170040485,0.2998785916632942,0.30016181229773464,0.21027092600080874,0.3003233629749394,0.2105050505050505,0.21082390953150243,0.30036334275333065,0.3252623083131558,0.16417910447761194,0.16451612903225807,0.3252720677146312,0.30016116035455276,0.16472009665726944,0.3003220611916264,0.3006036217303823,0.21037811745776347,0.3007639726578207,0.21061093247588425,0.3009240658899156,0.1646586345381526,0.3010839020473705,0.16492776886035312,0.3241075010028079,0.30112269446672013,0.21042084168336672,0.30128205128205127,0.3239887865438526,0.30144115292233786,0.3017206882753101,0.1648,0.32387045181927226,0.1650679456434852,0.21014782261286455,0.3238817891373802,0.21037924151696608,0.3240223463687151,0.3242919824491424,0.21052631578947367,0.32443204463929853,0.21075697211155378,0.30067702110712863,0.30095541401273884,0.301233585356148,0.16467780429594273,0.21073558648111332,0.3239268680445151,0.32419547079856975,0.164813343923749,0.3243350535926955,0.3007936507936508,0.21063070210234033,0.3009516256938937,0.30122869599682917,0.30150554675118857,0.3017821782178218,0.3020585906571655,0.16462208151958843,0.3235759493670886,0.3238434163701068,0.3019762845849802,0.32398261556696956,0.30213270142180093,0.1646269245953415,0.3022888713496448,0.16489151873767258,0.16522082018927445,0.3023255813953488,0.16548463356973994,0.32335565183142967,0.30236220472440944,0.3234946871310508,0.3025177025963808,0.20920173023987415,0.3235062893081761,0.3025540275049116,0.3236449332285939,0.32391048292108365,0.3025902668759812,0.1651628089446842,0.20901960784313725,0.32379459035672287,0.32405956112852663,0.30238934586760674,0.30266249021143304,0.30293542074363994,0.20892018779342722,0.3030895580758702,0.3033620015637217,0.16490816725283314,0.165234375,0.3233112065599375,0.16549570647931303,0.20873975809598128,0.3233229329173167,0.30292397660818715,0.16562743569758379,0.20880405142189326,0.3029595015576324,0.2090307512650837,0.3229571984435798,0.323220536756126,0.3234836702954899,0.32374659930042754,0.1655011655011655,0.20893203883495146,0.32375776397515527,0.30228948389600313,0.2090768037238169,0.3024428072896472,0.20930232558139536,0.3025958930647036,0.20952749806351664,0.3232675183894696,0.20975232198142416,0.30251450676982594,0.302784222737819,0.20989563200618477,0.3029366306027821,0.3032058709926613,0.30347490347490347,0.3226553454264763,0.3229166666666667,0.3035094485152333,0.3037779491133385,0.3040462427745665,0.30431432973805855,0.3226800154023874,0.3044649730561971,0.20931127356675644,0.3046153846153846,0.304882737408689,0.3051498847040738,0.20937379946215906,0.32219662058371734,0.30518234165067176,0.20951650038372985,0.20981971614883008,0.3220858895705521,0.32234572633192793,0.3049808429118774,0.3224818077364994,0.32274119448698313,0.32300038270187525,0.3048967100229533,0.2095602294455067,0.32301223241590216,0.32327092090179593,0.3048128342245989,0.3050782741504391,0.20954198473282443,0.30522701259061424,0.32303585049580474,0.16279069767441862,0.3231707317073171,0.32342857142857145,0.32368621477532367,0.323943661971831,0.3047945205479452,0.3050589577786231,0.3053231939163498,0.20904599011782593,0.2093465045592705,0.20964679073300418,0.3052391799544419,0.3055028462998102,0.3232169954476479,0.3056503602578688,0.30591357088703564,0.306176582038651,0.3231060606060606,0.32336236274138586,0.2093111279333838,0.16193719258418462,0.16225416036308624,0.32325141776937616,0.20937263794406652,0.3056290139780884,0.32326283987915405,0.16232540581351454,0.32339622641509436,0.3055450773293097,0.1625188536953243,0.3234074632491519,0.3055764883195177,0.30583804143126175,0.20896084337349397,0.3232969514490026,0.3058690744920993,0.209101165851824,0.3233082706766917,0.3059000375798572,0.1622839969947408,0.3233195644010514,0.20908408408408408,0.20938086303939962,0.32333083270817703,0.20959880014998125,0.16229385307346328,0.3233420756837767,0.3235955056179775,0.32384874578809436,0.3241017964071856,0.16236438458660682,0.2094240837696335,0.2097196261682243,0.3239910313901345,0.32424355621964884,0.3244958924570575,0.20977976857036207,0.21007462686567163,0.3039910481163745,0.3042505592841163,0.1621319418561312,0.21013412816691504,0.3240223463687151,0.3041697691734922,0.210271678451805,0.3240327380952381,0.3242841204908888,0.32453531598513014,0.3247863247863248,0.16196136701337296,0.32491645005569997,0.32516703786191536,0.325417439703154,0.3034124629080119,0.20986281053021877,0.30355819125277983,0.3038162282326788,0.16185185185185186,0.3250647908182155,0.3253145817912657,0.2097669256381798,0.3254437869822485,0.3256931608133087,0.16186252771618626,0.2098263760620613,0.2101181683899557,0.32558139534883723,0.32583025830258305,0.30284028033935817,0.16187315634218288,0.3258385551050498,0.32608695652173914,0.16206261510128914,0.32621502209131076,0.326463010673537,0.16225165562913907,0.302317028319235,0.20955882352941177,0.3263506063947078,0.3265980896399706,0.3268453911127433,0.20961820851688692,0.16220183486238532,0.3268525311812179,0.3270993766043271,0.30168621700879766,0.3019421033345548,0.3021978021978022,0.3024533138044672,0.32686676427525624,0.3025978777899744,0.3269934162399415,0.3272394881170018,0.32748538011695905,0.1618560467665327,0.16216216216216217,0.3023001095290252,0.20875912408759123,0.3024443633710325,0.3026987600291758,0.20889537003281078,0.3268950437317784,0.1621129326047359,0.2090313182811362,0.2093192573716782,0.30240174672489084,0.2095307384503456,0.3265454545454545,0.20974191203198836,0.1620639534883721,0.3265528514347984,0.20987654320987653,0.3019963702359347,0.3265602322206096,0.16213275299238303,0.20993473531544599,0.32656759695541865,0.21014492753623187,0.30170228178196307,0.3265749456915279,0.1621425986246833,0.3267004341534009,0.21012658227848102,0.32682574114244395,0.30140946873870617,0.16221098265895953,0.326832791621524,0.30144404332129965,0.326957776975821,0.16233766233766234,0.30147854309412186,0.32696467195385726,0.16252252252252253,0.3270893371757925,0.30140439323010443,0.32721382289416845,0.301547319179561,0.16258992805755396,0.209277238403452,0.3015815959741193,0.3018325547969817,0.3020833333333333,0.16265709156193897,0.3022254127781766,0.2091855041263007,0.30236728837876614,0.3026174256005737,0.30286738351254483,0.3031171623074167,0.16260744985673353,0.3032581453634085,0.3035075161059413,0.16279069767441862,0.30364806866952787,0.3038970325348588,0.3252323087919943,0.16291532690246516,0.32535714285714284,0.3255980007140307,0.3037116345467523,0.20834819835890117,0.3256062767475036,0.3037433155080214,0.20848182466143977,0.3256145350908443,0.32585470085470086,0.3260946956212175,0.32633451957295373,0.30345072927783706,0.16251778093883357,0.3035904728048347,0.326226012793177,0.32646536412078153,0.2080965909090909,0.20837770678026268,0.3034066713981547,0.3263568641362185,0.1624113475177305,0.20843672456575682,0.32636428065201983,0.30322352107686856,0.30347025495750707,0.16247787610619469,0.3036093418259023,0.3038556773965334,0.16265912305516267,0.303994344291269,0.16289752650176678,0.16319321794418934,0.3255649717514124,0.30391810801270736,0.3256880733944954,0.30405643738977073,0.30430183356840623,0.16320056397603103,0.3044397463002114,0.3046847481507573,0.32535211267605635,0.32558958113340375,0.2072484166080225,0.3257122757650369,0.20745428973277075,0.20773286467486818,0.325720309205903,0.20793818054092025,0.20821629213483145,0.3257283257283257,0.32596491228070174,0.20834794808839005,0.32608695652173914,0.30354013319313006,0.16257883672039244,0.30367775831873906,0.16281512605042017,0.3258662933146657,0.30370888733379986,0.30395243091990204,0.3041958041958042,0.20796924152394267,0.3256464011180992,0.32588194201886134,0.20810055865921787,0.20837696335078534,0.30390788555478015,0.3041506801534705,0.3043933054393305,0.20843499477169747,0.3254355400696864,0.32567049808429116,0.20856545961002784,0.3042116254785938,0.16214335421016005,0.20869565217391303,0.325452016689847,0.30413625304136255,0.20882557331480195,0.30427231677665856,0.30451388888888886,0.3047552933009372,0.208882720333102,0.20915712799167535,0.3248959778085992,0.32512998266897747,0.30457380457380456,0.30481468652580535,0.32513850415512463,0.30494980962270685,0.30519031141868513,0.32514700795572465,0.30532503457814664,0.3252678880055306,0.20870767104353835,0.20898100172711573,0.20925414364640885,0.3251639627200552,0.3253968253968254,0.30493273542600896,0.30517241379310345,0.3054119269217511,0.3056512749827705,0.3251808473992422,0.16081267217630854,0.30567986230636834,0.1610461114934618,0.32507739938080493,0.3253094910591472,0.32554142316947404,0.1611683848797251,0.20851940913775335,0.30528846153846156,0.3055269481634054,0.20864790665751545,0.32521440823327613,0.3055555555555556,0.32533424751456974,0.30568882796435914,0.30592668722165123,0.3061643835616438,0.3252310852447792,0.3062970568104038,0.20834758809442352,0.32523939808481533,0.20854700854700856,0.2088174982911825,0.20908780321147932,0.30601092896174864,0.3062478661659269,0.2092150170648464,0.32480382122142615,0.20941336971350613,0.30617115581316057,0.1601908657123381,0.20954003407155025,0.3061989100817439,0.30643513789581206,0.1603131381892444,0.20959510037427698,0.3064625850340136,0.20979258755525332,0.3239292997960571,0.3241590214067278,0.32438858695652173,0.32461799660441426,0.32484725050916496,0.16016287750254496,0.324966078697422,0.32519498134961006,0.3254237288135593,0.1602846492714334,0.20934959349593496,0.32543176430748394,0.3256601218686527,0.30524534686971233,0.3257780784844384,0.3260060872505918,0.3262339418526031,0.32646164244677256,0.16013513513513514,0.20905099628503884,0.3264686022957461,0.3266959163010462,0.30465587044534415,0.32681281618887015,0.20903573836817263,0.3269295584765757,0.20923180592991913,0.30447962276860896,0.3269360269360269,0.20935711881521374,0.32705248990578734,0.30440632357887654,0.20948217888365836,0.30453781512605044,0.30477150537634407,0.3050050386294928,0.30523841504365345,0.15944947969117154,0.32651006711409397,0.3052666890305267,0.3054996646545942,0.20918538384177002,0.32640750670241286,0.20938023450586266,0.3054253181513731,0.3264144626715768,0.3055555555555556,0.32653061224489793,0.2093645484949833,0.3055834169174189,0.20955882352941177,0.20982292014700968,0.3263193052772211,0.32654424040066776,0.20994659546061414,0.21021021021021022,0.32655103402268176,0.32677559186395466,0.305,0.21026324558480505,0.326782145236509,0.305028305028305,0.32689747003994674,0.2103161397670549,0.3050565535595476,0.305287662121716,0.15824468085106383,0.30541708208707213,0.21029900332225915,0.3264696114247758,0.3054448871181939,0.32658479920345174,0.21035169210351692,0.21061359867330018,0.3265915119363395,0.305270135896586,0.3055003313452618,0.21066578337197747,0.21092715231788078,0.30552797087057265,0.21111846459298478,0.30565663248428715,0.3058862433862434,0.30611570247933884,0.3258426966292135,0.3260654112983152,0.32628797886393657,0.32651039947177285,0.15742574257425743,0.15770372814252723,0.21075197889182057,0.21101219914276295,0.3055372445616348,0.3057660626029654,0.15777338603425559,0.3259795851168917,0.32620144832126396,0.2109246462652188,0.3055921052631579,0.30582045379809275,0.3060486522024984,0.15773907328294445,0.3061760840998686,0.21083743842364533,0.21109652002626395,0.3255661306202822,0.3061023622047244,0.325680551000328,0.21114754098360655,0.30612913798754504,0.15760157273918743,0.3062561415001638,0.2111984282907662,0.30638297872340425,0.325261780104712,0.21131828590121032,0.15761935905820798,0.3252696959790781,0.15784313725490196,0.15811826200588044,0.15839320705421292,0.32517140058765914,0.32539164490861616,0.32561174551386624,0.3056099151989563,0.21095533094228888,0.3057366362451108,0.3255131964809384,0.3257328990228013,0.325952458482579,0.2109375,0.21119427269768956,0.2114508783344177,0.3053658536585366,0.305591677503251,0.30581735456613585,0.15789473684210525,0.15816823644040273,0.30584415584415586,0.3060694579681921,0.1583387410772226,0.1586117418099254,0.21108949416342412,0.32479740680713126,0.30589760207388206,0.15873015873015872,0.15900259067357514,0.32470055033991585,0.21100323624595468,0.21125849239728242,0.32470892626131953,0.3055286129970902,0.30575307045895284,0.21130856219709207,0.3246124031007752,0.15886341620923475,0.3247256294383473,0.3249435301710229,0.21129032258064517,0.32505643340857787,0.3052869116698904,0.3251691911053819,0.30541237113402064,0.15877616747181963,0.2112041210560206,0.21145799806887672,0.21171171171171171,0.3052428433579929,0.3054662379421222,0.211828993892639,0.3055912596401028,0.21201413427561838,0.3243416827231856,0.21219903691813805,0.3055198973042362,0.30574270131536735,0.15843489416292494,0.15870471304905417,0.3057692307692308,0.21211150272348606,0.3058936579115951,0.30611591418507844,0.1587708066581306,0.15904,0.32341650671785027,0.2120243044451551,0.3235294117647059,0.3058485139022052,0.21214057507987222,0.3059725327371447,0.3061941251596424,0.3064155761251197,0.3232291001914486,0.3065390749601276,0.21205357142857142,0.3232387631495059,0.3065646908859146,0.3233513857916534,0.30668789808917196,0.30690862782553324,0.21196690006365373,0.32325803372573975,0.30693384223918574,0.3233704292527822,0.32358550540368725,0.32380044486812837,0.306861499364676,0.307081613210543,0.3073015873015873,0.15804506505871152,0.21161167512690354,0.2118617189977799,0.3072289156626506,0.2120443740095087,0.21229404309252217,0.3072537218878682,0.30747308423052566,0.32288698955365625,0.3231012658227848,0.32331540651692503,0.15781151170145477,0.30730319317104016,0.15802781289506954,0.15829383886255924,0.15855969677826912,0.3230186296179349,0.3071338383838384,0.2117387188387504,0.30725552050473187,0.1586250394197414,0.21185372005044137,0.3227229751024267,0.3229363579080025,0.21196850393700786,0.30698992443324935,0.32294617563739375,0.30711139081183136,0.21201635734507707,0.3072327044025157,0.21219742219427853,0.3227529855436832,0.3072573044297832,0.21231155778894473,0.21255886970172685,0.15819209039548024,0.1584562284279887,0.3224592220828105,0.30699278770774535,0.3072100313479624,0.1585709808837355,0.3223684210526316,0.3225806451612903,0.21227301189730746,0.15868544600938966,0.3069461827284105,0.2123866124491711,0.21263289555972484,0.21287902469521724,0.306875,0.21305841924398625,0.21330418488444722,0.32188573212613175,0.32209737827715357,0.21341653666146645,0.32220835932626324,0.1584034923604615,0.3064214463840399,0.30663758180118417,0.1585669781931464,0.15882902522578635,0.30666251556662516,0.15904139433551198,0.3067828251400124,0.159253499222395,0.3069029850746269,0.30711843332297173,0.3213175885643257,0.30723827275551413,0.30745341614906835,0.21266687364172618,0.32122905027932963,0.21284517530251318,0.3213399503722084,0.30728682170542637,0.30750154990700557,0.3213511000929656,0.3076208178438662,0.30783524310932175,0.32136222910216716,0.3079541937480656,0.30816831683168316,0.3213733374574698,0.15862708719851576,0.2123647604327666,0.32138442521631644,0.21254247760271858,0.30790611488573194,0.321395492435937,0.15864197530864196,0.30792965134217837,0.15885256014805677,0.3080481036077706,0.2123921085080148,0.3211093990755008,0.1589648798521257,0.32121958731136435,0.15917487684729065,0.2123730378578024,0.21261538461538462,0.30759766225776686,0.21279212792127922,0.30771595450353517,0.3079287031346036,0.15913978494623657,0.32063882063882065,0.3208474055879644,0.3210558624923266,0.15925130408100643,0.3076687116564417,0.15946028825513647,0.15971796443899447,0.3076923076923077,0.3079044117647059,0.15987748851454825,0.1601347213717085,0.3204775022956841,0.32068543451652387,0.32089323952278986,0.3211009174311927,0.32130846835830024,0.21179706601466994,0.21203788573174456,0.3072693952351863,0.30748091603053435,0.21214896214896214,0.30759841318278913,0.21232458816351435,0.3208295211954864,0.3076219512195122,0.30783297775068574,0.3080438756855576,0.15961011270179715,0.21224116930572473,0.3080669710806697,0.21241631162507607,0.30818375418314575,0.32025547445255476,0.32046214654910304,0.32066869300911854,0.32087511394712853,0.3210814094775213,0.321287579714546,0.15938069216757741,0.32139605462822457,0.32160194174757284,0.32180770397330904,0.32201334141904187,0.32221885419824187,0.30727272727272725,0.159345652832475,0.32222895215021197,0.30729639721465335,0.3223365617433414,0.1594553706505295,0.32244404113732605,0.3226489265195041,0.32285368802902054,0.15956482320942883,0.30694864048338366,0.307157958320749,0.3227657004830918,0.1596740114699668,0.3228726614363307,0.3230769230769231,0.3232810615199035,0.21073258968947844,0.32338758288125374,0.32359144320578487,0.3066265060240964,0.32369768142125865,0.30674292594822394,0.3069515498043936,0.3071600481347774,0.1593984962406015,0.32351172579675286,0.3071836489329727,0.32361778846153844,0.307299489336137,0.3075075075075075,0.3077154007805464,0.1593637454981993,0.3234323432343234,0.3077384523095381,0.32353823088455774,0.3237410071942446,0.323943661971831,0.2097064110245656,0.20994309673554956,0.21017964071856288,0.30739299610894943,0.15918611609814481,0.32366138199222255,0.32386363636363635,0.32406576980568014,0.30723251643753735,0.30743949805796233,0.20997610513739545,0.30755449387876976,0.3238805970149254,0.3076693524321098,0.32398568019093077,0.15896212347151803,0.3240906380441264,0.32429210134128167,0.32449344457687723,0.20971105153410782,0.32459797498511017,0.3247990473355165,0.30714285714285716,0.3249033025885153,0.30725758477096965,0.30746357418971154,0.3076694411414982,0.1586924219910847,0.20944741532976827,0.3076923076923077,0.3245249406175772,0.15880083110715346,0.20949554896142433,0.32453277959062593,0.20966785290628706,0.307441446783279,0.3245406046235922,0.15881481481481483,0.20971563981042654,0.3245484157536275,0.15896980461811722,0.32465226398342706,0.1591715976331361,0.20970127181307305,0.3246599645180367,0.15932604197457878,0.32476359338061467,0.15952732644017725,0.32486709982279977,0.20962503690581635,0.30637544273907913,0.15963411035703748,0.2097345132743363,0.3246829843703922,0.15978773584905662,0.3247863247863248,0.1599882144961697,0.30603829160530194,0.324793875147232,0.16014130114807182,0.20953502060035314,0.324801412180053,0.16029411764705884,0.3057924139958836,0.324808935920047,0.16044666470761093,0.20945945945945946,0.32481644640234947,0.16059894304169114,0.20956853536835926,0.20980046948356806,0.305368143150484,0.16070381231671554,0.2099091175608326,0.32444314185228607,0.1608555523000293,0.2100175746924429,0.16105417276720352,0.2101873536299766,0.3242610477026632,0.21035693387946167,0.324363849078678,0.16111111111111112,0.3045893013738673,0.16130917592051433,0.16155419222903886,0.3046144859813084,0.16175182481751824,0.30472854640980734,0.32389845345783486,0.16190198366394398,0.2099737532808399,0.30466472303207,0.16205187991839115,0.2100815850815851,0.3046897757063793,0.21025043680838673,0.30480349344978164,0.1621071012805588,0.1623508874018039,0.21029668411867364,0.16254725210817098,0.16279069767441862,0.3228712583551293,0.16298663567693203,0.30438571013650884,0.16318234610917537,0.16342525399129174,0.1636680208937899,0.3225993617638526,0.1638631090487239,0.3227022325311685,0.3040579710144928,0.20979426253259925,0.16396292004634994,0.16420503909643788,0.16444701795020267,0.32243125904486253,0.1646412037037037,0.3225339890078102,0.3227299016772701,0.32292570106967333,0.20953757225433525,0.20976596359433688,0.16464471403812825,0.3228414669361825,0.16483833718244803,0.3229437229437229,0.3231390652048471,0.32333429477934816,0.16493656286043828,0.3234361487460363,0.32363112391930837,0.3025064822817632,0.16503456221198157,0.16527497840483732,0.3235463442717329,0.30244604316546764,0.16542002301495973,0.2090882945067587,0.16561242093156986,0.16585225639551596,0.1660919540229885,0.32318299339270323,0.1662837449741528,0.32328452483491243,0.32347876004592424,0.3236728837876614,0.1663798049340218,0.32377401778032694,0.32396788990825687,0.16652335912869018,0.32406876790830946,0.3242623890002865,0.16666666666666666,0.16690523904952762,0.1671436748712078,0.16738197424892703,0.20823798627002288,0.3239919931369746,0.1675242995997713,0.16776221777650757,0.2082857142857143,0.2085118537560697,0.16790405482581383,0.168141592920354,0.2086187214611872,0.32353780313837377,0.16828294352538506,0.16852010265183917,0.16875712656784492,0.16899401538899972,0.32336182336182334,0.1691825690686414,0.16941913439635536,0.16965556504412183,0.1698918611269209,0.2992887624466572,0.29948805460750855,0.29968723343758885,0.3229107447413303,0.20801364023870417,0.20823863636363638,0.2996307867083215,0.16978989210675752,0.29974453590689754,0.16997729852440407,0.1702127659574468,0.1704480998298355,0.3223702863623476,0.2996031746031746,0.17058656843298384,0.29971671388101984,0.1707731520815633,0.1710079275198188,0.29974525898669685,0.1711941143180532,0.29985855728429983,0.17138009049773756,0.17161436245405712,0.17184850197851895,0.17208250918338514,0.20734463276836157,0.17226772098277324,0.32128740824393,0.2994637313011572,0.1724040632054176,0.2073342736248237,0.20755781161872533,0.1725401747956019,0.2077226606538895,0.17272471118624966,0.17295774647887324,0.2990706843142777,0.17314189189189189,0.17337461300309598,0.2076533483398987,0.17355836849507736,0.2078177727784027,0.17374191734607816,0.17397414277684092,0.29867940432705814,0.17415730337078653,0.17438921651221567,0.1746209994385177,0.31967443165871456,0.29854096520763185,0.1747545582047686,0.29865395401009537,0.17493692178301093,0.17516816143497757,0.17539927150462314,0.17563025210084032,0.20722486698403808,0.17581187010078386,0.176042541281836,0.20733072188024623,0.20755244755244756,0.1761744966442953,0.17640480849874196,0.20765790944661822,0.17658563844649344,0.17681564245810055,0.29768221167271713,0.31825795644891125,0.17694669271560146,0.20758928571428573,0.3182705718270572,0.17707752370329058,0.17730694173403957,0.2076365663322185,0.1774867651156311,0.1777158774373259,0.20774157616262878,0.20796213808463251,0.17784581129974952,0.31775180856983865,0.20806675938803895,0.17797552836484984,0.1782040589380039,0.3176764869371873,0.3178660739094193,0.17833333333333334,0.31796723132463206,0.2079400333148251,0.20815986677768525,0.1784128745837958,0.31789181692094315,0.3180809761508597,0.17854172442472968,0.3181818181818182,0.20809088390135771,0.1786703601108033,0.29548601495430626,0.1788482834994463,0.31801826736783834,0.2080796900940786,0.208298755186722,0.29535398230088494,0.1788775228089577,0.31785516860143725,0.17905498756562585,0.3179558011049724,0.2952223142778238,0.2954168967421314,0.2081148219707425,0.20833333333333334,0.29544827586206895,0.17898510755653613,0.17921146953405018,0.20837927232635062,0.20859740975475338,0.1793388429752066,0.3172679702561278,0.20870044052863437,0.17946600605560142,0.17969179966978535,0.3171939477303989,0.3173817381738174,0.17981853175694254,0.31748213304013195,0.2085737840065952,0.2087912087912088,0.1798956330678385,0.3174080175727622,0.31759538841614054,0.29418221734357847,0.3176954732510288,0.2942951179374657,0.2944886207842062,0.20860745614035087,0.20882433543436557,0.2945205479452055,0.1796768008764722,0.1799014238773275,0.20886942239255407,0.20908593322386426,0.29439124487004104,0.20924507658643327,0.2094613070823079,0.2944231820667031,0.17983055479639246,0.18005464480874317,0.18027861240098333,0.2943746586564719,0.18045318045318046,0.1806768558951965,0.2092769440654843,0.29432624113475175,0.1808017452958822,0.18102508178844057,0.18124829653856636,0.29427792915531337,0.18142195587033505,0.3156318082788671,0.31581813231690714,0.2090364725095264,0.3159183673469388,0.31610446137105547,0.20913788414468318,0.18134855899945623,0.3161185104648002,0.31630434782608696,0.2936701983156751,0.18142313959804454,0.18164539777355418,0.18186753528773072,0.208955223880597,0.2091698317959848,0.3159750474640629,0.31616052060737526,0.2933044185416102,0.18184281842818428,0.18206448117041452,0.1822860238353196,0.1825074465204441,0.2089875473741202,0.3158322056833559,0.2930194805194805,0.1825804706518799,0.1828015143320714,0.18302243849689104,0.20891891891891892,0.20913266684679815,0.18314424635332252,0.29273561976775586,0.18331533477321815,0.18353576248313092,0.20912034538586077,0.20933369301321825,0.20954692556634305,0.18360744135885684,0.29245283018867924,0.18377795742387495,0.18399784482758622,0.18421761378938864,0.2094776521270867,0.18438761776581428,0.18460710441334768,0.31423190745224644,0.20952124798278646,0.18472707717128262,0.18494623655913978,0.20962106960494492,0.18511552928533045,0.185334407735697,0.31390977443609025,0.2915436241610738,0.18545356951154052,0.18567212235041589,0.3138412017167382,0.20943952802359883,0.18579088471849867,0.20959528276601447,0.2912647374062165,0.18590945620144655,0.31360471344402785,0.31378848728246317,0.291220556745182,0.3138881455713139,0.18592830390583198,0.3139876972452527,0.20935828877005347,0.20956963378775728,0.2910208444681988,0.18594710125567726,0.3138354700854701,0.18611481975967958,0.3139348638547784,0.2095009340805978,0.29082177161152617,0.20965590824219793,0.20986666666666667,0.2908557717941882,0.18603411513859275,0.20996536104449773,0.29088971763452315,0.21011984021304927,0.2103301384451544,0.21054032472717593,0.29084619478445983,0.21069433359936154,0.29095744680851066,0.31294868386067537,0.31313131313131315,0.29099123040127556,0.21068012752391074,0.2911022576361222,0.31306425916091346,0.3132466153437749,0.291135881104034,0.21066595914035552,0.21087533156498675,0.2911694510739857,0.3130965005302227,0.2912801484230056,0.31319554848966613,0.2913907284768212,0.1851165254237288,0.18533227429176596,0.29142403388036,0.3130457793066949,0.29153439153439153,0.29172176672837874,0.3130618720253834,0.29183187946074546,0.1852536997885835,0.3130779392338177,0.3132593766508188,0.2917876947451809,0.31335797254487857,0.29189759831089995,0.2920844327176781,0.31337378000527566,0.2921940928270042,0.31347218560506196,0.31365313653136534,0.3138339920948617,0.31401475237091675,0.29207268896497235,0.292259083728278,0.2924453803632535,0.18473684210526317,0.31386477242830835,0.1849026827985271,0.1851170128845648,0.29232386961093587,0.18528252299605782,0.18549658434051497,0.18571053322826372,0.18592436974789917,0.2089787345760042,0.20918635170603675,0.31330359485699294,0.2919727177334732,0.1859428271702072,0.18615626638699528,0.20917431192660552,0.20938155136268344,0.2095886822111606,0.31299109481403875,0.20974076983503534,0.31308900523560207,0.2915467155194975,0.29173207744636315,0.18597959717499346,0.2918410041841004,0.3129411764705882,0.1860951385258756,0.3130389338907761,0.29179728317659354,0.20945416557848,0.20966057441253264,0.18611328634821195,0.20981210855949894,0.21001826245760502,0.29160146061554515,0.29178617992177314,0.291970802919708,0.1860828772478499,0.1862949452840021,0.29200312581401405,0.20989583333333334,0.21010153605831813,0.3120770432066632,0.312256049960968,0.3124349635796046,0.18621586475942783,0.312532501300052,0.18637899662074345,0.3126299376299376,0.2915042868277475,0.20987012987012987,0.2100753051155544,0.3125649013499481,0.29146119906566315,0.31266216917488326,0.29156939040207525,0.1862033195020747,0.31267824734249416,0.3128564022809746,0.1863176988857217,0.31295336787564765,0.31313131313131315,0.18643190056965303,0.2912244369660885,0.291407867494824,0.29159120310478653,0.2917744438696327,0.312904059994828,0.18640124095139607,0.2918066683897648,0.18656330749354005,0.18677344355463704,0.2918388429752066,0.209140201394268,0.29194630872483224,0.2921290322580645,0.1867905056759546,0.3123549135929843,0.29216090768437336,0.18690384119618458,0.2922680412371134,0.20896676114403503,0.18701700154559506,0.2922997682204481,0.2090628218331617,0.311969111969112,0.2923314462171899,0.2091587342423463,0.31198559670781895,0.20930830547698637,0.31208226221079693,0.29221279876638395,0.29239465570400824,0.20935011559208835,0.2925012840267078,0.2926829268292683,0.18660164271047228,0.20939183987682833,0.29271421241662393,0.29289561426006666,0.18666666666666668,0.1868751602153294,0.3113787801127627,0.29285165257494233,0.1869877049180328,0.3113956466069142,0.2928827444956477,0.2930637317635014,0.2932446264073695,0.3113328216935278,0.29335038363171356,0.29353106622347225,0.2088445807770961,0.20904676718630208,0.20924885028104243,0.3111111111111111,0.2093973442288049,0.2095991830482512,0.29326186830015316,0.18652717529982138,0.2096938775510204,0.2932925274164754,0.29347271800101987,0.2097884272240632,0.29357798165137616,0.20993630573248406,0.293683138053999,0.186401833460657,0.210030549898167,0.21023161109697125,0.29363867684478373,0.18646654795217502,0.3100203458799593,0.21027205695397916,0.3101169293340112,0.21041931385006354,0.31021341463414637,0.21056642113284227,0.29329608938547486,0.18634171109418635,0.21065989847715735,0.3100735853844202,0.21080669710806696,0.31016992137966015,0.3103448275862069,0.18631178707224336,0.1865179929042068,0.29288066886242714,0.21073961499493415,0.29298556596606734,0.18658227848101266,0.29309035687167806,0.21077935222672065,0.21097900328864153,0.29312089023773397,0.29329962073324906,0.21107178968655207,0.2934040940106141,0.2112177867609904,0.3094215711038141,0.3095959595959596,0.30977026003534464,0.3099444724886421,0.29321221296997224,0.3100403632694248,0.18612862547288778,0.3101361573373676,0.21099067305268465,0.3102318548387097,0.2930209120685311,0.18614609571788412,0.29312515739108536,0.2933031218529708,0.21092373521268562,0.2934071464519376,0.2110691823899371,0.2112676056338028,0.21146592909228062,0.2933634992458522,0.2935410907263131,0.2937185929648241,0.3094699824164783,0.18583626318432947,0.30956565402962594,0.3097389558232932,0.18594730238393978,0.2112393376818866,0.29345372460496616,0.2936308926780341,0.3096014038606167,0.293734335839599,0.1859183162114758,0.3096192384769539,0.3097921362384172,0.18602904356534802,0.1862327909887359,0.29354354354354356,0.29372029021766327,0.21085542771385693,0.29382345586396597,0.294,0.21094726318420395,0.30934532733633185,0.2940294778915813,0.2942057942057942,0.21098626716604243,0.21118322516225663,0.3092088844522086,0.3093812375249501,0.2112746320778249,0.30947630922693264,0.29394166043380704,0.18569292123629114,0.2940443558435086,0.18584952665670154,0.2112079701120797,0.2940737051792829,0.30918595967139656,0.18591338974614235,0.30928091565065935,0.29402985074626864,0.186023377269336,0.18622575832918944,0.2110365398956003,0.1863817097415507,0.186583850931677,0.2938400397416791,0.30891482493171096,0.21102284011916583,0.2112186646810623,0.30893300248138955,0.18655420491193253,0.3090277777777778,0.18670964542524177,0.21120475954387705,0.2114002478314746,0.30896927651139744,0.3091404508298241,0.21149083704804358,0.2116860609061649,0.21188118811881188,0.3090819104182133,0.3092528451261752,0.1864951768488746,0.29277942631058357,0.29295426452410384,0.30919426594167077,0.18655794415616506,0.29298418972332013,0.21165719930847124,0.2930864197530864,0.2932609232288324,0.3089832181638697,0.18652849740932642,0.21164282190429207,0.3090012330456227,0.3091715976331361,0.2930736997781612,0.2932479053721045,0.3091894555309189,0.30935960591133005,0.3095296724944595,0.21147218119153127,0.30962343096234307,0.2930610236220472,0.1862238622386224,0.2115100836202656,0.30956478977133023,0.29301868239921336,0.21159990169574835,0.2931203931203931,0.30950626381724394,0.18614931237721022,0.3095998035845814,0.2930780559646539,0.21153374233128835,0.18621197252208047,0.3095413294088791,0.29303580186365863,0.30963471439078205,0.2931372549019608,0.2933104631217839,0.29348358647721706,0.29365662503061474,0.2113124387855044,0.2937576499388005,0.29393049437102303,0.2941032542206998,0.30919765166340507,0.185864514551235,0.2941320293398533,0.3092153507699829,0.3093841642228739,0.3095528951869045,0.30972154372252075,0.294017094017094,0.2109375,0.30973883329265317,0.3099072718399219,0.2939741400341547,0.21097560975609755,0.30992440868080956,0.3100926377376889,0.3102607847916159,0.29385964912280704,0.310353227771011,0.3105211885046274,0.3106890674458242,0.1852482960077897,0.21075687515210514,0.29367396593673967,0.29384577961566527,0.3105544747081712,0.21079504011670314,0.21098687408847835,0.18517618469015795,0.29373177842565595,0.2110760262326937,0.29383195726080624,0.3102694828841952,0.3104368932038835,0.29386071341907305,0.3105288694808345,0.21101139946640796,0.3106207565470417,0.21115151515151515,0.21134270479883666,0.2936757935546402,0.2938468992248062,0.29401792201501575,0.31041162227602903,0.31057855240861776,0.3107454017424976,0.18461166223082506,0.18480890179003387,0.21112454655380894,0.29376208897485495,0.3106115542663766,0.3107781536974384,0.29379077071756465,0.18478260869565216,0.3107944940835547,0.31096088845968134,0.21095824281921313,0.21114864864864866,0.3109770808202654,0.2935359382537385,0.2112370388232457,0.31099324975891995,0.21137623523740662,0.2934939759036145,0.2936641773066731,0.29383429672447015,0.29400433421622924,0.21136254212806932,0.2941034897713598,0.3106352261790183,0.310801058455617,0.31096681096681095,0.18417888915604713,0.3110576923076923,0.21124729632299927,0.31114848630466124,0.29377852510208985,0.3112391930835735,0.2938775510204082,0.3113298127700432,0.21118310535157186,0.31142034548944336,0.2938354521467978,0.21127098321342927,0.31143610644929276,0.311601150527325,0.29379343398034985,0.3116914230953522,0.2938922155688623,0.2940613026819923,0.29423030883409146,0.18358066060315942,0.29432878679109836,0.31148325358851675,0.31164793111695765,0.3118125298900048,0.29428639732249584,0.31190248565965584,0.3120669056152927,0.18346870520783565,0.21065201815142107,0.21084049665711557,0.312007639054667,0.29403341288782814,0.294201861130995,0.31202290076335876,0.2943000238492726,0.3121125417262756,0.31227651966626935,0.21067683508102955,0.21086490350250178,0.29418770843258696,0.31221719457013575,0.29428571428571426,0.31230659366817426,0.2943836268443598,0.18296454913157267,0.31232159847764035,0.2107015457788347,0.3124108416547789,0.31257428096030426,0.29420152091254753,0.21073889284865763,0.29429928741092637,0.21087627641890289,0.2943969610636277,0.29456444338950866,0.18272425249169436,0.29466192170818506,0.31214421252371916,0.2947593075646194,0.29492650545282123,0.2950936240815359,0.295260663507109,0.29542762378583276,0.295594504973946,0.21051385271134265,0.3117897727272727,0.2106508875739645,0.3118788452437293,0.295481428909392,0.3119678334910123,0.1823126034523528,0.29550827423167847,0.21058851335381706,0.29560491493383745,0.21072525395700448,0.295701464336325,0.2958677685950413,0.311614730878187,0.1822043898985131,0.31170363378952337,0.29582448690728946,0.3117924528301887,0.3119547276585711,0.21051390853371052,0.2957812868253594,0.2106503298774741,0.29587750294464077,0.21078662270372114,0.3117494702142689,0.3119114877589454,0.18192515886090846,0.312,0.312161844271936,0.3123236124176858,0.21067481777568775,0.2954866008462623,0.21081081081081082,0.21099624060150377,0.31219168428470756,0.29544387036167213,0.3122798779056116,0.2955399061032864,0.2957052335132598,0.31229469732519943,0.3124560168895144,0.3126172607879925,0.295662368112544,0.18143459915611815,0.2957581438950082,0.1815838800374883,0.3124853595689857,0.29578454332552695,0.2959494263638492,0.18164794007490637,0.29604493330212966,0.3123537669630323,0.21029239766081873,0.21047708138447146,0.2960018704699556,0.18162692847124826,0.31222248188829166,0.29602803738317757,0.21046484466246204,0.3122372723026623,0.29605416763950504,0.18160597572362278,0.21050175029171528,0.21068595426971534,0.21087007231163984,0.29594216417910446,0.2961063184891583,0.3118881118881119,0.29620135166627826,0.29636533084808947,0.29652923363615186,0.21075919888216116,0.18137369033760187,0.21089385474860337,0.2964859204095881,0.1814797580269893,0.29658060013956733,0.21093023255813953,0.31132294815159267,0.18154346815434683,0.21101557053218684,0.31133828996282525,0.31149825783972124,0.31165815141662795,0.3118179707452984,0.18152274837511606,0.3119053144581109,0.31206496519721577,0.18162839248434237,0.18181818181818182,0.2958497565499652,0.2960129809921187,0.29617612977983776,0.296339202965709,0.18183924021311096,0.29643353404353867,0.2965964343598055,0.21041666666666667,0.21059939828743346,0.18186024988431282,0.18204950266018968,0.1822386679000925,0.21063583815028902,0.21081830790568654,0.1823434250057777,0.18253234750462108,0.18272118272118273,0.31085450346420324,0.18286769799122604,0.18305632502308403,0.1832448649896146,0.21065989847715735,0.18339100346020762,0.21079335793357934,0.29559603412497115,0.21092669432918396,0.29569025120995623,0.2110599078341014,0.1833678875835061,0.29571625978811605,0.18351370020723,0.2958103130755064,0.21104718066743383,0.2112287160607455,0.30986887508626637,0.31002759889604414,0.3101862497125776,0.3103448275862069,0.18340611353711792,0.31043198529411764,0.2111187686652883,0.18350941662838768,0.18369690011481057,0.21120293847566574,0.21138397980261647,0.3102340523175769,0.2950217939894471,0.18371559633027523,0.2114193992203623,0.21160018340210912,0.21178088471235387,0.3100366636113657,0.2948453608247423,0.211864406779661,0.2949393176093428,0.211996336996337,0.18356603341725794,0.1837528604118993,0.212079615648593,0.21225983531564502,0.3096272581751658,0.18381344307270234,0.3097142857142857,0.21229433272394882,0.2944939456248572,0.29465509365006853,0.18383192509705412,0.18401826484018266,0.1842045195160922,0.18439068918302146,0.18457677389915583,0.21213503649635038,0.3092360319270239,0.29434564523483814,0.3093229997720538,0.2944393801276208,0.3094098883572568,0.2945330296127563,0.21202459576406285,0.2122040072859745,0.21238333712724788,0.29449248975876197,0.21251422070534698,0.21269335759781619,0.29451899022060496,0.18417462482946795,0.1843600818367811,0.30886363636363634,0.294478527607362,0.3089504770558837,0.18441971383147854,0.1846049046321526,0.30896708286038593,0.212437585111212,0.18470614930791923,0.30898366606170596,0.3091403946473123,0.2124716553287982,0.3092269326683292,0.30938349954669087,0.30953999546793565,0.18463978251019483,0.21245753114382787,0.30955615942028986,0.18474077428118632,0.29357175192394747,0.3095723014256619,0.21244343891402714,0.2126215788283194,0.2935323383084577,0.3095184264074158,0.21270343580470163,0.2935593220338983,0.30953456845910526,0.18454935622317598,0.2127371273712737,0.2935199819372319,0.18465011286681715,0.21281877679981945,0.29354693140794225,0.3092713737875028,0.18470906630581868,0.2935738444193912,0.30928764652840396,0.3094433175569078,0.21270842721946823,0.30952917323721557,0.29346846846846847,0.3096149515874803,0.30977037370553806,0.21269412559081702,0.30985598559855987,0.293363329583802,0.30994152046783624,0.1843939734652575,0.21267985611510792,0.30995729377388176,0.21280898876404494,0.31004268703662097,0.31019766397124887,0.21289018639119694,0.31028289178266727,0.29292929292929293,0.29308797127468583,0.3102984070002244,0.2931807985643786,0.18412200044853105,0.184304932735426,0.1844877830082941,0.2931420887494397,0.3101053103293749,0.212589605734767,0.1845464725643897,0.18472906403940886,0.2930378329975375,0.18487018800358102,0.21257552025061535,0.3098434004474273,0.18496980541265937,0.3099284436493739,0.3100827185334228,0.3102369244523916,0.31039106145251394,0.18498659517426275,0.18516863971409425,0.2123715944618133,0.2924759991069435,0.18526785714285715,0.2925686230752064,0.21240517626059796,0.2125808610305599,0.2127564674397859,0.30992196209587514,0.21288452964779314,0.292400267439269,0.21301247771836007,0.2131877923813767,0.3097995545657016,0.30995323981295925,0.31010685663401605,0.18495437346984198,0.2131731197151758,0.21334816462736375,0.31005338078291816,0.291972426061819,0.29212983548243665,0.18492998444098688,0.31,0.18506998444790046,0.31008440693025324,0.2920275371974239,0.3101687388987567,0.2921198668146504,0.31025299600532624,0.2922121144885733,0.31033717834960073,0.2923042803282324,0.31042128603104213,0.2128131234759477,0.31050531914893614,0.3106580988256149,0.3108108108108108,0.21284606866002215,0.31089459698848537,0.3110471551914988,0.31119964586100046,0.29187873423323746,0.21283185840707963,0.291970802919708,0.29212737726669613,0.21291178421401724,0.21308576480990274,0.18430939226519338,0.2920901458241273,0.2922465208747515,0.18440812720848057,0.18458820931773018,0.1847682119205298,0.2922092253365703,0.31045895851721095,0.2128833002426649,0.29223643581826203,0.2923925027563396,0.2925485008818342,0.21291602380427596,0.2130894667254297,0.31020048468825734,0.310352422907489,0.2924465976657124,0.3104359313077939,0.2925379705040722,0.3105193661971831,0.21298129812981298,0.31060272767267927,0.31075434352320214,0.31090589270008795,0.3110573752473071,0.2923076923076923,0.2129202373104812,0.2923989455184534,0.29255435976279376,0.18401405357927098,0.3108671789242591,0.29258121158911327,0.3109501865262234,0.21281263712154452,0.18403158587409518,0.29254385964912283,0.1841701381276036,0.18434896975010961,0.2925706771860618,0.21275197195442594,0.18444687842278204,0.3105562855891371,0.2128311802058244,0.1845446584938704,0.18472313416502517,0.31050328227571117,0.29227740100634436,0.2924321959755031,0.18478023179532035,0.21272409269785744,0.3103825136612022,0.18487762237762237,0.29233122132401135,0.18501529051987767,0.2127101987333479,0.3102620087336245,0.2128356254092993,0.2130074203404627,0.29216670303294784,0.29232111692844676,0.18495092693565976,0.18512865242040993,0.31000654022236757,0.3101569311246731,0.2922205273480061,0.21285403050108934,0.2923110433456763,0.2924651567944251,0.29261920313520573,0.2927731824118415,0.21284004352557126,0.2928633594429939,0.21296497715901674,0.2929534580252284,0.309632528810611,0.29304347826086957,0.21299717452727668,0.29313342025206435,0.18466217684119052,0.2932232841007819,0.21302931596091204,0.2933130699088146,0.2131538962448448,0.2934027777777778,0.21327836840963332,0.2934924078091106,0.18455866406419433,0.29358196010407633,0.18469542597008454,0.29367143476376245,0.1848320693391116,0.2937608318890815,0.18496859432531948,0.2938501515807709,0.1851050010824854,0.29393939393939394,0.18524128976412033,0.2940285590653397,0.1853774605234696,0.29411764705882354,0.1855135135135135,0.2942066580198876,0.1856494488869678,0.3079083837510804,0.21257290991574854,0.2941684665226782,0.18570503131073202,0.29425734024179623,0.2126052233973667,0.3077255071212775,0.18576051779935276,0.18593615185504744,0.29415570411904246,0.21259163432514014,0.18603147230006467,0.18620689655172415,0.21266968325791855,0.18634209392503231,0.2939909541244885,0.2127476313522825,0.21291711517761033,0.2940163581575549,0.29416828061114697,0.30701376936316693,0.3071628307162831,0.30731182795698925,0.18619651687809075,0.3073946689595873,0.18633139909735655,0.21272024065320155,0.2938775510204082,0.18642611683848798,0.18660081597595018,0.293902962644912,0.18673535093367674,0.2126609442060086,0.18686977043552885,0.29386529386529386,0.21273858031310316,0.18696397941680962,0.21286173633440514,0.2938276896699529,0.30662095564602526,0.3067694944301628,0.18697793960162776,0.30685224839400427,0.2937272532648255,0.3069349315068493,0.3070832441686283,0.18699186991869918,0.30716577540106954,0.29362703165098375,0.1870857387214026,0.18725951261222745,0.18743321222483436,0.30705128205128207,0.21234778893398845,0.18752669799231098,0.293401665598975,0.21242527754056362,0.21259338313767343,0.3068715322236449,0.18754000426712183,0.18771331058020477,0.2126252932394967,0.30682302771855013,0.3069707951396291,0.18776641091219096,0.18793948433837632,0.3069876438005965,0.21256656017039405,0.18803236797274275,0.30700447093889716,0.29267773520647083,0.18812513300702277,0.18829787234042553,0.21250797702616464,0.1884304551254785,0.29257920476291727,0.21258503401360543,0.3066950053134963,0.29260518487037823,0.30677714042914805,0.29269328802039085,0.2928434911870886,0.21252653927813164,0.1882827425175122,0.2928692699490662,0.1884150222788033,0.18858718710224862,0.3064687168610817,0.21246819338422393,0.21263514945940215,0.21280203476049173,0.1885992795083704,0.2129237288135593,0.18873120101673374,0.18890300720033884,0.29239889900486976,0.29254868755292124,0.30603174603174604,0.2926364790520525,0.188914745081447,0.21277495769881558,0.3059843518714316,0.21289640591966175,0.30606637074614246,0.1889264581572274,0.212972744559476,0.2131389945078158,0.2133051742344245,0.3059543918918919,0.18893814650622756,0.2921063739974673,0.18906942392909898,0.3059071729957806,0.213246150601139,0.1891606916912695,0.1893316466371495,0.2133220910623946,0.291886195995785,0.18942267172355667,0.21339793553823466,0.30560235888795284,0.21351863550221098,0.3056842105263158,0.18943380340980845,0.2135942760942761,0.21375973069640228,0.2139251156920488,0.3055730809674027,0.1894449116904962,0.29136010090393105,0.18957545187053385,0.30552637108636266,0.21386554621848738,0.18966603654694392,0.3055438891222176,0.18979634684022675,0.1899664147774979,0.29108079748163695,0.2912295425933697,0.19005663939584644,0.3053691275167785,0.2912560285175089,0.190146750524109,0.21358205826870677,0.3053227158424141,0.21370207416719045,0.3054042731462086,0.3055497382198953,0.21377721943048575,0.29097760100481473,0.1900376726663876,0.29106507637581086,0.3054393305439331,0.2911524785609705,0.19008782936010038,0.29123980765210117,0.19021739130434784,0.30532915360501567,0.19034684496447973,0.19051598078128265,0.3053467000835422,0.21340572144497807,0.2910229645093946,0.29117094552285533,0.19052587646076793,0.3052368036720217,0.3053817271589487,0.21334723670490094,0.3054628857381151,0.30560767146133,0.30575239683201333,0.3058970618878933,0.19041666666666668,0.21328889814621954,0.30591420241566014,0.1905059337913804,0.2133638634471274,0.21352757544224765,0.19059508947149398,0.3058040357811525,0.30594841930116473,0.3060927427739655,0.19064449064449066,0.29016836416545416,0.21342477140482127,0.2135881986287139,0.2137515579559618,0.290134994807892,0.19061461794019935,0.19078264479966783,0.2901618929016189,0.29030919277858475,0.29045643153526973,0.3055382700684505,0.213604313562837,0.19075264358283225,0.2137230514096186,0.19088082901554404,0.2138416908412764,0.3053656515434017,0.19096934548467273,0.29012217850486643,0.2902691511387164,0.29041606292693023,0.21378311258278146,0.3051934616180426,0.1909391808026479,0.2138572905894519,0.19106699751861042,0.1912342360967542,0.21393137660190162,0.191361851622236,0.1915289256198347,0.21400537079115886,0.3048327137546468,0.2141234771835639,0.1915772089182494,0.3048503611971104,0.2141972761040033,0.19166494739013823,0.19183168316831684,0.21427098370798103,0.2894845360824742,0.3046794475365904,0.21434460016488047,0.30475994230372966,0.21446229913473425,0.1917610710607621,0.21457990115321252,0.19188799670578546,0.21469740634005763,0.3045894216917061,0.2890946502057613,0.19193581567578688,0.28918140682846566,0.2146822948797039,0.19202302631578946,0.19218910585817062,0.2147554459515002,0.30429422642284776,0.3044371405094495,0.2148285068802629,0.21498973305954824,0.2888523917060152,0.1921182266009852,0.3043299815308845,0.19224456298727943,0.19241025641025641,0.30434782608695654,0.30449046545007175,0.21484214842148422,0.3045706087312974,0.28852459016393445,0.21491497643925425,0.19233920524375256,0.28855211959860744,0.214987714987715,0.28863868986693964,0.19238641015145314,0.2887251892776755,0.2888707037643208,0.19247289834321948,0.2889570552147239,0.28910243304027805,0.2892477514309076,0.21479664827304312,0.2893338782182264,0.30377936670071504,0.2894199346405229,0.30385950581988974,0.28950592078399345,0.2896509491733007,0.2897959183673469,0.1922056723117731,0.2898816809465524,0.19233122578013462,0.19249592169657423,0.28990825688073396,0.19262128006522625,0.30344405950682696,0.19274653626731866,0.3035241393359136,0.19287169042769858,0.3036041539401344,0.19299674267100977,0.19316100142479137,0.2895807895807896,0.2140386571719227,0.28966639544344996,0.3034370551149075,0.28975193167954455,0.19312868469201058,0.28983739837398376,0.3033936191830929,0.3035351483136936,0.28986390412350194,0.29000812347684807,0.21380710659898478,0.1930572472594397,0.19322102699411406,0.19338474025974026,0.2138364779874214,0.21399594320486814,0.30318393834921925,0.19343065693430658,0.21406851814311778,0.28962302391568706,0.30314083080040527,0.19347649918962723,0.214097630139761,0.21425678412312676,0.19356144968617128,0.21437246963562753,0.28941509815826755,0.3029138000809389,0.19360712118146875,0.28944174757281554,0.1937310414560162,0.21431459765467045,0.30280978370729733,0.28940986257073564,0.21438674479692868,0.21454545454545454,0.19369824277923653,0.3027059773828756,0.2893196042802342,0.21457408155026242,0.21473259334006053,0.3026634382566586,0.2892878757312891,0.21480435659540137,0.30268199233716475,0.1935483870967742,0.19371094537391656,0.28919790407093915,0.30263953254080195,0.30278001611603544,0.2147029204431017,0.2891663310511478,0.1936782766257298,0.2892512077294686,0.1938015697323405,0.21468812877263582,0.28927781130557234,0.3024939662107804,0.1938467725718882,0.302573381584238,0.2892462311557789,0.30265273311897106,0.28933092224231466,0.30273202089192447,0.2894155452902189,0.2895582329317269,0.2897008632804658,0.1936973103171417,0.28978526991772025,0.28992776886035315,0.21424272818455367,0.29001203369434414,0.3023862041307399,0.21431435445068164,0.30246542393265186,0.1935871743486974,0.21438589461029853,0.30248397435897434,0.21450030042058882,0.28974769723668403,0.1935935935935936,0.2145716573258607,0.21472883730238143,0.2897158863545418,0.3022604520904181,0.1936,0.2897420515896821,0.3022790883646541,0.21467119728163103,0.2897681854516387,0.19360639360639362,0.2898521773871354,0.19372877970840824,0.30211661341853036,0.2898782192054302,0.21457085828343314,0.2899620834164837,0.30207501995211494,0.21464193097945342,0.2899880335061827,0.19361914257228316,0.21471291866028708,0.3019732908112418,0.2899561578318055,0.1936640765092648,0.2147410358565737,0.30193188607847044,0.2899243329350856,0.19370893888114674,0.21476910828025478,0.3018905472636816,0.2898925586947871,0.19375372985876269,0.21479713603818615,0.3018492742095844,0.28986083499005966,0.1937984496124031,0.21482511923688394,0.19392012716073911,0.28982916170043704,0.21489572989076464,0.21505162827640986,0.2152074647607703,0.21536323938070662,0.28974002778329033,0.2898809523809524,0.2154334457448919,0.21558905196350656,0.21574459647035496,0.193695479777954,0.21585728444003965,0.30103051922314705,0.2159698830988706,0.21612519809825673,0.2895622895622896,0.300990099009901,0.301128489408038,0.3012668250197941,0.216109242034435,0.2894736842105263,0.28961424332344216,0.28975474683544306,0.28989519477951353,0.21609331751680505,0.28997825657244514,0.2901185770750988,0.21616281367318713,0.2163176610035559,0.2901441832905392,0.21642969984202212,0.21658440276406712,0.21673904461113305,0.19301361752516283,0.19317284925019731,0.21680804892483724,0.21696252465483234,0.1932557680930783,0.3002760252365931,0.19337670017740982,0.21698856917619236,0.30029556650246303,0.19345941686367218,0.21705731731337405,0.19358014966522252,0.3002559558968301,0.2171259842519685,0.2172800629797284,0.3002754820936639,0.21739130434782608,0.28914240755310777,0.2175024582104228,0.21765631144317735,0.2891684686455671,0.21776729559748428,0.1933582236195716,0.19351669941060903,0.29994107248084856,0.28908091123330715,0.19359905752994305,0.19375736160188456,0.21766437684003925,0.19387755102040816,0.29978418677653523,0.28893683797567676,0.21768974308687977,0.19392156862745097,0.2997451480101941,0.28890631125049,0.2177150695669214,0.1939655172413793,0.2997061704211557,0.19408538973756365,0.21774035637360487,0.28876272513703993,0.2889019377568996,0.28904109589041094,0.21776560360007827,0.21791862284820032,0.2994328183062781,0.21802894016425498,0.21818181818181817,0.19390148553557468,0.2182919679499707,0.21844470496287613,0.19398319984371948,0.2185546875,0.19410271431361062,0.21866458414681764,0.21881709935584617,0.29898516783762685,0.21892682926829268,0.29906359734685917,0.21903647357128925,0.21918876755070202,0.19399493078572821,0.21929824561403508,0.29896706295069186,0.28799688230709275,0.1940385739333723,0.2193221659524737,0.21947419668938656,0.19411993769470404,0.21958341444422816,0.1942390035033087,0.19439579684763572,0.29863813229571984,0.28768722038513905,0.19447685725398678,0.21952167995333463,0.19459564541213065,0.2196307094266278,0.21978235522736106,0.19467651058869245,0.2874902874902875,0.21984851427461644,0.22,0.2201514269073966,0.19468167701863354,0.19483795847079372,0.22021730694606131,0.22036857419980602,0.22051978277734677,0.297847585805701,0.1948429623885227,0.22058538476448925,0.22073643410852714,0.22088742491765162,0.19488570321580784,0.19504164245593647,0.2867931835786212,0.22090997095837367,0.2868757259001161,0.2870137410489646,0.2871517027863777,0.2973495840588121,0.19497098646034816,0.19512666795590794,0.29737045630317094,0.22076164701333847,0.2974487823734055,0.19516908212560385,0.2975270479134467,0.2868456635116863,0.2869833912707609,0.2871210658428268,0.19517374517374517,0.19532908704883228,0.2871478193747588,0.19544665251784682,0.2972608024691358,0.2871745419479267,0.22040107983031237,0.28725660304607675,0.2873939861218196,0.2875313162459048,0.19537572254335261,0.2970525910229243,0.287557781201849,0.19545542075871367,0.29707354639969197,0.2875842155919153,0.2201693610469592,0.2970944775832211,0.19545979222777993,0.1956145412579342,0.19576923076923078,0.29705825802730246,0.28738946559015766,0.2200653469152412,0.2970791698693313,0.2201729106628242,0.19573568958893584,0.22028039178029576,0.195852534562212,0.2969859857938184,0.19596928982725528,0.22030320475916332,0.19608595548733693,0.19624016880874737,0.29689298043728424,0.28686481303930966,0.22028374233128833,0.2869465209890742,0.29685703334610963,0.2870281663153861,0.19616858237547893,0.29687799272170085,0.2970126388356951,0.2971472333907716,0.297281776416539,0.28688995215311003,0.1961347110600842,0.2973024679548498,0.2974368783473604,0.2868617326448652,0.29751434034416824,0.2198432422099025,0.29759174311926606,0.2868335562774699,0.2869698127627054,0.2871060171919771,0.1959511077158136,0.21978231812106166,0.28713249331806034,0.2973849971368582,0.2872137404580153,0.28734974241556954,0.2874856924837848,0.2973488460804883,0.2974828375286041,0.2976167778836988,0.2977506671749905,0.2874023251381742,0.28753810975609756,0.1956563154886645,0.2977142857142857,0.29784802894686724,0.2875095201827875,0.2979249952408148,0.298058622002284,0.2192197906755471,0.2981354642313546,0.2982689747003995,0.29840243438569797,0.2985358433162198,0.19543726235741446,0.19559019197871128,0.29855568225009504,0.28709861295838873,0.2872340425531915,0.21899335232668565,0.21914166350170908,0.2872602999810139,0.2873955960516325,0.2875308407667489,0.298292220113852,0.21912350597609562,0.2983687405159332,0.28750237056703964,0.19529768676526355,0.19545023696682465,0.29833206974981047,0.28747394352852,0.21902235695339142,0.2191702974048115,0.2875,0.21927665214921416,0.29818250662627793,0.2875260268786674,0.19530658591975775,0.2876064333017975,0.29814604615966706,0.2982787970493664,0.2876323751891074,0.21913405180563433,0.2877126654064272,0.21924021924021925,0.28779289493575205,0.28792745135084075,0.29807329051756704,0.28800755429650615,0.21922205438066467,0.2980932603360393,0.2193280483201208,0.28797886393659183,0.2981132075471698,0.2982456140350877,0.2983779705771407,0.28795021685838207,0.2192684766214178,0.29839773798303487,0.19468526196758387,0.2879216129640098,0.2192916352675207,0.21943868901864758,0.2879472693032015,0.28808134061382035,0.28821536144578314,0.2981366459627329,0.2194203989461799,0.28824082784571964,0.21952595936794583,0.2883204814745157,0.29804437758555846,0.1943974431284076,0.2883458646616541,0.19451230971621875,0.2884254039834649,0.2194251362013902,0.2195717505634861,0.29784037558685444,0.2196770559519339,0.19448094612352168,0.21978228228228228,0.2882341902796022,0.2977485928705441,0.21984618270493342,0.2882595648912228,0.19444965310331896,0.21991001124859394,0.2976569821930647,0.22001499250374812,0.1944912872400225,0.2976770325964781,0.22007866641693202,0.2202247191011236,0.1945328590151657,0.2203294646199925,0.29758562605277933,0.22043413173652696,0.2205799812909261,0.2876917321361766,0.1945015896764541,0.19465220643231115,0.19480276687231257,0.28766355140186917,0.29732760231732386,0.22047832585949179,0.22062394918737158,0.19480762047067612,0.2875816993464052,0.28771471247199404,0.287847675938025,0.1948488241881299,0.1949990669901101,0.2878731343283582,0.2880059690356277,0.22044013427825437,0.2968487786686556,0.22054436987322892,0.29692451071761417,0.2879239657100261,0.2970001863238308,0.28800298062593144,0.288135593220339,0.288268156424581,0.1947495810835971,0.2883469843633656,0.29685464358831193,0.29698548567175287,0.22027906976744185,0.19475446428571427,0.28826483169053374,0.29695053923391596,0.29708124186651796,0.2882899628252788,0.19475933841293439,0.2971014492753623,0.19487274753854728,0.28826151560178304,0.2971216341689879,0.29725213516524324,0.19491368108409132,0.2882331106161841,0.19502690666171832,0.29721706864564007,0.2882582081246522,0.29729228486646886,0.29742258483218986,0.21968854282536152,0.19499536607970344,0.2881764269829503,0.2883083194367241,0.2973323453130789,0.2974624930542693,0.2975925925925926,0.28827994815774854,0.2195483154387264,0.29761243753470296,0.28830495928941524,0.19481961147086033,0.2883832778394377,0.2885148881080081,0.288646449704142,0.19486041782214827,0.28872458410351204,0.28885603400480503,0.28898743532889876,0.2891187881027157,0.2971924639822682,0.1948291782086796,0.2891432791728213,0.29721247923204724,0.21908453303802142,0.29728732238420374,0.2974169741697417,0.21914775871610404,0.21929177425304316,0.2974368430757883,0.28890117994100295,0.2975115207373272,0.2976409878363435,0.2889257416620601,0.21923360353721444,0.29766071099650027,0.19447513812154696,0.29773522371570615,0.28884388807069217,0.29780968157555676,0.21917556128082444,0.21931922723091077,0.29782928623988225,0.28876218502850837,0.2979036410445017,0.2193417907703622,0.2887867647058823,0.2979231758867855,0.29805218669606764,0.29818115010104723,0.29831006612784716,0.29843893480257117,0.28865222181417555,0.28878281622911695,0.19401615271659325,0.2984033767663791,0.2888073394495413,0.29847734360667766,0.21900220102714602,0.21914542453695213,0.19398606527319398,0.19413382218148487,0.29838709677419356,0.21916804104819498,0.28856724074752654,0.29840630152042497,0.2886446886446886,0.28877494964292255,0.2191504943244233,0.2983708585026542,0.29849926793557835,0.29862763037511436,0.21917306988657154,0.28864093652826045,0.2887710314557425,0.19381971109892118,0.28884826325411334,0.2889782489490038,0.2984283625730994,0.29855655033802303,0.21903544026306174,0.19378995433789956,0.2191380569758948,0.21928062808106627,0.29846659364731654,0.1938309910567622,0.28868613138686133,0.29848567779602264,0.2986136446552353,0.2887105599124567,0.21918307804522247,0.2986326344576117,0.2987604812249362,0.19373063604884272,0.2886297376093295,0.1938422299143742,0.19398907103825136,0.2886541613549444,0.2986161689730517,0.2987438558164937,0.29887149617764835,0.218926296633303,0.2190684133915575,0.2988903038020739,0.28846853401236816,0.2885979268957992,0.2989090909090909,0.21905108162152337,0.21919302071973829,0.29892785753225515,0.28851744186046513,0.2886466848319709,0.29894660370504905,0.21917559469765752,0.21931735657225854,0.21945906698130332,0.2885662431941924,0.28869533659952823,0.2888243831640058,0.2987484128423726,0.21944142183532825,0.19329102447869448,0.2887962291515591,0.28892514047489576,0.29865893439652047,0.28900163073020474,0.298731884057971,0.2890780655678319,0.2892068091271279,0.2893355060655441,0.21922519913106445,0.19312217194570136,0.2893593919652552,0.19323321874434593,0.2984804630969609,0.2986073431000181,0.21916817359855334,0.21930934731513288,0.29862617498192334,0.2987529369239111,0.29887965305384895,0.2193315266485998,0.2989523121387283,0.19306483655409065,0.21939328277356446,0.2989709333814768,0.21949458483754514,0.21963544486554773,0.21977625405990617,0.2989355944434422,0.21987734487734487,0.2885482416591524,0.28867652362062746,0.192897061474671,0.29884643114635906,0.28870066678680845,0.2888288288288288,0.2988650693568726,0.21974063400576369,0.2888528723212678,0.1928339935181851,0.192979297929793,0.21976241900647947,0.28882490552456364,0.28895286074127385,0.29861485878755173,0.2987410071942446,0.29886711023197265,0.19291621718806184,0.29893942117562466,0.29906542056074764,0.2991913746630728,0.2993172835070068,0.21950781390335908,0.19288793103448276,0.28856168073262706,0.2992818671454219,0.21952970741339078,0.21966977745872218,0.29930019738022606,0.19285970577682096,0.29937219730941705,0.2883787661406026,0.19293526985834678,0.28845464324130515,0.19304534862878653,0.2885304659498208,0.29922952875828707,0.28860623432461485,0.29930145083288556,0.28868194842406875,0.29937332139659806,0.2887576083064805,0.29944514050474313,0.21921975662133142,0.2193594560744319,0.2994633273703041,0.2995886245752102,0.29971387696709584,0.2998390845699982,0.21934215230604218,0.28847184986595176,0.29985704074338815,0.21940325174200465,0.1925687745623437,0.29987497767458476,0.19267857142857142,0.29994643813604716,0.28828989646554803,0.19275388184900946,0.21930763740185583,0.2999107939339875,0.2882625758116304,0.19279472088460853,0.28833808844507847,0.21929042610090926,0.1928698752228164,0.19301372304402067,0.21935138987883107,0.28825939782647425,0.19308870680441753,0.21941228851291183,0.21955128205128205,0.19316361046822147,0.21965112139551443,0.2993415198433885,0.2994661921708185,0.29959082013876537,0.21967271433653504,0.29966210208073985,0.2197724039829303,0.2878222222222222,0.1930323498044792,0.2878976363959481,0.1931414356787491,0.2995203410907799,0.19325044404973357,0.29959154679453026,0.2878196022727273,0.21959879282797798,0.19329073482428116,0.2995563442768412,0.2877927608232789,0.21962036544261132,0.28786803831145796,0.29952119170065616,0.19326241134751773,0.2995922708739585,0.2196029776674938,0.21974127237285132,0.19330262225372077,0.28768821966341895,0.287814381863266,0.2197627058615194,0.2878895184135977,0.29934501681713577,0.2879646017699115,0.21978410900725534,0.29936305732484075,0.21988324783300903,0.2200212239122745,0.19310344827586207,0.28783592644978784,0.2200813151847269,0.19317780134323081,0.28786004594451314,0.22014134275618374,0.2202791026320438,0.2878841398799011,0.2880098887515451,0.288135593220339,0.288261253309797,0.28838686904341687,0.193047467796012,0.28846153846153844,0.22014464632210268,0.2985890652557319,0.1930876388643978,0.22020451339915373,0.2986074387449321,0.298731053930208,0.2988546255506608,0.19309372797744892,0.2989254888145147,0.22014793941528707,0.29899630216587425,0.2991197183098592,0.22020770991022706,0.1930658218936994,0.28787612176667254,0.22026741731175228,0.2990325417766051,0.29915582131551177,0.22032706171971161,0.1930379746835443,0.22042538231675163,0.19314586994727592,0.2876471621859076,0.22048489107519326,0.19321974354470403,0.19336143308746048,0.19350307287093943,0.19364466292134833,0.28751974723538704,0.2876447876447876,0.2986488857694332,0.1936842105263158,0.28766883002981936,0.2877937565766398,0.22023496405400667,0.28786816269284715,0.29851007887817704,0.19365580091132142,0.2985806903802348,0.29870357393132446,0.19372919950954634,0.2877408056042032,0.19383645596217824,0.29866946778711484,0.2200245055137406,0.287714385719286,0.19387576552930882,0.22008397480755773,0.2202203953122267,0.2876880027981812,0.28781255464242,0.28793706293706295,0.22024121657052964,0.29832226494232783,0.28796085968897434,0.2983927323549965,0.29851528384279474,0.19367796018162767,0.2985856469355684,0.2878840782122905,0.22010822133007504,0.2879581151832461,0.2880823590996336,0.22016748080949058,0.22030350601779172,0.28810603418207187,0.2204010462074978,0.22053695955369595,0.1934809133693568,0.28807947019867547,0.2981355636870535,0.2205574912891986,0.2982058874760495,0.288052943225357,0.1934528991816124,0.2982242339832869,0.28807658833768496,0.19352593108249216,0.2982425613363494,0.2881002087682672,0.29831275004348584,0.29843478260869566,0.2985567727351765,0.28807371349095967,0.2986268034069181,0.22019464720194648,0.2986967854039965,0.29881862404447534,0.19332985930171964,0.19346995484543245,0.19361000173641257,0.29878472222222224,0.193716368685992,0.2988545643873655,0.28769737983689053,0.21998612074947954,0.22012142237640936,0.22025667707249394,0.29876885729148606,0.2988904299583911,0.2203154792858381,0.2989601386481802,0.287471841968463,0.2203742203742204,0.298978001039321,0.28749567024593004,0.1934199134199134,0.1935595567867036,0.19369915180889735,0.22031844929041192,0.22045336563419277,0.22058823529411764,0.29873724269157587,0.22068488412314077,0.29880684765692545,0.2207814661134163,0.2209161624891962,0.2988247493950916,0.29894591325384484,0.28697304768486526,0.22093625842114356,0.22107081174438686,0.2869970644102918,0.28712016574585636,0.2988089073019161,0.19330341732827064,0.2988783433994823,0.28709454796411316,0.2872175263067104,0.28734046222835463,0.29884462838420417,0.19327586206896552,0.2989139803482158,0.28731471906239225,0.2989832845080131,0.2991040661612681,0.2992248062015504,0.2993455046503617,0.2994661615291889,0.29958677685950413,0.29970735066276466,0.2998278829604131,0.19308208569953536,0.22040605643496214,0.22054016858764838,0.22067423460612315,0.19312123817712812,0.2996905089408528,0.28674574522949975,0.22069439669989688,0.2868190410723492,0.2869415807560137,0.19309397010822882,0.29955341806939195,0.2206766271681264,0.1931662087912088,0.2995708154506438,0.19327154136628905,0.29963960871803674,0.2206588881262869,0.299708354777835,0.2998284734133791,0.22071685817184017,0.286522633744856,0.22081261786387793,0.2997943092218032,0.29991431019708653,0.1931117203564085,0.29998286791159845,0.3001027749229188,0.3002226408631615,0.19315068493150686,0.3002910460537579,0.28620335501540567,0.19322265959267498,0.30030800821355236,0.28622754491017965,0.22049264454327747,0.22062596203181117,0.2862517099863201,0.22072149085313728,0.19316239316239317,0.2208169543667749,0.28622693096377305,0.19323423885187083,0.2862999658353263,0.2864218616567037,0.22079918032786885,0.22093221785897216,0.19324001365653806,0.19337770950674177,0.22098976109215018,0.2211226753113803,0.22125554418287274,0.22138836772983114,0.2861527967257845,0.22148337595907927,0.2862257074667576,0.22157831941366968,0.22171097477845944,0.2991991821434657,0.2993185689948893,0.29943791517629026,0.22173024523160764,0.29950621488166185,0.28600612870275793,0.28612765957446806,0.2862491490810075,0.22171175769950655,0.2863218781898605,0.2864432726654193,0.19285714285714287,0.286515898656691,0.29921795307718463,0.2993370729219786,0.2865397688647179,0.286661002548853,0.22154264356099218,0.29930355019534566,0.2866847826086957,0.19273221259976228,0.22156196943972836,0.2867085384484807,0.29921928038017653,0.29933819786187,0.22158126908720732,0.29940627650551316,0.22167571234735414,0.2994743089706631,0.29959308240081384,0.29971181556195964,0.29983050847457626,0.28639213692594473,0.29989833954591666,0.22158224631543283,0.19241192411924118,0.19254868755292126,0.2216390111750762,0.22177078042999832,0.1926201760324983,0.22186495176848875,0.2861252115059222,0.2862459820673321,0.2219215155615697,0.2863182817520717,0.22201555630706798,0.22214708368554523,0.286342123056119,0.2864627344938313,0.19246367015883745,0.22216590640310863,0.2991554054054054,0.2222597534200304,0.19250253292806485,0.1926388654398109,0.2862930452397029,0.2990717299578059,0.2863651704353696,0.28648557448962375,0.2866059379217274,0.19261258222297184,0.19274873524451938,0.19288484235373463,0.29888739042481455,0.19298837013315354,0.22194135490394337,0.22207245155855096,0.2222035040431267,0.2988041098197743,0.2222970697204446,0.19296177807711737,0.28619528619528617,0.19306514054872917,0.2862672500841468,0.2986707050311291,0.2863391655450875,0.2987384356602187,0.2864110326269761,0.2865310240457373,0.2987558843308675,0.19297360900991764,0.2988235294117647,0.19307679381616535,0.29889112903225806,0.28641021333781286,0.2989586832381592,0.19311502938706968,0.28643384822028206,0.2217559174080913,0.2989258140315542,0.29904346366840073,0.29916107382550333,0.22177486998825702,0.1930560214693056,0.22186818715411705,0.22199865861837692,0.2990779547359598,0.19309420046932618,0.29914529914529914,0.2860254691689008,0.19316468420170882,0.1932998324958124,0.2991123764863507,0.28600133958472873,0.28612087728109825,0.28624037495815197,0.2217573221757322,0.2863119143239625,0.22185042663543583,0.19320843091334894,0.28633550760996823,0.22190635451505017,0.29877946831633506,0.19324640588431963,0.29884673240849075,0.2989639037433155,0.2862155388471178,0.221850985633144,0.2989811257725071,0.2862391449565798,0.22190682918684254,0.19315525876460768,0.19328993490235352,0.29889853137516686,0.2990155181044552,0.28611945278611944,0.29908256880733947,0.2991994663108739,0.22177755544438887,0.22190730243414472,0.2860476746124354,0.2861666666666667,0.2862856190634894,0.28640453182272574,0.28652340496418455,0.2866422385076616,0.2867610324729392,0.2868797868797869,0.2869985017479607,0.22170439414114515,0.1928773506407056,0.29866888519134777,0.221760106471469,0.22188955422488357,0.22201895892233495,0.29863651479880277,0.22211138819617623,0.2987034574468085,0.19278710320757853,0.19292123629112662,0.2865924572188071,0.2867109634551495,0.29862149144660355,0.298737960810362,0.28673418562178316,0.2868525896414343,0.2987551867219917,0.2218718884832393,0.22200099552015928,0.19276708692767086,0.22209321612207664,0.2867330016583748,0.19283700878792903,0.22214854111405835,0.29852478037460634,0.2867086509777925,0.29859154929577464,0.28677932405566603,0.2868974656286235,0.2220934084133819,0.2222222222222222,0.22235099337748343,0.28687303426585004,0.2869910625620655,0.22240608969055106,0.2870615486432826,0.29826302729528537,0.2871319880913,0.28724987597155616,0.2873677248677249,0.28748553479914035,0.22231404958677686,0.1923648983639068,0.19249834765366822,0.2223690731868495,0.2874132804757185,0.29793559042113954,0.29805151915455746,0.19250454020141985,0.2981181908220535,0.28734114540353195,0.19257425742574258,0.2874113182643128,0.29808644011877267,0.2982022101269998,0.22213060686015831,0.2873866446826051,0.29821958456973297,0.2983352563045987,0.1924851680949242,0.2221123743615093,0.28731466227347613,0.22220392027672542,0.28738471673254284,0.19249135517865965,0.28745472505762265,0.28757201646090536,0.2876892692560895,0.19252920849103175,0.2979598552155314,0.298075341339036,0.28766447368421055,0.2220029600394672,0.2980927326537323,0.19250369883281276,0.2220578566732413,0.2875924404272802,0.19257311863292803,0.19270576638738296,0.22207621550591328,0.22220397438002956,0.2875205254515599,0.2978164505007388,0.2979317137229153,0.2980469391104546,0.28749589760420086,0.2981132075471698,0.28756561679790027,0.2981794325077907,0.28763529025910134,0.2982456140350877,0.19245901639344262,0.19259137846254712,0.28761061946902655,0.22185810257250532,0.2981651376146789,0.19262899262899263,0.22191287258434328,0.22204028164401507,0.2874918140144073,0.2980847929284662,0.2875613747954173,0.2981508754704631,0.22202225130890052,0.2221495174218878,0.2875368007850834,0.28765331152902696,0.29807063440156967,0.28772273990518227,0.2981366459627329,0.287792122895898,0.29820261437908496,0.2878614605456625,0.2219862789937929,0.28793075289890574,0.29817112998040496,0.29828571428571427,0.2220045706823376,0.28790598988085525,0.2983028720626632,0.19203785283080438,0.2983686786296901,0.28788125917468604,0.2984344422700587,0.28795043208870047,0.29850016302575805,0.28801955990220046,0.2985658409387223,0.22176959426429851,0.22189638318670576,0.287994787424662,0.19185667752442997,0.28806383325191337,0.2881797460110713,0.19192576916815887,0.29833984375,0.22180634662327095,0.2984054669703872,0.22189686025703595,0.22202342225113858,0.22214994308017563,0.28796747967479674,0.28808323849780526,0.2881989596879064,0.28831464326344874,0.19174520636984074,0.191876523151909,0.29808317089018843,0.191976611986357,0.19210782721662878,0.22195161552200032,0.19220779220779222,0.22204187631877942,0.22216812723141838,0.2979068635404835,0.29802076573653474,0.28791565287915655,0.2880311385014596,0.2980379438949246,0.22211413748378728,0.28805316907116224,0.22220421393841167,0.2980068060281964,0.29812054439403757,0.19196500890976834,0.2981859410430839,0.19206477732793523,0.29825129533678757,0.29836490205601424,0.22207834250566527,0.22220424016831203,0.29838187702265373,0.19204012295745024,0.22225816887738595,0.19213973799126638,0.19227037516170764,0.2223120452708165,0.19236986744261236,0.1925004040730564,0.2873303167420814,0.192599773792212,0.2222940226171244,0.287352608625424,0.22238372093023256,0.2874212820926853,0.22247336131740394,0.2874899112187248,0.19254357650096837,0.19267387445538164,0.28751210067763794,0.22245523471527665,0.29758064516129035,0.1927108530882116,0.1928410190261206,0.22247299693696598,0.19294003868471954,0.2225624496373892,0.19303899452143086,0.19316900273884324,0.2973582474226804,0.22258012562409404,0.1932367149758454,0.1933666076316213,0.28702511268512554,0.2225977788507967,0.22272288381074992,0.19340305711987127,0.22281209781209782,0.19350168891748432,0.19363139273078162,0.22286541244573083,0.2969453376205788,0.22295450892139526,0.2970106075216972,0.19363650972199903,0.19376606683804629,0.19389558232931728,0.22293607452618053,0.22306086397944436,0.19396274887604367,0.19409214962273239,0.2967897271268058,0.22307815759910127,0.1941591784338896,0.19428846462377666,0.28617260186076354,0.22309542902967122,0.22322001282873638,0.19432419432419432,0.22330875280538634,0.1944221830421542,0.296474358974359,0.2233616407626983,0.28596603652675423,0.2860804100592664,0.19442664958360026,0.1945556445156125,0.22334293948126802,0.1946534336481511,0.28601152368758004,0.1947511601856297,0.29616,0.1948488241881299,0.19497760716570697,0.22325283863745402,0.1950751519027822,0.19520383693045565,0.22330562659846548,0.1953012625859038,0.1954298497922659,0.285668637162486,0.19552715654952077,0.2232870148538572,0.28569147237304376,0.22337537921124062,0.28575989782886335,0.22346368715083798,0.2858282796042132,0.19546832615286422,0.19559668155711551,0.285851012920721,0.22344497607655503,0.29532769893158983,0.29544005102040816,0.29555236728837875,0.22346190627988524,0.19553784860557769,0.2235500318674315,0.19563485741596304,0.19576298184135074,0.2954292084726867,0.22356687898089173,0.1958286896990925,0.1959567016873607,0.2853732293490371,0.22358370464672184,0.22370723945902943,0.19599109131403117,0.22379513281374264,0.19608778625954199,0.1962156145651137,0.22384737678855327,0.2950246383722779,0.22393515575333758,0.2950897822977912,0.19621862090880204,0.19634630659253377,0.19647395171537485,0.22391615054787994,0.2240393775801842,0.19653913319574537,0.19666666666666666,0.29487382955086494,0.22405585528403682,0.1967317150563224,0.19685913705583757,0.2845360824742268,0.22407231208372977,0.2241953385127636,0.19689283449587824,0.22428277064511015,0.19698890649762282,0.29456504515924575,0.22433460076045628,0.22445746871534927,0.28428888184985746,0.19699129057798892,0.19711842938568713,0.28431217350007915,0.19721430832541945,0.2244025953473651,0.29430379746835444,0.19727891156462585,0.19740588421385638,0.2943223153566345,0.19750158127767237,0.22434782608695653,0.2840657603540942,0.22443496127706655,0.1975347661188369,0.19766155790804235,0.19778830963665087,0.28399936818827987,0.2841124447252053,0.22438023053844938,0.22450268392800757,0.22462509865824784,0.2840909090909091,0.19772763137131136,0.2246765541180183,0.22479886417415995,0.28406940063091485,0.19776060558271566,0.293598233995585,0.22481475642440485,0.19782471626733922,0.1979511426319937,0.22486605735896628,0.2249881833937293,0.19801512287334594,0.1981414395967869,0.29338582677165354,0.2250039363879704,0.19820528967254408,0.19833149693058397,0.2836008813345924,0.2250196695515342,0.22514159848961612,0.1983640081799591,0.22522805913809374,0.19845887718194685,0.22531446540880504,0.2254362521616098,0.2255580006287331,0.28335690711928335,0.2928975487115022,0.19842890809112332,0.19855482249450204,0.19868069734568872,0.22550251256281406,0.22562411681582667,0.1987441130298273,0.19886987913985246,0.29268675455116133,0.22563941628746273,0.19893316598682145,0.19905882352941176,0.28293601003764113,0.2256546965657833,0.2257761053621825,0.1990907665778335,0.22586206896551725,0.19918508070835292,0.2259479786900658,0.19927933573554754,0.28273809523809523,0.292247454972592,0.22596304415909801,0.19931110067324254,0.22604884157795868,0.2922210048520895,0.19937402190923317,0.19949929588483806,0.19962453066332916,0.19974972626310025,0.22599311854863935,0.1998436278342455,0.19996873045653532,0.22604345787087698,0.2919662394498281,0.20003125488357557,0.29203125,0.29214185283549443,0.2000937207122774,0.2922067780727784,0.2820112429731418,0.22591725214676034,0.29222603808929126,0.226002809427189,0.22612359550561797,0.20003120611639882,0.20015600624024962,0.22617376384339416,0.20024953212726138,0.20037423982535474,0.22622388525101342,0.2004676539360873,0.22630922693266833,0.22642979585476078,0.2815518853225304,0.2004985200186945,0.20062305295950156,0.29169911228780565,0.281532232949237,0.22637396855052155,0.2816002490660025,0.2264591439688716,0.20059134765017117,0.2265442663762253,0.2815805849408836,0.2266293358220563,0.22674961119751166,0.22686984916809205,0.20055970149253732,0.20068397326286336,0.20080820640348152,0.2912198912198912,0.20090118085767558,0.20102532235513437,0.20114942528735633,0.29119428482683646,0.2267080745341615,0.22682813227759666,0.22694815274759392,0.22706813596150863,0.2011173184357542,0.2809930178432894,0.22711759230530562,0.20117884287265395,0.20130272952853598,0.20142657776399442,0.20155038759689922,0.2908076267245388,0.20164290142591446,0.20176662017666203,0.2908273938642702,0.2018590240123935,0.2908921933085502,0.20195137060554438,0.29095695261690924,0.2805387830933581,0.22678018575851394,0.2268998607026776,0.28056329309811207,0.2908865851771623,0.20188737623762376,0.2020108275328693,0.29090627899783483,0.20210298438224833,0.28045763760049475,0.28056886690369454,0.20216383307573416,0.2806366867562973,0.22666872682323858,0.2807044646995211,0.29070126660488105,0.20216216216216215,0.2022853613341569,0.22664813957078894,0.2806421735103427,0.22673252045068684,0.2023148148148148,0.20243789538651444,0.20256093798210428,0.22674687644608976,0.290407156076496,0.20262143407864303,0.20274437249460375,0.22676121473716665,0.22688039457459927,0.20280474649406688,0.2902927580893683,0.22692959482360192,0.2270486752926679,0.28014785153241956,0.29026793963658765,0.2270977675134719,0.29033251231527096,0.22718177620440203,0.28008618036318866,0.22726573318972149,0.22738461538461538,0.28011075219197046,0.22746847123961858,0.2801783792095956,0.2901291512915129,0.2902382782475019,0.280202889640332,0.22744736437682495,0.20236631837738167,0.29021355046858194,0.22749615975422427,0.20242666257103364,0.2800982800982801,0.29018885306310455,0.20248695118206939,0.29025326170376053,0.20257826887661143,0.2800368267607795,0.22737035900583,0.2026384414787544,0.2901840490797546,0.20272964269283852,0.20285188592456302,0.2902038939138433,0.20294297976701411,0.2902681992337165,0.20303401777505364,0.20315612072927838,0.2271752450980392,0.20324705161586767,0.20336906584992342,0.29015464706783034,0.20345988977342314,0.2902188887188122,0.2903275176002449,0.27941851568477427,0.27952876376988983,0.27963897812452193,0.20342612419700215,0.20354794311056737,0.2036697247706422,0.2037914691943128,0.2901253439315194,0.2795353813235519,0.27964547677261614,0.20381970970206265,0.20394133822181484,0.29005651443409197,0.29016493585827735,0.2040006107802718,0.20412213740458016,0.22653030071744773,0.27945665445665446,0.2900961391728979,0.29020445529447664,0.29031273836765825,0.22651006711409397,0.2793960652737532,0.2903324184202501,0.2039945113584388,0.20411585365853657,0.20423715896966926,0.22645534897896982,0.2792930062471431,0.29021937842778794,0.29032749428789034,0.290435577215961,0.22643520633470382,0.2792326431181486,0.2904551682143401,0.20410958904109588,0.2905189468878405,0.290626902008521,0.22638064810588773,0.2791299056890782,0.29064638783269964,0.2264294403892944,0.27915462977041205,0.22651261781696563,0.22663018695850434,0.2791793313069909,0.29053335359367877,0.29064114250987544,0.20385842321130185,0.29070473876063185,0.2791192103264996,0.29076829638627394,0.29087596781539393,0.29098360655737704,0.2910912126271058,0.27905918057663126,0.2037627067212866,0.2263349514563107,0.20385257090853937,0.29102214134061266,0.29112964366944655,0.2912371134020619,0.2789146581779597,0.2913003940588057,0.20381876041824518,0.2913636363636364,0.29147098924405396,0.20387761284459255,0.2788126609117068,0.27892186553603876,0.20393641180923544,0.27898879806236754,0.29135765097623734,0.27905569007263925,0.2791647753064004,0.20393343419062027,0.29133262743911664,0.279189352692075,0.2792983517314381,0.22573329301481707,0.20393046107331822,0.29126360338573154,0.2792806407737645,0.2793895436687821,0.20395830185828676,0.2794561933534743,0.27956502038966924,0.2040169133192389,0.2911067492073079,0.27958937198067635,0.27969811320754717,0.22547539993963175,0.27976459936622905,0.27987326493663245,0.2909941167596923,0.22549019607843138,0.29105715578344143,0.2911640530759952,0.2912709181365898,0.27977087729876393,0.22547098718914846,0.20373719107896324,0.20385716438149767,0.22551973485989757,0.22563639102274438,0.2039156626506024,0.27962656226471916,0.29102679915688046,0.27969290982989614,0.2910897049969898,0.2255831452219714,0.22569966897381885,0.2796750413720475,0.22578219013237064,0.27974131448338097,0.22586466165413535,0.27980754773718236,0.29088995790739625,0.2798737411693973,0.2799819657348963,0.2800901577761082,0.29086538461538464,0.2801562265284663,0.29092820666866925,0.20348400660759874,0.290990990990991,0.2035730370815193,0.20369258480936656,0.2910100555305418,0.20378151260504201,0.20390097524381096,0.20402040204020402,0.20413979301034949,0.20425914817036592,0.20437846753636227,0.22533733133433284,0.2797181831809324,0.20443645083932854,0.20455567211149409,0.2906802517231046,0.2253183520599251,0.22543439185140804,0.2255503968848285,0.2795747229709494,0.27968258721365474,0.27979041916167663,0.29052537045352494,0.22553127806046094,0.29058805925482567,0.29069419509275884,0.2908002991772625,0.22554591684116063,0.2796470764169284,0.2908193779904306,0.2909253999103005,0.2796711509715994,0.27977880735316096,0.2798864315600717,0.2254594352308382,0.22557514191813566,0.20403286034353996,0.2907706093189964,0.20412124832014336,0.22558972827709764,0.27974324526048666,0.2798507462686567,0.29070288016713924,0.27991644285287975,0.22557064001193494,0.22568615751789975,0.22580164056674124,0.29063525201312257,0.27985686596093634,0.2039355992844365,0.2906543449098226,0.27988077496274216,0.27998807927283564,0.2800953516090584,0.2802025919856994,0.2905868334822758,0.20387192851824273,0.2255807027992853,0.2801846062230162,0.29056266746055376,0.2906682542044947,0.2255952380952381,0.290730546049695,0.29083606069622137,0.22564331399672766,0.2257584770969661,0.2037174721189591,0.27995837050252753,0.2907685446707299,0.20377526753864447,0.22573933719720612,0.2907875185735513,0.22582082900014858,0.2908496732026144,0.29095499777216693,0.2910602910602911,0.29116555308092057,0.22580166270783847,0.2796496957102568,0.22588305135054912,0.20359103724588218,0.20370919881305638,0.2910547396528705,0.29115989320676355,0.2258638588165505,0.22597864768683273,0.22609340252038548,0.2794248443522087,0.2910923373351119,0.2911973918197985,0.27944880723070087,0.22607407407407407,0.2795141460524367,0.20349526066350712,0.2795794461720717,0.27968611193366893,0.22605477424130274,0.2797513321492007,0.2034926742637265,0.22610239715892275,0.20358041130344726,0.22618343195266272,0.29078538677710397,0.22626441881100265,0.20360786633150968,0.22634535777646364,0.20369549150036956,0.2264262488915164,0.20378306487365155,0.20390070921985815,0.2905894519131334,0.22644017725258495,0.22655442327573475,0.20392793857058475,0.2791968108666765,0.22660171242987895,0.2267158671586716,0.2039551357733176,0.20407259849490925,0.2267630569489525,0.22687712051925063,0.22699115044247786,0.2902226810204985,0.22707166027720435,0.29028453486657824,0.20400943396226415,0.20412675018422993,0.22708517536103742,0.20421393841166938,0.22716558632881556,0.20430107526881722,0.2044182621502209,0.2900898247680754,0.22717903415783275,0.2272928014132195,0.20444509861642626,0.2784400294334069,0.22733961153619775,0.22745328821538915,0.20447190350102973,0.2045889101338432,0.2898529411764706,0.22746654903690633,0.22758012349309026,0.20461561075995885,0.22766019988242212,0.20470242468772962,0.20481927710843373,0.20493609519612163,0.27805522914218567,0.22763988838302246,0.20499265785609397,0.27807957715460285,0.22768643570170288,0.22779979451049465,0.20501907836806574,0.20513573000733676,0.2278462441314554,0.22795951298225026,0.27794074508653566,0.22803930195043262,0.28914956011730203,0.20510189121829644,0.20521841102316035,0.20533489667301774,0.22801875732708088,0.22813186813186814,0.20539115147963669,0.2055075435769738,0.28895723491505565,0.22814467711231512,0.2282576866764275,0.20553359683794467,0.2775175644028103,0.22830381969852187,0.22841673983026045,0.2055596196049744,0.22849619660620246,0.2056457510604066,0.2285756069026031,0.2773797338792221,0.22865497076023392,0.2885543049261804,0.28865828705057,0.2773637293584685,0.27746931618936294,0.27757487216946675,0.20552147239263804,0.20563750547685117,0.2775992990654206,0.20572346327931085,0.22846715328467154,0.27762370456867613,0.22854640980735552,0.28834087261053554,0.28844470382258536,0.22859226841721372,0.2885064177362894,0.27752661513781535,0.2885680956547098,0.277591485639306,0.2055393586005831,0.2285381139775543,0.22865053920139902,0.22876293166253825,0.22887529137529136,0.2289876183539694,0.22909991261287505,0.27741371778069024,0.20544554455445543,0.22914543601688747,0.2292576419213974,0.27739775869596855,0.27750291036088476,0.2776080314273243,0.2777131219086413,0.2053818181818182,0.2054973821989529,0.2777373854878581,0.20558301831927886,0.2056985026893444,0.2877906976744186,0.20578404301700334,0.22900319674513223,0.2776405637076856,0.20583962812318418,0.2877269426289034,0.20592506534998548,0.228982140264266,0.20601045296167247,0.287705037015532,0.2878084179970972,0.22899434044405748,0.2291062100986651,0.2878282315392427,0.2879315346678271,0.20594633792603337,0.28799303944315546,0.20603160794548353,0.22905189910118876,0.2880127554718075,0.2881159420289855,0.22909723228517606,0.27702115328890176,0.288135593220339,0.28823870220162223,0.22910934105720493,0.2770055024616276,0.22918778051252353,0.20584829183555298,0.28817484440584745,0.27698986975397977,0.20590363189118796,0.27705439814814814,0.27715897584261534,0.2881110789702054,0.2772234273318872,0.22903412377096588,0.28813069249674716,0.22911246024862678,0.28819193525075876,0.2771676300578035,0.2291576361797428,0.20572088991620918,0.20583562039578218,0.27715193529751586,0.2772563176895307,0.27736066993935893,0.27746499206005487,0.2290704387990762,0.277529224996392,0.2776334776334776,0.28783725292165635,0.20571263704558568,0.20582720323092457,0.22901644072685318,0.28781542898341744,0.27753748558246827,0.22906155398587286,0.2776016142980686,0.2777057212854878,0.20576368876080692,0.22907362051577582,0.22918467300489773,0.2876278265879303,0.22926267281105991,0.27760979121670265,0.27771379211056724,0.28760616093277674,0.22927461139896374,0.2777378040005756,0.2876258992805755,0.20558193065745936,0.20569620253164558,0.2876456205954264,0.2776819096922634,0.2057512580877067,0.2058654399079931,0.27770590771884435,0.2875826386892785,0.22905589883603966,0.20589080459770115,0.22913374515155868,0.28756104567652974,0.2059457130547178,0.2775703618609994,0.20603015075376885,0.2061441286247488,0.2290799483278312,0.22919058553386912,0.2775147079925384,0.2776183644189383,0.20613972170420314,0.20625358577165806,0.27764233471963284,0.2291367938055635,0.27770609318996414,0.2292144495412844,0.20624910419951267,0.2870449985669246,0.2776902134976358,0.20630372492836677,0.28706489041684574,0.27771412202807216,0.2778175569239582,0.2063287514318442,0.2870436649964209,0.2290294875465216,0.27780163160154575,0.22910704064109902,0.2870224638717985,0.2871244635193133,0.22915176655700187,0.20623569794050342,0.20634920634920634,0.28710323134114957,0.2291636883488206,0.2064036592338479,0.2775475203658711,0.20648756787653616,0.2870410058579797,0.2775714285714286,0.22911012712469647,0.22922022279348758,0.22933028701984864,0.2775556824671616,0.27765881513204854,0.27776191835569514,0.28685600114171544,0.20633561643835616,0.28691682122984735,0.2777460770328103,0.2778490942804165,0.2779520821448945,0.20633109938685298,0.2868548617051611,0.27797576621525305,0.2290478905359179,0.2063559925894257,0.28683385579937304,0.28693546089186495,0.22905982905982905,0.2778806437829369,0.2063514668185702,0.27794389861882385,0.22907175398633256,0.2868327402135231,0.20637631653857103,0.2779279920307386,0.2290836653386454,0.22919334186939821,0.22930298719772405,0.28673019485137247,0.2868316268486917,0.2293473624342386,0.2868922377025874,0.27775408670931057,0.22939169982944854,0.2061958220832741,0.22946859903381642,0.22957806506606052,0.20625,0.28674904132935664,0.20633342800340812,0.22958966349566945,0.2064168086314594,0.27750177430801987,0.22963383479988647,0.28664680005676174,0.2775255391600454,0.28670733437367,0.229645390070922,0.2775492837895334,0.2063244469653999,0.20643697717283427,0.27757300822228526,0.2296243798724309,0.22973356009070295,0.27759671248405837,0.2064324171153301,0.2864428389290268,0.22974504249291786,0.2298541283104376,0.2864627584253753,0.28656378309500213,0.27746319365798416,0.2775654635527247,0.22983300311350127,0.20631102306494978,0.2775891341256367,0.2298769274296223,0.28642149929278643,0.2299533305048791,0.23006221719457012,0.2775342853103351,0.2776364150409952,0.2062190812720848,0.23007348784624082,0.2301822806273845,0.2776207968352642,0.2777228422093516,0.23022598870056496,0.230334698488914,0.27774639932222533,0.28603698997599886,0.28613777526821005,0.27776993648553283,0.27787186000564496,0.23028079582333852,0.27793453724604966,0.23035689095782197,0.2779971791255289,0.28599633338034125,0.28609701071630006,0.20583674044832934,0.27798139272624756,0.20591966173361523,0.27804396843291995,0.2781456953642384,0.23020569174415328,0.27820819833779403,0.20591549295774647,0.20602732009576116,0.278231484088989,0.20611009432634098,0.2782939189189189,0.2857142857142857,0.20616380523501265,0.23005487547488393,0.2782779966235228,0.2301308200872134,0.23023909985935304,0.20615947124173814,0.2782620922384702,0.2855335301560523,0.2062131009277481,0.2782853127196065,0.23018549747048903,0.20626668540115217,0.28547344759763976,0.23022896474223908,0.2303370786516854,0.2854936104479708,0.2062622858747543,0.20637371893864945,0.27807411566535656,0.23031578947368422,0.2781364019085041,0.2782376876666199,0.2303591470258137,0.2782999018095105,0.23043478260869565,0.23054270088346657,0.2783230510375771,0.2784242254310949,0.20619568264648164,0.23055360896986685,0.2850336322869955,0.20624912428191117,0.20636032502101428,0.278330298361115,0.23053221288515408,0.20641366755356394,0.278353402408289,0.23057538849223017,0.27841545352743563,0.27851644506648005,0.230618527847747,0.23072617881628654,0.2785394515948517,0.23080151070079732,0.2309090909090909,0.28457558383442877,0.2785234899328859,0.20620718579616945,0.2063181436958345,0.20642907058001397,0.23085522638345443,0.20651110800614783,0.2784297289745739,0.2308981701354938,0.20656424581005586,0.2066750453847228,0.27841385087964254,0.2842384475778305,0.23087660524846454,0.2842986741102582,0.2783979905107452,0.23091949211664572,0.20661272321428573,0.2784209792160692,0.2309623430962343,0.20666573699623483,0.20677635248187395,0.28412100934058276,0.20685809868971286,0.2069686411149826,0.278288740245262,0.20705029956806464,0.27835051546391754,0.23081209082044854,0.27841225626740945,0.27851274195794457,0.20704539125591756,0.20715578449115968,0.27853563474387527,0.20723729993041057,0.2785972724742555,0.28370669263948795,0.20728992765720647,0.278620114063152,0.20737134909596663,0.23056598525935196,0.20745272525027808,0.20756290838315028,0.2835696413678065,0.2785267546907575,0.207615341856587,0.20772544115603725,0.2785495971103084,0.2786498124739547,0.23041666666666666,0.20774892376058882,0.20785892807553458,0.23045953075107595,0.23056635202665185,0.2785565579458709,0.23064113238967526,0.28319689191064246,0.20782463928967815,0.2079345262865862,0.20804438280166435,0.20815420884759395,0.27842484747642815,0.23055594066269236,0.208206265594677,0.20831600831600833,0.2829822616407982,0.27837051406401553,0.2083679689664727,0.20847762848039894,0.278393351800554,0.23043899736878548,0.23054555524785378,0.20850062300982972,0.23062015503875968,0.20858131487889273,0.27830058123443124,0.23066279230662792,0.23076923076923078,0.27832341956010515,0.20857538035961273,0.2783847324021574,0.20865597345132744,0.23074796073551776,0.28241636715510093,0.20870767104353835,0.28247650635710336,0.2782921099903275,0.20875932578060238,0.28249758253902474,0.27831491712707185,0.2306311282971965,0.2307373653686827,0.20875327902802707,0.20886250690226393,0.23077984817115252,0.23088600607231577,0.2781840761694494,0.27828366445916114,0.27838322527245135,0.28220689655172415,0.278444352503103,0.2822669608383894,0.2087412105335723,0.23076923076923078,0.2308752584424535,0.20879272326350606,0.2089017500344495,0.2821713970790852,0.2782752445240391,0.2822314049586777,0.20892439057980994,0.2782979895345635,0.23075863968057275,0.2783590308370044,0.28217481073640743,0.23080099091659786,0.23090683913581947,0.2821959273527793,0.27830513137983215,0.28225584594222836,0.23091734286893137,0.23102310231023102,0.2782895641413447,0.20868847951608469,0.23106529209621993,0.2821605277625069,0.20873986532911915,0.2822203902170926,0.20881989284242342,0.2822802197802198,0.2088998763906057,0.28234001647898926,0.27804476177399423,0.20895112575507963,0.230885380919698,0.2823222618720834,0.23095924248662,0.2823819978046103,0.2089449855947318,0.27791495198902605,0.27801398985050063,0.20899616017553482,0.27807486631016043,0.2308746915272827,0.20904729266620972,0.27809758771929827,0.27819651911744553,0.27829542340367225,0.2783943005891218,0.28205479452054794,0.27845500616353924,0.27855382087099423,0.27865260851704776,0.28203723986856516,0.23066392881587952,0.27867506159321104,0.28205830026002465,0.27873563218390807,0.23067451087700097,0.27879616963064296,0.27889481603063876,0.2789934354485777,0.2086694926842609,0.27905386929176923,0.20874914559125085,0.20885729907053036,0.23055897225638924,0.23066411587865537,0.20890832080885366,0.2789617486338798,0.27906023767244914,0.27915869980879543,0.20893076607947564,0.2815401419989077,0.230580204778157,0.27914277914277913,0.27924116282243755,0.279339519650655,0.2794378496384227,0.2305593451568895,0.2794980220979403,0.23063284233497,0.2813309695895268,0.28142896100354514,0.23067484662576687,0.2086968375136314,0.2088046885648085,0.23071681657127283,0.2308216378253168,0.279291553133515,0.2793897289197657,0.27948787796240804,0.20877025738798857,0.2088779956427015,0.27950987066031313,0.23073781649877484,0.27956989247311825,0.23081110506260208,0.2309157708531773,0.28095238095238095,0.2795538022037818,0.2309575625680087,0.2796137630898953,0.23103073157465326,0.2796736913664174,0.2797716150081566,0.2798695120293598,0.27996738244088065,0.20858812338632968,0.23097826086956522,0.2086673006385002,0.20877478945938605,0.2799130789080538,0.2088538837588267,0.20896130346232178,0.23092587564485473,0.20904031491787703,0.20914766558089035,0.2803636857104085,0.27978290366350067,0.2804232804232804,0.23087357569180683,0.27980469279804693,0.20911310008136696,0.23091525423728815,0.20919197396963124,0.20929917310559848,0.2802927622661968,0.27971269819758776,0.20934959349593496,0.23086302669015038,0.2094283392034679,0.2796966002979818,0.20950704225352113,0.2797562626946513,0.23084213376658544,0.28008663868958983,0.2797780184082296,0.2798754905941264,0.2094722598105548,0.2800703558381816,0.2801677489177489,0.2798593263898282,0.28022721125236677,0.2799188640973631,0.28001622498647916,0.23063404082736244,0.2800756961340903,0.28017299635085824,0.2802702702702703,0.2803675179029861,0.28046473925965953,0.20923949750101312,0.23055105348460292,0.23065496286293044,0.2804482851741831,0.23072769002295127,0.2805075593952484,0.28060466999595085,0.2807017543859649,0.28079881257590067,0.28089584457636263,0.23067583974099554,0.23077960615052603,0.28091706001348615,0.20900755124056095,0.2794930564918431,0.2809382582906444,0.2810351799433886,0.2307277628032345,0.2810941921573912,0.23080032336297493,0.2309039471911626,0.28111530172413796,0.2812121212121212,0.281308914624293,0.20883263767335397,0.23088314485729672,0.2813299232736573,0.23095558546433378,0.2813887767460638,0.20882669537136705,0.2790259652899233,0.20890503093892923,0.2090114324142569,0.23090371167294244,0.209089686701627,0.23097606883570854,0.2812205941658825,0.20913978494623656,0.2812793979303857,0.2788228970706799,0.2789197904070939,0.2813003761418592,0.2813969106783076,0.2814934192855224,0.28158990197394923,0.23080021482277122,0.2090213451469996,0.23087248322147652,0.28157294322909676,0.2816693505099302,0.2817657319200322,0.28186208746981484,0.2089872568745808,0.23082081545064378,0.20906530776451657,0.27849289353714135,0.281807212763105,0.23083109919571046,0.20908725371934056,0.28182792816939156,0.20916521506096744,0.28188638799571275,0.23081044876088413,0.2783284221805518,0.20918708986205972,0.281869309051955,0.2308207256660865,0.23092369477911648,0.23102663632713158,0.20918094218415417,0.27820152549177035,0.28177682633128176,0.20923076923076922,0.20933654360620652,0.2094422896883777,0.230944102701257,0.27811204706511566,0.23101604278074866,0.23111883438043043,0.27813418871959367,0.2815715622076707,0.2311598075895243,0.20935203740814964,0.27811915575741386,0.2094296781087218,0.20953525641025642,0.2311390038723461,0.2781041388518024,0.28140435188893337,0.20955686065136145,0.2096623515280929,0.2780891379770483,0.20973982655103401,0.281350053361793,0.2781112444977991,0.2814083755668178,0.2815042005600747,0.2816,0.2816957738968138,0.20967741935483872,0.20978275356524057,0.27798507462686567,0.2816788807461692,0.23074873434585666,0.27800719328626616,0.20977623867874268,0.23078971900386203,0.281624500665779,0.277992277992278,0.28168264110756125,0.2817782510315453,0.2818738355070535,0.28196939454424486,0.2779403938265035,0.2820274045496874,0.28212290502793297,0.20960234073680012,0.2779255319148936,0.23055444754686877,0.2779845785695294,0.209623820284461,0.28203083466241363,0.23056478405315614,0.20967313313845337,0.28205128205128205,0.2778958554729012,0.23057510957630495,0.28207171314741036,0.28216704288939054,0.2822623473181094,0.23058542413381122,0.2823201486594107,0.28241539482415395,0.28251061571125263,0.28260581133076823,0.2827009816927567,0.28279612680726884,0.20941644562334216,0.28285373292666754,0.28294881994166005,0.28304388174466394,0.20943796394485684,0.2831013916500994,0.20951497482109727,0.2831588710745992,0.2832538420773715,0.2095641806861836,0.20966887417218544,0.2301681896437558,0.23027012711864406,0.20971799285052298,0.2770717500661901,0.2831237590999338,0.2832186341979884,0.23025009924573242,0.277057422598571,0.23032147109406007,0.23042328042328042,0.2770797513556408,0.27717535043639246,0.27727092423641414,0.2773664727657324,0.27746199603436883,0.2829764736981232,0.2303422756706753,0.2774841437632135,0.28299643281807374,0.23038309114927344,0.20935147272487123,0.20945589012150026,0.23042387429024164,0.23052548191180353,0.23062706270627062,0.28286694825765574,0.282961594298535,0.23066772235418317,0.20939437920569995,0.28298153034300794,0.283076111330959,0.27710366657873914,0.2831333245417381,0.28322784810126583,0.28332234673698087,0.2834168204587398,0.20930539080005273,0.2834739061676331,0.28356832257214387,0.20935441370223978,0.28362534580424187,0.2768703898840885,0.23034373765310154,0.20937582301817223,0.2768926925608953,0.23038441284886782,0.20942477293668554,0.27691497762569095,0.23042505592841164,0.2769736842105263,0.28338376529404025,0.23046566692975531,0.2834407470735236,0.20936349289847447,0.28349769888231424,0.23047594004733105,0.20941238333114237,0.2835173501577287,0.28361151268234985,0.2304862023653088,0.23058730784391013,0.2836311087756174,0.27663207671088924,0.28368794326241137,0.28378200919238344,0.28387605042016806,0.2839700669554943,0.27658177999474926,0.27667672922955766,0.28398950131233597,0.20915890303109827,0.2766990291262136,0.2303555030827758,0.2767576075550892,0.2839344262295082,0.23039601363755574,0.28399108430575587,0.23046670162558994,0.23056757111023726,0.2306684141546527,0.2839732669374918,0.2840670859538784,0.28416088038778986,0.2842546502488866,0.28434839554682384,0.23061812467260345,0.208851643315438,0.28436763550667715,0.2763450713444168,0.2306282722513089,0.2843868603585918,0.2088458518712379,0.2844432814339919,0.2845368916797488,0.20889470241988228,0.208998168977243,0.2761867398979992,0.20907426778242677,0.20917767028369721,0.28444444444444444,0.2845379688929552,0.20922634605331938,0.28459427675421406,0.2760648027175333,0.20927498367080338,0.23027690700104494,0.28457620477993995,0.2093235831809872,0.284632458545502,0.2759791122715405,0.284688682939564,0.2093448185852258,0.2301970507634086,0.2302974947807933,0.23039791258969342,0.23049830420036524,0.23059866962305986,0.23069900886802294,0.284522101968966,0.20925684485006518,0.23073914743840437,0.23083941605839417,0.20930535644467613,0.20940839197289549,0.2755700325732899,0.28439291297550806,0.2844861273935131,0.2755926022401667,0.20940226592004169,0.2845052083333333,classic
