4_60962148_60977475,1.0,0.5,0.3333333333333333,0.5,0.6,0.16666666666666666,0.2857142857142857,0.375,0.4444444444444444,0.2,0.18181818181818182,0.25,0.3076923076923077,0.2857142857142857,0.3333333333333333,0.3125,0.17647058823529413,0.3333333333333333,0.3684210526315789,0.2,0.38095238095238093,0.2727272727272727,0.21739130434782608,0.2916666666666667,0.24,0.34615384615384615,0.25925925925925924,0.17857142857142858,0.27586206896551724,0.3,0.1935483870967742,0.3125,0.21212121212121213,0.23529411764705882,0.3142857142857143,0.3333333333333333,0.21621621621621623,0.2631578947368421,0.28205128205128205,0.3,0.21951219512195122,0.23809523809523808,0.3023255813953488,0.3181818181818182,0.28888888888888886,0.30434782608695654,0.3191489361702128,0.3333333333333333,0.3469387755102041,0.22,0.35294117647058826,0.28846153846153844,0.3018867924528302,0.16666666666666666,0.18181818181818182,0.21428571428571427,0.3333333333333333,0.29310344827586204,0.22033898305084745,0.3333333333333333,0.18032786885245902,0.1935483870967742,0.20634920634920634,0.328125,0.2153846153846154,0.2727272727272727,0.22388059701492538,0.23529411764705882,0.2463768115942029,0.3142857142857143,0.323943661971831,0.3333333333333333,0.2465753424657534,0.1891891891891892,0.2,0.32894736842105265,0.2077922077922078,0.24358974358974358,0.3291139240506329,0.2125,0.2222222222222222,0.24390243902439024,0.25301204819277107,0.2619047619047619,0.2235294117647059,0.22093023255813954,0.26436781609195403,0.2727272727272727,0.30337078651685395,0.3111111111111111,0.21978021978021978,0.21739130434782608,0.22580645161290322,0.22340425531914893,0.23157894736842105,0.22916666666666666,0.25773195876288657,0.2653061224489796,0.23232323232323232,0.27,0.27722772277227725,0.28431372549019607,0.22330097087378642,0.23076923076923078,0.22857142857142856,0.2358490566037736,0.2803738317757009,0.23148148148148148,0.23853211009174313,0.23636363636363636,0.26126126126126126,0.24107142857142858,0.26548672566371684,0.2719298245614035,0.26956521739130435,0.27586206896551724,0.27350427350427353,0.2796610169491525,0.23529411764705882,0.275,0.2809917355371901,0.22131147540983606,0.22764227642276422,0.23387096774193547,0.28,0.2857142857142857,0.23622047244094488,0.2265625,0.23255813953488372,0.23846153846153847,0.2366412213740458,0.24242424242424243,0.2781954887218045,0.2537313432835821,0.24444444444444444,0.25735294117647056,0.26277372262773724,0.26811594202898553,0.2446043165467626,0.2714285714285714,0.24822695035460993,0.22535211267605634,0.26573426573426573,0.2708333333333333,0.22758620689655173,0.2465753424657534,0.25170068027210885,0.2702702702702703,0.2751677852348993,0.26,0.26490066225165565,0.26973684210526316,0.27450980392156865,0.24675324675324675,0.21935483870967742,0.27564102564102566,0.2802547770700637,0.22151898734177214,0.2830188679245283,0.2875,0.2919254658385093,0.24074074074074073,0.25766871165644173,0.2621951219512195,0.24242424242424243,0.21686746987951808,0.2215568862275449,0.2261904761904762,0.2603550295857988,0.2647058823529412,0.23976608187134502,0.26744186046511625,0.2254335260115607,0.27011494252873564,0.22857142857142856,0.23295454545454544,0.2711864406779661,0.23595505617977527,0.2737430167597765,0.2388888888888889,0.27624309392265195,0.23076923076923078,0.23497267759562843,0.2608695652173913,0.2648648648648649,0.23655913978494625,0.23529411764705882,0.2393617021276596,0.2698412698412698,0.2736842105263158,0.2356020942408377,0.2760416666666667,0.27979274611398963,0.23711340206185566,0.2564102564102564,0.23469387755102042,0.23857868020304568,0.23737373737373738,0.27638190954773867,0.28,0.23880597014925373,0.2524752475247525,0.23645320197044334,0.24019607843137256,0.24390243902439024,0.24757281553398058,0.23671497584541062,0.27403846153846156,0.24880382775119617,0.23809523809523808,0.25118483412322273,0.24056603773584906,0.24413145539906103,0.2523364485981308,0.24651162790697675,0.25462962962962965,0.25806451612903225,0.26146788990825687,0.2465753424657534,0.2636363636363636,0.26244343891402716,0.26576576576576577,0.26905829596412556,0.26339285714285715,0.26666666666666666,0.26991150442477874,0.27312775330396477,0.27631578947368424,0.2794759825327511,0.26521739130434785,0.23809523809523808,0.2672413793103448,0.24034334763948498,0.24358974358974358,0.24680851063829787,0.2754237288135593,0.21940928270042195,0.24789915966386555,0.2510460251046025,0.25416666666666665,0.26141078838174275,0.2644628099173554,0.2716049382716049,0.2540983606557377,0.2653061224489796,0.21544715447154472,0.2550607287449393,0.2661290322580645,0.26907630522088355,0.256,0.26693227091633465,0.21428571428571427,0.26877470355731226,0.27165354330708663,0.26666666666666666,0.2734375,0.27626459143968873,0.25193798449612403,0.2548262548262548,0.27692307692307694,0.2796934865900383,0.2633587786259542,0.2661596958174905,0.2803030303030303,0.2830188679245283,0.2857142857142857,0.26591760299625467,0.25,0.2862453531598513,0.28888888888888886,0.2915129151291513,0.2647058823529412,0.20146520146520147,0.2664233576642336,0.20363636363636364,0.20652173913043478,0.2888086642599278,0.26618705035971224,0.24372759856630824,0.24642857142857144,0.2491103202846975,0.25177304964539005,0.26501766784452296,0.2852112676056338,0.20350877192982456,0.2062937062937063,0.20905923344947736,0.2638888888888889,0.2837370242214533,0.2482758620689655,0.2508591065292096,0.2842465753424658,0.28668941979522183,0.2891156462585034,0.20677966101694914,0.20945945945945946,0.24915824915824916,0.2516778523489933,0.28762541806020064,0.29,0.292358803986711,0.25165562913907286,0.25412541254125415,0.2565789473684211,0.29180327868852457,0.20588235294117646,0.20846905537459284,0.2922077922077922,0.21035598705501618,0.25483870967741934,0.29260450160771706,0.2564102564102564,0.2939297124600639,0.2961783439490446,0.2984126984126984,0.24367088607594936,0.2555205047318612,0.29874213836477986,0.30094043887147337,0.303125,0.2554517133956386,0.30434782608695654,0.25696594427244585,0.24074074074074073,0.25846153846153846,0.24233128834355827,0.30275229357798167,0.3048780487804878,0.2006079027355623,0.30606060606060603,0.256797583081571,0.25903614457831325,0.24024024024024024,0.20059880239520958,0.25970149253731345,0.2619047619047619,0.26409495548961426,0.26627218934911245,0.3008849557522124,0.23823529411764705,0.19941348973607037,0.20175438596491227,0.239067055393586,0.24127906976744187,0.24347826086956523,0.2630057803468208,0.2968299711815562,0.2988505747126437,0.20057306590257878,0.20285714285714285,0.2621082621082621,0.20454545454545456,0.29745042492917845,0.2994350282485876,0.23943661971830985,0.2612359550561798,0.26330532212885155,0.24022346368715083,0.24233983286908078,0.2638888888888889,0.2659279778393352,0.2955801104972376,0.20110192837465565,0.2032967032967033,0.2958904109589041,0.2650273224043716,0.23978201634877383,0.20380434782608695,0.2953929539295393,0.24054054054054055,0.2641509433962264,0.2661290322580645,0.24128686327077747,0.20320855614973263,0.29333333333333333,0.29521276595744683,0.26525198938992045,0.24074074074074073,0.26649076517150394,0.26842105263157895,0.2020997375328084,0.24083769633507854,0.2924281984334204,0.2421875,0.2935064935064935,0.24352331606217617,0.29457364341085274,0.2654639175257732,0.20051413881748073,0.24358974358974358,0.29411764705882354,0.2653061224489796,0.2951653944020356,0.2436548223350254,0.2,0.20202020202020202,0.2947103274559194,0.2964824120603015,0.2982456140350877,0.2025,0.26184538653366585,0.29850746268656714,0.2630272952853598,0.2995049504950495,0.3012345679012346,0.26354679802955666,0.20147420147420148,0.2647058823529412,0.2665036674816626,0.23658536585365852,0.20194647201946472,0.20388349514563106,0.26634382566585957,0.23671497584541062,0.2963855421686747,0.2668269230769231,0.2038369304556355,0.2966507177033493,0.29832935560859186,0.20476190476190476,0.23515439429928742,0.2985781990521327,0.2364066193853428,0.29952830188679247,0.2635294117647059,0.3004694835680751,0.30210772833723654,0.3037383177570093,0.2634032634032634,0.30465116279069765,0.26450116009280744,0.3055555555555556,0.20092378752886836,0.26497695852534564,0.3057471264367816,0.3073394495412844,0.30892448512585813,0.2009132420091324,0.3097949886104784,0.31136363636363634,0.2290249433106576,0.23076923076923078,0.2618510158013544,0.3108108108108108,0.26292134831460673,0.23094170403587444,0.31096196868008946,0.26339285714285715,0.23162583518930957,0.19777777777777777,0.31042128603104213,0.2323008849557522,0.23399558498896247,0.19823788546255505,0.2,0.26096491228070173,0.3085339168490153,0.26200873362445415,0.3093681917211329,0.2326086956521739,0.23427331887201736,0.2619047619047619,0.2634989200863931,0.2650862068965517,0.26666666666666666,0.19742489270386265,0.30620985010706636,0.2670940170940171,0.232409381663113,0.2680851063829787,0.3057324840764331,0.2330508474576271,0.19661733615221988,0.19831223628691982,0.30526315789473685,0.2668067226890756,0.26834381551362685,0.2698744769874477,0.3048016701461378,0.23125,0.23284823284823286,0.2697095435684647,0.23395445134575568,0.23553719008264462,0.23711340206185566,0.30246913580246915,0.26899383983572894,0.19467213114754098,0.26993865030674846,0.23673469387755103,0.1955193482688391,0.3008130081300813,0.19675456389452334,0.19838056680161945,0.2686868686868687,0.23588709677419356,0.19919517102615694,0.2991967871485944,0.20040080160320642,0.3,0.26746506986027946,0.20119521912350596,0.2345924453280318,0.2361111111111111,0.2376237623762376,0.2984189723320158,0.26627218934911245,0.2677165354330709,0.20039292730844793,0.2372549019607843,0.26810176125244617,0.26953125,0.2378167641325536,0.23929961089494164,0.2407766990291262,0.29457364341085274,0.2688588007736944,0.19884169884169883,0.2003853564547206,0.20192307692307693,0.2687140115163148,0.20306513409961685,0.2695984703632887,0.2385496183206107,0.2704761904761905,0.2718631178707224,0.2030360531309298,0.2897727272727273,0.2722117202268431,0.2037735849056604,0.20527306967984935,0.20676691729323307,0.23639774859287055,0.27153558052434457,0.27289719626168224,0.20708955223880596,0.2085661080074488,0.23605947955390336,0.2857142857142857,0.2722222222222222,0.2365988909426987,0.23800738007380073,0.27255985267034993,0.27389705882352944,0.23853211009174313,0.2838827838827839,0.2742230347349177,0.23905109489051096,0.2750455373406193,0.24,0.2831215970961887,0.28442028985507245,0.2857142857142857,0.24007220216606498,0.27387387387387385,0.2751798561151079,0.20287253141831238,0.27598566308243727,0.2772808586762075,0.2785714285714286,0.28342245989304815,0.20284697508896798,0.2841918294849023,0.2854609929078014,0.2778761061946903,0.20318021201413428,0.2786596119929453,0.23591549295774647,0.27943760984182775,0.2807017543859649,0.2031523642732049,0.28321678321678323,0.2844677137870855,0.2804878048780488,0.2852173913043478,0.28125,0.28596187175043325,0.23356401384083045,0.2815198618307427,0.2827586206896552,0.23407917383820998,0.20103092783505155,0.2830188679245283,0.2842465753424658,0.28547008547008546,0.20136518771331058,0.20272572402044292,0.23299319727891157,0.28522920203735147,0.28135593220338984,0.2825719120135364,0.28547297297297297,0.20236087689713322,0.2828282828282828,0.28403361344537814,0.20302013422818793,0.20435510887772193,0.2842809364548495,0.20534223706176963,0.23,0.23128119800332778,0.23255813953488372,0.2835820895522388,0.23344370860927152,0.28429752066115704,0.2854785478547855,0.2042833607907743,0.20559210526315788,0.2791461412151067,0.20655737704918034,0.28477905073649756,0.28594771241830064,0.20717781402936378,0.23127035830618892,0.2861788617886179,0.28733766233766234,0.23176661264181522,0.2766990291262136,0.23263327948303716,0.2870967741935484,0.2882447665056361,0.2057877813504823,0.27608346709470305,0.27724358974358976,0.2784,0.28753993610223644,0.23125996810207336,0.23248407643312102,0.287758346581876,0.2777777777777778,0.27892234548335976,0.20411392405063292,0.2796208530805687,0.2807570977917981,0.2047244094488189,0.2861635220125786,0.28100470957613816,0.2304075235109718,0.2863849765258216,0.2875,0.23088923556942278,0.2803738317757009,0.28149300155520995,0.23136645962732919,0.2868217054263566,0.23219814241486067,0.23338485316846985,0.2345679012345679,0.2357473035439137,0.23692307692307693,0.27956989247311825,0.2852760736196319,0.23736600306278713,0.2798165137614679,0.28549618320610687,0.2804878048780488,0.1993911719939117,0.2811550151975684,0.23672230652503792,0.2818181818181818,0.2844175491679274,0.23716012084592145,0.2850678733031674,0.23795180722891565,0.19849624060150375,0.2807807807807808,0.2818590704647676,0.2844311377245509,0.28550074738415543,0.2865671641791045,0.28763040238450077,0.28869047619047616,0.1976225854383358,0.2893175074183976,0.1985185185185185,0.28994082840236685,0.23485967503692762,0.27876106194690264,0.29013254786450665,0.19852941176470587,0.2790014684287812,0.2903225806451613,0.2342606149341142,0.23538011695906433,0.2905109489051095,0.2784256559766764,0.23580786026200873,0.29069767441860467,0.27866473149492016,0.2797101449275362,0.28075253256150506,0.23554913294797689,0.29004329004329005,0.23631123919308358,0.2906474820143885,0.2916666666666667,0.23672883787661406,0.2793696275071633,0.2374821173104435,0.28,0.29101283880171186,0.19373219373219372,0.29160739687055476,0.27982954545454547,0.19432624113475178,0.2804532577903683,0.2913719943422914,0.2923728813559322,0.23554301833568406,0.19436619718309858,0.29254571026722925,0.29353932584269665,0.2791023842917251,0.19467787114845939,0.2937062937062937,0.27932960893854747,0.19525801952580196,0.2799442896935933,0.2336578581363004,0.23472222222222222,0.23578363384188628,0.27977839335180055,0.28077455048409405,0.281767955801105,0.2910344827586207,0.28236914600550966,0.29160935350756534,0.1936813186813187,0.2825788751714678,0.29178082191780824,0.28317373461012313,0.2923497267759563,0.23328785811732605,0.28337874659400547,0.2925170068027211,0.23369565217391305,0.2835820895522388,0.2845528455284553,0.23410013531799728,0.2851351351351351,0.291497975708502,0.2857142857142857,0.28667563930013457,0.28763440860215056,0.2912751677852349,0.29222520107238603,0.2931726907630522,0.18983957219251338,0.1909212283044059,0.232,0.2862849533954727,0.2925531914893617,0.2868525896414343,0.23209549071618038,0.28741721854304636,0.28835978835978837,0.2892998678996037,0.23218997361477572,0.2898550724637681,0.29078947368421054,0.29172141918528255,0.2900262467191601,0.23197903014416776,0.2918848167539267,0.2901960784313726,0.29112271540469975,0.2920469361147327,0.29296875,0.23146944083224968,0.2909090909090909,0.2918287937743191,0.18652849740932642,0.2923673997412678,0.18733850129198967,0.2929032258064516,0.29381443298969073,0.2947232947232947,0.29562982005141386,0.2901155327342747,0.18717948717948718,0.29577464788732394,0.29028132992327366,0.29118773946360155,0.1875,0.18853503184713377,0.2913486005089059,0.18932655654383734,0.29441624365482233,0.19011406844106463,0.2949367088607595,0.29077117572692796,0.19065656565656566,0.19167717528373265,0.29093198992443325,0.2943396226415094,0.22487437185929648,0.191969887076537,0.19298245614035087,0.22528160200250313,0.22625,0.2933832709113608,0.2942643391521197,0.29514321295143214,0.2263681592039801,0.22732919254658385,0.2878411910669975,0.28872366790582404,0.22772277227722773,0.2941903584672435,0.29506172839506173,0.2959309494451295,0.19088669950738915,0.2878228782287823,0.28869778869778867,0.19141104294478528,0.2267156862745098,0.22766217870257038,0.2885085574572127,0.29426129426129427,0.2951219512195122,0.29598051157125455,0.19099756690997566,0.29647630619684084,0.19174757281553398,0.2872727272727273,0.2966101694915254,0.2877871825876663,0.2886473429951691,0.19179734620024125,0.2891566265060241,0.29001203369434414,0.29086538461538464,0.2917166866746699,0.2949640287769784,0.22395209580838324,0.29545454545454547,0.22461170848267623,0.29594272076372313,0.2967818831942789,0.2904761904761905,0.1902497027348395,0.19121140142517815,0.22419928825622776,0.2902843601895735,0.2958579881656805,0.2966903073286052,0.2243211334120425,0.29009433962264153,0.2968197879858657,0.29058823529411765,0.2244418331374853,0.22535211267605634,0.29073856975381007,0.2962529274004684,0.18947368421052632,0.22546728971962618,0.29638273045507585,0.2261072261072261,0.2968568102444703,0.29767441860465116,0.18931475029036005,0.1902552204176334,0.19119351100811124,0.19212962962962962,0.2254335260115607,0.2967667436489607,0.2975778546712803,0.1923963133640553,0.29804372842347526,0.2988505747126437,0.29965556831228474,0.1926605504587156,0.2852233676975945,0.19336384439359267,0.224,0.22488584474885845,0.22576966932725198,0.2847380410022779,0.29806598407281,0.2852272727272727,0.28603859250851305,0.2868480725623583,0.19252548131370328,0.29751131221719457,0.19322033898305085,0.22460496613995484,0.2254791431792559,0.2972972972972973,0.2980877390326209,0.2853932584269663,0.19304152637485972,0.2858744394618834,0.1937290033594625,0.28635346756152125,0.19441340782122904,0.296875,0.2976588628762542,0.2984409799554566,0.1946607341490545,0.29888888888888887,0.28523862375138737,0.2860310421286031,0.2868217054263566,0.22234513274336284,0.287292817679558,0.2980132450331126,0.1940463065049614,0.1949339207048458,0.29812981298129815,0.2989010989010989,0.2864983534577388,0.19517543859649122,0.19605695509309967,0.19693654266958424,0.2983606557377049,0.28602620087336245,0.2202835332606325,0.2984749455337691,0.22089227421109903,0.2858695652173913,0.22149837133550487,0.2982646420824295,0.28602383531960995,0.2987012987012987,0.22162162162162163,0.2991360691144708,0.2998921251348436,0.22198275862068967,0.2852529601722282,0.2860215053763441,0.28678839957035446,0.194206008583691,0.22186495176848875,0.22269807280513917,0.1946524064171123,0.1955128205128205,0.19637139807897544,0.2857142857142857,0.19701810436634717,0.28617021276595744,0.2964930924548353,0.29723991507430997,0.19724284199363734,0.22139830508474576,0.29735449735449737,0.2219873150105708,0.28511087645195354,0.2858649789029536,0.22233930453108536,0.2863157894736842,0.29652996845425866,0.2867647058823529,0.19622245540398742,0.28721174004192873,0.22198952879581152,0.22280334728033474,0.29571577847439917,0.22338204592901878,0.2961418143899896,0.296875,0.22372528616024975,0.22453222453222454,0.29698857736240913,0.29771784232365145,0.19481865284974093,0.28467908902691513,0.29782833505687695,0.29855371900826444,0.19504643962848298,0.1958762886597938,0.29866117404737386,0.22325102880658437,0.22404933196300103,0.28336755646817247,0.29846153846153844,0.29918032786885246,0.195496417604913,0.2832310838445808,0.1961184882533197,0.19693877551020408,0.28338430173292556,0.28411405295315684,0.19735503560528994,0.2845528455284553,0.22233502538071065,0.28498985801217036,0.22289766970618036,0.2965587044534413,0.2972699696663296,0.29797979797979796,0.29868819374369326,0.22278225806451613,0.283987915407855,0.22334004024144868,0.19597989949748743,0.29819277108433734,0.22367101303911735,0.22444889779559118,0.2832832832832833,0.298,0.2987012987012987,0.2994011976047904,0.19541375872382852,0.28286852589641437,0.29950248756218906,0.28330019880715707,0.2840119165839126,0.2847222222222222,0.1952428146679881,0.22277227722772278,0.2987141444114738,0.2994071146245059,0.2843040473840079,0.28500986193293887,0.2857142857142857,0.19488188976377951,0.2222222222222222,0.22298624754420432,0.2855740922473013,0.2980392156862745,0.19490695396669933,0.19569471624266144,0.2854349951124145,0.2861328125,0.2868292682926829,0.195906432748538,0.29698149951314506,0.28696498054474706,0.19630709426627793,0.22135922330097088,0.2870999030067895,0.29651162790697677,0.28751210067763794,0.19632495164410058,0.19710144927536233,0.22104247104247104,0.28736740597878496,0.2880539499036609,0.1973051010587103,0.2951923076923077,0.2881844380403458,0.2888675623800384,0.28954937679769893,0.29022988505747127,0.29473684210526313,0.2954110898661568,0.21967526265520534,0.1965648854961832,0.2897998093422307,0.2904761904761905,0.2949571836346337,0.2956273764258555,0.19658119658119658,0.2903225806451613,0.218957345971564,0.29545454545454547,0.2194891201513718,0.29017013232514177,0.29084041548630785,0.19622641509433963,0.21960414703110273,0.22033898305084745,0.2944496707431797,0.29041353383458646,0.19624413145539907,0.22045028142589118,0.2942830365510778,0.2902621722846442,0.2207670720299345,0.19626168224299065,0.19701213818860877,0.19776119402985073,0.293569431500466,0.19832402234636873,0.22046511627906976,0.28903345724907065,0.2934076137418756,0.2894248608534323,0.19833178869323448,0.19907407407407407,0.29324699352451433,0.29390018484288355,0.2945521698984303,0.21955719557195572,0.28847926267281104,0.22007366482504603,0.22079116835326587,0.19852941176470587,0.28833792470156105,0.2889908256880734,0.28964252978918426,0.29304029304029305,0.22049405306495884,0.22120658135283364,0.28949771689497716,0.29014598540145986,0.2907930720145852,0.22131147540983606,0.22202001819836215,0.2918181818181818,0.2924613987284287,0.22232304900181488,0.19673617407071622,0.2898550724637681,0.22262443438914026,0.29204339963833637,0.2926829268292683,0.1967509025270758,0.29305680793507666,0.1972972972972973,0.2889288928892889,0.289568345323741,0.29290206648697215,0.28994614003590663,0.2932735426008969,0.22132616487455198,0.22202327663384064,0.22271914132379247,0.2931188561215371,0.29375,0.19625334522747548,0.19696969696969696,0.2226179875333927,0.22330960854092527,0.288,0.22380106571936056,0.2883762200532387,0.28900709219858156,0.1966341895482728,0.2920353982300885,0.22369584438549955,0.19699646643109542,0.1977052074139453,0.1984126984126984,0.22378854625550662,0.2913732394366197,0.29199648197009676,0.29261862917398945,0.1984196663740123,0.2929824561403509,0.2936021034180543,0.22329246935201402,0.22397200349956256,0.2937062937062937,0.2943231441048035,0.1980802792321117,0.2946817785527463,0.22386759581881532,0.2845953002610966,0.22434782608695653,0.22502172024326672,0.2847222222222222,0.22549869904596703,0.2850953206239168,0.22597402597402597,0.22664359861591696,0.28522039757994816,0.2927461139896373,0.19672131147540983,0.2267241379310345,0.29285099052540914,0.22719449225473323,0.28460877042132415,0.2929553264604811,0.22746781115879827,0.2933104631217839,0.2939160239931448,0.19606164383561644,0.2275449101796407,0.294017094017094,0.2946199829205807,0.1962457337883959,0.2949701619778346,0.29557069846678025,0.19659574468085106,0.22704081632653061,0.19711129991503823,0.19779286926994907,0.28159457167090757,0.28220338983050847,0.19813717188823032,0.2825719120135364,0.2265426880811496,0.22719594594594594,0.22784810126582278,0.2824620573355818,0.22830665543386688,0.29292929292929293,0.29352396972245587,0.19747899159663865,0.19815281276238456,0.2936241610738255,0.2942162615255658,0.22780569514237856,0.22845188284518828,0.29431438127090304,0.2807017543859649,0.2287145242070117,0.2810675562969141,0.2816666666666667,0.2289758534554538,0.2820299500831947,0.29343308395677475,0.29401993355481726,0.2946058091286307,0.29519071310116085,0.19635459817729908,0.2814569536423841,0.29528535980148884,0.2958677685950413,0.2815854665565648,0.19636963696369636,0.19703215169002472,0.28171334431630973,0.2271604938271605,0.28207236842105265,0.294987674609696,0.19704433497536947,0.19770303527481542,0.2819672131147541,0.28255528255528256,0.22667757774140754,0.294358135731807,0.2826797385620915,0.283265306122449,0.2838499184339315,0.29421352893235536,0.1970684039087948,0.22620016273393004,0.22682926829268293,0.2835093419983753,0.29383116883116883,0.28386050283860503,0.22690437601296595,0.22753036437246962,0.2936893203883495,0.22797089733225545,0.2835218093699515,0.2937853107344633,0.29435483870967744,0.22804190169218372,0.2286634460547504,0.2944489139179405,0.2829581993569132,0.19518072289156627,0.2945425361155698,0.19566960705693665,0.2828525641025641,0.28342674139311447,0.196,0.2941646682653877,0.29472843450479236,0.19632881085395051,0.29505582137161085,0.29561752988047807,0.19665605095541402,0.2824184566428003,0.1971383147853736,0.22637013502779985,0.29523809523809524,0.2268041237113402,0.22741679873217116,0.2953285827395091,0.22784810126582278,0.2956521739130435,0.2962085308056872,0.19652722967640096,0.2279179810725552,0.2805358550039401,0.29606299212598425,0.22816679779701024,0.19654088050314467,0.22859387274155538,0.22919937205651492,0.28,0.22962382445141066,0.23022709475332812,0.28012519561815336,0.23064894448788115,0.23125,0.23185011709601874,0.2800312012480499,0.2805923616523772,0.29361370716510904,0.23190661478599223,0.23250388802488337,0.19502719502719504,0.2802795031055901,0.2808378588052754,0.2930232558139535,0.23237800154918667,0.293343653250774,0.29389017788089716,0.1947449768160742,0.2803088803088803,0.2808641975308642,0.19506553585196607,0.2935285053929122,0.19553502694380293,0.23153846153846153,0.29362029208301305,0.2941628264208909,0.23177283192632386,0.23236196319018404,0.2942528735632184,0.2327718223583461,0.29456771231828616,0.2790519877675841,0.23300229182582124,0.29465648854961835,0.2951945080091533,0.29573170731707316,0.19421172886519422,0.2960426179604262,0.19467680608365018,0.29635258358662614,0.19514047076689445,0.19575113808801214,0.23199393479909022,0.2962121212121212,0.2323996971990916,0.27685325264750377,0.2773998488284203,0.29607250755287007,0.27773584905660376,0.19532428355957768,0.27807083647324793,0.19578313253012047,0.1963882618510158,0.2781954887218045,0.2787377911344853,0.27927927927927926,0.23105776444111029,0.27961019490254874,0.2801498127340824,0.280688622754491,0.281226626776365,0.19581464872944693,0.2815533980582524,0.1962686567164179,0.2930648769574944,0.2816691505216095,0.2822040208488459,0.2931547619047619,0.1962825278810409,0.2934621099554235,0.29398663697104677,0.22922848664688428,0.28169014084507044,0.22962962962962963,0.2820133234641007,0.28254437869822485,0.28307464892830747,0.28360413589364847,0.28413284132841327,0.29277286135693215,0.19528371407516582,0.28424153166421207,0.19573215599705665,0.2286764705882353,0.2843497428361499,0.28487518355359764,0.2289068231841526,0.28519061583577715,0.2293040293040293,0.19546120058565153,0.2852962692026335,0.195906432748538,0.2856099342585829,0.2905109489051095,0.22902990517870167,0.29081632653061223,0.2855061908230153,0.1957787481804949,0.2909090909090909,0.2856104651162791,0.19607843137254902,0.2910014513788099,0.2915155910079768,0.2855072463768116,0.2280955829109341,0.22865412445730826,0.2292118582791034,0.22976878612716764,0.23032490974729242,0.2907647907647908,0.2912761355443403,0.2845821325648415,0.2915766738660907,0.1949640287769784,0.28468727534148097,0.28520114942528735,0.2914572864321608,0.2855093256814921,0.2917562724014337,0.22922636103151864,0.19470293486041518,0.2296137339055794,0.2916368834882059,0.195,0.284796573875803,0.19543509272467904,0.19600855310049894,0.2849002849002849,0.2911032028469751,0.19630156472261737,0.1968727789623312,0.28480113636363635,0.19730305180979418,0.2907801418439716,0.29128277817150955,0.22804532577903683,0.28450106157112526,0.22842998585572843,0.1971731448763251,0.1977401129943503,0.19830628087508823,0.19887165021156558,0.29034531360112753,0.19929577464788734,0.2836030964109782,0.29043600562587907,0.22768798313422348,0.2907303370786517,0.22807017543859648,0.19915848527349228,0.2908199018920813,0.2913165266106443,0.1994401679496151,0.2916083916083916,0.28232005590496156,0.2918994413407821,0.29239357990230286,0.199442119944212,0.22717770034843204,0.2924791086350975,0.2929714683368128,0.1995827538247566,0.28144544822793605,0.29305555555555557,0.19986120749479527,0.20041608876560332,0.28135828135828134,0.22645429362880887,0.2927335640138408,0.2268326417704011,0.2930200414651002,0.2935082872928177,0.20013802622498275,0.2006896551724138,0.20124052377670573,0.29338842975206614,0.20165175498967652,0.2936726272352132,0.2020618556701031,0.2026098901098901,0.22580645161290322,0.2030178326474623,0.20356408498971898,0.29315068493150687,0.22587268993839835,0.29343365253077974,0.2939166097060834,0.20355191256830601,0.20409556313993174,0.2776261937244202,0.278118609406953,0.22547683923705722,0.29339686861810754,0.2938775510204082,0.20394289598912305,0.29415760869565216,0.29463679565512557,0.22523744911804613,0.27728813559322035,0.29471544715447157,0.22545700744752878,0.29499323410013534,0.2954699121027721,0.22567567567567567,0.2261985145172181,0.29554655870445345,0.2265677680377613,0.27628032345013476,0.2956228956228956,0.22678331090174966,0.29589778076664425,0.2963709677419355,0.29684351914036267,0.2758389261744966,0.29711602951039573,0.2761394101876676,0.2766242464835901,0.2971887550200803,0.20133779264214047,0.2018716577540107,0.20240480961923848,0.22563417890520696,0.276184122748499,0.2966666666666667,0.22584943371085942,0.2969374167776298,0.2262142381902861,0.22672872340425532,0.22724252491694352,0.22775564409030544,0.22826808228268083,0.2964190981432361,0.2968853545394301,0.20132450331125828,0.2746525479814692,0.296957671957672,0.2280237937871778,0.2747688243064729,0.297029702970297,0.2974934036939314,0.2010547132498352,0.22793148880105402,0.2975641869651086,0.22828947368421051,0.2978303747534517,0.22864651773981604,0.22915298752462246,0.2979002624671916,0.22950819672131148,0.23001310615989515,0.297969875573019,0.20026178010471204,0.2727272727272727,0.20065359477124184,0.2730241672109732,0.29765013054830286,0.2009132420091324,0.2014341590612777,0.2293159609120521,0.2975260416666667,0.22966818477553677,0.27243172951885564,0.2729044834307992,0.2974025974025974,0.29785853341985724,0.29831387808041504,0.29876863253402464,0.29922279792746115,0.29967637540453074,0.20051746442432083,0.27213962508080153,0.2997416020671835,0.22853453841187862,0.3,0.3004513217279175,0.22873711340206185,0.3007083065035415,0.30115830115830117,0.22893890675241158,0.301413881748072,0.3018625561978163,0.22913992297817715,0.27068633739576653,0.3019230769230769,0.2293401665598975,0.2708066581306018,0.3019833653230966,0.22953964194373402,0.3022364217252396,0.30268199233716475,0.198468410976388,0.27040816326530615,0.1988527724665392,0.22929936305732485,0.22978994271164863,0.30216284987277353,0.30260648442466626,0.27001270648030495,0.3028571428571429,0.2296954314720812,0.2301838934686113,0.302915082382763,0.2305256491450285,0.26962025316455696,0.3029728020240354,0.2307206068268015,0.30322173089071386,0.3036616161616162,0.1974763406940063,0.2692307692307692,0.19785759294265912,0.3035264483627204,0.3039647577092511,0.19811320754716982,0.19861722187303582,0.30402010050251255,0.1989956057752668,0.19949811794228356,0.2683385579937304,0.19987468671679198,0.2686286787726988,0.30350438047559447,0.20012507817385866,0.22875,0.30356027482823233,0.3039950062421973,0.20024953212726138,0.22880299251870323,0.26791277258566976,0.3038605230386052,0.2003733665214686,0.20087064676616914,0.26786824114356744,0.20124223602484473,0.20173805090006208,0.2679900744416873,0.268443893366398,0.20198265179677818,0.26873065015479874,0.3025990099009901,0.20222634508348794,0.2027194066749073,0.30265596046942556,0.3030864197530864,0.202961135101789,0.2681874229346486,0.3031423290203327,0.22660098522167488,0.30338461538461536,0.3038130381303813,0.20282728948985865,0.30405405405405406,0.20319214241866176,0.2263803680981595,0.30410790925812387,0.30453431372549017,0.20330679730557258,0.3047735618115055,0.2036697247706422,0.2041564792176039,0.26634086744043983,0.2045177045177045,0.20500305064063454,0.22560975609756098,0.30408287629494213,0.2259439707673569,0.30432136335970783,0.26581508515815083,0.22613981762917934,0.20473876063183474,0.20522161505768063,0.2657766990291262,0.30382049727107335,0.30424242424242426,0.225923682616596,0.22639225181598063,0.3042952208106473,0.3047158403869408,0.26525679758308157,0.20471014492753623,0.2051901025950513,0.26537997587454765,0.22603978300180833,0.2656626506024096,0.22636965683323299,0.26594464500601683,0.22669873722188816,0.26622596153846156,0.3033033033033033,0.226890756302521,0.22735452909418116,0.30335731414868106,0.22768124625524266,0.26586826347305387,0.2663076002393776,0.30322966507177035,0.20382546323968917,0.20430107526881722,0.2662686567164179,0.22732696897374702,0.26654740608228983,0.30274135876042907,0.20428826682549137,0.30297619047619045,0.30339083878643663,0.22711058263971462,0.22756981580510993,0.30344418052256533,0.3038575667655786,0.265717674970344,0.2039122703023118,0.22748815165876776,0.20426287744227353,0.22781065088757396,0.2046126552335896,0.2653664302600473,0.2279976373301831,0.20484061393152303,0.22831858407079647,0.2653301886792453,0.22863877430760166,0.2049469964664311,0.20541494997057091,0.26529411764705885,0.205761316872428,0.22855464159811986,0.22900763358778625,0.301056338028169,0.22932551319648095,0.30128956623681125,0.30169888693614527,0.22950819672131148,0.2644821533060269,0.3017543859649123,0.22969023962594973,0.26460280373831774,0.3018096906012843,0.22987164527421236,0.3020408163265306,0.26456876456876455,0.20442632498543972,0.229918509895227,0.3019197207678883,0.2302325581395349,0.2643811737361999,0.30197444831591175,0.23041207196749855,0.26450116009280744,0.26492753623188403,0.20393974507531865,0.2651997683844818,0.30150462962962965,0.23019086176980913,0.2653179190751445,0.2657423454650491,0.23036951501154734,0.30121177149451817,0.3016147635524798,0.20345821325648414,0.2304147465437788,0.30166954519286127,0.23072497123130034,0.30189764232317423,0.2649425287356322,0.2309017805858702,0.3019517795637199,0.3023522662076879,0.2029816513761468,0.264756446991404,0.20332187857961054,0.2650257584430452,0.2036613272311213,0.23041738136077758,0.23085714285714284,0.20388349514563106,0.3013698630136986,0.3017683970336566,0.2645381984036488,0.203988603988604,0.30182232346241455,0.2305065452475811,0.30204778156996587,0.23081296191017622,0.26420454545454547,0.30210107893242477,0.23098751418842225,0.26432217810550196,0.2647392290249433,0.2651558073654391,0.23103057757644394,0.2654216185625354,0.2313348416289593,0.26568682871678917,0.26610169491525426,0.30095990965556185,0.2025959367945824,0.3011844331641286,0.23111612175873733,0.26591549295774647,0.23141891891891891,0.26617895329206526,0.26659167604049494,0.20236087689713322,0.26685393258426965,0.2672655811341943,0.2676767676767677,0.2310712282669658,0.2998878923766816,0.3002801120448179,0.23124300111982082,0.26748740906547286,0.26789709172259507,0.23141419787590833,0.3,0.26800670016750416,0.20145089285714285,0.3000557724484105,0.23132664437012262,0.23175487465181058,0.2678173719376392,0.20144685587089595,0.29977753058954393,0.20177876598110062,0.20222222222222222,0.2676290949472515,0.2314095449500555,0.2995008319467554,0.2998891352549889,0.20221606648199447,0.3001107419712071,0.30049806308799115,0.26714601769911506,0.267551133222775,0.26795580110497236,0.20209828823854223,0.2682119205298013,0.23055708769994485,0.29988974641675853,0.3002754820936639,0.30066079295154186,0.26802421574023116,0.3008800880088009,0.2682792743265531,0.3010989010989011,0.2015376166941241,0.22996706915477497,0.2303894679100384,0.23081140350877194,0.30082191780821915,0.30120481927710846,0.2014230979748221,0.3014223194748359,0.20174958993985784,0.3016393442622951,0.3020207536865101,0.30240174672489084,0.20185488270594654,0.26663031624863687,0.2670299727520436,0.3022875816993464,0.22972237343494828,0.26713819368879216,0.30233822729744425,0.2673913043478261,0.3025529603476372,0.2296416938110749,0.23005968529571352,0.30260303687635576,0.2672086720867209,0.2009750812567714,0.30265295073091497,0.26731601731601734,0.2677122769064359,0.2681081081081081,0.2685035116153431,0.2688984881209503,0.20075553157042633,0.22923408845738943,0.22964959568733154,0.3017241379310345,0.30210016155088854,0.22981700753498385,0.3023130715438408,0.2682795698924731,0.22998387963460504,0.26852846401718583,0.20021470746108427,0.23015021459227467,0.23056300268096513,0.3017148981779207,0.30208891269416177,0.2682012847965739,0.20010700909577314,0.20053475935828877,0.26830571886691607,0.20085470085470086,0.23011211959423386,0.2684098185699039,0.2688,0.26918976545842216,0.30101225359616407,0.30138445154419596,0.30175625332623734,0.20053191489361702,0.20095693779904306,0.2688629117959617,0.30164630908125334,0.30201698513800423,0.30238726790450926,0.30275715800636266,0.2289348171701113,0.3029661016949153,0.2683959767072525,0.2291005291005291,0.22950819672131148,0.30285412262156447,0.22979397781299524,0.30306230200633577,0.3034300791556728,0.3037974683544304,0.30416447021613074,0.26765015806111697,0.2680358083201685,0.2294736842105263,0.2682798527091005,0.268664563617245,0.19915922228060956,0.2689075630252101,0.2692913385826772,0.30325288562434416,0.2695332983744101,0.269916142557652,0.27029858564693554,0.19895287958115182,0.22867608581894297,0.27039748953974896,0.30266596968112913,0.30303030303030304,0.3033942558746736,0.1988517745302714,0.22848200312989045,0.3034410844629823,0.2699322563835331,0.22864583333333333,0.22904737116085372,0.2700312174817898,0.2704108164326573,0.2707900207900208,0.19844155844155845,0.27102803738317754,0.22885313959522574,0.30238589211618255,0.22913426645930535,0.30259067357512953,0.27084412221646814,0.2712215320910973,0.27159855147439216,0.27197518097207857,0.3023255813953488,0.2722107438016529,0.30252968508002065,0.19762641898864808,0.2723053120165034,0.272680412371134,0.27305512622359607,0.22811534500514932,0.27328872876994337,0.3019547325102881,0.30231362467866324,0.197327852004111,0.1977401129943503,0.19815195071868583,0.22780913288866086,0.30205128205128207,0.30240902101486417,0.30276639344262296,0.30312339989759346,0.27226202661207777,0.22762148337595908,0.2280163599182004,0.19775166070516095,0.19816138917262513,0.30270546197039305,0.30306122448979594,0.27180010198878124,0.1982670744138634,0.1986754966887417,0.27189409368635437,0.1989821882951654,0.30264496439471006,0.30299949161159123,0.22713414634146342,0.27171152869476894,0.3030456852791878,0.2719431760527651,0.30324543610547666,0.198682209832742,0.27203647416413373,0.3032911392405063,0.19888663967611336,0.30349013657056145,0.22649140546006066,0.303688731682668,0.30404040404040406,0.22665320545179202,0.30423814328960647,0.30458900655572363,0.19858870967741934,0.2710327455919396,0.19889224572004027,0.1992954202315048,0.2711267605633803,0.30417295123177474,0.30452261306532663,0.22601707684580613,0.1992971887550201,0.1996989463120923,0.30441323971915746,0.2,0.3046092184368738,0.2704056084126189,0.2002002002002002,0.2706353176588294,0.3045,0.2708645677161419,0.3046953046953047,0.2710933599600599,0.2714570858283433,0.3047381546134663,0.22482552342971088,0.1998006975585451,0.20019920318725098,0.304629168740667,0.3049751243781095,0.20039781203381402,0.27087475149105367,0.3050173869846001,0.2005958291956306,0.20099255583126552,0.22420634920634921,0.20128904313336637,0.3047571853320119,0.2704309063893016,0.2014851485148515,0.22414646214745176,0.2705242334322453,0.2244191794364805,0.2015810276679842,0.22469135802469137,0.2018756169792695,0.20226936359151457,0.3037475345167653,0.20256283883686546,0.30394088669950736,0.30428360413589367,0.20275590551181102,0.2695523856369897,0.22418879056047197,0.22457002457002456,0.20284872298624754,0.22484045164457536,0.2252208047105005,0.30358018636586565,0.22549019607843138,0.30377266046055856,0.26885406464250733,0.2256485560450318,0.22602739726027396,0.22640586797066015,0.26881720430107525,0.26917440156326333,0.26953125,0.2698877501220107,0.22634146341463415,0.22671867381764993,0.20175438596491227,0.26984900146127616,0.3023369036027264,0.2267639902676399,0.22714007782101167,0.2017501215362178,0.2696793002915452,0.27003399708596404,0.20194174757281552,0.3017952450266861,0.22696411251212414,0.301987396994668,0.3023255813953488,0.2019370460048426,0.30251694094869314,0.2694726656990808,0.22678916827853,0.3025616239729338,0.22705314009661837,0.2694350555287301,0.3026061776061776,0.2272069464544139,0.2695274831243973,0.26987951807228916,0.20134874759152216,0.2272508425613866,0.2699711260827719,0.30206830206830204,0.2014423076923077,0.20182604517059105,0.3021133525456292,0.2270763322131541,0.22744721689059502,0.302158273381295,0.3024928092042186,0.2017249640632487,0.2274904214559387,0.22786022020105315,0.26889952153110047,0.30224772835963654,0.20172084130019122,0.30243669374104154,0.22779369627507162,0.22816229116945108,0.26860687022900764,0.26895565092989987,0.30219256434699715,0.2691757979990472,0.20142857142857143,0.2693955259400286,0.2017126546146527,0.3019495958155017,0.30228136882129275,0.22755344418052256,0.30246913580246915,0.2691029900332226,0.3026565464895636,0.3029871977240398,0.22748815165876776,0.30317385125532925,0.3035037878787879,0.2276384287742546,0.228003784295175,0.30354609929078014,0.22826086956521738,0.3037316957959377,0.22851746931067043,0.2288815478999528,0.2679245283018868,0.22913719943422914,0.30348727615457116,0.2680169571361281,0.2292843691148776,0.26823529411764707,0.2295390404515522,0.229901269393512,0.2683270676691729,0.30295913574448097,0.3032863849765258,0.3036133270764899,0.30393996247654786,0.1992498827941866,0.30412371134020616,0.3044496487119438,0.199438202247191,0.3046326626111371,0.19971936389148737,0.20009350163627865,0.2672897196261682,0.20037365716954694,0.30438842203548083,0.20065328978068128,0.3045708955223881,0.26713286713286716,0.20083876980428705,0.20121099208197485,0.2015828677839851,0.2671009771986971,0.20186046511627906,0.2673175267317527,0.26765799256505574,0.30376219228982815,0.2678737233054782,0.26821345707656613,0.26855287569573283,0.2688919796012981,0.22706209453197404,0.3033811949976841,0.2273148148148148,0.2688570106432207,0.303422756706753,0.20110957004160887,0.22735674676524953,0.30346420323325635,0.30378578024007385,0.20119981541301338,0.26845018450184505,0.30382664822498845,0.20138248847926268,0.22708429295255642,0.2274401473296501,0.22779567418315694,0.30358785648574055,0.22804597701149426,0.22840073529411764,0.30362884703720716,0.22865013774104684,0.22900413033501607,0.3036697247706422,0.22925263640531865,0.267186067827681,0.2675217590471828,0.20054945054945056,0.20091533180778032,0.267612076852699,0.267946959304984,0.20109689213893966,0.22887163088168114,0.22922374429223744,0.30260155180282977,0.3029197080291971,0.22936616507067945,0.20100273473108476,0.2674259681093394,0.3028233151183971,0.3031406463359126,0.3034576888080073,0.2291950886766712,0.30363636363636365,0.2008178100863244,0.2670299727520436,0.20108942351339082,0.30353901996370236,0.30385487528344673,0.228921124206709,0.3040326234707748,0.30434782608695654,0.2666364870982345,0.2669683257918552,0.2672998643147897,0.22875226039783003,0.3041120650700407,0.22899728997289973,0.2293453724604966,0.26714801444043323,0.30401443391971134,0.22948602344454463,0.2298332582244254,0.2301801801801802,0.19990995047276003,0.3037803780378038,0.30409356725146197,0.20008992805755396,0.3042696629213483,0.23000898472596587,0.2002694207453974,0.23025134649910234,0.3041722745625841,0.30448430493273543,0.23038995965934558,0.3046594982078853,0.30497089117778775,0.26544315129811996,0.3051454138702461,0.23032200357781754,0.3053196244970943,0.30563002680965146,0.23046002679767755,0.30580357142857145,0.3061133422579206,0.19937555753791258,0.26482389656709765,0.30614973262032086,0.23028953229398663,0.23063223508459482,0.30618602581219406,0.23087188612099643,0.2645620275678079,0.2648888888888889,0.19902265659706797,0.23090586145648312,0.3058144695960941,0.19920141969831412,0.2647450110864745,0.2650709219858156,0.230837394771821,0.30558015943312666,0.23107569721115537,0.2650442477876106,0.3056169836355595,0.3059239610963749,0.30623066725585507,0.30653710247349825,0.1986754966887417,0.264783759929391,0.19894133215703572,0.23059964726631393,0.30630233583076244,0.23083700440528634,0.19903126376045796,0.30633802816901406,0.2309722833260009,0.3065083553210202,0.2312087912087912,0.2640597539543058,0.26438296003513395,0.19885864793678665,0.26458973233874505,0.2649122807017544,0.30600613765892154,0.23093777388255915,0.23127463863337713,0.30604203152364273,0.3063457330415755,0.30664916885389326,0.23130738959335373,0.2644230769230769,0.26474442988204455,0.26506550218340613,0.19816673941510257,0.306282722513089,0.30658525948539034,0.30688753269398433,0.23093681917211328,0.30705574912891986,0.30735742272529387,0.19799825935596171,0.19834710743801653,0.19869565217391305,0.30725771403737506,0.26411815812337097,0.30742509769865395,0.1987847222222222,0.2642082429501085,0.19904596704249783,0.26441265713047246,0.30719237435008667,0.3074924209614552,0.3077922077922078,0.30809173517957594,0.3083910034602076,0.22957198443579765,0.22990492653414002,0.30842332613390927,0.19861830742659758,0.2300388433318947,0.2635893011216566,0.26390685640362227,0.2642241379310345,0.2645411460577337,0.2648578811369509,0.19845027981058974,0.26506024096385544,0.2653763440860215,0.2295786758383491,0.26557799742157284,0.22981099656357387,0.23014169171318163,0.23047210300429186,0.26555126555126557,0.2658662092624357,0.19802828975567938,0.30634104541559554,0.19828693790149893,0.2658390410958904,0.26615318784766795,0.19846022241231823,0.23001282599401454,0.1987179487179487,0.26612558735583086,0.19897523484201537,0.26632522407170295,0.2666382252559727,0.3053304904051173,0.2668371696504689,0.26714955262036644,0.305366269165247,0.22945934440187313,0.2672340425531915,0.3054019566142067,0.22959183673469388,0.22991925201869953,0.26720475785896347,0.23014861995753716,0.267402376910017,0.2677131947390751,0.3049194232400339,0.26791013141161507,0.26822033898305087,0.22998729351969505,0.3048264182895851,0.26830300465509943,0.19754653130287647,0.26849894291754756,0.22992392223161454,0.26869455006337134,0.19763513513513514,0.30434782608695654,0.2687763713080169,0.22986081822016027,0.30438448566610454,0.30467762326169406,0.2687447346251053,0.22989473684210526,0.3047138047138047,0.23012200252419016,0.2304457527333894,0.23076923076923078,0.19705882352941176,0.23099538009239814,0.2313182199832074,0.19723038187159042,0.26803691275167785,0.3039832285115304,0.19740150880134116,0.23125261834939254,0.30402010050251255,0.3043114273754709,0.26778242677824265,0.30447511501463825,0.19732441471571907,0.3046385290430422,0.2677527151211362,0.26805845511482257,0.19741235392320533,0.23070504797663746,0.30442035029190995,0.2680283451438099,0.3045833333333333,0.2307371928363182,0.19733555370524564,0.1976695796920516,0.19800332778702162,0.23076923076923078,0.2310889443059019,0.1981719983381803,0.26744186046511625,0.26774595267745954,0.30373443983402487,0.26793861468270425,0.26824212271973463,0.26854537919602156,0.3036454018227009,0.23064182194616978,0.23096026490066227,0.26851468762929254,0.30355665839536805,0.1976023150062009,0.3037190082644628,0.19785212722015696,0.30388109000825764,0.2682624845233182,0.19801980198019803,0.19835051546391752,0.2683429513602638,0.19859909353110836,0.3035420098846787,0.3038287361053932,0.2300411522633745,0.19868366927190456,0.2680921052631579,0.19893136046033702,0.3036154478225144,0.19917864476386038,0.19950738916256158,0.22979072630283134,0.23010664479081214,0.3034030340303403,0.19959016393442622,0.3035641130684146,0.23013923013923013,0.267294310274253,0.19967266775777415,0.3034764826175869,0.2301717089125102,0.19983653453208008,0.3035130718954248,0.23029808084932626,0.26693877551020406,0.30354957160342716,0.199836867862969,0.2670199755401549,0.30358598207008963,0.2,0.30374592833876224,0.304029304029304,0.22986167615947925,0.30418869459129727,0.30447154471544713,0.1999187322226737,0.30463038180341184,0.2001624035728786,0.304788961038961,0.20040567951318458,0.20072992700729927,0.26591001216051885,0.3047001620745543,0.20089104900769542,0.2659919028340081,0.3047349251315257,0.2010517799352751,0.26607359482410026,0.2663702506063056,0.2286868686868687,0.2665589660743134,0.2289059345983044,0.22921711057304278,0.26663977410246065,0.2669354838709677,0.2293430068520758,0.3037872683319903,0.3040676600886025,0.20048309178743962,0.22937625754527163,0.3041029766693483,0.3043827905106554,0.2295016077170418,0.22981116914423463,0.23012048192771084,0.3042954636692092,0.20024077046548958,0.23024468511833132,0.2305533279871692,0.30420841683366734,0.20032051282051283,0.26551862234681617,0.23058446757405926,0.2657062825130052,0.304,0.20031987205117952,0.23061550759392485,0.20055932880543348,0.23083067092651757,0.30379241516966066,0.26536312849162014,0.23095333067411247,0.26555023923444976,0.2658429653248306,0.2661354581673307,0.2309836718438869,0.23128980891719744,0.23159570234779148,0.3031026252983294,0.2,0.3032591414944356,0.2316249503377036,0.3034154090548054,0.3036919412465264,0.30396825396825394,0.23165410551368504,0.30412371134020616,0.2318668252080856,0.2650554675118859,0.26534653465346536,0.2656373713380839,0.2659279778393352,0.3037974683544304,0.199288256227758,0.26600790513833994,0.2662979059660213,0.23143759873617695,0.26648243189893406,0.30347277032359904,0.3037475345167653,0.30402208201892744,0.19905400078833269,0.3041765169424744,0.3044505710909807,0.26614173228346455,0.19913419913419914,0.3044846577498033,0.23082972866692883,0.23113207547169812,0.23143418467583496,0.2659073055773763,0.2661955241460542,0.2664835164835165,0.266771282856022,0.30392156862745096,0.19874558996471972,0.30407523510971785,0.19898159028593812,0.3042286609240407,0.3045009784735812,0.23082942097026604,0.3046538912788424,0.2310398749022674,0.23134036733098867,0.231640625,0.30456852791878175,0.304839968774395,0.30511119781506046,0.265600624024961,0.19844054580896686,0.2657833203429462,0.26606934164394236,0.1985981308411215,0.23121837290774622,0.3046692607003891,0.30493971217425125,0.19867807153965786,0.3050913330742324,0.1989121989121989,0.26563106796116503,0.265916149068323,0.1990686845168801,0.2660977501939488,0.30476929042264445,0.3050387596899225,0.23053080201472298,0.30518977536793185,0.305458768873403,0.2306501547987616,0.2657640232108317,0.30549110595514306,0.30575956706609975,0.23068006182380216,0.2309772112784859,0.26563706563706563,0.26592049401775375,0.23109567901234568,0.2661010412649441,0.3053199691595991,0.1980732177263969,0.3054699537750385,0.19830573738929533,0.23094688221709006,0.3055021161985379,0.26576923076923076,0.19838523644752018,0.30553420445810914,0.23088743757203228,0.19854070660522274,0.19884836852207294,0.23100537221795855,0.19907940161104717,0.26533742331288346,0.30509773859716366,0.19923371647509577,0.23094599770202986,0.23124042879019907,0.26521239954075776,0.19931140015302218,0.2653919694072658,0.19954128440366972,0.23118074130683988,0.23147440794499619,0.2653684612447499,0.19961832061068702,0.23159099580312859,0.2318840579710145,0.2321768966831872,0.2652439024390244,0.3036190476190476,0.19954303122619954,0.30376855728968405,0.3040334855403349,0.26511981742107266,0.19961977186311788,0.3040668947168377,0.2317629179331307,0.304215723509305,0.30447987851176916,0.2648956356736243,0.19954476479514416,0.2317026924535457,0.26497346474601974,0.26525198938992045,0.30416666666666664,0.30443014009844754,0.26532929598788796,0.2656072644721907,0.19931921331316188,0.23137996219281665,0.2656840513983371,0.26596146581035135,0.19939577039274925,0.3038882597206493,0.19962264150943396,0.3040362127499057,0.23114630467571645,0.1997738409347908,0.26563677467972874,0.2,0.30384036144578314,0.30410237109522015,0.2310007524454477,0.2655133508837909,0.2,0.23111612175873733,0.30390683696468823,0.23131806233571162,0.30405405405405406,0.2652908067542214,0.30420105026256566,0.23134608173978252,0.2653673163418291,0.26564256275758713,0.26591760299625467,0.2661924372894047,0.30389221556886226,0.23120089786756454,0.3040388930441286,0.26616822429906545,0.23131539611360238,0.3040717220769518,0.26624346527259146,0.26651735722284436,0.1988805970149254,0.3039910481163745,0.26659209545115586,0.3041371598956392,0.2667660208643815,0.19888268156424582,0.2308265078183172,0.3040565686639375,0.19903273809523808,0.26664187430271474,0.2308550185873606,0.231140839836492,0.23142644873699852,0.3037504641663572,0.23162583518930957,0.3038961038961039,0.2663204747774481,0.26659251019651464,0.23165307635285395,0.2667654686921082,0.23185185185185186,0.3035912624953721,0.23205033308660253,0.23233444321124677,0.23261834319526628,0.3035120147874307,0.30376940133037694,0.2663465090506095,0.26661742983751846,0.26688815060908083,0.303690036900369,0.19771302102545185,0.2323008849557522,0.30372281607077034,0.26676492262343404,0.23241252302025783,0.30375552282768775,0.19764446080235554,0.2667402501839588,0.26700993012136814,0.30367647058823527,0.2322675486953326,0.2670830271858927,0.3037091443261109,0.23237885462555066,0.2671559633027523,0.23257520176082172,0.30363036303630364,0.30388563049853373,0.2326859655551484,0.304029304029304,0.3042841450018308,0.232796486090776,0.3044273691913648,0.196781272860278,0.26654478976234003,0.266812865497076,0.1969309462915601,0.26698319941563187,0.2325666301569916,0.2671532846715328,0.19700839109813936,0.3037928519328957,0.26722566532993075,0.26749271137026237,0.2324225865209472,0.2676620538965768,0.23261740080087367,0.2328966521106259,0.30338304838122954,0.2676363636363636,0.23300617957106506,0.26780523255813954,0.3033054849255358,0.23311546840958605,0.30344827586206896,0.1962989840348331,0.30359085963003263,0.2675852066715011,0.26785067053280176,0.26811594202898553,0.26838102136906916,0.26864590876176686,0.19616359030039812,0.26881331403762665,0.2325497287522604,0.26898047722342733,0.19624141669678352,0.3027456647398844,0.3029974720115565,0.1963898916967509,0.3031396607722844,0.26875901875901875,0.26902271907681213,0.23215573179524152,0.23243243243243245,0.23270893371757925,0.268995318689233,0.302735781137509,0.30298668585822236,0.30323741007194244,0.30348795397339084,0.26887131560028754,0.23248293208767518,0.26903735632183906,0.30341113105924594,0.26920315865039485,0.1955507714388231,0.3034433285509326,0.3036930799569738,0.1956989247311828,0.2321748477248298,0.19591690544412607,0.2688865019692087,0.2691481746599857,0.2694096601073345,0.2321173104434907,0.3031819806936003,0.1958541815582559,0.2693819221150411,0.26964285714285713,0.26990360585505174,0.19593147751605997,0.23189439885836605,0.26997146932952926,0.27023172905525844,0.19600855310049894,0.30245814036337726,0.3027065527065527,0.27020291918832323,0.30284697508896796,0.2703664176449662,0.2706258890469417,0.30287948809100607,0.23134328358208955,0.3030195381882771,0.2705965909090909,0.270855520056798,0.27111426543647976,0.19545938275984392,0.2712765957446808,0.271534916696207,0.3026222537207654,0.23095997166135318,0.30276203966005666,0.2715044247787611,0.2310686482661005,0.27166607711354795,0.2719236209335219,0.1951219512195122,0.27208480565371024,0.27234192864712115,0.2725988700564972,0.2728556300741264,0.2731122088920254,0.2306878306878307,0.2732722143864598,0.3017271765949947,0.30197322057787174,0.194786896794646,0.19507042253521126,0.2731432594156987,0.2733990147783251,0.2736545902215969,0.30168776371308015,0.19507908611599298,0.19536191145467321,0.2736213558131366,0.273876404494382,0.3015093015093015,0.19543859649122808,0.1957207997193967,0.3015427769985975,0.22958289519803715,0.2736510161177295,0.1957968476357268,0.19607843137254902,0.3013650682534127,0.19629111266620014,0.27352221056313397,0.3013986013986014,0.27368053128276826,0.30153738644304684,0.27383863080684595,0.1962290502793296,0.22897033158813263,0.2739009071877181,0.27415416811998605,0.301255230125523,0.3014987800627396,0.3017421602787456,0.3019853709508882,0.27402506963788303,0.22868082144100244,0.22894919972164232,0.22921739130434782,0.27399165507649514,0.27424400417101147,0.3015983321751216,0.22924626606460577,0.22951388888888888,0.30163137799375217,0.3018736988202637,0.30211585154353104,0.19521497919556172,0.2738301559792028,0.2293832293832294,0.2296501558711465,0.2738919667590028,0.27414330218068533,0.27439446366782005,0.2296783120027672,0.22994467496542184,0.30141721396474247,0.30165860400829303,0.19481865284974093,0.27417127071823205,0.3016914049016224,0.30193236714975846,0.30217316315971027,0.2296551724137931,0.22992071699413996,0.2739490006891799,0.3021012745435756,0.23002754820936638,0.23029259896729776,0.23055746730901583,0.23082215342277262,0.19429160935350756,0.27363355104847026,0.2738831615120275,0.30161456544142906,0.19436813186813187,0.30175077239958803,0.19457789979409745,0.2737564322469983,0.3017832647462277,0.2739115529653754,0.19465387251542152,0.2302158273381295,0.3017123287671233,0.23040054775761726,0.1947296372347707,0.301744782757441,0.301983584131327,0.19487179487179487,0.19514695830485304,0.19542193372053296,0.19569672131147542,0.27313076135199726,0.30170648464163824,0.22995564653701808,0.3018417462482947,0.3020797817933856,0.1956373551465576,0.19591141396933562,0.3021117166212534,0.3023493360572012,0.30258679373723624,0.3028240898264716,0.30306122448979594,0.22951377082624957,0.30319510537049627,0.22969758749575264,0.2720788043478261,0.3032258064516129,0.2722335369993211,0.19545300305395316,0.1957259158751696,0.2722956934554086,0.1959322033898305,0.19620467638088784,0.27235772357723576,0.1964104300711141,0.2725118483412322,0.2727580372250423,0.2290257104194858,0.2729117348664187,0.3022312373225152,0.22913146333220683,0.30236486486486486,0.30260047281323876,0.22923700202565833,0.30273371582855213,0.3029689608636977,0.22934232715008432,0.3031018206338503,0.2295247724974722,0.22978436657681942,0.2300437857864601,0.23030303030303031,0.30292830696735107,0.19549125168236878,0.30306088126471575,0.23032952252858105,0.2715966386554622,0.3030913978494624,0.2717500839771582,0.3032236400268637,0.19536757301107754,0.19563758389261746,0.3032539416303254,0.3034875922199866,0.30372108615487764,0.19571045576407506,0.30385259631490785,0.19591426657736102,0.2296618680950787,0.2710843373493976,0.2298427567748411,0.23010033444816053,0.23035773988632563,0.19585561497326204,0.23053792181757435,0.3032732130928524,0.2707846410684474,0.30340453938584777,0.2305638972305639,0.19579719813208807,0.270756918972991,0.30333333333333334,0.19593468843718762,0.27081945369753496,0.30336330336330336,0.2303595206391478,0.23061564059900166,0.270791749833666,0.271034253408713,0.23071808510638298,0.30309072781655033,0.30332225913621264,0.19561607439388906,0.27091633466135456,0.19581812147361433,0.23059057730590576,0.2308457711442786,0.2708885941644562,0.231024196221412,0.23127899271040425,0.19576018549188473,0.19602649006622516,0.2707712677921218,0.30244870946393115,0.19616275223288124,0.23115079365079366,0.2707438016528926,0.30237937871777926,0.27089527585067724,0.27113606340819024,0.2713766919775503,0.23102310231023102,0.23127680633454306,0.3021108179419525,0.2713484998351467,0.23137771918259722,0.271499176276771,0.2717391304347826,0.2719789265722753,0.27221856484529294,0.23132609410990457,0.2723684210526316,0.2726076948372246,0.27284681130834976,0.3013473545842918,0.3015768725361367,0.3018062397372742,0.2728168089297439,0.19494584837545126,0.30183727034120733,0.30206625122991143,0.23081967213114754,0.30219600131104557,0.3024246395806029,0.19489027186374058,0.2724296005239031,0.30245499181669394,0.30268324607329844,0.30291135099771016,0.303139306736429,0.2723112128146453,0.19477124183006536,0.19503430251551782,0.3030698889614631,0.2722820763956905,0.23009138381201044,0.2303425774877651,0.23059360730593606,0.2722530159765243,0.27249022164276404,0.2727272727272727,0.23061889250814332,0.19472484532725495,0.19498697916666666,0.3023104458184185,0.302537410540013,0.3027642276422764,0.30299089726918077,0.19499512512187195,0.19525666016894086,0.1955180253329003,0.3029220779220779,0.23012009087958454,0.23036988968202465,0.3029516704508596,0.303177691309987,0.3034035656401945,0.19539857420609202,0.2714609653385164,0.23024611398963732,0.27160893493039817,0.30323624595469256,0.3034616628922679,0.2716688227684347,0.19527966375687036,0.2718164188752424,0.3033925686591276,0.2719638242894057,0.2298999031320633,0.27211103938024533,0.2723459180380768,0.19516129032258064,0.27249274427604,0.2727272727272727,0.22977763454721237,0.30283505154639173,0.3030595813204509,0.3032839665164198,0.1950434502735758,0.1953024453024453,0.19556127372145385,0.3032154340836013,0.27225972356155576,0.2294344473007712,0.22968197879858657,0.22992935131663456,0.27223113964686996,0.27246469833119386,0.27269810715431503,0.22995509942270687,0.2728438602116063,0.23012820512820512,0.2729894264658763,0.2732222934016656,0.19500480307396734,0.30217669654289375,0.23008,0.30230326295585414,0.3025263831148065,0.30274936061381075,0.19495046340683925,0.27284345047923325,0.3027786649632705,0.22988505747126436,0.23013086498563676,0.23037651563497127,0.3027113237639553,0.30293367346938777,0.19477207523111253,0.3030592734225621,0.19496654985664225,0.30318471337579617,0.30340655842088504,0.30362826225334183,0.19503658924594336,0.2299618320610687,0.2302066772655008,0.23045136681500317,0.23069590085795996,0.2309402795425667,0.27151476659256907,0.27174603174603174,0.23103776578863852,0.2718908629441624,0.30288614018395177,0.27203551046290425,0.23106180665610143,0.302915082382763,0.30313588850174217,0.19442685243825206,0.19468186134852802,0.2310126582278481,0.2717494463777286,0.2719797596457938,0.23110970597533986,0.3027812895069532,0.2720379146919431,0.2312065698041693,0.3028102305020524,0.30303030303030304,0.3032502366677185,0.1943217665615142,0.23115736360769473,0.23139974779319042,0.19445319886542703,0.1947069943289225,0.271496062992126,0.30289672544080604,0.3031161473087819,0.30333543108873506,0.19471531928279334,0.30345911949685533,0.3036780886513675,0.2712130735386549,0.19478479421929,0.30370603015075376,0.23076923076923078,0.2711864406779661,0.27141512394101036,0.2716436637390213,0.2718720602069614,0.23072100313479624,0.272015042306487,0.3032581453634085,0.27215784528656434,0.27238572323105825,0.19436619718309858,0.27252816020025034,0.3030966531122928,0.1944965603502189,0.23038449515473586,0.2725,0.30303030303030304,0.23048094940662087,0.2725569778332813,0.2727840199750312,0.27301092043681746,0.27323767935121646,0.19426255067040848,0.30268079800498754,0.23028980990962916,0.30280373831775703,0.3030208657739022,0.27303860523038603,0.2732648615001556,0.27349097697573116,0.302954898911353,0.19402985074626866,0.2735467827168169,0.2737725295214419,0.2739981360671016,0.3027950310559006,0.1940391182862465,0.30291744258224707,0.3031337263419175,0.2738833746898263,0.3032558139534884,0.1940483570985741,0.2739386427022002,0.30328376703841387,0.3034995354598947,0.2739938080495356,0.30362116991643456,0.30383663366336633,0.2740488710176307,0.19387755102040816,0.2741885625965997,0.303770086526576,0.19400679641643498,0.2285361334156887,0.27415869095399814,0.22870370370370371,0.30360999691453255,0.2742134484885873,0.19395621338267036,0.1942046855733662,0.27426810477657937,0.19439309919901418,0.3033569448721897,0.30357142857142855,0.30378578024007385,0.304,0.27406951707167027,0.1943419434194342,0.2280971411005226,0.27412415488629377,0.30384024577572966,0.19441031941031942,0.1946576604237028,0.1949048496009822,0.3037741638539429,0.3039877300613497,0.19503219871205152,0.2737584304107909,0.3040147103892124,0.30422794117647056,0.19509954058192955,0.22749540722596448,0.22773186409550045,0.30416156670746636,0.2734781278678495,0.19510703363914372,0.2736166309996943,0.27383863080684595,0.22761992056217537,0.30390959071472207,0.2738931297709924,0.19505494505494506,0.2740311260299054,0.3038438071995119,0.19518145776151266,0.2274390243902439,0.22767448948491315,0.30377818403412554,0.2278403898872982,0.2737515225334957,0.2280060882800609,0.30371272063298843,0.228171585031944,0.30383211678832117,0.30404378230465184,0.2735562310030395,0.30416286842904894,0.27369380315917374,0.22805952019435166,0.2738312082574378,0.30409711684370255,0.27396844660194175,0.27418865635426143,0.27440873256519105,0.27462867535616853,0.19424242424242424,0.22780975461981218,0.27468201090248334,0.30366333636088405,0.19430992736077482,0.2747352496217852,0.30369026013309136,0.30390081644995465,0.2747883917775091,0.19431852523420973,0.19456193353474321,0.3038356991845364,0.22735507246376813,0.22758828856021732,0.27459263729631866,0.19457013574660634,0.2747285886610374,0.19475429605064817,0.30349608197709466,0.19493823440795421,0.2746987951807229,0.1951219512195122,0.3034316676700783,0.2272043334336443,0.3035499398315283,0.3037593984962406,0.22730006013229104,0.22753231139164412,0.3037860576923077,0.2742565334935416,0.1948948948948949,0.2743920744521165,0.27460984393757504,0.30363036303630364,0.1949610077984403,0.2746626686656672,0.2748800959232614,0.30356607731495355,0.3037747153984422,0.22701407607067983,0.30389221556886226,0.22717749176893146,0.22740873728306404,0.3039186359557284,0.27452153110047844,0.2747384155455904,0.30394500896592946,0.30415297281147297,0.30436081242532853,0.30456852791878175,0.19432835820895522,0.30468516860638617,0.19451073985680192,0.22696093050999105,0.3047107930828861,0.227123695976155,0.19457687723480332,0.19481680071492405,0.1950565812983919,0.2738910389997023,0.3044642857142857,0.2740255876227313,0.2742415229030339,0.22688076122509665,0.22711058263971462,0.1949479940564636,0.27421271538918596,0.2272052272052272,0.27434679334916867,0.195013357079252,0.19525222551928784,0.19549095223969148,0.3036773428232503,0.27423658464275125,0.22703023117960877,0.2743703703703704,0.27458530805687204,0.2748001184483269,0.2750148016577857,0.3033441846700207,0.1952662721893491,0.3034605146406389,0.30366646954464815,0.19538870824711793,0.274822695035461,0.19556868537666175,0.2749556999409333,0.19574844995571303,0.22638724911452185,0.2750073768073178,0.22654867256637168,0.2267767620171041,0.30306603773584906,0.2749778956675508,0.19563936358279316,0.27511045655375554,0.1958186101295642,0.19605534294966145,0.196291936433196,0.19652839070314798,0.19676470588235295,0.19700088209350192,0.19723691945914168,0.197472818101675,0.19770857814336076,0.19794419970631424,0.19817968291250734,0.19841502788376872,0.19865023474178403,0.19888530360809623,0.30175953079178885,0.19906185869246557,0.27403282532239154,0.2742455317902139,0.30169888693614527,0.27437774524158126,0.1990632318501171,0.199297629499561,0.3016383850204798,0.19947353027200937,0.2742690058479532,0.3016661794796843,0.2250146113383986,0.2252410166520596,0.30169392523364486,0.19941605839416057,0.3018096906012843,0.274000583600817,0.2742123687281214,0.27442403032954216,0.27463556851311954,0.225007286505392,0.30157342657342656,0.3017768715409263,0.22510192195690157,0.2745269286754003,0.27473806752037255,0.27494908350305497,0.27515997673065734,0.22506542599592905,0.301453488372093,0.3016564952048823,0.27513073794305637,0.275341272146384,0.1986062717770035,0.22496371552975328,0.22518862449216484,0.27531186539019437,0.22534802784222738,0.27544215714699916,0.2756521739130435,0.27586206896551724,0.276071842410197,0.27628149435273675,0.2252460914881297,0.3007235890014472,0.30092592592592593,0.19814868382991033,0.30104106419895893,0.30124313385371493,0.27601156069364163,0.2762207454492921,0.1981513575967649,0.3011839445567427,0.1983256351039261,0.3012987012987013,0.3015002885170225,0.2760311508508797,0.19838523644752018,0.22456039204381667,0.2760806916426513,0.2247191011235955,0.2762096774193548,0.2764180823495537,0.19833045480713873,0.3010071942446043,0.2764672036823936,0.3011216566005177,0.19838987924094306,0.1986202931876976,0.22442528735632183,0.22464808962941685,0.27627800114876505,0.27648578811369506,0.19862227324913892,0.3007173601147776,0.19879518072289157,0.19902494981359334,0.22448394495412843,0.30065921467469187,0.27621776504297996,0.19908335720423948,0.2763459335624284,0.1992556541654738,0.27647395535203206,0.1994277539341917,0.19965675057208238,0.2765227337718044,0.1998284734133791,0.30008573878250927,0.224,0.276492430734076,0.2766990291262136,0.2769055095632315,0.2771118721461187,0.2239657631954351,0.2772390188248717,0.22412318220701455,0.27736602052451537,0.2775719578227415,0.29943019943019944,0.27769866135004273,0.27790432801822323,0.22402504981497295,0.2242458736482641,0.27795163584637267,0.22440273037542663,0.27807790730736426,0.27828311540648093,0.19892014776925263,0.2784090909090909,0.2786140301050838,0.2788188529244747,0.2986091399375532,0.22417707150964813,0.27886524822695036,0.27906976744186046,0.29855401190813724,0.22420634920634921,0.27911589685463306,0.22436260623229462,0.2792410082129708,0.19847112117780294,0.2793659779224455,0.19864176570458403,0.2794908062234795,0.2980769230769231,0.19875600791631326,0.27953646127755793,0.22407459734388246,0.2796610169491525,0.22423044337757694,0.19875776397515527,0.19898391193903472,0.297686230248307,0.1991537376586742,0.1993795826283136,0.29771638003947,0.29791431792559186,0.2792335869258946,0.2980281690140845,0.22388059701492538,0.22409909909909909,0.22431747818744724,0.1992121553179516,0.2978902953586498,0.19938132733408323,0.19960640989597975,0.297920179876335,0.298117448721551,0.22415730337078651,0.1996630160067397,0.19988770353733856,0.22424922817850126,0.2244668911335578,0.2782608695652174,0.2784632641615255,0.199887860947575,0.2976457399103139,0.27850938638274025,0.22436974789915967,0.2786334360123215,0.2788353863381859,0.2790372236216065,0.2792389479574706,0.27944055944055946,0.22427293064876958,0.2971764048084987,0.29737283398546677,0.1994970662196144,0.22430167597765363,0.22451829098017315,0.29731993299832493,0.27909572983533354,0.224609375,0.297350069735007,0.22476296709425544,0.22497909116253137,0.27898550724637683,0.2972972972972973,0.1991643454038997,0.29741019214703424,0.2976057906458797,0.19927637072084609,0.29771841958820255,0.19944367176634215,0.19966629588431592,0.22463163747567416,0.19983324068927183,0.297582661850514,0.2247222222222222,0.22493751735628992,0.22515269294836202,0.2781015820149875,0.2783018867924528,0.22524271844660193,0.19966722129783693,0.19988910451899086,0.27827050997782704,0.22527015793848712,0.2,0.27831625588479647,0.20016611295681064,0.2784389703847218,0.20033204205866076,0.29654218533886584,0.29673672566371684,0.2004423555432679,0.2249861802100608,0.27825366123238465,0.22513812154696133,0.29660314830157414,0.22528989508558808,0.27822246756831354,0.2784216335540839,0.22537931034482758,0.2964699393270822,0.2255307416597739,0.22574421168687983,0.29650041333700744,0.22589531680440772,0.2966125034425778,0.22604625550660792,0.2780071566198734,0.2782058337919648,0.19972489683631361,0.2964796479647965,0.19989001924663183,0.27817482133040133,0.29651003022808464,0.22582417582417583,0.226036803076078,0.27814387699066445,0.2783420258029097,0.29637760702524696,0.19972565157750344,0.27838727372462974,0.2964080065807513,0.22587719298245615,0.2784324472458208,0.27863013698630135,0.22596548890714874,0.296276013143483,0.29646865589926086,0.19950738916256158,0.27852257181942547,0.19967177242888404,0.29641782882143836,0.2785675232367414,0.2257447389997267,0.22595628415300548,0.2786124009833379,0.22610595303113054,0.19956319956319957,0.19978165938864628,0.296043656207367,0.19994544462629568,0.29615489500954456,0.2963467829880044,0.22594712455710003,0.2964577656675749,0.2966494143285208,0.19989106753812635,0.22597331881295943,0.29667936853565596,0.29687074829931975,0.2970620239390642,0.29725319553984225,0.22593800978792822,0.2973634139711878,0.297554347826087,0.297745177940777,0.29793590439978274,0.22590279663317947,0.2980456026058632,0.22605156037991858,0.27699403147042867,0.27719012747491184,0.2979934924078091,0.22607752778530768,0.22628726287262874,0.22649688431319426,0.19907908992416035,0.29786081776333606,0.29805089334055224,0.2982408660351827,0.19913419913419914,0.22639978360833107,0.19929691725256896,0.27656123276561234,0.19945945945945945,0.19967576330721426,0.27660723933009185,0.2768025924925736,0.29778617710583155,0.2261808367071525,0.2978953049109552,0.22632856757485836,0.22653721682847897,0.2766244270692909,0.22668463611859838,0.2767448127189437,0.2769396551724138,0.22677080527875035,0.29752288637587504,0.29771197846567965,0.1991388589881593,0.1993543179983858,0.2767616998386229,0.19951599892444205,0.22661290322580646,0.22682074711099168,0.29742074153680814,0.22696749932849852,0.2975295381310419,0.22711409395973153,0.19940955448201825,0.22726053125838477,0.22746781115879827,0.22767497988736926,0.2973190348525469,0.2975073706781024,0.2759914255091104,0.2276989016876507,0.27611140867702194,0.27630522088353415,0.2764989293361884,0.2766925341182767,0.19903691813804172,0.27681198181331906,0.29705882352941176,0.19914461373964182,0.29716729021913413,0.2973550627838632,0.22729700854700854,0.2766355140186916,0.22744260544580885,0.2767547371230318,0.19903948772678762,0.27687383302213925,0.1992,0.27699280191948816,0.2771855010660981,0.29682920330402346,0.22722429408630793,0.2772303595206391,0.2273695420660277,0.19909502262443438,0.19930814262905802,0.27720138334663474,0.19946808510638298,0.22733315607551183,0.2772461456671983,0.2774382141908052,0.19952178533475026,0.199734395750332,0.19994689325544343,0.2774090788425803,0.20010615711252655,0.2003183868400106,0.20053050397877983,0.277380005303633,0.2955991516436903,0.29578584680625497,0.2774244833068362,0.20052980132450332,0.2266949152542373,0.2774688906539582,0.2776601376389624,0.22677957131516274,0.2955026455026455,0.22692409415498546,0.27763088313061873,0.22706846418186624,0.27774841437632136,0.22721268163804492,0.27786582144743793,0.22735674676524953,0.20010559662090813,0.27790973871733965,0.22744063324538258,0.27802690582959644,0.22758438818565402,0.2781439493804376,0.2783342119135477,0.2785243741765481,0.1999473129610116,0.27864103239399524,0.2943654555028963,0.22742827059752566,0.2786842105263158,0.22757169166008945,0.2788006312467123,0.19984222981856428,0.22765509989484753,0.2,0.2787703625853915,0.2789598108747045,0.29385504201680673,0.2790758729325282,0.22755905511811023,0.19994752033586985,0.22770199370409233,0.2790453710988723,0.2278447823807027,0.27916120576671033,0.2279874213836478,0.2792769190463715,0.2281299109481404,0.27939251112856767,0.27958115183246074,0.19968594608741166,0.27969649398220825,0.2280931205859273,0.22829497907949792,0.2284967320261438,0.279665446941976,0.19963417820747323,0.2797805642633229,0.22851919561243145,0.2924281984334204,0.2926128948055338,0.19963465553235907,0.27967649360813984,0.19979134063641105,0.22842242503259452,0.2924921793534932,0.2285639822778212,0.2795726941115164,0.2797603542589216,0.19973958333333333,0.27987503254360846,0.19989588755856325,0.2799895914650013,0.22840790842872008,0.29206762028608585,0.2800312012480499,0.1998960228749675,0.22843035343035342,0.2800727461678358,0.22857142857142856,0.2801869644248247,0.22871235721703012,0.2917207370879834,0.2802283341982356,0.19974059662775617,0.2803423236514523,0.28052890847809175,0.2286158631415241,0.19979269240735942,0.2,0.2804972804972805,0.20015535991714137,0.2285788247476055,0.2911490683229814,0.22871927554980595,0.28039317123642005,0.28057926040858544,0.28076525336091,0.29103127423106745,0.22868217054263565,0.2808059932833893,0.22882231404958678,0.2909888974954815,0.2808466701084151,0.19974193548387098,0.28095975232198145,0.28114521537271087,0.29087158329035584,0.19979376127868007,0.290979381443299,0.2285493429528472,0.19989696032972695,0.2809683234612413,0.2811534500514933,0.22857142857142856,0.28126608337622233,0.2814509904810908,0.19984567901234568,0.29056312676780666,0.2,0.22847597018761243,0.20015416238437822,0.22861546365271,0.2812018489984592,0.2813863928112965,0.2002053388090349,0.28149858865794203,0.2901487942534633,0.2903308540651449,0.20025641025641025,0.28146629069469364,0.29036391594054334,0.20035869843709966,0.29047131147540983,0.20051216389244558,0.29057859703020994,0.20066547222933198,0.2812180143295803,0.200818623688923,0.29053708439897696,0.20097161851188955,0.28118609406952966,0.290569895221058,0.22764435360245272,0.28122605363984676,0.2814096016343207,0.20091907071738577,0.2815211842776927,0.20107170196478694,0.2903061224489796,0.20122417750573834,0.22743498215196328,0.2903390262554168,0.22757390417940876,0.2812738853503185,0.2814569536423841,0.20117137764196588,0.20137474541751527,0.28149656401119877,0.2816793893129771,0.2900025438819639,0.20142421159715157,0.22730739893211288,0.2900355871886121,0.2902160101651842,0.20147357723577236,0.2016764033528067,0.29024885728796346,0.29042904290429045,0.2017766497461929,0.29053539710733317,0.2907153729071537,0.22698452954603093,0.2908215010141988,0.22712294043092524,0.22731880385200204,0.29085381302254876,0.22745694022289767,0.22765257027095467,0.28050632911392404,0.29081245254365984,0.201417004048583,0.22767518340500886,0.20156803237228124,0.22781289506953223,0.22800808897876643,0.2906242102602982,0.28019201616978273,0.20156605203334174,0.20176767676767676,0.2019691996970462,0.2021706208985361,0.2904365379762806,0.22780020181634714,0.22799495586380833,0.2281896116994453,0.2903957650617595,0.29057459677419356,0.290753338372386,0.29093198992443325,0.2795265676152103,0.29103726082578046,0.2796375534860307,0.20181177654755914,0.22792452830188678,0.22811871227364186,0.22831279859190345,0.22850678733031674,0.2794672028147776,0.27964824120603016,0.20170811353931173,0.20190858864892014,0.22847100175746923,0.2796184738955823,0.20200752823086573,0.22854992473657804,0.29019312766491095,0.2795887662988967,0.20205565304587617,0.20225563909774436,0.27962916562265094,0.20240480961923848,0.22839969947407965,0.22859288933400101,0.20250312891113892,0.2897897897897898,0.28996747560670505,0.20260130065032517,0.2793198299574894,0.20275,0.2794301424643839,0.27961019490254874,0.22832875343492381,0.27972027972027974,0.27990012484394505,0.2800798801797304,0.2894933865734964,0.2282934131736527,0.2895984035919182,0.2024937655860349,0.20269259536275244,0.27991026919242273,0.2800897084475455,0.2027902341803687,0.20298879202988793,0.22808764940239043,0.22827981080408266,0.27999004479840717,0.28912664842000496,0.22835820895522388,0.22855011191245958,0.2891596220785679,0.28933631618195377,0.20278330019880716,0.22857142857142856,0.22876304023845007,0.2892972436056618,0.2894736842105263,0.2288409034499876,0.28957816377171214,0.20267923592160755,0.2896825396825397,0.22886188941234814,0.20277640059494298,0.2897149938042131,0.22893954410307235,0.20287342085707208,0.20307082714214958,0.2032681356771478,0.22896039603960397,0.20341499628804752,0.22909450766947057,0.2785060598565422,0.22922848664688428,0.22941903584672435,0.20341077607513594,0.20360761057573512,0.2784090909090909,0.22943936774512225,0.2785185185185185,0.2036534189089114,0.288746298124383,0.22945965951147299,0.22964972866304884,0.20369913686806412,0.2038954635108481,0.28863692383534634,0.20404139970428783,0.22961320522296133,0.2780788177339901,0.22974636788968233,0.2781880846873461,0.22987939945852817,0.23006889763779528,0.20393603936039362,0.20413182488932613,0.27809195967543643,0.23008849557522124,0.27820103219464243,0.23022113022113022,0.28788995332842054,0.20407662082514735,0.2879941075374417,0.23024054982817868,0.23042944785276073,0.2041216879293425,0.2043168996811381,0.28788621873467385,0.20446187791125275,0.23039215686274508,0.23058074001470227,0.23076923076923078,0.20450649032574086,0.27742409402546525,0.2876376988984088,0.2878120411160059,0.2879862980181062,0.2773972602739726,0.2880899975544143,0.2882640586797066,0.2884380347103398,0.2304496578690127,0.23063767407769362,0.2772349780166097,0.2884004884004884,0.27734375,0.27752013668537956,0.23060029282576866,0.2776286899243718,0.20390243902439023,0.20409656181419167,0.23061921014139444,0.20424079941506215,0.2307504873294347,0.27746650426309377,0.2043351193375548,0.2308254200146092,0.2310126582278481,0.20442930153321975,0.2773722627737226,0.231087326684505,0.23127431906614787,0.20447362022854365,0.287311618862421,0.28748481166464157,0.20456754130223517,0.2312363371386932,0.23142302088392425,0.2046613255644574,0.27694174757281553,0.23149720941519047,0.2316836487142164,0.20470531166626244,0.2870999030067895,0.2872727272727273,0.20479883664566165,0.231645262902835,0.2766472868217054,0.20489222572051344,0.2767554479418886,0.28709755507141127,0.23160696999031946,0.2872005806919913,0.20488630865989357,0.20507859733978234,0.2316247582205029,0.20522117476432197,0.2317544707588207,0.2763952645566562,0.2318840579710145,0.23206954841825647,0.20521487204249156,0.20540671011344436,0.2763030888030888,0.23208685162846804,0.276410998552822,0.205449722691102,0.28640308582449375,0.23210412147505424,0.232289156626506,0.2054926523729222,0.2056840077071291,0.286299060919817,0.205825710158883,0.2322503008423586,0.27598652550529357,0.23237911955737311,0.2760942760942761,0.23250781437845636,0.2326923076923077,0.20571977889930304,0.20591061989428158,0.27600288253663224,0.23270893371757925,0.27611044417767105,0.2059529524723956,0.2855771538276938,0.23272552783109404,0.23290957064044135,0.20599520383693046,0.20618556701030927,0.28547459252157237,0.20632638389647737,0.2328701485385721,0.23305389221556885,0.28544061302681994,0.23318170936078525,0.23336524652943993,0.2854749940177076,0.2856459330143541,0.23343697679980865,0.23362027737924437,0.2060721969878078,0.27509560229445507,0.23369175627240144,0.23387482083134256,0.2061141628851206,0.28533906399235914,0.2855096681785629,0.2062052505966587,0.20639465521355285,0.23377862595419846,0.23396136417839256,0.27467811158798283,0.2064362336114422,0.2747855100095329,0.23397664998808673,0.23415912339209147,0.2748273398428197,0.2342857142857143,0.20637943346822185,0.2848643503093765,0.2065191529859624,0.2849666983824929,0.2342449464922711,0.20660960532572514,0.23437128595198478,0.2067490494296578,0.2344975053456878,0.20688836104513064,0.28473046782237,0.2742165242165242,0.20697840018988845,0.27432368296155674,0.2846975088967972,0.2848671726755218,0.23428977946407398,0.23447131341868183,0.20692107134392035,0.23459715639810427,0.20705993840322198,0.2072477498815727,0.23466729812929196,0.23484848484848486,0.20733727810650887,0.2737813535257927,0.23491838183108588,0.23509933774834438,0.20737763064554268,0.28416075650118205,0.2843299456393288,0.20746691871455578,0.2076541459957477,0.23500236183278225,0.28429752066115704,0.23512747875354106,0.20769412320037764,0.2078810759792355,0.23519698041991036,0.23537735849056604,0.20796981843904738,0.272984441301273,0.23544661795899127,0.235626767200754,0.20800942285041224,0.27296278850683,0.28372969154697436,0.2080979284369115,0.2082843021887503,0.23552941176470588,0.2836979534227241,0.23565380997177798,0.27274864801316717,0.23577809120827456,0.23595769682726203,0.20817669172932332,0.20836269673478977,0.27266322217003286,0.23597088518431555,0.2727699530516432,0.2084017836188688,0.28320037541060533,0.23598404879193058,0.23616322701688555,0.20844079718640093,0.2086263478668542,0.2831028825872979,0.20876288659793815,0.23612087139845397,0.2723653395784543,0.23624443924139546,0.27247191011235955,0.23636789141118653,0.23654656059897053,0.20865497076023393,0.2088400374181478,0.2723871872808043,0.23655913978494625,0.27249357326478146,0.2088785046728972,0.28241065171688856,0.23657169546940682,0.2367499416296988,0.2089169000933707,0.20910151691948659,0.28231451236584226,0.2092372288313506,0.27215485074626866,0.27232455117743065,0.2822843822843823,0.2824516429736658,0.282618825722274,0.2827859305846727,0.2722403353516535,0.2090803259604191,0.2362662942271881,0.23644403071910636,0.2091670544439274,0.2826238660153524,0.27209302325581397,0.23645663799116484,0.20920502092050208,0.23657913083894958,0.23675650557620817,0.20929152148664343,0.2823966558290757,0.2368237752495937,0.20937790157845868,0.20956138315154327,0.2368909512761021,0.271630712131756,0.2717996289424861,0.2719684674240668,0.2721372276309689,0.2820393974507532,0.2822057460611678,0.23673847579337504,0.23691523853635943,0.237091919425793,0.20925925925925926,0.27192779449201576,0.20939379916705228,0.27203331020124916,0.20952821461609622,0.23699421965317918,0.20966250577901063,0.20984515830829675,0.23706099815157117,0.20997920997921,0.2815242494226328,0.23712768413761257,0.28162511542012925,0.2817909069928456,0.23719427780341487,0.209919261822376,0.21010147601476015,0.21028360617938668,0.23720608575380359,0.23738188522701084,0.21036866359447004,0.2711356830223451,0.2105020727775219,0.21068385908358278,0.23733885819521178,0.2711162255466053,0.21076852277956742,0.23740510697032435,0.2375804967801288,0.2809841342837434,0.21080459770114943,0.21098598023442885,0.23759191176470587,0.2111187686652883,0.2377124483233808,0.27072330654420207,0.23783287419651056,0.23800780353454212,0.21110601193207892,0.2112869924294563,0.2706422018348624,0.2380188030268287,0.2707473635946813,0.2381388952555581,0.2802474793767186,0.21122565864833906,0.2803481447549244,0.2381497595603389,0.23832417582417584,0.21126115815976196,0.211441647597254,0.2802562342713338,0.2115736505032022,0.2382803567345072,0.27023319615912206,0.2384,0.23857404021937842,0.27027644505368975,0.23869346733668342,0.2388673213062343,0.21141552511415526,0.2115955261355855,0.2701962574167047,0.23887748117727584,0.27030109489051096,0.21163055872291905,0.27952576379388966,0.23888762252108503,0.23906107566089335,0.21166552745500114,0.21184510250569477,0.27943520838077884,0.21197632058287796,0.23901661734577737,0.23918980427856168,0.23936291240045507,0.23953594176524112,0.2697293609279054,0.21191450659390632,0.2698340531939077,0.23954545454545453,0.2397182458532152,0.21194911403907316,0.2698160345219169,0.26998183469573117,0.27014755959137343,0.23967317294598275,0.2702518720217835,0.2118874773139746,0.278521206622817,0.2396825396825397,0.2786216277488098,0.21192203082502267,0.2787219578518015,0.27888536474852743,0.21200453001132502,0.21218297101449277,0.23952909214398913,0.27885921231326394,0.21226521837519802,0.27895927601809956,0.2696222574078263,0.2394843962008141,0.26972643002487,0.23960216998191683,0.2698305084745763,0.21215544509715317,0.23966568782471198,0.23983739837398374,0.26981259878076314,0.2699774266365689,0.23990069961633942,0.27842960288808666,0.2785923753665689,0.2399639152007217,0.2786922209695603,0.24008115419296663,0.24025242280820375,0.2787291572780532,0.27889164226177066,0.27905405405405403,0.2792163927043459,0.24020711391265195,0.279315777627729,0.27947794779477947,0.24026996625421823,0.2795771479982006,0.2797391499887565,0.24033273381294964,0.279838165879973,0.24044943820224718,0.2799370927881375,0.24056603773584906,0.2800359308331462,0.21104625056129322,0.2801346801346801,0.28029622980251345,0.28045770697778777,0.240466576940332,0.2805561785153622,0.26838565022421523,0.2685496525442726,0.2404751232631107,0.2686533721711853,0.24059139784946237,0.28040313549832024,0.28056426332288403,0.2686366689053056,0.21060877350044763,0.2687402103378832,0.24049217002237136,0.2688436591366585,0.2690071556350626,0.26917057902973396,0.28028609745194455,0.26927374301675977,0.28038427167113494,0.2693768148313603,0.28048235819562306,0.28064300066979236,0.26941964285714287,0.21022093282749385,0.28067826863007583,0.2694624135623466,0.23996431757359502,0.26956521739130435,0.24008024966562638,0.26966792957432584,0.2698306595365419,0.26999331699710405,0.27015590200445433,0.28033845468715207,0.23998219056099732,0.27019808591141775,0.2703604806408545,0.2803114571746385,0.2097419928825623,0.28040916166333113,0.2703423743886172,0.23983107357190486,0.28044444444444444,0.27038435903132635,0.2705464238116393,0.20963801909837887,0.28041740674955595,0.2397336293007769,0.28051486906347095,0.2806745063234968,0.27040816326530615,0.20958083832335328,0.270509977827051,0.270671691420971,0.2708333333333333,0.23953024595612674,0.270934869295525,0.28039867109634553,0.271036315323295,0.23953951737879123,0.23970783532536521,0.28037176366452754,0.28053097345132744,0.28069011280690115,0.2708978328173375,0.23966393986292284,0.2807250221043324,0.2808839779005525,0.20901458241272647,0.28098078197481774,0.20914310954063603,0.27069993376021195,0.28101545253863136,0.2811741337453101,0.28133274492497795,0.20913302448709464,0.2393030436700485,0.2705622932745314,0.2707231040564374,0.2393652193079127,0.28118113706478626,0.28133950209297204,0.20903083700440528,0.2814358070909491,0.23932188463232057,0.23948932423508695,0.2704665492957746,0.2814081408140814,0.23955125384953804,0.2397184957114581,0.2704485488126649,0.2813805231919103,0.2087912087912088,0.2089650626235992,0.20913884007029876,0.239622227103009,0.2703118137900747,0.28122941822173436,0.2704126426690079,0.20912881281544876,0.2705133830627468,0.28120201798640054,0.28135964912280703,0.23942117956588468,0.27049539675580886,0.23953539338154722,0.2705959684487292,0.28127053669222346,0.28142794568550156,0.281585285745566,0.27057793345008757,0.27073757933902387,0.2087527352297593,0.23933493765040473,0.27077865266841644,0.23944893942707193,0.2813729777000437,0.28153005464480874,0.2816870629370629,0.20865195542932052,0.2817824377457405,0.2087792094343743,0.28187772925764193,0.2820344902859638,0.2088607594936709,0.209033384246127,0.23909249563699825,0.27022900763358776,0.23920627998255561,0.2818835840418574,0.23931996512641673,0.2702113750272391,0.27037037037037037,0.2818558048355478,0.23932926829268292,0.27041149575440887,0.239442751414889,0.2396082698585419,0.2704525674499565,0.2706112682184033,0.2707698999565028,0.2709284627092846,0.28152173913043477,0.27102803738317754,0.23946110386788352,0.28155550727786227,0.28171155516941787,0.2710097719869707,0.20820668693009117,0.2711091816800521,0.2712673611111111,0.27142547190279886,0.28156182212581343,0.20819778789850357,0.20836947094535993,0.23910687188380664,0.23927178153446033,0.23943661971830985,0.27123050259965337,0.27138834741173923,0.20831528800346472,0.2084866854297467,0.20865800865800865,0.2393421337372863,0.271311120726958,0.23945489941596365,0.27141003460207613,0.28086486486486484,0.28102031993082577,0.28117570780203155,0.2394122731201383,0.23957658241520846,0.23974082073434125,0.2811487799611315,0.2813039723661485,0.2814590977768185,0.23974967630556754,0.2709816612729234,0.27113891285591024,0.2814319603191719,0.2397585166019836,0.2815261909894374,0.23987068965517241,0.24003447532859298,0.24019819043515725,0.2403618350204609,0.2405254091300603,0.2813778256189451,0.2815325010761946,0.2816871099634173,0.28184165232358005,0.28199612819961284,0.2075268817204301,0.20769726940442915,0.2820292347377472,0.2078229099505695,0.27030511388053285,0.282062298603652,0.2822164948453608,0.28237062486579345,0.27028767711464147,0.2824640480789869,0.20772532188841203,0.2398626904097833,0.24002574002574004,0.27021230967188503,0.270368782161235,0.24008574490889603,0.2704672096013716,0.24019712877651597,0.2705655526992288,0.27072178196615976,0.24025695931477517,0.27081995290087774,0.2818921232876712,0.27091803980312434,0.271074026529739,0.2712299465240642,0.2072284003421728,0.2401111823818687,0.2712697734074391,0.27142551827313527,0.24017094017094018,0.2815637684255501,0.2714651858180265,0.20713218022635063,0.27156276686592656,0.27171824973319103,0.24007682458386684,0.27181566033710264,0.27197098976109213,0.20708040093836638,0.2812366737739872,0.28138989554466,0.2399829497016198,0.2718943106754741,0.27204942479761396,0.2722044728434505,0.2723594548551959,0.2812433468171173,0.23988931460195828,0.2723983826346031,0.24,0.28121676239098065,0.2813696299447044,0.24005953646608547,0.27232142857142855,0.2724760892667375,0.27263068423289416,0.2812831952411302,0.2727272727272727,0.2728817158632406,0.273036093418259,0.2731904054340904,0.2398132427843803,0.27328665393592194,0.27344081459482394,0.28101802757158006,0.2811704834605598,0.28132287470850115,0.281475201356507,0.20597584233947872,0.2733050847457627,0.20610040245710654,0.20626853028377806,0.2813889477027313,0.281541066892464,0.2816931216931217,0.27316969953449005,0.281785487624286,0.2819373942470389,0.23916261366039332,0.2731501057082452,0.2733037412809131,0.28191039729501266,0.2820621170504965,0.2822137727080693,0.28236536430834214,0.20586993243243243,0.20603757652522695,0.2389193752638244,0.27305338679046215,0.28227848101265823,0.27314912465724533,0.28237030788696754,0.2732447817836812,0.2824620573355818,0.20590094836670178,0.20606826801517067,0.27322519485991154,0.2824347093513058,0.23857654242998527,0.2732631578947368,0.2824668490844033,0.23863636363636365,0.2387965495476541,0.2824989482541018,0.28264984227129336,0.28280067283431454,0.2058019760353164,0.2387557797393863,0.23891573860054632,0.2728991596638655,0.23902541482881748,0.23918521629567407,0.2729372244383792,0.23929471032745592,0.2824763903462749,0.28262694083088546,0.2055800293685756,0.205746644295302,0.28265883833088695,0.2828092243186583,0.2829595472647244,0.2057837384744342,0.28305049235281793,0.2832006702974445,0.28335078534031416,0.283500837520938,0.2836508268787942,0.2057346169945584,0.23875287717095628,0.27217573221757324,0.27232796486090777,0.2724801338352154,0.2835040769391595,0.2387123745819398,0.27251828631138975,0.27267028834099455,0.2728222268644245,0.2387218045112782,0.2833576947170599,0.23883089770354907,0.2728031726153204,0.27295492487479134,0.2731066138118089,0.2832707551105549,0.23879040667361837,0.28336113427856546,0.23889931207004378,0.28345143809920803,0.2729735361533653,0.2835416666666667,0.2389085607165174,0.2836318200749688,0.23901728086612534,0.283721898417985,0.272840790842872,0.27299209321681234,0.20470147701268981,0.28369384359401,0.23892701185277604,0.27297297297297296,0.2731240906256496,0.2732751454696592,0.23893621441928112,0.2733693394266722,0.23904465212876427,0.27346345514950166,0.2391529997924019,0.27355749273557495,0.2737082382236979,0.20435684647302904,0.28313627878033604,0.28328494400663623,0.20443707236160066,0.2736318407960199,0.27378238341968913,0.20451719850808123,0.23886471928734204,0.27381938690969343,0.28308138330917376,0.27391304347826084,0.2740633409232043,0.2742135761589404,0.20442789157872956,0.2743069921390153,0.20455015511892452,0.27440033085194376,0.20467231755220178,0.2827614716825134,0.23847902459185782,0.2743801652892562,0.28279281140260276,0.2829409334985543,0.2384885401610572,0.23864574731626756,0.2743034055727554,0.2744531572430871,0.2746028471219311,0.2747524752475248,0.20437203547123117,0.27484536082474226,0.20449391877963308,0.2749381698268755,0.28250566659798065,0.2826534816646065,0.20453141091658084,0.2749176276771005,0.28268478484661314,0.23816385343762866,0.2749536941757563,0.2751028806584362,0.27525200576013165,0.2044426162073221,0.275344437589965,0.2824835526315789,0.28263103802672146,0.28277846280312374,0.23792890897883706,0.2752670501232539,0.2754158964879852,0.275564681724846,0.2757134058714843,0.27586206896551724,0.23784116560640262,0.2825194911776775,0.23794871794871794,0.23810500410172272,0.2382612261636252,0.23841738417384173,0.2385734781717565,0.28237704918032785,0.2825240729358738,0.28267103646046704,0.282817939791112,0.28296478296478295,0.23848515864892528,0.23864101514531313,0.23879680785758134,0.2751636661211129,0.2828799345469421,0.2752556237218814,0.27540380290329175,0.2829108748977923,0.2830574289801758,0.27543931344503475,0.23861082737487233,0.28308823529411764,0.2754747804778436,0.23866884442629643,0.28311900387834255,0.283265306122449,0.23872679045092837,0.2833537331701346,0.23883336732612687,0.23898858075040783,0.23914373088685015,0.2392988177741541,0.2751171795394335,0.23940505297473513,0.275208800162966,0.27535641547861506,0.2026063938098147,0.27544788273615634,0.27559535925096684,0.2026862026862027,0.2392675483214649,0.23942229454841335,0.27557453731950377,0.27572183814558765,0.2394795690180931,0.28252032520325204,0.2826661247713879,0.23953677366924014,0.28275441803778184,0.239642567018684,0.27553299492385785,0.23974827446203817,0.2756241120357215,0.2757711038961039,0.2759180361128018,0.27606490872210954,0.20219022510646928,0.2761557177615572,0.20231096695722683,0.2762464531820024,0.23951367781155014,0.27633711507293357,0.27648369455134697,0.2820980153908465,0.27657420530471755,0.27672064777327937,0.20218579234972678,0.27681100768919464,0.20230629172567266,0.281957928802589,0.282103134479272,0.2822482814395471,0.2823933697190216,0.202303961196443,0.2766215397049909,0.238989898989899,0.2767117753989093,0.2768578352180937,0.2023016353725015,0.27694792087202263,0.2389505549949546,0.27703793381759484,0.2771837805124067,0.27732956837434447,0.2774752974389998,0.20221774193548386,0.23886313243297722,0.28174123337363965,0.2774531533346766,0.23892022562449639,0.28177240684793553,0.2774869109947644,0.28186027783370243,0.28200483091787437,0.2821493258200845,0.2822937625754527,0.23878495272580968,0.27735317779565566,0.27749849185602254,0.27764374748693205,0.2822110552763819,0.2387459807073955,0.28229857343781395,0.23885094415427882,0.28238602128941553,0.2389558232931727,0.2774543264404738,0.27759935768767563,0.20148504916716836,0.28230337078651685,0.20160481444332998,0.201764941837144,0.28233406857830357,0.2774659182036889,0.20184405692523552,0.23867735470941884,0.28230815467842113,0.20192307692307693,0.2773883436811536,0.28233880656788146,0.23863863863863863,0.23879103282626102,0.27736641985191113,0.282312925170068,0.28245649129825967,0.2826,0.27734453109378127,0.282686925229908,0.28283030181890867,0.201638689048761,0.23856143856143855,0.28286056731921694,0.2830037946874376,0.28314696485623003,0.2016370533040527,0.20179640718562875,0.23847535422071442,0.2386272944932163,0.2830640335128665,0.28320702034303946,0.28334995014955133,0.2767145135566188,0.283436316523819,0.2835791151853328,0.2837218569436143,0.28386454183266935,0.23839872535351522,0.2839506172839506,0.23850288672108302,0.2386544585987261,0.23880597014925373,0.2389574214086749,0.23910881241296997,0.28381066030230706,0.2839530721813482,0.2840954274353877,0.201152852315643,0.20131160572337042,0.2390224518180012,0.2759237187127533,0.2840119165839126,0.2390786338363781,0.2759579114552313,0.2761016276300119,0.20123040285770985,0.2390873015873016,0.2761356873636183,0.2391907973026577,0.23934166170930002,0.27616970658207773,0.2763131813676908,0.27645659928656363,0.2765999603724985,0.2393026941362916,0.20102990691225986,0.2011881188118812,0.20134626806572956,0.2765241488519398,0.2831981001385316,0.23921646220815196,0.2765578635014837,0.2767009493670886,0.28317184101245796,0.23922499011466983,0.2832575607827634,0.283399209486166,0.20114601857340447,0.2013038324772817,0.23918625320955955,0.23933649289099526,0.23948667324777886,0.283260955388867,0.28340240773633313,0.2835438042620363,0.27618859735648055,0.27633136094674554,0.23940051271938473,0.23955047318611988,0.2397003745318352,0.23985021679148602,0.27625615763546796,0.28329393223010246,0.2834350994681899,0.20086648286727057,0.23981098641464854,0.23996062992125985,0.28340877779964574,0.2400629673356946,0.27601809954751133,0.2401652242328875,0.2761061946902655,0.2762485253637436,0.2763908000786318,0.27653301886792453,0.27667518176459027,0.2831041257367387,0.2400314280102141,0.2831893165750196,0.28333006086785784,0.24008637612877895,0.27654563297350343,0.27668759811616955,0.2833039042574063,0.2834444880345233,0.2767209256717003,0.2768627450980392,0.20015683199372672,0.27695021560172484,0.28336272780717225,0.23981191222570533,0.27698334965719884,0.2771249510379945,0.2772664969649501,0.2832811276429131,0.2000391466040321,0.20019569471624266,0.23967912345920564,0.27719092331768386,0.2773322902405633,0.28314430973797416,0.27741935483870966,0.27756059421422985,0.2001172562048075,0.27764751856193826,0.20023442078530962,0.2830078125,0.2831478226908807,0.23935962514642717,0.277571735311341,0.28317720530835283,0.20019512195121952,0.27760436987904796,0.20031207333723425,0.27769110764430577,0.2830961201013843,0.20038986354775828,0.27772364061586435,0.27786438035853467,0.23904149620105203,0.28301519283209975,0.28315481986368063,0.2003504672897196,0.20050613198364806,0.27773452705332813,0.2778750729713952,0.2830739299610895,0.2832133826103871,0.2779074290159471,0.20046665370406377,0.2832426127527216,0.28338192419825076,0.27788573649436454,0.23858558383524384,0.23873348873348874,0.23888133618178287,0.2833009708737864,0.2389827218015919,0.2833850931677019,0.23908402872113332,0.2776484284051222,0.2834141610087294,0.2391388673390225,0.20011634671320536,0.200271423032183,0.2775731730955612,0.2003875968992248,0.2832784344119357,0.2005036807438977,0.2390083284911873,0.27749806351665374,0.20058083252662148,0.28319783197831977,0.20069672924327464,0.20085139318885448,0.277423099245502,0.2775628626692456,0.2009282537226842,0.28306264501160094,0.2387396095109221,0.28314650173946654,0.2832850241545894,0.2834234930448223,0.238748309831949,0.27732715334105834,0.28345240393898435,0.20077220077220076,0.2009264620729589,0.28348128135854883,0.23866486590777541,0.23881172839506173,0.277145612343298,0.27728499807173157,0.20088683246577985,0.2833461835003855,0.23877433031412604,0.23892100192678228,0.27721055673280676,0.23902157164869028,0.2391681109185442,0.2832113977666538,0.2833493743984601,0.2834872979214781,0.2836251683663652,0.2391304347826087,0.28370840546258896,0.23923076923076922,0.28379157854258796,0.2839292579777009,0.28406688448971745,0.23923904688701,0.276657060518732,0.2767960046100653,0.28404071442289225,0.28417818740399386,0.23920138222307544,0.2842610364683301,0.23930147764344656,0.23944742900997698,0.28428927680798005,0.2844265439202148,0.23950143815915628,0.1999616564417178,0.2764040636381062,0.2000766577232656,0.27648974899406015,0.23946360153256704,0.28423673625742196,0.2765224052087323,0.27666092284127897,0.20003828483920366,0.28421052631578947,0.23938002296211253,0.2766405203749761,0.276778882938026,0.2769171925798432,0.23938814531548758,0.2770024851844772,0.27714067278287463,0.27727880756736095,0.23939625525410776,0.2838586437440306,0.23949579831932774,0.2772579721214436,0.2773959526536846,0.199656422981485,0.23950381679389313,0.2774279717611143,0.2836703548264021,0.27751287430860194,0.2837528604118993,0.1996186844613918,0.2775447960350743,0.2837812083095102,0.2839176829268293,0.27757668127262336,0.1996190476190476,0.28394591506379735,0.23914699162223915,0.28402817437654676,0.2392462885420632,0.2774500475737393,0.2775875190258752,0.27772493817766786,0.199505515405097,0.19965772960638906,0.19980988593155893,0.28378635240448585,0.23907259597111363,0.2775983279498385,0.2777355623100304,0.19981006647673313,0.2837067983289024,0.2838427947598253,0.19988610478359908,0.2839248434237996,0.27760910815939277,0.27774615822424586,0.23880880121396056,0.2778304570453252,0.23890784982935154,0.27791469194312796,0.28373768006065203,0.23896153117301497,0.2838196286472148,0.23906042811138473,0.23920454545454545,0.2393486082181405,0.23949261643316924,0.2396365701306076,0.2836866010598032,0.2775780510879849,0.2777147181233447,0.2778513334594288,0.2779878971255673,0.23955379088674608,0.2835538752362949,0.1992061992061992,0.28363567649281934,0.19931985641413189,0.23951643369852663,0.27780925401322004,0.2836102719033233,0.23956956767981877,0.2778406946017365,0.23966786186072844,0.28358490566037736,0.2837200528202226,0.2838551490003772,0.1991325664718084,0.23963046757164405,0.27766258246936854,0.2777987184319638,0.23968343697003958,0.19913338357196683,0.1992842343190808,0.2777777777777778,0.23969120692901524,0.2835090361445783,0.2836438923395445,0.19928490779074143,0.283725305738476,0.19939804364183597,0.2776001504607862,0.19951109439638962,0.1996615905245347,0.28364661654135337,0.23942867881977073,0.2395715896279594,0.2774751080217922,0.1996619083395943,0.19981220657276996,0.19996244836650395,0.2774544771916651,0.20007507507507508,0.2833552261212235,0.200187617260788,0.2834365034702682,0.2835708927231808,0.2837052315769736,0.20022497187851518,0.2837863167760075,0.27717391304347827,0.23908562863031665,0.2772573997751967,0.27739277018168196,0.23913857677902622,0.2836547463021906,0.28378884312991387,0.20007486430844096,0.2773203592814371,0.20018709073900842,0.23905723905723905,0.27735178604825134,0.23915482423335827,0.2392970648719387,0.27738317757009345,0.28349841151186694,0.2774663677130045,0.20007472445357743,0.28352633545013073,0.27749766573295986,0.27763256161314415,0.2001120029867463,0.23908174692049272,0.2776637432356783,0.2777985074626866,0.2391344898339862,0.27788138754196196,0.2780160358008577,0.27815063385533184,0.2782851817334576,0.28307864330972793,0.1999254704676728,0.23900894187779434,0.27826410877258334,0.2,0.27834667659653695,0.27848101265822783,0.2000744463056021,0.20022329735764793,0.27851162790697676,0.2786458333333333,0.2387948670262228,0.2787281517292674,0.2825804052797918,0.20018587360594794,0.27875859505668094,0.2826086956521739,0.23871447148430244,0.2787890044576523,0.27892293407613744,0.20014853323431117,0.2002970113235567,0.2386785449146251,0.2789014659491557,0.2823747680890538,0.2789834910035244,0.27911721068249257,0.2792508807713703,0.2385984427141268,0.27933271547729377,0.23869532987398073,0.2001111728738188,0.282141533901445,0.2002222633821078,0.2822222222222222,0.27920755415663767,0.2823028507960015,0.2002591153063113,0.23852701702442636,0.2823311748381129,0.279134295227525,0.2824116885518772,0.27921597633136097,0.27934923276021445,0.28243992606284657,0.2825725374237664,0.23835920177383593,0.2793275447995566,0.27946065755448835,0.28254847645429365,0.23836779911373707,0.23850839948310873,0.2794389073458841,0.279571876730024,0.19981549815498156,0.28242021767201625,0.28255256362965697,0.23842891388530335,0.2385693215339233,0.19981566820276497,0.2386656837449318,0.19992629445365764,0.2792925571112749,0.2794253085282741,0.2823204419889503,0.238630086540232,0.28240058910162,0.2794036443953617,0.27953625322046377,0.19981600735970562,0.27961736571008095,0.23855067132609895,0.27969841853622657,0.2822209965067108,0.2823529411764706,0.2824848373460761,0.2796765894891584,0.1997060444607753,0.23842762674504042,0.28246097337006426,0.23852368710980537,0.2796034514411603,0.23861967694566813,0.28243714443017065,0.23871559633027523,0.23885525591634563,0.1995597945707997,0.23895103612690263,0.2794279427942794,0.1996333638863428,0.23900293255131966,0.23914238592633316,0.2821546353975815,0.19967026928008794,0.2391941391941392,0.27925288408716353,0.2793848407176858,0.27951674903898954,0.2796486090775988,0.19963403476669717,0.19978046103183314,0.28187305652094385,0.23902706656912948,0.28195282501371366,0.28208409506398535,0.23907877901663316,0.2821637426900585,0.23917412753517267,0.2793204238217026,0.2821917808219178,0.23922571219868516,0.2822713164140953,0.2792990142387733,0.1994889578390217,0.2793795620437956,0.19959861339171683,0.1997446187522802,0.23910268101404342,0.28209336250911743,0.2822242479489517,0.1997812613926358,0.19992710041917258,0.28225218658892126,0.27910366186919294,0.2792349726775956,0.27936623565835,0.19992716678805536,0.2794465683597306,0.2821259555879141,0.27952684258416743,0.28220524017467247,0.23867564125886848,0.1998908694070571,0.2000363702491362,0.23872727272727273,0.28213052172332304,0.27935296255906944,0.20007268762493186,0.23873546511627908,0.2821071752951862,0.2001452960406829,0.20029053931360088,0.2821350762527233,0.28226538391722633,0.23865698729582577,0.28234440210488115,0.23875181422351233,0.20025394522038817,0.20039898440333695,0.2823209428830462,0.20050761421319796,0.23871669385535618,0.2823486770569047,0.2786736727668056,0.27880434782608693,0.23872486868320955,0.2788844621513944,0.28227412638059024,0.2003982621288921,0.2789140271493213,0.27904451682953313,0.2791749592907545,0.23860347322720696,0.27925483812624347,0.23869801084990958,0.28204664617609837,0.282176428054953,0.2387493222483282,0.20021684134441634,0.2791327913279133,0.28215317919075145,0.2792125699837457,0.2822318526543879,0.23867124029608233,0.2388086642599278,0.23894603862118752,0.23908336340671238,0.23922063864333393,0.2821067821067821,0.2822362488728584,0.282365668950595,0.2824950423652425,0.19989185291997116,0.23914218778158228,0.2825225225225225,0.19996397045577374,0.20010806916426513,0.2825499729875743,0.20021606049693913,0.20036003600360036,0.28257739380849534,0.23897786575490373,0.28265563152213025,0.2390717754991905,0.2827338129496403,0.23916561769465924,0.2781373606616325,0.2782671220564444,0.2783968368080518,0.2785265049415993,0.27865612648221344,0.20010777797736662,0.28250718390804597,0.20021547854192853,0.2786355475763016,0.2825345539400467,0.20028715003589376,0.23883007356899336,0.23896663078579117,0.20035874439461884,0.20050215208034433,0.27846512461897077,0.2823592685550376,0.20057357949453308,0.2824372759856631,0.23884608493101595,0.28251522751701896,0.2783449758194519,0.2825931232091691,0.20053715308863027,0.28267096312209095,0.20064435296223376,0.23872584108804581,0.28269815709429236,0.28282647584973164,0.28295474870327314,0.20064377682403434,0.28303236188092257,0.2007508044333214,0.2386058981233244,0.2008577555396712,0.20100053600142934,0.23865666309396213,0.2829076620825147,0.20107142857142857,0.2829851812176397,0.2011781506604784,0.23862216669641265,0.2830121341898644,0.23871543264942016,0.2773813770959686,0.2775102550383449,0.2387660485021398,0.27758958816188267,0.20106951871657755,0.20121190518624132,0.2776193870277976,0.2827365045430251,0.2828642679016744,0.28299198575244877,0.2831196581196581,0.23856150970268827,0.23869704521181914,0.201103399181349,0.23879003558718861,0.2389254581035403,0.2773034507292778,0.28294504712786767,0.20110241820768138,0.23893333333333333,0.2012086740135087,0.2013506308867958,0.2771855010660981,0.2828211049920057,0.27726465364120784,0.20138518913159298,0.23881392045454544,0.2772945144683117,0.23890663826766062,0.2826974267968057,0.23899929027679206,0.28277452545680326,0.23909187655196878,0.2771768043979429,0.2828014184397163,0.28292855876617623,0.20116979794399148,0.2830054935318093,0.2390148830616584,0.2770593445527015,0.23910733262486716,0.27713830352399504,0.28293201133144474,0.2772172065852363,0.20106194690265486,0.20120332684480624,0.2772469922151451,0.20130903944808068,0.2828086310576583,0.20141467727674625,0.20155586987270155,0.20169701255082198,0.27712972781901735,0.23873475879130587,0.2826855123674912,0.2828122239886946,0.2829388908512893,0.20165989758078756,0.2387005649717514,0.2829655781112092,0.23879279915284152,0.27686606670195874,0.20165843330980945,0.2769447874404657,0.28289241622574957,0.2830188679245283,0.2016925246826516,0.2830953640049357,0.276876982728234,0.20176211453744494,0.23854827343199436,0.23868240267747048,0.27685804860866503,0.2769853847508364,0.27711267605633805,0.20172504840697061,0.2828229496656107,0.23860636987506598,0.23874032371569318,0.23887423043095865,0.2017235314808301,0.20186390012308775,0.27689873417721517,0.20196871154860258,0.20210896309314588,0.20224916534879633,0.28250175685172174,0.282627788512208,0.2827537759044608,0.20228270412642668,0.23858848314606743,0.2387221344567316,0.2827307827307827,0.23881382698719072,0.27649122807017545,0.28275741098052976,0.2388635566467906,0.23899701911274768,0.2764726507713885,0.2765994741454864,0.2767262530669471,0.20203259155423164,0.28258584442887175,0.2767559992993519,0.2021015761821366,0.28261250218875855,0.28273809523809523,0.20217048835988097,0.23871193559677983,0.20227471566054242,0.23880335899230232,0.20237887003673255,0.23889471843301854,0.2764469312816926,0.2765734265734266,0.23894424051739208,0.276651520447396,0.23903547090686703,0.28232005590496156,0.2022707423580786,0.2823960880195599,0.23904312903789068,0.23917597765363127,0.28242276138942224,0.20226876090750437,0.23922526609666725,0.20237264480111655,0.20251177394034536,0.23927450296477154,0.27619877942458587,0.2763249651324965,0.23932368833885306,0.2764029278494249,0.2821048963234013,0.2764808362369338,0.23933112698136214,0.28213166144200624,0.23942190492773813,0.20229805013927576,0.20243690165361183,0.23947093630351549,0.23960327127196798,0.28201113430758523,0.23969385980170466,0.27617391304347827,0.2023995826812728,0.23974269819193325,0.2025030418911872,0.20264164059784498,0.2818418766290182,0.20274496177901322,0.20288344623936078,0.27596387634595343,0.2818197603750651,0.2760416666666667,0.20291616038882138,0.20305449496702535,0.20319278153739373,0.23941707147814018,0.2759757155247181,0.2761012833853625,0.239465926825039,0.2031900138696255,0.20332813312532502,0.2760831889081456,0.20343094784266158,0.20356895356895358,0.2813095444309718,0.2814340145479737,0.28155844155844156,0.203601108033241,0.281634066124286,0.2817583939079266,0.28188267866412875,0.23910034602076125,0.2819581387303235,0.2820823244552058,0.27563548331315924,0.2034923928077455,0.2757130509939499,0.2820601451780159,0.28218420597891825,0.28230822391154115,0.23890136465710832,0.2390328151986183,0.275600069072699,0.28228591160220995,0.20334886932504748,0.27562996202968587,0.23899913718723037,0.2757073844030366,0.23908918406072105,0.2392204208347706,0.2757371960682876,0.27586206896551724,0.20324082054818135,0.20337814546708033,0.2758917801137343,0.23914541695382494,0.2392764857881137,0.281777471581123,0.2819011537799208,0.2393250688705234,0.23945601652608023,0.2819277108433735,0.275684047496128,0.2758086717136958,0.20316531911233443,0.27588579291365667,0.2760103181427343,0.281808803301238,0.28193226749183425,0.2031625988312135,0.2032995360027496,0.23917525773195877,0.2758976120941419,0.23926485743730677,0.20333161600549546,0.2817651098901099,0.23931330472103005,0.23944387229660144,0.23957439505749098,0.23970487302676732,0.20329387545033453,0.2756432246998285,0.2815983536271652,0.203360768175583,0.28167323847076975,0.27562564278368185,0.23958868894601543,0.28169979437971215,0.23967791673805036,0.28177458033573144,0.2818975852029457,0.23972602739726026,0.23985618900873137,0.28192399863060597,0.27537224028752355,0.28199863107460643,0.23986313088109495,0.20304481696886761,0.27535488284590387,0.2399110807113543,0.24004103265515472,0.2818803418803419,0.28200307639719707,0.2752904989747095,0.24004783871518878,0.2753672702425692,0.2819812126387703,0.24009562841530055,0.24022537135052074,0.27534994878798225,0.20276497695852536,0.2402730375426621,0.27537962804982086,0.28181508017741386,0.2754562510660072,0.2755798090040928,0.2818414322250639,0.24019774974428912,0.20265893983296404,0.20279481935923654,0.27551542000340773,0.2028960817717206,0.2817237267927099,0.24012261580381472,0.28179805891367277,0.20292815798433775,0.2754042553191489,0.20302927161334242,0.28177641653905056,0.2754338210275604,0.28185065487327776,0.23996598639455782,0.24009522190103724,0.2754165249914995,0.2755396906340303,0.28178110129163836,0.24010195412064572,0.27556914712878017,0.275692203159504,0.2027853260869565,0.2817116658176261,0.2400679117147708,0.2756747581055848,0.2757976917854718,0.2759205837434244,0.2027485578554462,0.20288379983036472,0.28154681139755766,0.2759030015261998,0.2029501525940997,0.27597897948804884,0.23983050847457626,0.23995932892730046,0.24008810572687225,0.24021683889547688,0.28133468834688347,0.28145639288738356,0.28157805621401966,0.20281022515659386,0.20294515910629654,0.275681164325605,0.2815566835871404,0.2757570631026899,0.24002029769959404,0.24014882462371046,0.27578626986810956,0.2028740490278952,0.27586206896551724,0.2029744803109684,0.2401149036836769,0.2402432843385707,0.24037162162162162,0.20300624894443506,0.2757514353259034,0.20310653385108898,0.20324105334233625,0.24033755274261603,0.27573405332433343,0.27585625105449635,0.20327260458839405,0.20340698262776186,0.2403035413153457,0.20350699713370426,0.28068105192178017,0.2757458284173268,0.20357263228850692,0.24026958719460825,0.27577493261455527,0.27589691763516927,0.24031660491748064,0.2805186058258966,0.2759259259259259,0.276047803400101,0.27616963985190174,0.2804980649503618,0.2762449528936743,0.2805719091673675,0.2401614530776993,0.28064570371615943,0.27622730329522527,0.27634896621280886,0.20319327731092438,0.2764241303982524,0.2765456989247312,0.2805308247942214,0.2806516627477326,0.2399664147774979,0.20315648085963733,0.24005371831458788,0.2806310842564619,0.2807518039939587,0.2401006711409396,0.276295923502768,0.2401878564240188,0.24031527754485996,0.20305164319248825,0.24040234702430846,0.24052966811934295,0.27618568795039383,0.2406166219839142,0.28044898642988775,0.27621440536013403,0.2763356221738402,0.20294708640321502,0.2804285953457224,0.20304653498493472,0.27631799163179915,0.24046184738955823,0.2763928392169985,0.24054867848778855,0.2803144338518147,0.24063545150501672,0.24076241431198797,0.2803410230692076,0.2804613070366037,0.2762366310160428,0.2028404344193818,0.20297360507851653,0.2762652413562719,0.2803941215764863,0.24060778093170812,0.2030050083472454,0.20313804039392422,0.27620160213618156,0.28032704822292676,0.2804471137804471,0.20316930775646372,0.276184122748499,0.27630481907620474,0.2764254751583861,0.28038006334389065,0.24033333333333334,0.2804532577903683,0.27640786404531825,0.20306513409961685,0.24033977348434377,0.27643630308076605,0.24042624042624042,0.27651073747294824,0.24051264980026632,0.2765851223165252,0.28019966722129785,0.2029612377308268,0.2405189620758483,0.27656743721935806,0.28017958097771867,0.2766417290108063,0.2405252659574468,0.20292504570383912,0.24061149883682287,0.28011297557733844,0.276578073089701,0.2766982228865637,0.2029226170707406,0.24057778515689857,0.27672642762284194,0.28,0.2768005310321938,0.27692052430728387,0.28002654280026545,0.27699452645546524,0.2800995024875622,0.2404244735533079,0.24055039787798407,0.20271838223106248,0.20285051375538615,0.28003314001657,0.24055666003976142,0.28010601292032467,0.2767472673070553,0.2406027487994701,0.2801324503311258,0.2767753683165039,0.2027474346242966,0.2406089690551051,0.27680344142951685,0.24069478908188585,0.2768772742308965,0.27997354059864393,0.2769510582010582,0.2770705901801951,0.20264462809917355,0.27995372665675095,0.27709847984137476,0.2772179084751363,0.2773372976544433,0.20264244426094138,0.279887714663144,0.27736503219415554,0.27748431825685044,0.2799141772569731,0.20264026402640264,0.27751196172248804,0.24018475750577367,0.24031007751937986,0.2404353562005277,0.2798021434460016,0.2774480712166172,0.27987473215757375,0.2404416611733685,0.27747569616081724,0.27990115321252057,0.28001976610113655,0.2024044795783926,0.2774575992096163,0.24036878498518274,0.24049382716049383,0.2024358130348914,0.20256705611321377,0.27986179664363275,0.2773482480671163,0.2799342105263158,0.2025982568656471,0.24038145346925355,0.27996054578333057,0.28007889546351084,0.28019720624486444,0.2803154781465659,0.2804337111877772,0.20252956636005257,0.2770569880111677,0.28045977011494255,0.24019044491873257,0.27708470124753776,0.2772033481043821,0.24023629799803084,0.20246103363412632,0.20259186351706038,0.2771855010660981,0.24024270252541818,0.28020987047056894,0.28032786885245903,0.27716767742992954,0.2402490986561783,0.24037358676060955,0.28030799475753604,0.24045864045864046,0.2405830330822142,0.28033404290158837,0.28045186640471514,0.2805696513340972,0.202291325695581,0.2806414662084765,0.28075916230366493,0.20235563553083594,0.27674190382728164,0.20245298446443172,0.2025833878351864,0.2806931502370443,0.2402745995423341,0.2026474914201667,0.20277777777777778,0.2806730926319229,0.20287487749101601,0.28074473297403235,0.20297191378184193,0.2808163265306122,0.24012406137773426,0.24024808225885425,0.20300261096605743,0.28079621471691957,0.24029363784665578,0.20306638395041593,0.20319634703196346,0.28077612913745315,0.28089338115422235,0.24026079869600653,0.2403846153846154,0.2405083917223399,0.27582274356467906,0.28082749633490794,0.24055374592833875,0.20306139065298812,0.2031911429501791,0.2808074230831841,0.20328776041666666,0.2808787632221318,0.24048161405792384,0.2809500569383439,0.2810670136629798,0.28118393234672306,0.2032520325203252,0.24044870752723135,0.27535760728218467,0.20331545587518285,0.20344491387715308,0.2404549147034931,0.2810266406757635,0.28114341400032483,0.20347515427086715,0.20360448124695568,0.24042207792207793,0.2751176757019964,0.28107757221681273,0.24046730488398507,0.24059052563270603,0.28110300081103,0.28121959130716834,0.24063564131668558,0.27496757457846954,0.2812449343491652,0.2406807131280389,0.24080375952033706,0.24092676604018146,0.27490685242183704,0.2750242954324587,0.2751417004048583,0.24093264248704663,0.2410555285737413,0.20314017481385563,0.24113934293575012,0.2809061488673139,0.2810224882705064,0.28113879003558717,0.27494743651948894,0.20310478654592498,0.24106709781729993,0.2749757516973812,0.2031679327622434,0.2032967032967033,0.2809823881079334,0.24103392568659127,0.2810531416572444,0.28116925064599485,0.20329404165993864,0.24103971585405232,0.2033898305084746,0.28114912846998064,0.20348555752783604,0.2812197483059051,0.27456041296983386,0.24096774193548387,0.2812449604902435,0.281360851338278,0.2410124133483798,0.20341715022566087,0.2813859790491539,0.28150177247824687,0.2816175285967456,0.2034471649484536,0.20357545498469962,0.2037037037037037,0.2741909515375946,0.2037990985189955,0.2742636407532593,0.2814612166076601,0.20386162510056316,0.2742921492921493,0.274408878880489,0.20392409134770023,0.2040520984081042,0.28135048231511256,0.20414724320848737,0.24043715846994534,0.24055921581230919,0.2042095115681234,0.281285140562249,0.24060391904914874,0.24072587120603822,0.2813102119460501,0.2814255899823407,0.2041733547351525,0.27395281656234954,0.20426829268292682,0.2814054227498797,0.2815206929740135,0.20433039294306335,0.24053880692751764,0.2815456148789482,0.28166078871433153,0.24058342683122294,0.27371794871794874,0.2406665598461785,0.28164049983979494,0.2817555662341823,0.20419602818705956,0.2043234587670136,0.27361511367275054,0.2737313910677125,0.24055697823303457,0.24067850856136982,0.2408,0.27371620540713487,0.27383237364043506,0.20422197345274268,0.20434921650143908,0.2738609112709832,0.2739769820971867,0.2044110596132332,0.281240012783637,0.27400543217766415,0.20447284345047922,0.28126497364638237,0.28137975087831363,0.24045984352546704,0.2739463601532567,0.27406225059856343,0.24050430896903927,0.2813148236795915,0.24058710912571793,0.20433881001754667,0.24066985645933014,0.2407909424334237,0.24091198979591838,0.2738721504862107,0.2811603442779726,0.24095617529880478,0.27390057361376674,0.2811852795921619,0.2410003185727939,0.20417263895524765,0.27388535031847133,0.24104441967839516,0.27395733842725245,0.28107591914690433,0.24108847867600255,0.28114558472553697,0.24117085587018772,0.20407189438523937,0.2738549618320611,0.273970424550803,0.2810810810810811,0.28119535844857735,0.28130959949141765,0.24106149690131892,0.28137909119796634,0.2039714058776807,0.24110546378653114,0.20406542798157853,0.2813591616386154,0.24114938879187173,0.27365079365079364,0.281383907316299,0.2411932719771501,0.27367920038077104,0.2412753807106599,0.24139571768437748,0.24151601649222962,0.2812747740605676,0.20386810399492708,0.24155967665240133,0.20396196513470682,0.2734907304706069,0.27360583016476553,0.2737208933945826,0.2415267659170098,0.281076801266825,0.2416086130462318,0.2811461136615482,0.28125989237100346,0.24165216015192278,0.2735759493670886,0.24173390286347096,0.2736475798797849,0.273762454531077,0.2036685641998735,0.27383399209486164,0.24170091685109074,0.2810178599652284,0.2811314791403287,0.2812450624111234,0.28135860979462873,0.28147212130785026,0.273689197725837,0.28154113374388123,0.2816545626776129,0.27371744277821625,0.20344065656565657,0.2816790279311977,0.2737456610918271,0.20350212967345008,0.27381703470031543,0.27393155653682383,0.2412488174077578,0.24136843764780072,0.2739596469104666,0.2740740740740741,0.27418846517491335,0.2813927839924374,0.27425960932577187,0.28146164750354385,0.2815748031496063,0.2742875137773579,0.28164357682619645,0.2032110813788761,0.2817123072080579,0.24107002360346183,0.27422907488986786,0.2817366682397357,0.24111355772255427,0.20317660009435445,0.2742138364779874,0.24115705077817953,0.27428481609556743,0.2816281628162816,0.27435575109993715,0.2744697564807541,0.274583726044612,0.2816082927595414,0.2817211055276382,0.2818338828701523,0.20298273155416013,0.20310783236540575,0.2408976773383553,0.274439039698729,0.24097897709444618,0.27450980392156865,0.24106022584692596,0.2745805237572526,0.27469426152398874,0.2748079636306631,0.28150470219435736,0.2748785456824949,0.27499216546537136,0.2751057496475012,0.28148496240601506,0.2408770555990603,0.2751331036642656,0.24095819633630813,0.24107701941139636,0.2751604319924871,0.28137715179968703,0.24112032545767487,0.2751877346683354,0.24120131393711872,0.2752580544260244,0.27537138389366694,0.20247029393370858,0.28122557448804125,0.24116911534854643,0.2812939521800281,0.28140625,0.28151851273238554,0.20243673851921273,0.2815867562080275,0.27514053716427234,0.2752537080405933,0.2753668435841399,0.27547994381145624,0.27559300873907616,0.2023716648463099,0.27566302652106084,0.20246451411636252,0.28134747348721145,0.2814595353188835,0.20252572497661367,0.20265003897116135,0.27556109725685785,0.281439925198691,0.2405733873480835,0.20267954510048294,0.202803738317757,0.24061672636660955,0.2813765182186235,0.2814884010586953,0.2816002490660025,0.24062256809338523,0.24074074074074073,0.24085887661428348,0.2752022401991288,0.2753149790013999,0.24090202177293935,0.24102005908878868,0.2814054726368159,0.281517177055806,0.2025178737954616,0.27521367521367524,0.2753262896208825,0.2754388690383719,0.20254737496116806,0.24087591240875914,0.2754658385093168,0.2813227759664648,0.28143433716237193,0.27549278286512496,0.20251396648044692,0.2408068269976726,0.2755197021408626,0.2756320769350085,0.2813275434243176,0.28143898278802915,0.27565891472868215,0.27577119826383506,0.2024178549287043,0.2758406942507361,0.27595289742795165,0.2760650658404338,0.2812887236679058,0.24051417066749264,0.2813564571074636,0.24059451927542963,0.28142414860681114,0.2759634731465717,0.2760755184153513,0.20222806746093144,0.20235148514851486,0.24052590873936583,0.2760593875657284,0.2812741611257152,0.2813852813852814,0.24053176688823621,0.2760432766615147,0.2814093648585999,0.2761124845488257,0.24053761779700294,0.24065492740191535,0.2761389961389961,0.2813465101914762,0.2020997375328084,0.24066069774621796,0.28137058187991976,0.24074074074074073,0.2814380496836908,0.28154890465905585,0.20206694431590314,0.20219000616903146,0.20231303006939091,0.20243601603453593,0.24063511638661939,0.281442663378545,0.2815533980582524,0.2024653312788906,0.24064088738252964,0.281577325939618,0.2816879716617896,0.2754850631352017,0.27559661277906083,0.20243226600985223,0.2816684623672464,0.24053554939981533,0.24065240806277888,0.27553846153846157,0.28164897708044917,0.2756075053829591,0.2023681377825619,0.27567650676506766,0.20245964642582628,0.2405471872118045,0.20255109881665898,0.24062692071296865,0.24074358580427102,0.2814132104454685,0.2815235754876363,0.2754914004914005,0.20251804084139413,0.27556033159349097,0.20260936300844207,0.2756292203806016,0.20270062912383,0.2405645903651427,0.2813314925602086,0.28144171779141103,0.275571231406226,0.24057037718491261,0.27564004292503447,0.24064990803188227,0.2757088122605364,0.24072939013178057,0.20254328175271946,0.28125,0.20263440036759076,0.20275650842266463,0.28127392436074106,0.24066135946111453,0.20281647022807286,0.20293847566574838,0.20306044376434584,0.20318237454100369,0.2811687318341747,0.2753135515448149,0.24055666003976142,0.24067278287461774,0.2031799419049075,0.28110669520024456,0.2812165673238576,0.24067848410757947,0.27517188693659284,0.2812404521845402,0.24072094088895676,0.2408368967623702,0.28126431516262024,0.24091603053435115,0.20302243932224087,0.27503052503052505,0.27514115672211203,0.2030820872749466,0.240884820747521,0.2410006101281269,0.27512581973463474,0.2031107044830741,0.20323220003049244,0.20335365853658535,0.2034750800182899,0.20359646449253277,0.2808166996800244,0.2809262644728824,0.20365575019040366,0.24078586658544016,0.2809502055733212,0.24086479902557856,0.24098036230780942,0.2747336377473364,0.24105919951301172,0.20359099208764456,0.28084588467975047,0.2747185883784606,0.24106463878326997,0.27478710462287104,0.24114337844001824,0.24125874125874125,0.28074175406596746,0.2413373860182371,0.2414526667679684,0.28076572470373745,0.2415312167704694,0.2416464155528554,0.28078967350037964,0.2808988764044944,0.28100804615151054,0.27443837279902855,0.28107451813628775,0.28118361153262517,0.20315581854043394,0.2032766990291262,0.24146822387380554,0.24158325750682438,0.24169825625473843,0.2033050333535476,0.2810368349249659,0.2811458017581085,0.2033641460827398,0.2740909090909091,0.20345402211786093,0.20357467434110876,0.2741178252309556,0.27422774076317386,0.24148372445117336,0.20360278534665455,0.2415619797184804,0.27421307506053266,0.24164018762293843,0.2807866868381241,0.2808954772349115,0.2810042347247429,0.2811129593225465,0.24160870879951618,0.2740740740740741,0.2416868198307134,0.2741423605863684,0.2810516772438803,0.24172835775796947,0.2418429003021148,0.27412777526053467,0.28103292056780427,0.2811414766722029,0.28125,0.2031698113207547,0.20329006942348324,0.2740304813641165,0.27414001207000604,0.24166540956403681,0.2742081447963801,0.2743175991554818,0.24170687575392039,0.24182119704507765,0.28097678625263794,0.20316503391107762,0.2742616033755274,0.27437095073075185,0.27448026514010243,0.2031932519957825,0.27454819277108433,0.27465743110977264,0.2807889190003011,0.20322143609814844,0.20334136062612884,0.28081264108352144,0.20343063496840205,0.27455995185798104,0.20351985559566788,0.24138968265904648,0.203609022556391,0.2037287625920914,0.24143114852675887,0.27446264842928003,0.28058310790501956,0.2745304282494365,0.28064903846153844,0.20369535826949076,0.2413637729047762,0.2806727736897432,0.2744744744744745,0.2037231646899865,0.24136895827078955,0.2745009755365451,0.27460984393757504,0.20375093773443362,0.27467746774677465,0.2804859757012149,0.27474505098980206,0.24126555705503075,0.20374812593703148,0.2747713985909159,0.2748800959232614,0.2803836355462311,0.28049145939466585,0.20374531835205992,0.2748651887357699,0.24112625430582596,0.2804731955675352,0.24120377301991316,0.2805389221556886,0.2748091603053435,0.2036815324753068,0.24120903785724973,0.24132256134051466,0.28047868362004486,0.2747532156745438,0.20367877972184836,0.24132775119617225,0.2414411720735536,0.2747384155455904,0.24151845762965177,0.27480573819485954,0.20364559988047212,0.2037645652823424,0.2748319641523525,0.20385304659498207,0.24145139614752875,0.27485816661690055,0.2749664128974474,0.27507462686567163,0.2751828085360394,0.20381975529692628,0.2798746829777711,0.24134844868735084,0.27994034302759135,0.24142558902475394,0.2415386909199344,0.27996422182468694,0.2416157400506782,0.2749627421758569,0.27507077931753837,0.2751787842669845,0.20363473856695963,0.27986297289246354,0.2415487714072971,0.2416617033948779,0.2751228226887003,0.27523072342959215,0.27533859205238875,0.24166666666666667,0.24177949709864605,0.279678667063374,0.2034805890227577,0.24182034503271863,0.20356877323420075,0.2752007136485281,0.24186115653337298,0.2795778834720571,0.27968494575717046,0.20356612184249628,0.20368444510473926,0.20380273321449793,0.24179414822515966,0.275022275022275,0.2795842613214551,0.27508907363420426,0.2751966750779279,0.24176313446126446,0.24187564920611368,0.2795252225519288,0.2796321020620086,0.27973894986650844,0.2798457659795343,0.20358837485172004,0.24180874722016307,0.24192113845241625,0.2749370090410553,0.2419976289270895,0.27500370425248183,0.2751111111111111,0.20352540364390462,0.2796208530805687,0.24196653339256627,0.20358306188925082,0.27505551443375276,0.20367081113084665,0.2419712890335948,0.2420834566439775,0.2794792129013168,0.27958579881656803,0.20366809643543854,0.27965099083111505,0.2797575040662428,0.24201655824955648,0.24212860310421286,0.2797812592373633,0.27988769026156346,0.20360520094562648,0.2799527256611021,0.24209748892171346,0.27455324176635654,0.24217365623154163,0.2422855455485014,0.2745792736935341,0.24236162361623617,0.24247343565525384,0.24258521469676847,0.24269696075538508,0.20342233367753357,0.27964601769911507,0.2035098068131544,0.24270126806251843,0.27966976264189886,0.24277712264150944,0.20353721444362566,0.2796934865900383,0.2428171504346545,0.24292869770182676,0.27971718957136543,0.20353460972017673,0.27978206449712856,0.2798881036513545,0.2799941115854556,0.20356196644097732,0.2800588668138337,0.2801648028251913,0.20361924378402235,0.24271844660194175,0.20370642741579645,0.2038235294117647,0.2736362299661814,0.2737430167597765,0.24268704983095693,0.27380952380952384,0.24276267450404115,0.24287393476344402,0.2429851623328926,0.27379553466509987,0.24306065501542076,0.27973568281938327,0.2798414329760681,0.20361127422196124,0.20372816674005578,0.2798649838567655,0.2799706529713866,0.24295774647887325,0.2430687985917559,0.24317981812848344,0.27350051327174074,0.24325513196480938,0.27356692567072277,0.27367340955731456,0.2432947383848747,0.2737397420867526,0.2797069597069597,0.2798124816876648,0.27991797275523655,0.28002343292325715,0.2033972763215698,0.2431918008784773,0.28004684526423657,0.280152224824356,0.20342455729547781,0.2035411179397132,0.20365764447695683,0.27340550029256877,0.2430890741553313,0.20371453641415618,0.27343178827313935,0.2038011695906433,0.20391755591287825,0.2430575855013154,0.2734180914803449,0.24313267095265925,0.24324324324324326,0.27344434706397897,0.203884913100628,0.27964369158878505,0.20397138268360346,0.27970802919708027,0.24317617866004962,0.24328663164039696,0.2733109587042171,0.2734169827837759,0.2735229759299781,0.24329054842473746,0.27956832434009043,0.2796733741615631,0.24332993147689166,0.27346938775510204,0.27969683719574406,0.27980180705333724,0.20370100539122832,0.2432983682983683,0.20378732702112162,0.24337314302359453,0.2797437017620504,0.27984857309260336,0.20381423788033193,0.27321688500727803,0.27332266045699316,0.20387077997671713,0.27979048450458316,0.27989525749199884,0.20392727272727273,0.2799592786503781,0.2800639813872328,0.2801686536783949,0.27315016717546153,0.27325581395348836,0.2429879377997384,0.2801511188607963,0.24306261804445736,0.2431725740848344,0.28017429193899784,0.24324716816729597,0.2802381298097866,0.28034262485482,0.20365800551604007,0.2432510885341074,0.27296473661297344,0.2803250145095763,0.203684897722327,0.20380040615027561,0.24321972443799855,0.2433294663573086,0.27287226330288533,0.27297767468831546,0.24336860414552833,0.27304347826086955,0.24344297927836545,0.24355259345117358,0.24366217586556568,0.2730301274623407,0.20362056480811005,0.27990153489719083,0.24366584624294194,0.24377533294730747,0.20364741641337386,0.20376266280752534,0.27289827810736506,0.27980324074074076,0.24374367134384492,0.2798669366502748,0.272885032537961,0.2037304800462695,0.24374728928726327,0.27291124602486266,0.27301633183986124,0.203757225433526,0.203872272792949,0.24371568910719446,0.24382493138812653,0.2796071634893125,0.24389891696750904,0.2796708056598325,0.2797747942832395,0.24393764434180137,0.27983836051378264,0.2727272727272727,0.24397633819073727,0.24408540103866128,0.2441944324246358,0.2797807903086242,0.20360490266762798,0.27263552479815456,0.2727403776848782,0.272845200345921,0.20363164721141375,0.2037463976945245,0.24405705229793978,0.27960242005185826,0.24413077920207404,0.2727534562211982,0.2728581713462923,0.27958537287647567,0.27292356412840074,0.20365572826712722,0.2729889192689596,0.27309352517985613,0.20371169615882606,0.27315880322209435,0.20379692219185963,0.273224043715847,0.24385334291876348,0.273289246693502,0.2733937041828374,0.273498131647025,0.20376490875125736,0.2038793103448276,0.27352391897715844,0.20396437805228382,0.2790463880511274,0.2735496840896037,0.273653984206748,0.27906976744186046,0.2039615329410076,0.2791331802525832,0.2792366193141053,0.24347202295552367,0.27356189929708796,0.24354561101549052,0.27362684640757207,0.2737310008603384,0.2738351254480287,0.27393922018348627,0.27404328507954706,0.27901977644024073,0.27912308353632326,0.2740687679083095,0.274172754619682,0.24334001718705242,0.27910640126020336,0.2741981672394044,0.27430207587687905,0.27912968794732324,0.24330900243309003,0.203491700057241,0.2742881671197596,0.20357653791130187,0.27435273923616077,0.279033180778032,0.24324324324324326,0.20360308836145266,0.2743388134381701,0.2036878216123499,0.2789767043018436,0.2743641040297228,0.20374339191313046,0.279,0.279102985287816,0.27435018566123964,0.2430386977009853,0.279126213592233,0.24311206281227696,0.24322009705966316,0.24332810047095763,0.2791095890410959,0.2792124411470966,0.2035663338088445,0.24333190700328056,0.2792355961209355,0.2740624554398973,0.27416595380667236,0.27925873129009265,0.20353477765108324,0.2793216474276756,0.2432316899401539,0.27411312152728307,0.2433048433048433,0.24341261928500213,0.24352036456849901,0.274099387726043,0.20344533029612757,0.2741637010676157,0.2742670082550527,0.2790664579479152,0.27916903813318156,0.27927158913074407,0.2034139402560455,0.2035272365239653,0.2792946530147895,0.24328167211716195,0.2035825988058004,0.2740582800284293,0.2433200682205799,0.2036379138837573,0.20375106564364875,0.20386418525358715,0.2740056818181818,0.27907967618236046,0.20391934109627946,0.2740309527190118,0.27910278250993753,0.24315117104329312,0.24325858643201817,0.24336597133531998,0.27908626560726446,0.2791885373811888,0.279290780141844,0.20380087930789959,0.2738230289279637,0.2739259889408762,0.27927417068330024,0.24323175053153792,0.2739512471655329,0.2792971517642058,0.24327004817228676,0.20371157387731972,0.243342776203966,0.27928055516215833,0.24341546304163125,0.2037377884751522,0.2737825594563986,0.27388535031847133,0.24341919048966884,0.2791849441064101,0.27928692699490665,0.20370632338378838,0.20381895332390382,0.203931551407156,0.27927036199095023,0.27937226070974125,0.20398642917726886,0.20409893992932862,0.2736009044657999,0.20418256323300835,0.2042949985871715,0.27927673400197767,0.20437853107344633,0.24304476768817965,0.24315165207568484,0.20443314979528449,0.20454545454545456,0.279181369089626,0.27928309342365226,0.20459997177931424,0.24308690744920994,0.20468331217379038,0.24315937940761637,0.27922718939500774,0.2793288212069938,0.2431975186803891,0.279391034677192,0.27949260042283297,0.24323562570462232,0.24334225729181344,0.27951535643843334,0.24341456543175094,0.24352112676056337,0.2727784819039572,0.27949873275133763,0.24355905955230184,0.27280405405405406,0.24363124560168894,0.27286799887419083,0.27944280287040946,0.20427687113111986,0.2728935152623435,0.27946554149085795,0.24356630572352694,0.27291901012373454,0.2794882609306903,0.24360416080967107,0.27955024595924105,0.27965148960089936,0.20415905578193058,0.2797134026411913,0.20424216884393875,0.24353932584269664,0.279735992135936,0.2436113451277731,0.24371753474659555,0.24382369455362157,0.2439298245614035,0.24403592478248667,0.27964080258173146,0.2797418630751964,0.2040959461355029,0.2723702664796634,0.2797644089188052,0.24397083567021874,0.27239590635076405,0.2440426128399215,0.2724597056762439,0.24411434977578475,0.2040072859744991,0.2441860465116279,0.2442919176355232,0.2795518207282913,0.24436353451897494,0.24446933632035844,0.27957440851182974,0.20394736842105263,0.27963610916724985,0.2797369157570669,0.2040016790261648,0.2721040850587577,0.27975940691005735,0.20405594405594404,0.2721297720598518,0.2722315436241611,0.24423318887180204,0.24433883142298016,0.279664570230608,0.20402459474566798,0.27972614223836806,0.27982676725342276,0.24430786422684733,0.27206703910614527,0.2798491830749895,0.24434515498464116,0.20396481920982829,0.2798715801228364,0.24438241451500348,0.2799330170248395,0.28003348681456675,0.20396205357142858,0.2800948528386107,0.20404463040446305,0.28015618463254777,0.2802565532626882,0.28035689390770946,0.20407025369389462,0.20418118466898955,0.20429208472686733,0.2715619339556918,0.2716634159933129,0.2802618749129405,0.2043175487465181,0.24397716195515945,0.27165135059871903,0.24404844772379228,0.24415367483296213,0.27167710508002785,0.2801280267186195,0.27174064282732713,0.2042292710072343,0.2801502295173181,0.28025034770514606,0.20428313169239326,0.2716907675194661,0.20436535520645072,0.2044759521823742,0.2717164697706741,0.27181767648693717,0.20452966513825205,0.27188107807724365,0.20461175163217113,0.20472222222222222,0.2048326621302597,0.27992224382116077,0.2800222129668194,0.2048861743475847,0.2717557251908397,0.2800444074382459,0.2435132510059664,0.2801054384017758,0.28020529893189067,0.20485436893203884,0.24351684925807793,0.2802273987798114,0.2435879661721891,0.27155530912115333,0.28024948024948027,0.24362527716186252,0.28031037827352084,0.2804100858963702,0.20473749826845825,0.2804709141274238,0.28057055809444675,0.2435613403489338,0.24366606673127508,0.2805924695459579,0.20470588235294118,0.28065319678937173,0.20478760204787602,0.20489762036524625,0.28067505879098076,0.24356846473029045,0.2049509058221546,0.24363938053097345,0.27098022950366374,0.24371025711915953,0.20497581202487905,0.28054173576561636,0.24374740914743678,0.27093119646311137,0.24381820693465947,0.24392265193370166,0.27095705013119736,0.27105771886219276,0.2804086704404252,0.2439260077305356,0.20483091787439614,0.24399668782776704,0.24410100731337106,0.27097130242825607,0.2803145261415368,0.20482758620689656,0.204937250034478,0.2803364589078875,0.2804356817868468,0.24400330851943755,0.20496209510682287,0.28045755237045206,0.270773046713518,0.28051804904932487,0.20498691279790604,0.20509641873278237,0.24390579809943533,0.20517763701459654,0.20528707145807518,0.24394273127753305,0.2440467997247075,0.20533993944398568,0.2803082427411587,0.24408365437534396,0.2053927637914431,0.20550206327372764,0.2703892174391418,0.27048954895489546,0.24405334799945003,0.270552653285675,0.2801374570446735,0.2440901594282573,0.2801978837433008,0.2802967848309975,0.24412694051380684,0.28035714285714286,0.2804559813212471,0.24416369129360066,0.2703556226829603,0.2804777594728171,0.24420041180507893,0.28053801811693657,0.2703444490188006,0.2442371020856202,0.2805597475648237,0.2806584362139918,0.2442737621725415,0.27029621503017004,0.280680104209516,0.24431039210309843,0.27032213845099384,0.27042214912280704,0.2048787172810744,0.2704850644012058,0.28058638169612277,0.24424657534246574,0.2705108889193261,0.27061079156395507,0.24428317129946597,0.2706736035049288,0.2707734428473648,0.2443197372022995,0.2804160394142603,0.2805145046524357,0.2046791626761527,0.24432284541723667,0.2805361783613733,0.24439277899343545,0.2805961985505265,0.24446267432321575,0.2806561859193438,0.2807545106615637,0.2045920459204592,0.20470073790653184,0.27039213007241425,0.2047814207650273,0.27045485589400353,0.20486205954657197,0.24429878465109928,0.244401966138722,0.27044368600682595,0.2805077805077805,0.2806059778899959,0.2704694323144105,0.20480283804066038,0.2806275579809004,0.24430500613831674,0.2806873977086743,0.2443747443065594,0.27038451049904555,0.2807089297886844,0.2444111232279171,0.27041024942074415,0.270509675660943,0.27060907480583185,0.28065395095367845,0.27067157063070424,0.24434758921274857,0.27073403241182076,0.2708333333333333,0.24438393464942137,0.20446501497413558,0.2805226623111474,0.24442025040827436,0.20451762144509458,0.24448979591836734,0.2805060535981499,0.27067464635473343,0.20454236366109071,0.2707370138700027,0.20462270564242013,0.2707993474714519,0.24439309501155362,0.28037510192987225,0.2804728903383612,0.24442934782608697,0.27075125662274147,0.2708503124151046,0.24446557109873693,0.24456816947311244,0.2708757637474542,0.27097474884604944,0.2710737070720782,0.24457111834961998,0.24467363278599538,0.24477611940298508,0.2043142043142043,0.2710255018990776,0.28007595280075953,0.20436669378898834,0.27105084745762714,0.28009761388286336,0.280195201301342,0.2802927622661968,0.20436373492343135,0.28035230352303525,0.28044980354965454,0.20441614738553238,0.27089259108763375,0.2709913326110509,0.20446851726472579,0.2710533441646358,0.2443481792337891,0.2803194369247428,0.244417377182298,0.2803788903924222,0.2710052766878636,0.2804383116883117,0.2710672257540917,0.24438734108736815,0.20432724814063558,0.24445646295294754,0.2445586048397999,0.28034603947012704,0.2804433031490742,0.28054054054054056,0.2042967166599108,0.2805998378816536,0.27083614750776713,0.28065910318746623,0.28075624577987845,0.28085336213880635,0.20426623464290536,0.2707883369330454,0.20434606559589688,0.28083670715249665,0.2442315476993658,0.27077711818672423,0.28085795224605425,0.27083895333153496,0.27093728927848953,0.2442017259978425,0.24430362680328974,0.28080345106497706,0.27092600080873436,0.27102425876010783,0.2443066972106185,0.27108596065750473,0.2711841573487808,0.2712823275862069,0.2713804713804714,0.27147858874225694,0.2715766796822405,0.2442110931610124,0.2443128281060708,0.28048452220726783,0.280581348405329,0.24434876210979548,0.28064038746132114,0.27145547484530536,0.24438466711499665,0.27151694459386766,0.20371117386042759,0.24442054315676257,0.28054846081462564,0.2806451612903226,0.2807418357747615,0.20370868046224133,0.20381566572618567,0.20392262224610425,0.2713230355943586,0.20400214880472736,0.24425943332885725,0.2713480128893663,0.27144583165525576,0.2715436241610738,0.2804992618440478,0.2805958132045089,0.2806923386555749,0.2715320633217065,0.20389000670690813,0.271593347639485,0.2716910285637656,0.280638240815232,0.28073468293336906,0.2808310991957105,0.24393512933923067,0.28088984186545163,0.27160659252311403,0.2439710610932476,0.24407233757535163,0.24417358692740423,0.2808356769787063,0.28093197643277984,0.2442093988485741,0.2809906291834003,0.2810868692276804,0.24424518201284798,0.2713769570453633,0.2443136205512443,0.28107023411371235,0.27140181915462813,0.20342383308813694,0.2714629580101631,0.2715603690332932,0.28101604278074865,0.20344873679989306,0.281074578989575,0.2715488440465054,0.20350080171031534,0.2440881763527054,0.2715736040609137,0.24415653799919862,0.280982905982906,0.28107891574308985,0.2034712950600801,0.24415965825657457,0.2810998398291511,0.24422794608301082,0.24432879637042967,0.24442961974649766,0.2713447171824973,0.2714419100973723,0.27153907708722325,0.2809707961061475,0.2716,0.24436741767764297,0.27166089042921887,0.24443555910968945,0.20322494669509594,0.27168554297135245,0.2717825739408473,0.2718795790595444,0.20324986680873736,0.2807297909175656,0.2719041278295606,0.2720010651045134,0.20327476038338657,0.27206175961666446,0.2806760713335108,0.2721224218230206,0.24414582224587547,0.2721830517493681,0.28065974993349296,0.2807554196036707,0.20319148936170212,0.2032974338518814,0.20340335017282637,0.28073906686162436,0.28083466241360977,0.28093023255813954,0.20342811586500134,0.28098844161020325,0.28108395324123275,0.27188205604994026,0.24382470119521912,0.2439251095472049,0.20339883165161976,0.20350457984866588,0.28099283249269974,0.28108825481088257,0.27176220806794055,0.20352925567201804,0.28110904749270366,0.2717867091126144,0.20358090185676392,0.2811298236308182,0.28122513922036596,0.24366962746917672,0.2717391304347826,0.281245858184228,0.2717996289424861,0.24367298264210946,0.20349761526232116,0.27182408265995495,0.24370860927152319,0.20354919878161834,0.2811175847457627,0.24374420759962928,0.2811755361397935,0.2812706816677697,0.24377977766013764,0.28132856953817653,0.2814236570521302,0.20346606694007144,0.27156084656084656,0.20354450469514615,0.20364982808780746,0.27158534972894355,0.20372818614489688,0.2812954395241243,0.24358974358974358,0.20377956918197437,0.20388477801268498,0.2812789007794953,0.20396301188903568,0.27143045832782986,0.27152667723190704,0.20401426119107355,0.2041193556905202,0.2811881188118812,0.27151531151003166,0.2041705160353702,0.27157561361836896,0.24330386594537537,0.2434036939313984,0.2435034955810579,0.2810604062252704,0.204140841355664,0.2811181434599156,0.2812129202373105,0.2041919325072502,0.27138526426782655,0.2812335266209805,0.20424298326525234,0.20434782608695654,0.24331445132393625,0.20442571127502634,0.28118003424206506,0.20450355543850407,0.20460829493087557,0.24328593996840442,0.2711596682901145,0.27125559357725715,0.20463218844584813,0.24328947368421053,0.24338902775950533,0.20468297816364114,0.28094173352623963,0.20476065228826934,0.28099934253780406,0.28109387325795426,0.24332851321151572,0.27103049421661407,0.24339597844657643,0.20473061760841,0.2048351070818552,0.24343142406726223,0.2809667673716012,0.28106120304701865,0.24346684175968483,0.24356617647058823,0.20480504135486413,0.27080598582305065,0.2436015225095157,0.2437007874015748,0.27083059965883743,0.2709262660718971,0.27102190738554377,0.27111752360965374,0.243672131147541,0.24377130868082875,0.20466762816310477,0.24383848977451494,0.28063966443832744,0.24390563564875492,0.20469139038133927,0.20479559748427673,0.20489977728285078,0.20500392978779147,0.20510805500982318,0.2805133577789419,0.24381301558203483,0.2805708300602252,0.28066500850896714,0.2706806282722513,0.2707760764297867,0.2708714996074326,0.28064895983252647,0.2807430664573522,0.2436886854153041,0.28080041851948734,0.24375572119785538,0.24385460251046026,0.27075434697346057,0.2708496732026144,0.20480982878055157,0.24385781495033979,0.27087416699333594,0.28063757512411813,0.24389288047028085,0.20480668756530826,0.2806582212354708,0.24392791851658396,0.24402663533098315,0.28067885117493474,0.24409346038376192,0.2047768206734534,0.24416025055461307,0.24425887265135698,0.2705805609915199,0.2805896164883903,0.2047737054910656,0.2806468440271257,0.24423001695136262,0.20482398956975228,0.27049928301394865,0.2806308654848801,0.28072461879317084,0.2705238467552776,0.20482084690553745,0.24413757165190203,0.20489774651556597,0.2806720500130242,0.24417241828363068,0.24427083333333333,0.2806926181486786,0.20489455870866963,0.28074970714564623,0.2808433107756377,0.244242029928432,0.2809003382773875,0.280993885781189,0.2442767950052029,0.24437508128495253,0.2810143042912874,0.24444155506436094,0.28107124284971396,0.24450799428051476,0.28112815180660256,0.26991552956465237,0.24454261954261955,0.2446407691308302,0.26994024421927776,0.24470710481880764,0.27,0.24477340605116218,0.244871461957933,0.2700246657146566,0.2808930425752856,0.2809863724853991,0.28107967817285234,0.28117295964707406,0.20433316035288013,0.2447788299390323,0.28119325551232166,0.20438334846323433,0.28125,0.20446000259302477,0.20456313196785067,0.2812702527543746,0.20463970969414205,0.2813269405209278,0.20471624773257321,0.2813835989117761,0.26955958549222797,0.20476622199196995,0.20486920486920487,0.20497216107730157,0.26954945624029003,0.20504854368932038,0.24436966088532228,0.2051248867607092,0.20522774327122154,0.2695044637081123,0.2053040103492885,0.2695640926141508,0.2696585618210036,0.24427777059356007,0.2809671580036204,0.24434389140271492,0.20527404343329886,0.28098746284089443,0.20535021969501163,0.24434681483395787,0.2810077519379845,0.28110063299315335,0.2053732885559287,0.26940462353093114,0.281120867768595,0.24428663653970303,0.24438419829589467,0.24448173486510907,0.2811048012390294,0.2811975738805007,0.24451612903225806,0.2446135982453877,0.28121775025799794,0.24467947891138914,0.24477688934743358,0.28123791102514506,0.24484270242392986,0.2690473121051953,0.2691415313225058,0.20505219744812475,0.26920103092783504,0.2692951939183095,0.2693893326462252,0.24475074069303104,0.28104070066975784,0.24481648422408242,0.2810970898789596,0.28118964851293937,0.2448506694129763,0.2449478697387051,0.26924066924066925,0.2450135117745464,0.2811374163664436,0.2812298983661392,0.20478518137381013,0.2691961414790997,0.2692901234567901,0.20483476919120483,0.20493700179994856,0.28114153490165833,0.2812339331619537,0.24482714304074027,0.28129015677203806,0.2813825003212129,0.20490750256937307,0.2691072575465639,0.2692011302337529,0.24476691922434826,0.2813302516692347,0.2448324560277314,0.2048780487804878,0.20498010524964702,0.2691221765913758,0.24483510843064288,0.2449319989735694,0.2450288646568313,0.20497691123653156,0.2811337693984866,0.28122595537317263,0.20502628542120785,0.2812820512820513,0.2449685937700295,0.20507562163547807,0.24503396129693708,0.28126601742696056,0.24509929532351057,0.24519600307455802,0.28128602536185476,0.2813780737704918,0.268664361634012,0.28143405889884765,0.24516707207783894,0.2814900153609831,0.2815819787533598,0.24520092142308678,0.2816378758797185,0.28172978505629476,0.2452347447870027,0.2684829879764646,0.24529991047448524,0.24539641943734014,0.2816775348420918,0.2817693684479673,0.20465294643998466,0.2684049079754601,0.20472843450479233,0.24533605928954766,0.28171713300114987,0.24540112416964743,0.2683612211010346,0.2684546615581098,0.26854807815093856,0.2454034729315628,0.2816290054895953,0.24546847076844525,0.2685386088066369,0.2816488004083716,0.2817404619114457,0.28183210002551673,0.28192371475953565,0.2044642857142857,0.2684606555286316,0.20453965825044632,0.2453142930001275,0.2818714941356451,0.24537922243467178,0.28192709660973747,0.24544411877150504,0.24554026503567788,0.2819467448082558,0.20445859872611466,0.26824608330149025,0.20453387671930717,0.2046351712721253,0.26827094474153296,0.26836409929980903,0.20468431771894094,0.24538627975054092,0.20475948078391448,0.24545107520040718,0.2816793893129771,0.2817707670779799,0.20478249809208854,0.2682182373140023,0.20485757884028485,0.2049586776859504,0.2050597508263412,0.28168297953476545,0.24529740721911542,0.24539331554200025,0.24548919949174078,0.2816668784144327,0.2817581300813008,0.20500444557347897,0.20510541021082043,0.2052063492063492,0.28174200101574404,0.28183318522280054,0.28192434628078195,0.2453357025003173,0.26776649746192893,0.2051770079939094,0.2678254250190307,0.24533806926297094,0.28183663115169966,0.2819277108433735,0.26781638346436726,0.2819830100164828,0.24530933062880325,0.245404994295855,0.28200253485424587,0.20504372069446206,0.2454384186517993,0.26770556189028255,0.2677983278439321,0.26789107029765674,0.267983789260385,0.2680764847410409,0.20498860471005317,0.26813520698822635,0.2682278481012658,0.24528540691051764,0.2682865097443685,0.24534986713906112,0.24544534412955465,0.24554079696394687,0.2682772577789021,0.26836979891235613,0.20485584218512898,0.28145151093690735,0.20493046776232618,0.26836051068132977,0.2684529828109201,0.20497914823707822,0.24538792014152136,0.20505369551484523,0.20515411824153612,0.20525451559934318,0.268375852488002,0.26846824093951255,0.26856060606060606,0.2686529478601187,0.2052511991921232,0.2810803988388237,0.24520444220090865,0.2686435331230284,0.2811001766338632,0.24523779487826416,0.26866801210898084,0.2687602471938454,0.24527112232030265,0.268818560080696,0.268910741301059,0.28097819236102356,0.28106881774640785,0.268935097668557,0.2452116935483871,0.2810885725085045,0.2689594356261023,0.2049376495780325,0.2690176322418136,0.24518322629391764,0.24527826743893225,0.26904192370640817,0.2809667673716012,0.26910006293266203,0.24528064434935817,0.2809865357996728,0.2810770005032713,0.26909045162913575,0.24528301886792453,0.28109671739403846,0.2811871227364185,0.2453162328681001,0.2454111139049535,0.2812067881835324,0.24547511312217193,0.24556993841900213,0.2812264388037195,0.2688779997487121,0.2812814070351759,0.26893606330862957,0.2455413212760613,0.2813010172045711,0.245605223505776,0.2689265536723164,0.20436856640723072,0.26898456131542614,0.28125,0.2690425398418873,0.2043914680050188,0.20449128089323798,0.24548419468138485,0.20456540825285338,0.2689992475545523,0.24551724137931036,0.2046138415245737,0.20471355146044878,0.20481323640010027,0.2809875924301291,0.24548872180451128,0.2455832602430773,0.2048358807316462,0.26882124514593514,0.2689128256513026,0.20488415779586724,0.26897069872276486,0.20495805684236884,0.20505758637956936,0.2807610464388534,0.24543178973717147,0.2455262169941184,0.2688938938938939,0.28074565244589017,0.268951713785339,0.28080050031269543,0.2049774887443722,0.24546705014380393,0.26894223555888974,0.20502562820352543,0.2455,0.2689663792025997,0.20507373156710823,0.2455329251530676,0.2806096951524238,0.24559650218613366,0.24569073195103672,0.268889721493693,0.20504495504495504,0.20514421276064426,0.20524344569288389,0.20534265385095493,0.2804543185222167,0.24560089853987271,0.2805091090591465,0.2805988771054273,0.20533932135728544,0.2686790570038668,0.2687702668994762,0.2053872053872054,0.2805486284289277,0.20546066575239996,0.20555971079531288,0.2805683659478998,0.2453888334995015,0.26866043613707163,0.280588088711687,0.24542170175657158,0.2686846038863976,0.2454851164528584,0.26874221668742215,0.2805379155771386,0.2806274900398406,0.24548736462093862,0.2806821010704506,0.2807716241443684,0.20532603285216525,0.2454896105512007,0.28079124160238866,0.20537380271178007,0.2808457711442786,0.20544708369605771,0.26846555583188264,0.28086534875046626,0.20549477871705618,0.2809198259788689,0.20556798409147403,0.2453088107369206,0.28093936381709744,0.24537209591253573,0.24546583850931677,0.28095888709477085,0.2455290611028316,0.24562274928598038,0.24571641420412219,0.2681564245810056,0.2457795431976167,0.2808737743577014,0.2809630181186399,0.20536046655912643,0.28101736972704716,0.2811065624612331,0.2811957330687174,0.26801438670470046,0.2456597222222222,0.24575325480471172,0.281180262831639,0.2052807735217553,0.24578582052553297,0.24587929111414053,0.28116480793060716,0.20530293643910297,0.2678394449950446,0.24588133283785457,0.26789695318305673,0.2679876160990712,0.20529965329370975,0.24588337253930914,0.28101015102748206,0.20534719643520238,0.2459158415841584,0.26791238708080684,0.2459787181390745,0.2679698131881727,0.26806036615536866,0.20531849103277675,0.2054167697254514,0.2808210708544578,0.245919881305638,0.2808752627024354,0.2679851668726823,0.2809294277592387,0.24592189817103313,0.28098356604473,0.2810723993081295,0.28116121062384186,0.28125,0.28133876744473263,0.24586317609286243,0.20521051981726138,0.2677777777777778,0.2678681644241452,0.28128857072327823,0.2813772676786375,0.2814659427443238,0.28155459592843923,0.267826301505058,0.24571358085605033,0.26788357178095706,0.2815390307066223,0.2816276202219482,0.2679077795586241,0.20500493096646943,0.28164673980032046,0.2817352723687454,0.2678989525569932,0.20502710694923607,0.2817543427374646,0.24550381867455037,0.2455967483680256,0.2817733990147783,0.2678241595862578,0.2818271361733563,0.24559891665640773,0.2678483505662235,0.24566153846153846,0.20489785872507998,0.28177679340470035,0.20497047244094488,0.2818304834542994,0.2819188191881919,0.24560324683310786,0.2819724545007378,0.24566580597565474,0.24575854438160807,0.24585125998770743,0.28195673549655853,0.28204497972225634,0.2821332022609978,0.2674775770979236,0.20479115479115478,0.26753470089669573,0.26762466224514864,0.20483851160505956,0.28204813359528486,0.28213627992633517,0.2822244046157623,0.20486068491469253,0.2822778595974472,0.20493312062829794,0.2674846625766871,0.2675745307324255,0.20498037291462218,0.205077885440942,0.28219278881530535,0.28228080931943594,0.24534085335948994,0.2823341914919701,0.2824221622946801,0.24537320750091923,0.2674019607843137,0.2824408773434628,0.24540553785836805,0.24549797868430723,0.24559039686428222,0.2456827924066136,0.26732794513837865,0.2457450716297294,0.267384916748286,0.2822866935977476,0.2047735618115055,0.28233998286623424,0.20484581497797358,0.2456870182307598,0.2457793002202104,0.2672782874617737,0.2673679060665362,0.20484285190167542,0.2457813646368305,0.20491502628683214,0.2050122249388753,0.2458134702359125,0.2050843314593009,0.26726139557619455,0.2820136852394917,0.2051313378130727,0.24578548741754214,0.2458776108464639,0.26722032242305815,0.2459396751740139,0.26727716727716727,0.20510316200708095,0.2459716796875,0.24606371292566825,0.26726873321942884,0.20512507626601587,0.24609565641776476,0.2461876296205929,0.24627958038545986,0.26722771069642637,0.2815853658536585,0.20509693939763443,0.24628139478176056,0.26721931000853344,0.2673086299366163,0.20511882998171846,0.28150134048257375,0.2462531984890947,0.28155458089668617,0.28164210013399926,0.2672350791717418,0.2050907319449519,0.24622503653190453,0.2816266893948618,0.2672266861456051,0.28167985392574557,0.2817672833495618,0.2672508214676889,0.26733998539790704,0.20501277527679768,0.24610705596107055,0.267364067631675,0.28168328873753345,0.20503465888361913,0.24610894941634243,0.267355623100304,0.2816678823243375,0.2461407560471618,0.2817209528439475,0.2673471867784664,0.20498177399756987,0.2674037176527761,0.24611273080660837,0.24620429976922142,0.26742773864464414,0.2049787492410443,0.2462360369111219,0.2463275464368095,0.2815003641660597,0.2463891248937978,0.2815533980582524,0.2816405775998059,0.24642077165736473,0.28169355817056896,0.2817806889859292,0.2818677986658581,0.2819548872180451,0.2048017460894871,0.2463627546071775,0.2670626742635471,0.26715151515151514,0.26724033450490847,0.267329132331556,0.28183690779110626,0.24630482190453112,0.26735311932162326,0.26744186046511625,0.2463364418069517,0.28178735771373215,0.26746579489042255,0.2675544794188862,0.20457571722551748,0.28177196804647786,0.2675783613699625,0.2676669893514037,0.2677555958862674,0.20457294943140575,0.28172251118906494,0.2818093855829705,0.2818962389648083,0.20459492140266022,0.24604038205779227,0.24613152804642166,0.20464160522180588,0.281846748851825,0.2461631419939577,0.2818994683421943,0.26748822036969916,0.26757670935008454,0.2819181060514555,0.26763285024154587,0.2461055428088395,0.26768896401835307,0.24616684776047326,0.24625784645098986,0.2463488231744116,0.28180062756456675,0.28188729335103174,0.2676158301158301,0.26770418627096154,0.2677925211097708,0.26788083463997103,0.20429329474191993,0.2462317617267575,0.2817699541837473,0.26787221217600965,0.20431533269045324,0.28178859828853803,0.20438659918052543,0.2678635980238583,0.26795180722891565,0.24611492591254067,0.24620573355817876,0.26797543056726486,0.28167148362235067,0.24623720650210718,0.2679990368408379,0.24629830263633082,0.28165623495426095,0.2817426886508605,0.24632972322503008,0.28179521116592465,0.28188161693936475,0.2463611211355708,0.2819340870820303,0.2678292242934456,0.26791726791726794,0.26800529036912346,0.20401538831449867,0.2680610650318548,0.24627403846153847,0.26811681288306694,0.20403749098774332,0.2681725339420882,0.2462758289283998,0.2682282282282282,0.24633677636319962,0.2682838957607782,0.28158021133525457,0.24636811141793732,0.2816326530612245,0.2682751170327692,0.28168506961113776,0.20388815552622105,0.28173746100311975,0.2818236352729454,0.2819097888675624,0.2039102794770301,0.28196210122331494,0.20398129272094975,0.26810551558753,0.26819326219877715,0.2819467753536322,0.2682488313556275,0.2683365292425695,0.26842420611144396,0.24598610112628805,0.2684796933029831,0.20388116914230953,0.281830159300515,0.28191616766467065,0.26847084181535147,0.2819683908045977,0.26852627798395784,0.24587024180033518,0.2459605026929982,0.24605074198180948,0.24614095967452435,0.2684852835606604,0.28185189615982775,0.26854066985645936,0.28190407845951443,0.28198995455632625,0.2685639124716011,0.2460545193687231,0.2686192468619247,0.2819746593354052,0.2686745547986136,0.2687619502868069,0.2819930696618473,0.28207885304659497,0.2034404491697527,0.2687529861442905,0.24590947091842827,0.2820635299737282,0.26877611940298507,0.2688634192932187,0.2459114241375194,0.26891859632370496,0.2033655567490154,0.26897374701670645,0.281947261663286,0.2690288713910761,0.2033878086603841,0.2458253816793893,0.2690518783542039,0.2691390412592416,0.269226183379039,0.28183118741058655,0.28191679580402906,0.2692491060786651,0.28196877606959836,0.26930409914204007,0.28202073156201596,0.2456516559447224,0.2457415128052412,0.269294902334445,0.2693819221150411,0.2031436056203858,0.269436837718776,0.2032142857142857,0.26949172717533626,0.24565579623899073,0.2818041175770558,0.2457163255592575,0.28185603807257587,0.2694503925767309,0.24574759129297014,0.2818744053282588,0.2694731834938756,0.2695600475624257,0.2696468909761027,0.26973371374227295,0.2698205158682991,0.24566199191823151,0.2698752228163993,0.24572243346007605,0.2699299037661875,0.2816583511522927,0.28174367502078634,0.2699524940617577,0.2028262676641729,0.2700071241985277,0.20289683010803752,0.2700617283950617,0.28166172106824927,0.2701163066698315,0.2029191883232467,0.27017085904129096,0.2029896784909242,0.2816132858837485,0.20306013521527697,0.24537476280834913,0.2816316850468398,0.2454351434669196,0.2700652045050385,0.28165007112375534,0.2817352139386038,0.2700876985067552,0.20298613579808034,0.27014218009478674,0.27022864589503615,0.2703150912106136,0.28165344072012316,0.2817385125532923,0.2029603315571344,0.24520483068908358,0.2702734698709601,0.2703598484848485,0.28169014084507044,0.2817751479289941,0.28186013489527867,0.28194510175106485,0.27031823021412515,0.2450910811450201,0.24518036664695447,0.28192999053926204,0.27030862007804185,0.2703948924095531,0.24518264570280174,0.24527186761229314,0.24536106843162747,0.2818482628220279,0.2819331206427981,0.2820179584120983,0.2821027761370348,0.27025750059059767,0.2453053029408291,0.2453944260746339,0.2820876136497816,0.282172373081464,0.2024554361940739,0.24539660056657223,0.2454856603328219,0.2821571866886948,0.2822418879056047,0.20245398773006135,0.2700247729149463,0.28225996697334277,0.28234461611039036,0.24540094339622642,0.2454899186416696,0.24557887290733318,0.2699516680419663,0.2822960867515323,0.24560989982321743,0.2699740749469715,0.24566984800282785,0.24575871819038642,0.2022617505006479,0.26996466431095406,0.2700506418560829,0.28214790390956196,0.2701047921817968,0.28219919943489524,0.2701589170100059,0.2702448210922787,0.2822172531481699,0.2823017180513062,0.20214142840334157,0.2702352941176471,0.2703211386895659,0.2822865208186309,0.24544278489944726,0.28233772342427094,0.2824221046443269,0.20209264048906656,0.2021864347008346,0.20228020686412787,0.27018451051827475,0.2702702702702703,0.28234050052872756,0.24530075187969924,0.24538940444026783,0.28235846840498,0.2824427480916031,0.27019727571629876,0.2453915698015733,0.28246067151913595,0.24545134405446647,0.28251173708920185,0.28259593944372724,0.20206524290072753,0.2700926903672416,0.24542468324730174,0.20211143695014663,0.2825475017593244,0.2700832649231852,0.20215759849906192,0.20225114315863524,0.27010550996483,0.20232094713398194,0.2024144397562119,0.2824329075354506,0.20248418092336537,0.27006444053895723,0.27014995313964385,0.24516809183553942,0.2702037947997189,0.2823515634149198,0.24519906323185012,0.28240252897787144,0.2824865371107469,0.24523001287603885,0.2825374531835206,0.2826214160327677,0.24526094079101335,0.28267228267228267,0.24532054281703322,0.24540881974499942,0.24549707602339182,0.24558531165945505,0.2456735266604303,0.202151291944347,0.2825578676642506,0.2457042665108124,0.2697522206638616,0.2825756690428889,0.2698060294461323,0.28262647505549715,0.20210280373831777,0.2021960051395865,0.2826442419995328,0.28272801588228424,0.28281177020084075,0.20221833041447754,0.28286247957039456,0.2022878487218396,0.24544817927170867,0.26957637997432604,0.2828471411901984,0.24547894061369735,0.24556696220251983,0.2022629184649481,0.2456263121063681,0.282798833819242,0.20230876865671643,0.28284948117057246,0.24562835159710888,0.28290010490733186,0.26934731934731937,0.2829507050460319,0.2694010720111862,0.2694861936385879,0.28296831314072696,0.24554455445544554,0.2456324248777079,0.26947711657156165,0.20214252445272474,0.2456630573989987,0.2828870779976717,0.28297055057618437,0.20216480446927373,0.26940532991970206,0.2694903420991389,0.24560791157649797,0.24569567240577012,0.24578341281842503,0.2458711328215864,0.2459588324223747,0.20209302325581396,0.20218579234972678,0.26935596372936527,0.2826920841566895,0.20223152022315202,0.24590354445090065,0.2693469672321636,0.28267689090275355,0.2694005576208178,0.26948542223254734,0.2695702671312427,0.2458483335268842,0.24593590339061774,0.282596075699524,0.2021128395635013,0.24596633778293675,0.2694986072423398,0.2695833816873622,0.20213506614063587,0.2022276366167769,0.2459396751740139,0.2695742953253683,0.2696590118302018,0.2697437086860721,0.28235157699443414,0.28243478260869564,0.2825179689311384,0.2697345543062478,0.20213259156235514,0.28253563564723605,0.24577056778679027,0.28258602711157454,0.28266913809082483,0.2021313564230279,0.20222376650451704,0.20231615518239723,0.2826540064844836,0.2827370614796804,0.28282009724473256,0.2829031137863179,0.26944444444444443,0.20229140145816457,0.2023837074751215,0.28288788615064214,0.269435446552522,0.2454598033545402,0.2455470737913486,0.2456343240430207,0.2694264569842738,0.2695109261186264,0.24566473988439305,0.28274187955149693,0.24572353213129913,0.26950190685311454,0.2827594176103536,0.2021952628538417,0.2828096118299446,0.28289245697123716,0.20224070224070223,0.20233283289063403,0.20242494226327945,0.28287726590462997,0.2455552990071577,0.24564238716380007,0.28289473684210525,0.26924408540103867,0.24567274405723516,0.26929733471789546,0.2693816335948316,0.20233014188487713,0.20242214532871972,0.2827816860800369,0.28286439114391143,0.2693416349590684,0.2024440857735762,0.24553314121037464,0.2693637621023513,0.24559179439898582,0.26941691634017056,0.2695010945961516,0.2695852534562212,0.28268632646008524,0.24556553789449437,0.2827363814349879,0.28281897742975587,0.24559585492227978,0.2828689845728759,0.2829515367790952,0.2694521178637201,0.20220969041316608,0.20230149597238206,0.2023932804050167,0.2694431661297745,0.2454848728862303,0.24557165861513688,0.24565842438182864,0.26943422263109473,0.26951822467517533,0.2696022074040009,0.28267616967467524,0.20229885057471264,0.24560395356855533,0.26959319696621464,0.26967712283120765,0.20232077205882354,0.28259620907524413,0.2826786124511831,0.28276099689904677,0.282843362425356,0.2696061545527615,0.2828932261768083,0.24543680404086787,0.26962809917355374,0.24549523700218065,0.2455818223548313,0.26965002868617327,0.2828132170720514,0.28289549156820004,0.20211057582014225,0.2455556829911687,0.2696100917431193,0.2828804036234377,0.2829626232515478,0.28304482402843056,0.28312700596056856,0.20206303724928368,0.2454732981893193,0.24555975707574196,0.2456461961503208,0.24573261541986482,0.28304696449026345,0.26938495017752834,0.2694686211635364,0.24573457002175655,0.28303182963132584,0.2831139095592444,0.245764652014652,0.24585097859677235,0.2831311512932021,0.2693672044856391,0.20183066361556065,0.24585287724516647,0.2693891557995882,0.26947272103397,0.2830512351326624,0.28313321898227556,0.26949462611479535,0.24579855950611637,0.24588477366255143,0.2831180706366442,0.2832,0.28328191063878416,0.24588665447897623,0.28333142922426596,0.26936257710760797,0.2833809251856082,0.2458885335769758,0.24597464885234668,0.2833980360812971,0.28347984929786507,0.28356164383561644,0.24597648670243122,0.2836110477060032,0.2692000456464681,0.24600638977635783,0.2692527096406161,0.26933607118412045,0.2694194137105053,0.2835310218978102,0.2836127266507013,0.20125427594070697,0.24592406795120283,0.2693798449612403,0.26946312549868917,0.2695463870526556,0.20125356125356125,0.20134457611668186,0.26956818958641904,0.2696514012303486,0.2013896799179861,0.24578587699316629,0.2696731579546749,0.28330676383511727,0.2833883638847774,0.24578779599271403,0.2696642003414912,0.2697473252902345,0.269830431318994,0.20129722348657259,0.24576174763909434,0.26985210466439136,0.2832442270503924,0.201319381255687,0.2698737632207438,0.28326131453263587,0.26992609437180215,0.2833105957253297,0.26997840172786175,0.28335985451238915,0.28344130014774405,0.20125,0.283490512441768,0.26993865030674846,0.20129501306372827,0.26999091322126306,0.20136286201022147,0.20145355439473087,0.2015442261837175,0.24534514078110808,0.2833465773640595,0.24540295119182748,0.26988991033934856,0.2833635950975942,0.2834449109270396,0.26991150442477874,0.26999432785025523,0.24534936479128858,0.28342973800612453,0.2835110002268088,0.28359224401859623,0.2453514739229025,0.24543702528058042,0.2836091589208796,0.269862858438173,0.20126926563916592,0.2013597733711048,0.2698844323589395,0.26996714625580603,0.28352967829632986,0.27001925472873484,0.28357870894677234,0.2836598346733099,0.27004076086956524,0.2701234008830522,0.24518904233642744,0.27017543859649124,0.27025803531009507,0.24521896571234583,0.2703100248925096,0.28351623486819777,0.2835972850678733,0.2836783169324737,0.24519339515946617,0.2837272418862377,0.24525101763907733,0.24533634821933295,0.2837440651141759,0.2701480727930372,0.20094936708860758,0.20103966549892643,0.24531073446327684,0.2701389673483222,0.28366470854044284,0.2701908957415565,0.28371357578495593,0.2837944664031621,0.2702122854561879,0.2838432877949644,0.20094829532625874,0.27023366068405014,0.2703160270880361,0.2451190610540571,0.2703678627849244,0.270450186167212,0.245148916967509,0.2009024252679075,0.2836679449582675,0.24517875267847072,0.24526387009472259,0.2453489683166084,0.28365276211950397,0.28373351369631383,0.24537871956717763,0.2837822607911642,0.270227631282398,0.24540845070422534,0.24549346552501128,0.2702489579813,0.2703311556656905,0.2455231444982543,0.27038288288288287,0.2836392298164621,0.28371988290925465,0.28380051784307103,0.2454975236380009,0.2838491840180079,0.270312851676795,0.2838978282885113,0.2454995499549955,0.27033412082348973,0.28391451068616425,0.2703857833764481,0.24550157444894288,0.27043742269200494,0.24555880368787947,0.27048903878583475,0.2838354316546763,0.2705406316735978,0.28388401888064735,0.20024721878862795,0.270561797752809,0.2003145713964723,0.20040440350483038,0.2705829495675615,0.2706648697214735,0.24536777091521617,0.2837412980013474,0.270685977321208,0.20038167938931298,0.2707374565046582,0.2708193041526375,0.20042643923240938,0.24528725314183125,0.2708403455626613,0.27092214494054295,0.2710039259674706,0.24528936742934052,0.271055287652798,0.2834716304104059,0.27110662630339727,0.20033632286995515,0.24526398385831186,0.2711275498767093,0.28342485711083715,0.20035858359480055,0.2711484593837535,0.20042572260811115,0.27119973115268287,0.24518369175627241,0.27125097995296227,0.2713325867861142,0.27141417534430634,0.2832512315270936,0.24515840143288928,0.27143496753973584,0.28326804700615554,0.28334825425246196,0.20029092536645407,0.2833967330498993,0.271395010627587,0.2834451901565996,0.20031316407560676,0.24502348467904272,0.2713854411271385,0.28343023255813954,0.2835103409726104,0.2714062150681869,0.2835587347714318,0.27145730889584263,0.27153871940998997,0.24491620111731843,0.2835437381298179,0.24497319034852547,0.24505752261811684,0.2835604199240563,0.27146845337800113,0.2836087539079946,0.2715194819694094,0.2716008037508372,0.2716821073780556,0.24497767857142858,0.2717330655060819,0.2835304619504575,0.28361039830413926,0.28369031682284696,0.2449525934188511,0.2837385679232657,0.2716627634660422,0.19982158786797502,0.2837551566506857,0.283835005574136,0.2839148366960205,0.19984395898350424,0.28396300011144543,0.24481836416313796,0.28401114206128136,0.24487522281639929,0.2449593405369277,0.28402762307863666,0.2714110702750863,0.284075723830735,0.24496158556953568,0.27143175239367623,0.2840921741066459,0.19968833481745324,0.2714524207011686,0.2841086133986201,0.27150328251919437,0.24488206497552292,0.27155412170430526,0.2716351501668521,0.2717161606050495,0.27179715302491103,0.27187812743244744,0.1995774961085168,0.19966648137854365,0.2447754557581147,0.27186840057797046,0.2838408535230051,0.19968885431714634,0.19977777777777778,0.2838573491834241,0.28393690291046436,0.24469621237365322,0.28398489560195467,0.2840644086618545,0.28414390406395734,0.2842233818141445,0.28430284191829486,0.2716172716172716,0.19966703662597116,0.24458994562201752,0.27163781624500666,0.24464662154665484,0.2842245396050588,0.2716583471991126,0.19964507542147295,0.2842408783409116,0.27167886449323575,0.19968954429537641,0.24456762749445676,0.24465136902782397,0.27166925293726446,0.28416269533414606,0.2717198581560284,0.19966759002770082,0.1997562596942167,0.19984490971529856,0.19993354009747452,0.24454535385978513,0.24462901439645626,0.28402170302292107,0.2841009743135518,0.24465847448245323,0.24474208545494797,0.2448256779192031,0.28408587870739266,0.28416509903729115,0.28424430183668953,0.24482796769554155,0.2842920353982301,0.24488441544076983,0.24496792744967927,0.28430830476611746,0.2843874391862008,0.27119955776672194,0.1996462524872872,0.2449430750525036,0.1997126436781609,0.19980108299259586,0.19988950276243095,0.2711302618495194,0.2712107821475917,0.28421517728929635,0.19991164126352992,0.2,0.20008833922261485,0.27117146958153915,0.20015455950540958,0.24472899878573795,0.2448123620309051,0.28407460545193686,0.28415360847495036,0.2711022840119166,0.28420123565754635,0.2001103143960287,0.200198544010589,0.24473364949818022,0.2841861490957212,0.2842650788400044,0.2002205071664829,0.2843126446918752,0.2843915343915344,0.2709136999889783,0.2709940489310117,0.20022038567493114,0.2843763772587043,0.28445521648121624,0.24454725710508923,0.284502698535081,0.2845814977973568,0.2001982160555005,0.20028628055494385,0.24452273477925796,0.28456627036547777,0.2846450192625206,0.24455205811138014,0.2446351931330472,0.24471830985915494,0.28462977225217295,0.2847084708470847,0.2847871521284787,0.28486581610206774,0.20015396458814472,0.270508027270728,0.27058823529411763,0.20019788918205805,0.24458612729471255,0.24466915805671577,0.27057918452577207,0.27065934065934066,0.2001977804636853,0.2846627114919798,0.244644622651873,0.24472759226713534,0.2706205381658429,0.28464748517461014,0.24475678049851762,0.24483970136144048,0.28466351959600394,0.28474204171240397,0.27055207990341346,0.2706321334503951,0.2847580379677384,0.2000219442615756,0.20010970927043334,0.2706230802983765,0.20017549632554568,0.20026321561745997,0.20035091567057792,0.20043859649122808,0.2846179147023353,0.20050427537820653,0.2846651320837444,0.24451994739149496,0.28471232876712327,0.27043611658996275,0.24454913991453928,0.2446319018404908,0.27045678606638185,0.27053669222343923,0.24466104479246523,0.270586946999562,0.2003722763604511,0.2845412743595358,0.20043787629994528,0.28458844133099825,0.2705483200175112,0.20048150579995622,0.20056899004267426,0.24452954048140044,0.27053932830106114,0.2845110479107416,0.24455867877064422,0.24464129483814523,0.2447238928376162,0.28449595451563525,0.27047119274078935,0.2004809794490599,0.24472619958465405,0.27049180327868855,0.2705715222380068,0.2706512237762238,0.28438763247022836,0.2844658072973563,0.2845439650464227,0.24464831804281345,0.27061264606312113,0.2003712601004586,0.28452887869854787,0.2846069868995633,0.284685078048248,0.27057411045623225,0.284732074648041,0.2445438673068529,0.270594653573377,0.27067423085315295,0.2707537907712447,0.2708333333333333,0.28465481513796487,0.2444929116684842,0.27085377821393525,0.24454862625381596,0.2846397034775973,0.2446043165467626,0.2846866485013624,0.2847646033129904,0.20006538084341288,0.244606668119416,0.284780477176163,0.2706971677559913,0.2000871364775079,0.28479634066652143,0.28487422410976804,0.2849520905923345,0.28502994011976046,0.27062921837578924,0.27070860999238056,0.2000435350457118,0.2850146914789422,0.2850924918389554,0.2000870416712001,0.27067014795474326,0.2001522897857065,0.24428975418751359,0.2706905927134312,0.2850152240104393,0.28509296509731435,0.27071102413568165,0.2707903032938363,0.2001086956521739,0.2708401260732529,0.2441860465116279,0.2850157557318266,0.2708604954367666,0.20010863661053774,0.24418857266999783,0.24427066362550234,0.2708514335360556,0.24432620262786406,0.28490770901194357,0.2849853436109,0.24435518888406427,0.27081298165635515,0.2850010853049707,0.24438415626695606,0.2708333333333333,0.2850168167516546,0.2850943805597744,0.28517192754094806,0.270824295010846,0.19986986227090336,0.2851875948818044,0.2852650981242546,0.28534258456201217,0.285420054200542,0.19986993279861262,0.270727213612225,0.27080624187256175,0.2708852530068263,0.28537378114842904,0.285451197053407,0.19984835355285963,0.27087620491714504,0.2709551656920078,0.2710341093665403,0.2439367691641403,0.28537403919021326,0.27105434076639967,0.27113323952808743,0.19978354978354979,0.2853587274104534,0.19984851763687514,0.2854051714811208,0.2854824751189961,0.2855597620335316,0.2710361237291802,0.24375473126419378,0.28557525951557095,0.2710563304140988,0.2437837837837838,0.27110582639714625,0.27118460873324685,0.19971901005079434,0.24378647071536633,0.27120475418692597,0.2854364736387208,0.2855136653343416,0.2712248865845755,0.271303596500702,0.2437365010799136,0.2713529856386999,0.2854675016195206,0.2437655187304329,0.2713730569948187,0.27145169994603346,0.27153032592272824,0.27160893493039817,0.28539059128183,0.24371561117704174,0.24379719525350593,0.28540610505878544,0.28548317515099225,0.2715410331068694,0.24379987060599526,0.2715902964959569,0.24385510996119017,0.24393661744098308,0.28540633757275274,0.27158098933074687,0.19924568965517242,0.2854218295442301,0.1993104934281405,0.24388667456641172,0.27154243860405,0.2716208939149165,0.27169933232823607,0.28534510606223756,0.28542204995693365,0.19926795134029499,0.2854682454251884,0.2716607469594231,0.2717391304347826,0.2854836974066502,0.27178825048418337,0.285529854760624,0.2856067125645439,0.2856835538345703,0.28576037857603787,0.2435745779116034,0.2717204301075269,0.271798731319213,0.24360352612341432,0.27184779103514994,0.24365864144453997,0.27189682966147233,0.27197506984741027,0.1989900075212206,0.2720240653201547,0.19905467826834247,0.285499462943072,0.28557620019331975,0.27201460481099654,0.24353054869537205,0.28559158256388234,0.2856682769726248,0.19901245169600687,0.24353332617795428,0.28568362309508477,0.2719175877240047,0.24356223175965666,0.2856989593391267,0.2857755846384896,0.24359111873860345,0.2858215358215358,0.27184986595174265,0.19890628350847095,0.2858368178406776,0.2859133790737564,0.28598992389323613,0.2718113612004287,0.1989068695745365,0.24346335190741533,0.2718311368263152,0.19895007499464323,0.28591322978039635,0.2859897172236504,0.27182178429902537,0.27189976440351254,0.2719777278081165,0.2720556745182013,0.2433358312814474,0.2721044744166131,0.2858824788611795,0.285958904109589,0.27212413055109685,0.27220201155574575,0.28597410933989514,0.2860504920838682,0.28612685848753877,0.2432085561497326,0.27216340498342423,0.2432634730538922,0.24334438148187748,0.28608082103912763,0.2861571352218065,0.2862334330910646,0.2863097146521321,0.27206668091472536,0.27214445987819214,0.2722222222222222,0.19848306804828544,0.27227088229010893,0.2723486062159564,0.198526270824434,0.27239722370528563,0.2724749092462097,0.27255257820006407,0.2860802732707088,0.1985270573166827,0.19861259338313766,0.2860954007043005,0.2861715749039693,0.2862477328496746,0.24290590996372946,0.27242666666666665,0.2862627986348123,0.28633891436493547,0.2724461505651525,0.24288303657106303,0.2724946695095949,0.2725722204455815,0.19846514602430185,0.2862623894276884,0.2725916453537937,0.1985082578582845,0.27264010227999147,0.27271758815382974,0.2727950575202386,0.19853019490893598,0.28615548455804046,0.2862314982429986,0.24265332197614992,0.2727563078888534,0.24270811156057057,0.2728046833422033,0.2728820774797786,0.19846759604128977,0.2729304107256863,0.27300776678370037,0.2730851063829787,0.19848952239123496,0.28600297808976816,0.27310432840582793,0.28604849000425353,0.2861244019138756,0.24250478418031043,0.24258530881258636,0.27306547619047616,0.2861090445318312,0.2861849096705632,0.2862607586866433,0.24256268593285168,0.28630617231488364,0.2863819842787338,0.28645778013807754,0.28653355989804585,0.27291069342678137,0.27298789551921854,0.24248858689882152,0.2865180467091295,0.28659377985351875,0.24251751220547654,0.2866390746046906,0.2729202037351443,0.19809018567639258,0.27296838531720774,0.1981542378275167,0.24246924056003394,0.27298759147311485,0.2730646871686108,0.19817622733538331,0.2864715860899067,0.19824022050249127,0.2730549077803689,0.27313195548489666,0.286456125476897,0.2865317367807566,0.2866073320618775,0.2866829113253523,0.1981991525423729,0.28672810083677575,0.19826307985596273,0.24218998199724664,0.27297755188479456,0.24224457384859713,0.2866821935210671,0.27299671853498464,0.27307366638442,0.24224785691607578,0.2731216931216931,0.27319860332239976,0.2732754972492594,0.28657569025706126,0.2866511529511318,0.2867265996827076,0.2732656514382403,0.2867717035000529,0.24212307041657855,0.2732847023998308,0.2867864693446089,0.19797061621393086,0.2868315366730078,0.28690690056007606,0.24207523245984786,0.28695192815636555,0.287027255440524,0.2421041512622795,0.27313054499366285,0.28704192628577463,0.27317845828933474,0.2870868968429944,0.27322635135135137,0.27330307188852526,0.27337977622968124,0.27345646437994725,0.19776276910088644,0.1978474200696423,0.28698037560666806,0.24190315434117524,0.2870253164556962,0.28710051682311993,0.24193208183927442,0.27333122429610884,0.2871151412905947,0.1977859778597786,0.28716002530044277,0.2872351639085064,0.2873102866779089,0.24185899462535568,0.28735511064278185,0.24191339163417974,0.28739991571849977,0.2731486358369325,0.27322519485991154,0.19768299104791995,0.27327295703454085,0.28735390123196797,0.2874289324068225,0.241814927887146,0.2874736842105263,0.2732343963793285,0.2875184171753315,0.24181837314532253,0.24189814814814814,0.28753287743293005,0.28760782663580897,0.28768276007152627,0.2877576777450568,0.2418761173624987,0.27308096740273397,0.2877720534118389,0.2878469301934399,0.2879217912330495,0.27307126340130333,0.27314766158696796,0.19735182849936947,0.1974361668593044,0.2417524690060937,0.2731379346570018,0.28781512605042014,0.24178132549101986,0.2731568998109641,0.27323322482411005,0.2877992440151197,0.24178477690288713,0.27325215200503883,0.2733284349742836,0.24181360201511334,0.28775317451988663,0.24186778593913955,0.27331864442346027,0.28776751993285776,0.28784223224588273,0.27333752884413676,0.2734137388568432,0.2878565436241611,0.2417951137674321,0.2879010274690711,0.2879756787923262,0.27337526205450735,0.19704433497536947,0.24177321316285894,0.28795976108142096,0.2733654652137469,0.28800419067574645,0.24177666038131154,0.28804860165497015,0.28812316715542524,0.27332704995287466,0.1969633507853403,0.28813736781488847,0.28821189279731996,0.24170417669841934,0.28825622775800713,0.27326007326007323,0.2883005441607367,0.24170764884377943,0.24178698472483784,0.27325033999372317,0.273326359832636,0.28825436669804416,0.2417904204141393,0.24186970615915507,0.24194897532413218,0.28823836905384215,0.2883127744093665,0.19671788439427199,0.27320234113712377,0.27327829449263247,0.2882967607105538,0.2733256712987149,0.2734015879648976,0.2734774887705004,0.24180071025694588,0.28825065274151435,0.27349624060150374,0.19661689464341653,0.2735435372729171,0.19668023802067022,0.28820459290187894,0.2735622586368855,0.2736380713838447,0.28821872065115306,0.24165275459098498,0.2736567553468962,0.27373252660129355,0.2882027745905914,0.2882770129328327,0.2883512357910105,0.2416058394160584,0.2736940882076947,0.2883653044203503,0.24163452517460648,0.24171357098186366,0.2883793642522147,0.24176740308461858,0.27362717515890383,0.2418212127526568,0.2883633711844984,0.2736458333333333,0.19633371523799603,0.27369298062903563,0.28834739144017496,0.28842149104539777,0.24174908901613743,0.2736831147199667,0.28843551576975124,0.24177768526228144,0.27370173795400143,0.28844953173777316,0.24180626365622723,0.19621306699958385,0.2418599812753563,0.28843353442895775,0.2736349453978159,0.19623544093178036,0.2736820214204014,0.27375753794967767,0.19627819939702673,0.2738045738045738,0.27388005404843574,0.2882976512159634,0.2417125636495895,0.2738985868661679,0.2883116883116883,0.27394556409723664,0.2740209826529552,0.19619858745326132,0.2882957731851698,0.27403946002076846,0.2883397362683003,0.28841362126245845,0.2740579258797882,0.1961801951422047,0.241515308770109,0.2740763802407638,0.28836774929957454,0.28844158539116,0.27409482311443095,0.24149377593360996,0.19614147909967847,0.27411325451151214,0.1962045006740641,0.28836582330982996,0.1962674961119751,0.2741032552353307,0.2883798071939463,0.2884535655058043,0.2741216706394445,0.24134715025906736,0.24142575898870583,0.28843762950683793,0.2885113436237439,0.24145431945307644,0.2885551527705852,0.2886288318144159,0.24148286217251735,0.2886726030234003,0.24153639093073817,0.24161490683229814,0.24169340647966048,0.2886565928379218,0.2887302080099348,0.19598509933774835,0.24169684428349716,0.24177529484792054,0.27371469949312094,0.2886843194042201,0.27376150584341713,0.2738366080661841,0.1959466446075897,0.19602977667493796,0.24170371136152177,0.2738267521190821,0.2739018087855297,0.19605208763952045,0.2885191691639971,0.2739202314527795,0.28856286806488274,0.19607438016528925,0.2739386427022002,0.24158231770295394,0.19611690591758751,0.241635687732342,0.28848735157459987,0.24168903572166012,0.1961391555693197,0.28850123864574734,0.2885746723088038,0.19618163054695562,0.19626457537921782,0.19634750309533636,0.19643041370060868,0.2736744377965752,0.273749355337803,0.19647277227722773,0.2737960193874394,0.19653536811713757,0.2738426641921848,0.1965979381443299,0.27388928976394183,0.2882910740053597,0.1966402143666907,0.27390766694146745,0.2413189077794951,0.28827529363280446,0.28834861440197795,0.19664194478780386,0.2883922134102379,0.28846549948506695,0.19668417258778706,0.2737850082372323,0.2738597755585298,0.19672637430512663,0.19680905815748842,0.24114862083161795,0.19687146238550993,0.19695410578308295,0.2883012655623006,0.1970164609053498,0.19709906388231663,0.24110265377494342,0.19716136994754704,0.1972439325380502,0.24113110539845758,0.19730618959490026,0.2735684178061067,0.19736842105263158,0.28810771919005035,0.2411099691675231,0.24118795601685336,0.28812166050143856,0.2881948011918216,0.24121635504417505,0.2734463276836158,0.2882087099424815,0.2882818116462976,0.19726843294310947,0.28832529007084917,0.24117043121149898,0.19731033774766452,0.1973927324984603,0.273324438058093,0.19745484400656815,0.28825038481272447,0.241124563923661,0.19749666564070997,0.1975789905621666,0.27325879577392553,0.19764102564102565,0.1977233104296995,0.27327727645611155,0.1977852968317441,0.1978675415214271,0.27329574577139926,0.19792947929479296,0.24095521164292302,0.2733142037302726,0.19797110359668,0.28790983606557374,0.24095891814363282,0.24103667281294816,0.19799242036259346,0.2732486685784515,0.27332309267793137,0.2878353471226705,0.2410156649943688,0.2410933660933661,0.241171051284676,0.27328556806550663,0.24122403029372633,0.2877609496520671,0.24127698761895017,0.2413546142827911,0.28777493606138105,0.287847790507365,0.28792063005011764,0.24135815095111474,0.241435729624706,0.2879345603271984,0.2730804621204376,0.2879779186260478,0.27312685270366965,0.28802125919869176,0.19764946346448645,0.2880645820559984,0.19771124961683867,0.2413158970167552,0.2880784554091327,0.2881511746680286,0.24134409151261363,0.1977124183006536,0.24139691616460737,0.2414743720645293,0.24155181214905563,0.28807676602694976,0.288149433500051,0.1976934068177179,0.19777528319216248,0.24153061224489797,0.24160799918375675,0.2881044684758213,0.28817708864633274,0.24163606691146472,0.2882202957674656,0.2882928819090353,0.19771591720199858,0.28833605220228387,0.27250484249158935,0.19775739041794088,0.2883498114361431,0.1978189971463514,0.24151635585447875,0.28836356225799875,0.28843606724401427,0.24154441727791362,0.28847916878883567,0.28855163984518234,0.24157246155412976,0.2885947046843177,0.2886671418389166,0.24160048869883935,0.28871017000916216,0.2416530944625407,0.2887531806615776,0.2417056788113169,0.2887961738068587,0.28886853886853886,0.28894088920541255,0.28901322482197356,0.19753839894212186,0.28905614320585843,0.289128445032035,0.24161073825503357,0.241687849517031,0.241764945099634,0.24184202500762428,0.2890831469810937,0.2891554019717451,0.2892276422764228,0.2892998678996037,0.24182076813655762,0.24189779538758507,0.28931328728159283,0.1973590655154901,0.19744058500914077,0.2893266984868488,0.24187652315190902,0.27149964463397297,0.24192893401015228,0.28931072987513956,0.2893828664230613,0.28945498832842786,0.24193221026994113,0.27143581938102485,0.28946834415584416,0.2895404281221467,0.2714546561168594,0.2895831220204889,0.24188640973630832,0.24196328972720818,0.19722165889271953,0.19730305180979418,0.27139091646390917,0.24196654840344653,0.2714372592742753,0.19732441471571907,0.2894203486015403,0.2894923497821461,0.2714285714285714,0.19734576030797285,0.2418962722852512,0.27144738174820215,0.27152116670042536,0.2894177215189873,0.2715674362089915,0.27164118659512,0.2717149220489978,0.27178864257515944,0.2893724696356275,0.19724724218196538,0.2718073264521352,0.2417282201760599,0.24180493727235935,0.27182599898836624,0.27189965607930405,0.19722868413067665,0.24180825242718446,0.289210233592881,0.2892821031344793,0.2718633100798706,0.24181156490093003,0.2418882037804508,0.19719021629270264,0.24194037392622536,0.27182700080840744,0.28917853895119733,0.28925035360678925,0.2893221537529043,0.19717171717171716,0.2717907282092718,0.27186426984447587,0.1972129657679491,0.24182148626817448,0.27188288743059064,0.28921865536038766,0.19723427879277278,0.27190149374243033,0.289232011302856,0.24177598385469223,0.19725557461406518,0.24182808716707022,0.2892161807727227,0.2892878757312891,0.28935955622793746,0.2418313836224284,0.24190783503075527,0.24198427102238354,0.2893436838390967,0.2894153225806452,0.19715754460235863,0.19723845998790565,0.28942860022170713,0.24193873438129787,0.28947103274559194,0.28954261535361675,0.2714818172660421,0.19721998388396456,0.2895558465102226,0.2418932527693857,0.2895982277716242,0.2896697543294402,0.1972213832678949,0.24189651701228104,0.28968293910417714,0.24194847020933977,0.19724262855992755,0.1973234051116925,0.2419760539289667,0.28963782696177065,0.19736445025651342,0.28968014484007243,0.24197928190686915,0.24205551086082058,0.2710910005027652,0.2896641866076815,0.2897355986729667,0.2898069963811821,0.2420343753141019,0.19728643216080402,0.27102803738317754,0.2420618971061093,0.28976188083994775,0.24211372312638135,0.2898041185334003,0.2898754519887505,0.19724816711861,0.27093793934525007,0.1973089667637313,0.24206827309236947,0.27095673125188235,0.2421200562136117,0.24219612566496035,0.19731031714171016,0.2897139989964877,0.2422235601043548,0.2897561954449684,0.2898274478330658,0.19731166616511184,0.2708124373119358,0.2708855681476281,0.2898114721219414,0.24215381530131355,0.2898536194104672,0.2899248120300752,0.28999599037690454,0.29006715445524706,0.19723391461214673,0.27076861408958813,0.29008016032064127,0.197274822162108,0.27078741735123224,0.29009315836922767,0.19731570512820512,0.270806209313971,0.19737632685760065,0.19745669370181235,0.19753704445334402,0.2418660526579237,0.24194194194194193,0.27074366930237215,0.28993194555644514,0.2419693785649955,0.2899739843906344,0.24202101050525263,0.29001600640256103,0.2900870261078323,0.2420484096819364,0.2706270627062706,0.2901,0.2420757924207579,0.27064587082583486,0.29011296611016696,0.29018392642942825,0.2706646676661669,0.2707375574655207,0.19726191665833917,0.27078337330135893,0.24198221600559497,0.24205794205794207,0.19728298871241634,0.19736316420295646,0.24208528912413863,0.24216097463551028,0.19740389415876186,0.24221246006389777,0.24228811021263852,0.2898782192054302,0.242339554845793,0.27055888223552893,0.27063167348568007,0.27070445020953904,0.28983338321859725,0.28990422984836395,0.1973067331670823,0.24227009774586075,0.19736710880622318,0.24232149980055845,0.24239704855917837,0.27058823529411763,0.24244840992921943,0.24252392344497609,0.2897438453104754,0.2898146302571258,0.19730941704035873,0.24252690314866482,0.2898276377403607,0.19735006973500696,0.19743002291064848,0.19750996015936256,0.2898117717358829,0.2703644692292372,0.1975505327093498,0.24243329350856233,0.19761075161772026,0.2424845709735218,0.24255996814969644,0.2897093949044586,0.24261120509503434,0.2426865671641791,0.2897224156800318,0.28979307600477516,0.1975529692629066,0.24268947682514422,0.28980606663351566,0.2427406523468576,0.24281594909018595,0.2898190495128256,0.28988965105875336,0.19751491053677933,0.28993141834807673,0.2900019876764063,0.19755540097386465,0.24274642289348172,0.24282165921510185,0.2899860917941586,0.2900566206417006,0.19755661501787844,0.2697388022643758,0.19761668321747766,0.26978452983814916,0.1976767275615568,0.24272808497964857,0.26980345443716497,0.2698759305210918,0.28989678443826916,0.19767788032152425,0.19775749156578687,0.19783708701260044,0.2898809523809524,0.28995139371094136,0.1978774052767308,0.26976098383417635,0.19793732645775486,0.19801685671789787,0.24251437636327583,0.2898780608704273,0.2425654242664552,0.2696996729110913,0.2898909811694747,0.1979982162322862,0.19807768529528338,0.26969186564946,0.289875173370319,0.2899455175829619,0.19809825673534073,0.19817767653758542,0.19825708061002179,0.24240023764729182,0.24247524752475247,0.2695772695772696,0.2898435953276579,0.28991388696426806,0.2424782264449723,0.26956952003958434,0.26964179695230556,0.2425051944197091,0.1981598733676296,0.24255613809476703,0.19821958456973293,0.2897834042132331,0.24258306962025317,0.19825966577672302,0.28979632192999805,0.2426099851705388,0.24268485567417952,0.2694474646634378,0.24273571852144693,0.19824093289850775,0.28972332015810276,0.26943977867799623,0.24273858921161826,0.24281339523856565,0.28970762544448836,0.2428641975308642,0.1982026466521825,0.242914979757085,0.24298973143759875,0.28966334287688816,0.24304047384007899,0.24311519099792717,0.2896762731938413,0.2897463732359617,0.19814485889086245,0.269166255550074,0.289759273875296,0.24306994179737595,0.2691852436377984,0.28977216688036295,0.24309664694280078,0.26920422049107584,0.28978505225793727,0.2898550724637681,0.2430993690851735,0.1980285855101035,0.2431500098561009,0.243224598403469,0.24329917225068978,0.2690905507931816,0.24334975369458128,0.2897251502315043,0.24340031520882585,0.26908302964640995,0.24345085680519993,0.2691285081240768,0.2692004726270185,0.2692724229595353,0.2896239417208112,0.28969386750664433,0.28976377952755905,0.2433815569333727,0.24345601259594568,0.24353045360621864,0.269185360094451,0.2692572552877521,0.19771788313987804,0.26930264581489133,0.2693745082612116,0.2896056642737732,0.2896755162241888,0.28974535443909155,0.24341329138812426,0.2897866902585275,0.2898564969530175,0.24343980343980343,0.19762185534591195,0.19770069765156725,0.19777952446453134,0.24344238137341587,0.19783889980353633,0.2691287692761025,0.24346886662738165,0.26917411371894334,0.2896700706991359,0.24349533627884143,0.28971136854506185,0.2897810935506037,0.19778170396544956,0.26911375012268135,0.28979391560353285,0.1978216073005593,0.28983516483516486,0.2691062493868341,0.24337845791642143,0.2434526728788622,0.2898195370733621,0.26909875453564774,0.19778387919199844,0.19786253554270025,0.2691176470588235,0.28977551220468584,0.28984512840619486,0.2899147309614819,0.28998431987455897,0.24331210191082803,0.26905741720556536,0.24336239835407072,0.1977860501567398,0.26907630522088355,0.2691478942213516,0.28988345901478796,0.2691931061496279,0.28992460589444824,0.2899941257098101,0.1977484092021537,0.29003523884103366,0.29010472741509247,0.24319827754942258,0.2691065662002153,0.24324853228962817,0.24332257117698855,0.26912541576990806,0.2691969089308422,0.19767214397496088,0.2899755501222494,0.19773127322511247,0.2691894006062384,0.1977903793508017,0.19786880437970475,0.26920821114369503,0.28990323526536993,0.24315871774824083,0.26922701065181276,0.2692984170412351,0.1978505129457743,0.2693434935521688,0.269414867637003,0.2431138894315296,0.19787088582869422,0.19794921875,0.2897178009959965,0.2693809802772896,0.2694523088938787,0.2695236235845373,0.2897022938018546,0.19793089986336132,0.26954230506489707,0.2429742388758782,0.24304810225387843,0.28965853658536583,0.2897278314310799,0.2695083886071011,0.1978932995220911,0.24302711137117222,0.269527059970746,0.28968408736349455,0.289753339182997,0.2695457204133359,0.1978750365532703,0.197953216374269,0.24295877594776338,0.19801208341453908,0.1980902270291338,0.269485580670304,0.24296151972722846,0.19812974868497954,0.26950423687542613,0.2429879236462797,0.19816924724900184,0.28948393378773124,0.24301431214097946,0.19820872274143303,0.2894967390246277,0.19826747128674324,0.26939172749391727,0.2895095367847411,0.2429697382504622,0.24304339365635338,0.1982683140383306,0.28949416342412454,0.24306974029763642,0.24314335732347792,0.2692793931731985,0.2894788020225593,0.24316966456003888,0.19823060470542486,0.2432195975503062,0.19828926905132194,0.28943531927301,0.19834791059280854,0.24322223301914295,0.2894481150408084,0.28951714757602254,0.24324849426850592,0.24332200097134532,0.19832944832944832,0.289501796639798,0.2689842687900563,0.19836877366734634,0.2433009708737864,0.28948645762547326,0.24335080566880218,0.24342424536542753,0.2894992236024845,0.2895681707908782,0.2688725014554628,0.28960900358979336,0.2896779200620877,0.28974682316422545,0.289815712900097,0.19823489477257297,0.2898564778898371,0.2899253369533598,0.19827419042078728,0.26873485215705284,0.28993796044978676,0.2687796840166715,0.268850552432642,0.19827502664986918,0.1983527131782946,0.2688692956108904,0.2898663049796551,0.24304950111401724,0.28990701278574194,0.28997578692493947,0.19833430176254116,0.26880991575481744,0.19839271882261814,0.24300513118404493,0.2430784123910939,0.1984319039783177,0.19850948509485095,0.2898480596148263,0.28991677956260886,0.19854862119013061,0.28995743034055727,0.2686466092676792,0.289998065389824,0.1985685269368411,0.2900386847195358,0.2901073397156948,0.29017598143492557,0.19858841728705404,0.29021655065738594,0.1986466892218463,0.2902571041948579,0.24277568377307432,0.19868573637417858,0.19876316552323897,0.24280193236714975,0.29021350594145495,0.2428516228748068,0.24292475610934028,0.2902259996136759,0.24297440849831,0.19872537659327927,0.24302404171092015,0.2430971229967175,0.2431701901727966,0.24324324324324326,0.2901264356722324,0.2901949430611851,0.26806909196178713,0.2902354303357777,0.2432223830197781,0.2680879799344009,0.29024790199672035,0.24324845679012347,0.19857266853119876,0.243297974927676,0.26805515379423395,0.26812572310065563,0.26819627880073266,0.2901484480431849,0.24327710843373493,0.19853508095605243,0.2901609328322251,0.24330314126035846,0.2433760477888043,0.19855491329479769,0.26808592621134764,0.1986129840107879,0.24337859963401715,0.29006163328197226,0.24342802118440057,0.19863277488927403,0.2434774237027053,0.24355025028879476,0.24362306285494273,0.289990375360924,0.24367240881532096,0.24374518860662048,0.2678726065621091,0.2437944968250914,0.24386724386724387,0.26789149672951135,0.26796191209002596,0.24389305635699174,0.2898355611116453,0.24394230769230768,0.244014998557831,0.2679292443760815,0.28982024416033836,0.24404075355632449,0.2898606439211917,0.2899288871804728,0.19832804842894206,0.19840507302075328,0.2899413968680949,0.1984630163304515,0.2677936797617904,0.19852093737994622,0.2899260539709978,0.2678125600153639,0.26788286125780125,0.19854070660522274,0.19861764423538447,0.28988289498944136,0.1986754966887417,0.26785028790786947,0.243738604740428,0.26789483784302437,0.28983977741533146,0.24376438986953186,0.2679136690647482,0.2898522923460579,0.2899203989642275,0.2437667817414653,0.2438392942755777,0.2439117929050815,0.24398427763397565,0.2898773006134969,0.24403335569826512,0.2677784167145869,0.28988979396262576,0.1984476811038712,0.26779725974897,0.1985054608162483,0.2678417472938021,0.1985632183908046,0.26788621779523036,0.28979122773415056,0.2438954323470267,0.2898314821907315,0.28989947343226424,0.19854489756844726,0.26782808461759355,0.19860260336906585,0.19867929945449325,0.19875598086124402,0.289828724523969,0.19881362418675852,0.28986893714723044,0.24373445571073274,0.24380679100908656,0.24387911247130833,0.2676675910873099,0.2677376171352075,0.2678076297925232,0.28977055449330785,0.2438581397571934,0.28981074364366277,0.19870018159227754,0.24388379204892965,0.2898232202580029,0.28989107586470475,0.1987197859940766,0.1987963316774933,0.2438628331263731,0.26762177650429797,0.28984815203896475,0.28991596638655465,0.19879690633056432,0.2899560817261791,0.24381861575178998,0.24389079801450936,0.26753841748592155,0.2676083221988929,0.1987785093997519,0.24389312977099237,0.24396527048945713,0.19881701965273801,0.2440141180959649,0.2897748950782144,0.2440629470672389,0.26749952317375547,0.24411175741394106,0.24418382913806255,0.2897321002955477,0.2897998093422307,0.19874177866742923,0.28983987800228744,0.19879919946631086,0.26739089003239946,0.2898523106241067,0.26743521341463417,0.2440697342097742,0.2898647361402172,0.24411848747499762,0.19876190476190475,0.28987715455670887,0.24414397257665207,0.2442159383033419,0.2442878903274943,0.28986197049024276,0.1987435750999429,0.24431331493290187,0.2672249714503236,0.2443619754496146,0.26726926736441486,0.2673389782133003,0.2674086757990868,0.1987063635498906,0.2674529199163021,0.19876367094626723,0.19883986306580448,0.24427117999429496,0.2895987830386005,0.2674208574959597,0.1988593155893536,0.24427335804581313,0.2674396502566052,0.26750926541860687,0.2442987457240593,0.26755344418052257,0.2443473304199126,0.2675976061555999,0.1988031914893617,0.2893912052426631,0.26761633428300097,0.19884151552559112,0.2894037219901253,0.26763505174214375,0.19887981773305488,0.24423350735643096,0.28938876233864846,0.28945620195501565,0.19889922186373127,0.28949615713065757,0.19895635673624287,0.24418935584859122,0.2675014228799089,0.2894811723418382,0.2895485584218513,0.2896159317211949,0.28968329224350464,0.2897506399924149,0.2674440652256352,0.2897905014693336,0.19886255924170615,0.1989384892427258,0.2674374526156179,0.289775419312044,0.2439833238582528,0.2898152534343913,0.1989389920424403,0.2898550724637681,0.2899223337753362,0.24396249644852733,0.26732954545454546,0.2899346652779093,0.2900018935807612,0.2673482912051501,0.2674176448315032,0.2900141978230005,0.2674616695059625,0.2675309927131636,0.2676003028009084,0.2899990538366922,0.19877010406811732,0.26761895752530507,0.2676882330684828,0.19880828525489455,0.19888405522980895,0.1989598108747045,0.24366490166414523,0.2898742554599603,0.2676309321232747,0.28991398052746004,0.2436672967863894,0.2437387770532086,0.19892269892269893,0.26759897949541717,0.1989795918367347,0.2437411431270666,0.2898167390893633,0.267592330216303,0.2898564412542501,0.2437435074133535,0.2676109537299339,0.2676801057501652,0.26774924471299094,0.28981402813178514,0.2898810647536341,0.28994808872109484,0.243676859192148,0.2677172784750401,0.2899603698811096,0.2900273610717992,0.24367924528301887,0.24375058956702197,0.2676853423882286,0.24379892483259455,0.28998491135420595,0.29005186232909,0.29011880067886103,0.24380126331667767,0.24387254901960784,0.26760297860307286,0.24392082940622054,0.2676467816416926,0.26771579344138713,0.29002167153491004,0.2439231204070096,0.29006123410268486,0.24397136397889976,0.2440425732316097,0.2441137690713882,0.26763348714568225,0.26770244821092276,0.2677713962903681,0.2899642251929957,0.19834321754683235,0.24407003012048192,0.2899764705882353,0.29004329004329005,0.1983626611461372,0.19843808806925103,0.26766393828205853,0.2900282220131703,0.19847615464208446,0.19855154251316778,0.2676572933320794,0.19860823772804212,0.2677009873060649,0.19866491162091013,0.2677446648491116,0.2678134987779658,0.26788231976689536,0.2679511278195489,0.289822385114181,0.26799473783123473,0.1986282063328009,0.19870349492671927,0.28980742132456555,0.19876009768927297,0.2679628064243449,0.19881667918858,0.2897924687764109,0.267981220657277,0.24354520702281476,0.19883589936162224,0.243593353984793,0.26797446968274824,0.28972313467855465,0.2897897897897898,0.2898564323918551,0.2899230624882717,0.19879913687963224,0.2899624765478424,0.1988556420598443,0.2678671918964547,0.24345868892431774,0.28994748687171795,0.2435067979371777,0.24357772360772548,0.26783538014437047,0.26790401199850017,0.2679726309869716,0.26804123711340205,0.2898509980320495,0.2435344827586207,0.243605359317905,0.1987071388420461,0.2898360655737705,0.2679842637692019,0.19874496581436732,0.28984828619591685,0.2435621312857009,0.24363295880149813,0.2898604999531879,0.24368095862198091,0.2898998408686698,0.24372894047173344,0.24379971923256902,0.2678270634475014,0.2898849068962291,0.2438248502994012,0.2678454485920105,0.2679139382600561,0.26798241511551774,0.19855967078189302,0.28981576732441783,0.1986160463811483,0.2679756895745676,0.1986724008975318,0.19874731233055998,0.2679940175733782,0.1988036265071502,0.1988785046728972,0.24362209139332772,0.2896654830872734,0.28973185088293,0.19889760837070253,0.2436244745446053,0.24369512422940406,0.2678621462594564,0.2679305192379529,0.19889812307404986,0.2896358543417367,0.19895434599943984,0.19902912621359223,0.2678988145244096,0.2679671457905544,0.28959402706486237,0.1990481522956327,0.1991228888681534,0.19919761149468185,0.1992723201791212,0.26791044776119405,0.1993284208562634,0.2434247341913822,0.2679287512822904,0.19936590824319284,0.26797202797202796,0.28939026664180495,0.19940337466206767,0.26799030574198357,0.19945940907819928,0.2893755824790308,0.26800857329233063,0.2894148341408871,0.2894810397838442,0.28954723309111235,0.19944108057755006,0.2679769001490313,0.1994970662196144,0.24315514993481094,0.2895055405531241,0.26797020484171324,0.2895447351270831,0.1994973003165146,0.28958391510751186,0.19955323901712585,0.19962773382968824,0.2679136422855016,0.2679817623522844,0.28954224041682175,0.1996464787422086,0.2429767441860465,0.1997023532694633,0.24302455357142858,0.19975820701199665,0.2679003161614283,0.26796838679683865,0.2894198586835255,0.2680115273775216,0.26807956869306565,0.28943210335533043,0.24293680297397768,0.2680977604311867,0.26816576844452705,0.26823376382049613,0.26830174656261613,0.19962842545285647,0.26834478915103105,0.199684220302777,0.26838781575037146,0.2684557526232705,0.19972144846796658,0.289202488162659,0.28926847382101745,0.28933444722918406,0.19974011509188788,0.2683990719257541,0.19979584261321456,0.2893198478240698,0.28938578586008534,0.2683922441784952,0.26846011131725417,0.24255634913273352,0.2426265998887034,0.19975887971807474,0.2893175074183976,0.24265183124710246,0.28935657333580567,0.28942245295262814,0.28948832035595107,0.28955417554917046,0.19972196478220575,0.28959317950143637,0.2896590066716086,0.2897248216436579,0.19974059662775617,0.28976377952755905,0.24249722119303446,0.19977771603223118,0.2897758844230413,0.26808037781276045,0.1998148148148148,0.28978798259420424,0.2424551009072394,0.1998518929926872,0.28980007404664937,0.24248033317908377,0.19988895058300943,0.28981215878597205,0.2898778682457439,0.1999259876029235,0.2899167437557817,0.2424382573304967,0.24250832408435072,0.28992878942014244,0.2899944516367672,0.29006010171058716,0.2901257396449704,0.19987057409632986,0.1999445368829728,0.20001848599685737,0.26765249537892793,0.26772017373625356,0.2000554426168915,0.2677630971080107,0.26783074648928307,0.20009237875288682,0.26787363753925736,0.20014777870139466,0.20022164758034725,0.2678917720934528,0.24219759926131118,0.28981626811928723,0.24224519940915806,0.20022154527831626,0.289828318257338,0.24227041993539455,0.20025839793281655,0.2423179846821076,0.28981361874884665,0.20029523018728665,0.28985239852398526,0.24232081911262798,0.20033204205866076,0.289864428663654,0.26761342677978606,0.20036883356385432,0.2898764521482574,0.26763160320826035,0.200405604719764,0.26767444004055674,0.24221198156682028,0.2004423555432679,0.2676925912274235,0.28978162719985257,0.242214851667588,0.2898203592814371,0.2422623434045689,0.24233213594915723,0.28983238165407993,0.28989778064278476,0.2003683241252302,0.26756283951753984,0.28990977720493466,0.20040504464696676,0.2422680412371134,0.2004601932811781,0.28989508558807286,0.24229318119076101,0.28993375046006625,0.2899990799521575,0.20045998160073597,0.2900377150216171,0.2422737306843267,0.2900763358778626,0.290141622218135,0.24229885057471265,0.2901802133137183,0.29024547209708557,0.2423239566096709,0.29028403345895765,0.29034926470588235,0.24234904880066171,0.29038779636096307,0.2904530000918864,0.24237412715913267,0.24244372990353696,0.2425133198603711,0.2670157068062827,0.2904114621601763,0.24253834144549546,0.29044995408631774,0.290515104214489,0.29058024237972824,0.29064536858533,0.2425188176978153,0.20009178522257917,0.2425660792951542,0.29063044874736166,0.2906955404661406,0.20011010184420588,0.29073394495412846,0.20016512246582882,0.20023848835076133,0.2425020636522058,0.24257153338224505,0.24264099037138928,0.20025673940949937,0.2666177684056111,0.2003116978364503,0.24264368869740582,0.24271310724106324,0.24278251306021445,0.2003299120234604,0.2665628149912948,0.20038482682792744,0.29042601923957856,0.24276291681934775,0.2004213611798113,0.2904378091225499,0.2905027932960894,0.20045787545787547,0.20053108689680432,0.26643471891594944,0.24269889224572003,0.2904613694617356,0.2905263157894737,0.2005308438586857,0.29056465635581585,0.24267935578330893,0.26635556775551283,0.290576395242452,0.2427042356600494,0.24277350896450786,0.24284276959663403,0.2905615511249314,0.29062642889803386,0.20043891733723482,0.2005120234067843,0.24282318522581825,0.2906115732699516,0.24287020109689214,0.20053011607714102,0.2906232864193018,0.29068811112126475,0.20056652046783627,0.26605756052992235,0.24282843047688654,0.2661003014524527,0.26616733649981733,0.2662343593022194,0.20054794520547944,0.20062094785864304,0.2662527392257122,0.2427645393955994,0.29048749315318606,0.24281150159744408,0.24288061336254108,0.29049922424021174,0.290563971527651,0.24290537457797245,0.2906021897810219,0.24295228537542196,0.24302134646962234,0.2906138830612059,0.2906785844582269,0.20045599635202918,0.29071676089731896,0.24300173247013768,0.20049234135667396,0.2907284164463488,0.2907930720145852,0.20052866648436787,0.2658585490339045,0.2908047024514718,0.24293785310734464,0.265876993166287,0.24298469387755103,0.2659196501776442,0.2659865184915285,0.29073686128062665,0.2908014571948998,0.24296512157362718,0.24303405572755418,0.24310297732859876,0.2907865986890022,0.29085116067364586,0.24312761696704896,0.24319650496040776,0.24326538041499818,0.2908362908362908,0.29090081892629666,0.29096533527431534,0.2657387190684134,0.2002183207495679,0.20029106785519374,0.26575716234652114,0.29092397235358314,0.2431572246976448,0.24322604109838153,0.26575143194835893,0.2909090909090909,0.24325061358058359,0.29094710052717687,0.243297282559302,0.2909850963286078,0.2910495229441163,0.2433218244593858,0.20014536204233668,0.265625,0.20019983649741122,0.24332425068119892,0.20025429116338206,0.2003269160915365,0.29092890220648326,0.290993281278373,0.265546981389015,0.2003449527959332,0.29100481074702733,0.24323833726629152,0.24330701515564027,0.24337568058076225,0.2909899283186644,0.29105425512611144,0.2911185702621791,0.24337808417997098,0.291156462585034,0.29122075095229455,0.20023578489162963,0.2653246282190787,0.2653912412730075,0.200271985494107,0.2654337775360348,0.20032632342277013,0.2654762983775945,0.26554286750045314,0.24322609877661985,0.20034432765494745,0.20041677992208026,0.24325058887479617,0.29096838481746534,0.24329710144927535,0.24336563717054616,0.20041659119724686,0.2654170062483021,0.2909272002897501,0.2654594839293798,0.24334600760456274,0.2434145016746628,0.2654779145546705,0.26554439315775186,0.2908597285067873,0.2909238982897475,0.2003257328990228,0.26553876775536056,0.20037995295820518,0.26558118498417005,0.20043415340086831,0.24328479696120106,0.26559956592512207,0.24333122343792385,0.2433996383363472,0.29075128831027935,0.2655939251491593,0.20039772213685259,0.26563629790310916,0.20045187528242206,0.20052412795951563,0.20059636757928978,0.2006685941452837,0.20074080766103533,0.2008130081300813,0.200885195555957,0.20095736994219654,0.29052650591528945,0.20101137800252844,0.2654627539503386,0.26552907186710006,0.2905118714453372,0.26557140278028524,0.20101092156331798,0.20108303249097473,0.29049724754083567,0.20113697888467785,0.2655418208066408,0.2905088415734392,0.24294091114118177,0.24300920079379398,0.2905204293316497,0.2011183261183261,0.29055821083957073,0.2654643823264202,0.2655306104048327,0.2655968265416516,0.2656630307401064,0.24292410311880297,0.29049121225777375,0.2905551550108147,0.24294854465170768,0.26563344746801226,0.2656996125777097,0.26576576576576577,0.2658319070354022,0.2429292019455954,0.29046203728721964,0.2905259365994236,0.2658262044124268,0.2658923104628129,0.2008643197983254,0.24288800864241988,0.24295616167071743,0.2658865886588659,0.24300243002430025,0.26592872570194387,0.26599478088724915,0.2660608241857117,0.26612685560053984,0.2661928751349406,0.24296123054780966,0.29025004497211726,0.29031387714722545,0.20071942446043164,0.29035158708749215,0.29041539291494334,0.26611525667535735,0.26618122977346276,0.2007191011235955,0.2904008628437893,0.2007728947604925,0.29043853342918763,0.2905022913109893,0.2661275831087152,0.20079058485311294,0.24272367948257276,0.2661456929848199,0.24276989401832225,0.26618769645262685,0.266253591954023,0.20077220077220076,0.29035733524869817,0.2662716581380734,0.29039497307001794,0.2007898752356162,0.20086160473882606,0.2426635555954411,0.24273151471643933,0.2662180349932705,0.26628386865243137,0.20086121826500403,0.2902762827412989,0.20091488025831913,0.2009865470852018,0.2426688189400054,0.29026183644189385,0.2662064018649691,0.20100412408104715,0.2662483191393994,0.20105772678379347,0.26629022138567715,0.20111131027065782,0.20118290169370015,0.2663082437275986,0.2012364483469223,0.29009138147285435,0.24249753650452388,0.2663024005732712,0.2663681146439767,0.2664338169442952,0.2664995074773887,0.24247851002865328,0.2665413197242367,0.2425246195165622,0.26658311699937337,0.2666487647690655,0.289895283272174,0.2666905315911938,0.26675615212527964,0.24248389405869722,0.24255166860517133,0.2667740203972088,0.2425977278826371,0.26681574239713773,0.2668813165190949,0.20094795206582006,0.2669230081373513,0.26698855507868385,0.2670540902995083,0.2896477740032183,0.24251363189416286,0.26707186271004646,0.2671373670569309,0.28963360142984806,0.24251630774729693,0.26715511079342386,0.24256231573304743,0.2671967125245667,0.2008039303260384,0.2672382993926402,0.20085737251049388,0.26727987140560816,0.2894901330475935,0.20089285714285715,0.2672975627176145,0.24245670415997142,0.26733910559671514,0.24250267761513744,0.20089245872378403,0.20096376940924504,0.28937271348264476,0.201017130620985,0.20108841109822465,0.28938447814451385,0.28944786370528947,0.2672136996075633,0.2894854187104254,0.24237560192616373,0.24244315648684797,0.24251069900142652,0.20103414460194347,0.2894455339632733,0.20108744094839112,0.20115864527629235,0.2894572676232065,0.289520584566031,0.24244854317027534,0.201176051318603,0.20124721603563475,0.24247283092820238,0.24254030462278436,0.2669219807623798,0.26698726511710746,0.201246660730187,0.28937761552844804,0.26700498575498577,0.2424997774414671,0.2670464660850988,0.2671117044948821,0.2671769312922748,0.2672421464803773,0.2673073500622887,0.24245929353145299,0.28923487544483983,0.2892981051507873,0.20112079701120797,0.2424619763408343,0.24252934898612594,0.28928412627834593,0.2672061177307487,0.24255356984084644,0.2892958748221906,0.2425993421637479,0.24266666666666667,0.2671762509999111,0.2427124066832563,0.20101306318315115,0.28923049582370713,0.2892936472678809,0.20104832977967307,0.28933108288176246,0.20110143897672766,0.20117239541699974,0.24262877442273534,0.20122546843086758,0.28929142248268513,0.24265293438693067,0.24272017045454544,0.2427873945849978,0.2669092845730517,0.2669743498713056,0.24281150159744408,0.2011713550448132,0.20124223602484473,0.2669683257918552,0.24281405251951738,0.20127738845027943,0.2669859854532553,0.20133037694013303,0.2670273146505853,0.20138334663474328,0.2889696754743749,0.28903271566628247,0.20141843971631207,0.24270897970038116,0.26697394079063996,0.24275458654613136,0.28899326479971643,0.24280017722640673,0.2669679248626617,0.2670328696730752,0.24282423812898654,0.28895384887944014,0.24286979627989372,0.24293685236028695,0.2889656393907191,0.24298237846453555,0.2890030104480255,0.24302788844621515,0.2669086402266289,0.2669735327963176,0.2011860506284298,0.28896362509956636,0.20123893805309734,0.2669675249977878,0.28897540258361354,0.24294435105724144,0.24301132342533616,0.2669615214506855,0.2670263576861843,0.2889360573096312,0.20118500176865936,0.26704394729861175,0.28894783377542,0.24294934134912916,0.26706152758132956,0.2671263148590118,0.2429733074067527,0.2889085285019885,0.2889713679745493,0.20111336926747372,0.26709666018731226,0.20116618075801748,0.2889575971731449,0.2671142125253953,0.24288994877230172,0.24295681356530954,0.2671317555634052,0.24300220750551876,0.2011301430337277,0.2012006709631853,0.2888418079096045,0.2012534204254568,0.2888790820829656,0.28894184096725795,0.24294034592304978,0.2889790876202241,0.28904182106934884,0.20123511248345832,0.24294283697953423,0.289053541501279,0.2891162462515435,0.28917893994179383,0.2892416225749559,0.24292390441759987,0.2892787868100864,0.28934144406241735,0.2894040902679831,0.2894667254297047,0.2429049885422175,0.28950383361240856,0.24295029961226647,0.2666314212705965,0.26669603524229074,0.2894899127830147,0.24295278365045808,0.24301946622038229,0.2430861370442135,0.20096873623954206,0.2894505107432194,0.2895130756361715,0.2895756295122381,0.20098600228893387,0.24304577464788732,0.2010386409647038,0.26650237634219326,0.2010912611106222,0.20116156282998943,0.26652001759788824,0.266584550413514,0.28943432743907804,0.24296270232230824,0.2894713695135896,0.24300791556728232,0.2430744877319497,0.2665318325712276,0.24311966939242063,0.2665728855283981,0.26663736263736265,0.24314345991561181,0.28935571767601304,0.2894181754262612,0.20098426926794974,0.20105448154657293,0.26658465864159564,0.2011070110701107,0.24308178863217078,0.2431482782853127,0.2893280632411067,0.243193395397857,0.2893650654254852,0.2432384966631542,0.20107120906137502,0.24328358208955222,0.24335001316829075,0.24341643258426968,0.2893004476432897,0.28936282253817797,0.2663448881088197,0.24341874341874342,0.26638589102395366,0.2664502544306019,0.2665146065444337,0.266578947368421,0.2009472853258486,0.26661989124714963,0.28922213452600193,0.2009821115398106,0.2892590968873301,0.289321409784324,0.24327167528710442,0.2665673211781206,0.24331667981418179,0.2666082383873795,0.2009464551748313,0.2666491412548195,0.2009988609480417,0.2666900297879797,0.266754270696452,0.2891555711282411,0.24323377419637382,0.26677176388159046,0.2432787459497329,0.2009632224168126,0.20103318448472113,0.2667658903869725,0.2010855291954828,0.24325980392156862,0.26678336980306344,0.2668475406966567,0.201102651614597,0.2011725586279314,0.2012424534079972,0.2668416447944007,0.20129472487096492,0.20136459062281314,0.20143444415289075,0.26683575301731677,0.2887625710537822,0.28882476390346273,0.266853195768121,0.20143381710089175,0.24302823673398025,0.2668706293706294,0.26693470850450135,0.24305191400104878,0.2887354714672726,0.24309681929395316,0.2669287898645697,0.24314170889393674,0.2669695116624443,0.2431865828092243,0.2670102192331208,0.24323144104803493,0.20129246354030217,0.2670275934334614,0.24325504234698334,0.26706827309236947,0.24329986905281537,0.267108938547486,0.26717290739286026,0.2672368650724385,0.2012392006283271,0.2672774869109948,0.28836925224674986,0.24323852730762519,0.2672947744918433,0.24328332170272157,0.26733536851286527,0.20120355834641548,0.24330688061393563,0.20125566794558772,0.2673293225215799,0.2673931996512642,0.2882050387934792,0.2674337517433752,0.24326680031378017,0.20123758061704725,0.2433115468409586,0.26742767514813526,0.24335627777293717,0.2674682000348493,0.24340099311786742,0.2675087108013937,0.24344569288389514,0.2675492074551472,0.26761299312026476,0.20114942528735633,0.2676534610361341,0.24342678042834756,0.24349264385827457,0.243558495821727,0.26764731482287407,0.2011314186248912,0.26768775563484465,0.24356073790462932,0.2877403636996433,0.2878023316512963,0.20113092648977818,0.2676583159359777,0.2011829172827694,0.2435206122803966,0.2877641534046439,0.24356521739130435,0.26762890183462307,0.2676925752043123,0.20116491350082588,0.2677329624478442,0.20121686223381138,0.26777333565096473,0.2435039541148866,0.2876259993048314,0.2677904248848727,0.2012163336229366,0.24350621144991746,0.26780750521195273,0.24355076869625641,0.2678478374153205,0.2435953104646114,0.2875130253560264,0.2678648953720587,0.2011633964229901,0.26790520010417573,0.26796875,0.24355524694036976,0.20118035063357056,0.20124967456391565,0.2679625130163138,0.20130151843817787,0.243536352594135,0.2873254099071745,0.24358084663428176,0.26793303842484173,0.26799653078924546,0.26806001214118463,0.28728754769337495,0.24356195265759126,0.2680769897693775,0.2436064152579107,0.2872746185852982,0.26809395856808527,0.20116137978852489,0.2681341537394922,0.26819757365684577,0.2872368079022615,0.20117830531970196,0.28727367235554013,0.2435031185031185,0.20121264616717194,0.26814481205612334,0.2682081926041396,0.24350536889504676,0.2682483331890207,0.26831168831168833,0.2011947017574236,0.2871364265927978,0.20124642949883148,0.24346546650510645,0.2012981393336218,0.24350986500519212,0.26823570130656743,0.26829901367018516,0.2013149926464227,0.26833910034602076,0.28699939451604534,0.2870610620999827,0.20133183429905735,0.26833275683154617,0.287073065283182,0.2013660729725056,0.28710988155960926,0.201417704011065,0.2871466851067508,0.20146931719965427,0.26825684901909946,0.20152091254752852,0.28713384602091074,0.2015724900639364,0.2682505399568035,0.2871458189357291,0.24315453053468083,0.2682674036966661,0.2683305984972796,0.20155440414507772,0.268370607028754,0.20160594025211534,0.28705862039195373,0.20165745856353592,0.2430729391454467,0.2870706024512342,0.24311728661430915,0.2682947877114256,0.2683579256191216,0.20163934426229507,0.20170822189629886,0.26837474120082816,0.2684378504269818,0.28695877177850615,0.20172488141440276,0.24301483270093135,0.28697076830214713,0.28703224693912743,0.20174152944219328,0.2018103448275862,0.287044220325834,0.28710567143595933,0.201844350598983,0.28714236470182697,0.28720379146919434,0.24289160778907462,0.2872404583441027,0.24293590627153688,0.24300111982082867,0.28725236864771747,0.2430453879941435,0.2431105752669652,0.26806165504176355,0.2872395384880317,0.20172191132156694,0.24311294765840222,0.2017732633209951,0.24315716990876227,0.24322230828814873,0.2871772805507745,0.2679631701230531,0.20177250043021855,0.20184117697668416,0.2019098417068135,0.2019784946236559,0.28711508687424736,0.24314096499526963,0.2432060543515652,0.24327113251354374,0.28710232158211524,0.2871636144785487,0.28722489683631364,0.2872861686581277,0.2677496991576414,0.287322733132789,0.2677896184255758,0.20185614849187936,0.24316892936930745,0.24323395480711402,0.24329896907216494,0.24336397216733957,0.26773750214739733,0.26780039508717685,0.20182068017863278,0.20188922284242164,0.24334535462819853,0.267794281789302,0.20192307692307693,0.24336852948750964,0.28703862660944207,0.2677881726890396,0.2019395811877789,0.20200806659229384,0.2678050454779475,0.20205920205920205,0.24330816746739878,0.24337308055245774,0.20209298335906672,0.28690282185436145,0.2869639794168096,0.20212674727724894,0.26770708283313327,0.20217782731715683,0.26774691358024694,0.2678096870981569,0.24327104405966055,0.26784949001457103,0.2679122386013027,0.2679749764332848,0.2868037703513282,0.24325250621197841,0.2868403015764222,0.2020902938404866,0.2021586431385986,0.26792291220556747,0.26798561151079137,0.20219234392395308,0.2022606610721014,0.24317150440962412,0.24323630136986302,0.26795651057272496,0.2866803629515494,0.2432594367884961,0.24332420403971242,0.2866923406076166,0.28675338011295565,0.20219046804141352,0.2433264887063655,0.24339122251689624,0.28674080410607355,0.2868018133607048,0.2434143003763257,0.28683827931240913,0.2021549512570549,0.2868747327917914,0.24341655266757867,0.20218859536633324,0.2868866472901351,0.243439610223096,0.20222222222222222,0.20229040252969832,0.20235857118441292,0.2434418525164488,0.20240943267259057,0.24348568987612132,0.2674696736716214,0.24352951225762365,0.2435941236761189,0.2024084037919549,0.20247651579846285,0.2674408675604133,0.24359631147540983,0.26748057713651496,0.20249274372545673,0.2865556978233035,0.24359849778081255,0.2436630536826833,0.2025089605734767,0.20257701169041728,0.286518771331058,0.2026277621363365,0.24364442927828014,0.26733771218971253,0.24368816103718868,0.2673773987206823,0.24373187787821934,0.24379636735738042,0.20259208731241474,0.20266007332253388,0.26734867860187556,0.24379848265280027,0.2673883395840436,0.24384215460666497,0.2862621441963525,0.20264167021729868,0.28629856850715746,0.24384425321632444,0.24390867268699948,0.2026578073089701,0.20272572402044292,0.2862618175623882,0.2027763583716573,0.24388997700757897,0.24395435967302453,0.24401873137505323,0.2027924399795675,0.26713203371073463,0.2861763704460334,0.2862371265639629,0.28629787234042553,0.2671262020253595,0.28633424098025867,0.28639496298817324,0.28645567466394417,0.2438962143768609,0.24396053079278665,0.2670749340818236,0.2864432726654193,0.26711455055702016,0.2671768707482993,0.24394184168012925,0.2672164597857507,0.2025843747343365,0.20265215912954776,0.24394390140246494,0.20270270270270271,0.24398742245262173,0.2671651937457512,0.2027360013595038,0.24401019541206456,0.24407442018520092,0.20276928304451242,0.26713666864860275,0.28613895022931884,0.24407643312101912,0.2027853260869565,0.2861509722340155,0.2862115809135677,0.20281857543085152,0.24405772495755518,0.2441218911807147,0.20285180784247156,0.266994823050157,0.24414460285132383,0.24420873992363173,0.20286780926522993,0.28607788241282767,0.2861384458771632,0.2029010094155569,0.24418999151823578,0.2668984818929692,0.20293419267299864,0.26693801407614687,0.2860776666101407,0.24417125900805425,0.28611393692777215,0.20293294905484446,0.203000508560773,0.24417323501991695,0.2030508474576271,0.24421659181425304,0.26681918318928993,0.24425993391510634,0.24432395798034565,0.20304955527318932,0.2031170591224801,0.2667908867620903,0.2443258807588076,0.2668303836057245,0.2031329381879763,0.28583523833714336,0.24432780223501524,0.244391771776856,0.2031488065007618,0.20321625052898856,0.2857989167230873,0.20326648049420326,0.24437299035369775,0.2666892292072087,0.24441624365482234,0.2667287031554014,0.24445948232109627,0.24452338661930137,0.20323071718538566,0.20329809725158562,0.26670049044478267,0.24452523886023506,0.2667399391274941,0.2033138895933722,0.28554522400676247,0.24452708984870256,0.24459093982420554,0.2033296712583453,0.2033969917187764,0.2855090832277144,0.20344711051030753,0.24457210441834926,0.24463591822943065,0.28549708590252554,0.24467905405405405,0.24474284266531543,0.28550920452626244,0.2855695347462636,0.24476528199932454,0.2448290417897847,0.2033597838932973,0.2663965560901494,0.24485145172180958,0.244915182715841,0.20337552742616033,0.28546114251961857,0.28552143098211274,0.20340841980933097,0.20347562004386704,0.24487557992408265,0.24493927125506074,0.2662562199544573,0.20349131388092426,0.2662956404418585,0.24494097807757167,0.2450046370457803,0.26631259484066766,0.24504762707578184,0.20347269049224545,0.2852928782132322,0.20352266981291084,0.28532906379034295,0.24502864846646444,0.2035554806639144,0.24507160909856782,0.2036054249852582,0.24511455525606468,0.20365535248041775,0.28524507326932796,0.26610526315789473,0.20368811047490737,0.26614464932221943,0.2852332042431386,0.285293374863204,0.24503367003367002,0.2450972140392223,0.20366941592324525,0.24514011613228984,0.2037192864355436,0.2037862852334876,0.24516237590442538,0.24522587700849668,0.20381897711978467,0.26596013121372697,0.24524810765349034,0.24531158018669583,0.20383451059535823,0.2850416211216682,0.285101731965697,0.20386717108028585,0.2039340954942838,0.24527191729007314,0.2850899310808539,0.24531473233044793,0.20394957983193276,0.20401646920426855,0.2453369181650143,0.2454003192472486,0.20404905913978494,0.2656866862662747,0.24542247606248951,0.24548584866045184,0.20406449445750754,0.26568141741540013,0.28488664987405543,0.20409705314415247,0.20416386836803224,0.24544615126332578,0.2848749370488501,0.24548887956357532,0.26560926485397784,0.24553159352185952,0.24559489847289814,0.2041278630757614,0.2041946308724832,0.26558174649777705,0.24559637644690488,0.26562106852302275,0.204209996645421,0.2846960167714885,0.24559785342948182,0.24566110505575584,0.20422535211267606,0.2042920613630648,0.28466051969823974,0.20434163104517644,0.2456419711699631,0.2654822760412302,0.2456845986257751,0.26552157519899455,0.24572721179624665,0.24579039959788893,0.2043055788239236,0.20437222547952089,0.26549413735343386,0.24579180973117828,0.26553341148886284,0.20438750732646738,0.284410582719357,0.24579321892005024,0.24585635359116023,0.20440277894031975,0.2044693672581185,0.28437526152816134,0.20451882845188285,0.26541711990628397,0.2654785809906292,0.2843637580523718,0.28442362389158443,0.2844834797156002,0.28454332552693207,0.26545120013381285,0.20446562970396387,0.24567271510995903,0.24573578595317724,0.20449795167628124,0.28448419996656077,0.265401655103235,0.24573721163490472,0.20451316339323025,0.24577970917599867,0.2458427341856773,0.20454545454545456,0.28440137020636647,0.24586466165413534,0.20457772951298972,0.20464416972936852,0.24588657813413514,0.2652413562719225,0.2653027139874739,0.2653640614562458,0.2654253986808049,0.28427116380030054,0.28433091243008596,0.24582637729549248,0.24588932476421,0.24595226172592222,0.20453976466661103,0.26535380507343126,0.20458906967042137,0.2653929584515268,0.20463835822140652,0.2459125792459126,0.2046876303278005,0.20475396163469559,0.2459344508381286,0.2048032021347565,0.28408238138914366,0.24595631148907787,0.28411838265944145,0.2841780593531177,0.24597816120696842,0.20478413068844808,0.20485040420035003,0.20491666666666666,0.245979501708191,0.2460423262789535,0.20494876280929766,0.265078307230923,0.2049979175343607,0.20506413459936698,0.2460231531606563,0.26507328447701534,0.20509617786660006,0.246044962531224,0.2461077345766381,0.2838827838827839,0.2051111296095896,0.20517729315798236,0.2461090303786933,0.20522636484687085,0.24615128567862196,0.26493592943917454,0.24619352691571678,0.24625623960066556,0.20522419099908493,0.20529030111462318,0.2649089245612576,0.24625748502994013,0.26494802494802494,0.2462996840179611,0.2836118732851085,0.2052710342534087,0.2836478510266855,0.24630091438071489,0.2463635608012634,0.20528590425531915,0.2053519488074462,0.2836130962273558,0.2054009140008309,0.24634430043203723,0.26476696851374926,0.2463864429307194,0.24644904061799153,0.26478405315614617,0.24649115521966614,0.2465537286165089,0.20534750477455782,0.20541348389239455,0.2647571606475716,0.2465548729868836,0.2647962148252677,0.20542828685258965,0.2833430160179268,0.24655601659751036,0.2466185378806738,0.2054430799867242,0.20550900190823862,0.28330844532935123,0.2055578598092078,0.24659920371599203,0.2466616903043875,0.24672416652844584,0.2467866323907455,0.2645936981757877,0.2055385125611475,0.2646327308903996,0.24678769791925723,0.2468501326259947,0.2055532532117696,0.2646278799933698,0.26468882075080796,0.2647497514086841,0.24683072334079045,0.2647887323943662,0.20553392428133543,0.2829688535453943,0.24683177337861342,0.2830048037104522,0.2055486542443064,0.2830407419675389,0.2831001076426265,0.20558039410498427,0.20564616276181802,0.24677152317880793,0.28308914824931714,0.20567786790266512,0.28312505172556485,0.2645647136709699,0.24675217211419115,0.2646036736720172,0.24679407628030114,0.26464262078093975,0.20564149226569609,0.2468155500413565,0.24687784302373667,0.26463777704267283,0.2646985859588192,0.24689928890358856,0.28292682926829266,0.2829861111111111,0.2469207241464826,0.2830219871053067,0.2469625588891644,0.24702479338842975,0.2830344599619866,0.28309370352007934,0.2831529372882756,0.283212161269002,0.2470053696819496,0.28324797621014375,0.28330717766581315,0.24702675916749256,0.2833429680403006,0.283402146985962,0.24704813805631246,0.2834379128137384,0.24708990340955997,0.2834736668317649,0.24713165497317374,0.2835094090458897,0.2052488239663283,0.2835451394619574,0.2836042577770443,0.28366336633663364,0.24709182410692188,0.2836990595611285,0.2641260414088922,0.2641867370504784,0.24709278350515465,0.2642256308758041,0.24713449327945905,0.2836411609498681,0.283700222606975,0.2642209398186315,0.2050943862830764,0.2642598087701945,0.24709470040385725,0.2642986649085215,0.2643592913061393,0.26441990771259066,0.2835956167092362,0.26445872466633713,0.2836312711096466,0.264497528830313,0.28366691376328146,0.2837259100642398,0.2645145351231162,0.20495718050065875,0.28373816385343764,0.26453153301498433,0.24689223676627975,0.2645702996378005,0.24693390402502263,0.2646090534979424,0.26466957452061557,0.2647300855826201,0.26479058668641486,0.28361033404640446,0.24689428218839984,0.26480750246791707,0.26486797729703054,0.2835992761967429,0.20478657784357265,0.2836348684210526,0.2648630869171943,0.24683440223647427,0.2836471265312834,0.2648799736928642,0.2649404027949034,0.20475094525727436,0.2836360647653489,0.2467948717948718,0.2836716246199359,0.2837304847986853,0.2648919562895407,0.20473217219848833,0.26493058407952025,0.26499096435025465,0.2650513347022587,0.24671484888304862,0.265089923626509,0.28362621120052556,0.2651284998768372,0.2467159277504105,0.24677776865610376,0.283615169922837,0.2836739719280965,0.2837327642810243,0.26508001641362333,0.24675857541441,0.28374497415278577,0.28380374138496883,0.20452867339404382,0.2838392124692371,0.2045771470757116,0.265009842519685,0.2838513901418847,0.28391011973101526,0.28396883968839687,0.2045752705805182,0.24661802082479298,0.264961469093294,0.26502172309205674,0.24663934426229508,0.28391115482337514,0.28396984100967054,0.20453986724575923,0.28400524418223533,0.2466202376075379,0.24668195969195478,0.26492995822069304,0.28399410222804716,0.2467032516995659,0.24676494676494676,0.2649250675620342,0.2839829675728791,0.20445427004012118,0.2045194039626658,0.20458452722063036,0.24672560576293387,0.2648768110010641,0.2839253560320838,0.26491529585072426,0.20458265139116202,0.2649537681040831,0.2839142529864179,0.2839728380921214,0.24664594240837695,0.2649488752556237,0.246687387534762,0.26498732313731904,0.2839385017991495,0.2839970561779377,0.2840556009811938,0.26498242171531355,0.26504251144538915,0.2044469876563394,0.2466078142880497,0.26505925623212095,0.2466492317750899,0.2839748304322955,0.2840333387808465,0.2840918375684288,0.20441176470588235,0.28412711379789235,0.20446005554647934,0.28416237850200116,0.2842208428618099,0.20449162923642303,0.20455658990690836,0.24650934922838247,0.26485956890920964,0.24655073883582332,0.28416326530612246,0.2465921149293935,0.264854717597127,0.26491471476373135,0.28415211359556064,0.24659322725418198,0.26493146214099217,0.2466345761605613,0.24669603524229075,0.2649482013214781,0.26500815660685156,0.26506810211238885,0.2651280378404828,0.2840251162032129,0.2651663405088063,0.24663677130044842,0.28403717593347466,0.28409554088204125,0.26516139550048906,0.20425462547884912,0.26519967400162997,0.2652595550484883,0.2653194263363755,0.2840381324859448,0.20425289229265114,0.20431771894093687,0.24649723036819812,0.2465586055225218,0.24661997067926372,0.26524961316068085,0.26530944625407166,0.2042993241592704,0.20436411007979158,0.20442888545143695,0.24658091826766526,0.26528286528286527,0.24662217157740518,0.265321071050704,0.2837727864583333,0.28383106843518596,0.2838893409275834,0.24660320559759175,0.24666449723397332,0.24672577889856015,0.28387831462502033,0.2839365595770639,0.28399479505530256,0.24672684394567782,0.2651650674906489,0.26522481502561185,0.26528455284552843,0.28396065360539796,0.20419443992846692,0.2839957733886044,0.26527958387516254,0.26533929297033726,0.24662766130342922,0.24668887624928904,0.2467500812479688,0.2839385815257129,0.24679122664500405,0.20412639103241004,0.2839506172839506,0.28400877121741247,0.26522657138216665,0.2840438489646772,0.2467521922702176,0.2468133474060242,0.2840558532229258,0.2040750060881565,0.26517857142857143,0.2041230419608798,0.2041876318779419,0.24677432443398523,0.26517364492048034,0.2839756592292089,0.2042024987830602,0.20426705605581244,0.20433160285528879,0.2651472138859599,0.20437956204379562,0.24669532073635553,0.24675640609795654,0.2838725370955972,0.28393059834603535,0.2043777867855695,0.24675745784695202,0.2468185134149307,0.24687955908575135,0.2838965880541373,0.2839546191247974,0.26497042379061664,0.26502997893372227,0.24686056874341733,0.2650680492546986,0.2651275820170109,0.2651871051352665,0.2042601441645744,0.2838516358924522,0.2839096283099846,0.2651821862348178,0.2042749574933204,0.265220207253886,0.2467416821824658,0.2652582159624413,0.2653176851477135,0.28382971835545484,0.265355668851663,0.28386470302637967,0.283922647463387,0.28398058252427183,0.28403850821130977,0.2840964245267756,0.20415756693359216,0.20422193464898092,0.2652648604933279,0.20426977195536147,0.20433411498342363,0.20439844760672704,0.2044627698277953,0.24648342764753436,0.26521703985126505,0.28394762366634335,0.2840054958377111,0.26523355422660416,0.2652929292929293,0.2044279250161603,0.28399450593843417,0.2840523509452254,0.28411018660634946,0.20444264943457188,0.2652451336725628,0.24632531093522855,0.2652830493418396,0.2840762273901809,0.284134033104562,0.20442435007266269,0.2841688867360943,0.24628672909267033,0.28420372911453706,0.24632768361581922,0.24638850778791058,0.24644932214331827,0.2841926894214476,0.2842504437631112,0.2843081887858007,0.28436592449177156,0.20432362668387513,0.2043878044845943,0.26502137269134607,0.2650806451612903,0.2044189984678655,0.24633123689727462,0.24639200193501573,0.26507578200580456,0.2651350261991133,0.2842173142028051,0.20440074151688564,0.2463733075435203,0.24643403980981546,0.26510878323932313,0.28418338570622836,0.24645504350628425,0.24651574961733666,0.28419526341227647,0.2842529198550141,0.20433311855670103,0.2650398647016187,0.28426477693670477,0.2043642805378855,0.2464573268921095,0.24651799372031238,0.26501368539687653,0.20437897448281414,0.20444301352221506,0.20450704225352112,0.24649927571221633,0.2045545988573268,0.2841165111039588,0.24652023493442754,0.2841512469831054,0.2465610168128067,0.24662162162162163,0.24668221668141238,0.2648383464693582,0.24672295938882188,0.28409456416854295,0.2648548685374286,0.2841292812349252,0.2648926762601495,0.26495176848874596,0.26501085121774776,0.2043883619996785,0.2466446998312304,0.2650273224043716,0.2840498192044998,0.2650650811505705,0.24664577809914034,0.28406169665809766,0.26508153265322515,0.24666666666666667,0.20432093807726287,0.2650979762287183,0.20436842527904922,0.24666773727316524,0.265114411882778,0.2651734104046243,0.2652323994541222,0.2839139508749398,0.2839714262781925,0.2840288924558588,0.26522750983067167,0.2652864708714492,0.26534542245045334,0.26540436456996147,0.28399518652226236,0.284052623134927,0.2841100505334082,0.284167468719923,0.24645119897345416,0.2653568564554932,0.2841792959666426,0.28423669018601666,0.2653732061252305,0.2842712842712843,0.2464128256513026,0.28430586726514906,0.26536827763084075,0.2843404391729444,0.2464139754788044,0.284375,0.24645461100873328,0.2653420926133632,0.2843867660017624,0.20394104453700737,0.24645574689627553,0.28439852634951146,0.24649635621045887,0.20395579756566304,0.2040195371927296,0.24651721377101682,0.26523096629573295,0.2652897854626961,0.284319218762507,0.28437650072034576,0.28443377350940374,0.28449103713188223,0.265263663279187,0.20395263242118739,0.24641971357708617,0.26528,0.28445724342052636,0.24644056950887858,0.2844917219867232,0.2652751119641715,0.2653338664534186,0.2845034383495922,0.2845606460382186,0.28461784457946915,0.2846750339755376,0.2847322142286171,0.246343217968188,0.28476662404092073,0.2652441460880684,0.28480102285440306,0.2652816620055933,0.2848354106743369,0.20372293680594392,0.2652979709218725,0.2848470325105839,0.24624600638977637,0.26531427202300134,0.2848586487781505,0.28491575501078015,0.2849728521239221,0.28502994011976046,0.20365639469902602,0.285064261195817,0.2851213282247765,0.20368744512730466,0.28515562649640863,0.2852126725720214,0.28526970954356845,0.2651400303199553,0.2651986596457635,0.28528121260470685,0.28533822590938096,0.26521496370742603,0.2652735683522093,0.2653321636494138,0.20358851674641149,0.24591340403476597,0.24597352894275235,0.2653272741768317,0.2852359693877551,0.2035870864886409,0.2852702056432329,0.2036343349007731,0.2653012432260121,0.2852816957526496,0.2458964143426295,0.26531750458130826,0.2852931803696622,0.2036166653389628,0.2853273856938028,0.2653126244524094,0.28536158012105767,0.2653500039818428,0.20361522535435578,0.24579982482681742,0.26536624203821657,0.2853276013056285,0.24582072918325107,0.26538247233940937,0.2654409423750398,0.28531635495423796,0.20356517587139902,0.28535052120633403,0.2854073838319542,0.2654149096984645,0.2654733492442323,0.24572428605520644,0.20354756601972637,0.28537341923168696,0.2457451884841737,0.2854075546719682,0.24578562340966922,0.28544167925578434,0.265384003816187,0.2458065029016615,0.2654213036565978,0.2854304109371274,0.2458273724368145,0.2854645156163077,0.26541640178003817,0.20341676599125944,0.2854759256316542,0.2034638913164376,0.24578964092786781,0.2653904202081182,0.2654487688641779,0.26550710825192597,0.2854193138500635,0.2854760581275312,0.2034302048594569,0.28551012306470824,0.2654811051127342,0.2655394141462253,0.2855215113510081,0.26557663306611634,0.28555555555555556,0.20339655582890248,0.2855895889541343,0.28564627469650083,0.2455569660425262,0.26552955176517257,0.2655878153260352,0.2455778535734116,0.20336294416243655,0.20342612419700215,0.28556701030927834,0.26556181111727856,0.2034570250555027,0.2655989851740268,0.28555573172665294,0.2034879112168054,0.28558972733037413,0.26559403978758817,0.20351878269139326,0.26563119106109834,0.20356576862123613,0.20362887251406386,0.2036919664078593,0.28551057593282103,0.2855671736375158,0.2856237623762376,0.20370663709805165,0.2452680763443415,0.2655210643015521,0.2655792224245784,0.2037212984956453,0.265616340748951,0.2855446485117163,0.28560120319797355,0.2856577489314548,0.2857142857142857,0.26559037670148783,0.20368758407849966,0.2857255894920082,0.285782103014479,0.24509493670886076,0.2655644331935765,0.26562252808099984,0.24511587439689947,0.2656596013919646,0.265717674970344,0.2857029890874585,0.24511741915078675,0.28573687539531945,0.28579334334730017,0.2656916996047431,0.20354122203778358,0.24509958899778692,0.26570773729550307,0.2857594436541805,0.20355590675622284,0.28579329962073324,0.2657027731689974,0.2657607836941065,0.2658187850541117,0.26587677725118486,0.2857594186873075,0.26591375770020537,0.28579325594250965,0.24494630448515478,0.2659297275957363,0.28580451602715934,0.2858608983974106,0.28591727186611937,0.2859736364353935,0.24490923441199686,0.20337779180806567,0.24494949494949494,0.2859622820168863,0.2860186207984851,0.24497041420118343,0.2860523824550331,0.26575688254318847,0.26581479728663826,0.2033283381970187,0.26585173501577286,0.28601845280340665,0.2860747516164643,0.20334305763620594,0.20340586565752128,0.26582577847851796,0.26588365126911556,0.2659415149365492,0.2860182849936948,0.2034045236031208,0.20346729708431835,0.26593649042628636,0.26599432713520327,0.20349799101867172,0.24468252717819441,0.26601024025206776,0.28591682419659736,0.285973064503426,0.20349661363994329,0.2446649342467911,0.26598425196850395,0.2660420439335485,0.2660998267989293,0.24466661418562544,0.26613664987405544,0.28587170405352225,0.24468754918935937,0.2859054064688754,0.26613157066414855,0.26618931465890316,0.28591660110149486,0.2859727794823381,0.24465072372561358,0.2860064500904586,0.2860626081484977,0.28611875737318127,0.26612142183076437,0.20327121176378077,0.24461393300833464,0.2446733233744791,0.28608490566037736,0.2861410266488484,0.26607451658544257,0.2032539495402028,0.24465576862621818,0.26609037328094304,0.26614804337576614,0.24467667164296378,0.2447360150848523,0.26616387775944694,0.2662215239591516,0.28599481580394315,0.28605089538171535,0.2861069661509464,0.2861630281137113,0.2862190812720848,0.24466080402010051,0.2661537253670409,0.2862301774218873,0.28628620770861135,0.2863422291993721,0.28639824189624047,0.24462407785277038,0.2661068822098407,0.26616446955430006,0.28638681836014124,0.24462576494586538,0.24468502392719857,0.2863978663319736,0.2661385206682877,0.26619607843137255,0.20288604815308603,0.20294855708908408,0.24464831804281345,0.28634153990904815,0.2661701293610349,0.20296331138287865,0.24464999608058322,0.26618592255839474,0.26624343600595657,0.2029780564263323,0.2662800720946634,0.2030246042939978,0.2663166967014025,0.266374177373864,0.20305522914218566,0.24455585148049505,0.2663899114905616,0.2861058897243108,0.28616179810478504,0.24455755677368834,0.266384778012685,0.2664422173504541,0.2861504736553668,0.28620635666196964,0.28626223091976516,0.28631809643080774,0.28637395319715114,0.2444827046486148,0.2663745206980202,0.2664319248826291,0.24450355997183318,0.24456266624941322,0.28631776578268014,0.28637359198998746,0.2664059444661713,0.20279993743156577,0.24454524126065535,0.2664216452924617,0.26647900539526154,0.20281469898358093,0.28629505120788057,0.266494684177611,0.26655202063628547,0.2666093481319368,0.24447049628761236,0.28626133166614565,0.26662499023208563,0.20276605719643695,0.24447222439253066,0.266640625,0.28622763846574484,0.2862833932198094,0.2666562524408342,0.28631677600749766,0.28637251073799297,0.2666718725597376,0.28640587178886545,0.2443785134291068,0.2864392224217347,0.2444184231069477,0.28647256264147997,0.2666250390259132,0.2666822758136268,0.2025909161854222,0.2667186890362856,0.2864388264669164,0.28649449949286104,0.20260571071930097,0.20266791481394805,0.26669266770670824,0.2667498635051868,0.2668070503821557,0.2864384309443968,0.28649407361197754,0.20265107212475633,0.26680180882582255,0.2668589693615031,0.28648269410664173,0.24413438303842855,0.26687451286048325,0.28649364819577583,0.24415523690773067,0.2668900490921842,0.24419510674770142,0.26692637319828594,0.2864599563727018,0.26696268598582223,0.24419691540738434,0.26699898746008255,0.2864485981308411,0.2865041663421852,0.2865597258993926,0.20244491162500974,0.26697290563687326,0.2670299727520436,0.2865483418963101,0.2441036817934148,0.26704545454545453,0.267102498248891,0.24412451361867704,0.2441833320364174,0.28649237472766886,0.28654788765268807,0.26707639645246617,0.20233372228704785,0.2441661481020535,0.2670918565761842,0.2671488567428838,0.28649195116260984,0.286547433903577,0.2671642951558977,0.26722127196392476,0.2865583456425406,0.24409203980099503,0.2865915273999223,0.2672159179232085,0.20222274034351442,0.24409387628225054,0.26723133110575803,0.28655788655788655,0.28661331675860463,0.24409571162212554,0.2866464693544628,0.24413546683237533,0.2671844660194175,0.2866573470021746,0.2867127436514716,0.28676813169746856,0.24411833216864665,0.2868012422360248,0.26713764459281114,0.2671945350100916,0.2020492121400295,0.20211114560695437,0.286767559177338,0.2868229085829582,0.2021416931791728,0.2671477343265053,0.24400651718519667,0.2671838634600465,0.26724071057326815,0.2867669872789327,0.2672768168773753,0.26733364355514194,0.2439705312136487,0.2673697270471464,0.2867333488408157,0.24399131648317568,0.26738506860996974,0.28674418604651164,0.20199984497325787,0.2020616958611068,0.24397426954971713,0.26735895846249225,0.26741573033707866,0.2020765535409887,0.2866661501510808,0.20212271459559963,0.24393833759392672,0.2866769945778466,0.2867322438230966,0.2673482032218092,0.2021218926663053,0.2439213256930463,0.28672086720867207,0.24396097863115515,0.2673221336223581,0.2440006192909119,0.28670949763913617,0.2673374613003096,0.20207414286819905,0.2673734715988237,0.28669813510794706,0.26740947075208915,0.2674661508704062,0.28670895868791585,0.2867641370774348,0.2868193069306931,0.24387036893804626,0.2868522815158546,0.2439099837599567,0.2673987008969997,0.24394958632954458,0.26743466831606616,0.2868187089292617,0.28687384044526903,0.2869289634382005,0.28698407791003244,0.2439137491305356,0.28701700154559506,0.267367282281122,0.24393447689692474,0.28702773700069534,0.28708281829419036,0.24395519505600619,0.2871157114166538,0.2673206148142427,0.2017299969107198,0.26735655262954666,0.20177606177606178,0.24391938846421127,0.2673718344657196,0.2870377518721532,0.2674077505017755,0.2674642994982632,0.20175980240815067,0.24388361503434436,0.2674795493131656,0.2869820202176094,0.28703703703703703,0.28709204536686983,0.2871470452090727,0.28720203656560983,0.26743289108299906,0.2674893945237177,0.24379145457349993,0.2438497724994216,0.28716841455891423,0.2872233788264323,0.2674633770239013,0.26751985197748823,0.24383287079864324,0.2675556925923071,0.287189764143672,0.20154142581888246,0.2438347718865598,0.28720043153271174,0.2872553552165203,0.24385545881809076,0.28728813559322036,0.2873430398274401,0.20150978277615159,0.2873757991219287,0.2874306839186691,0.2874855602618406,0.287540428153396,0.24378224378224378,0.24384046812442253,0.2875510046962815,0.2876058506543495,0.2672619505811716,0.26731834975369456,0.2876164088355268,0.2876712328767123,0.26733358984224703,0.20136965220067712,0.20143109948449642,0.2673488228958301,0.2674051850142319,0.20146153846153847,0.2875932620567649,0.2436548223350254,0.2437129893101592,0.287603814211012,0.2437524029219531,0.2876364754728587,0.287691243176751,0.20141451414514144,0.20147590129910062,0.20153727901614144,0.2876796556759665,0.20158315401168153,0.28771228771228774,0.24366067312125403,0.24371878601613522,0.26713275968039335,0.2671890604593993,0.20156706099247196,0.267224825255396,0.20161290322580644,0.2876123185623224,0.2876670250345569,0.2436458573293404,0.2671990171990172,0.28767754318618044,0.24366651312759097,0.24372457204268058,0.2876880564937059,0.28774272776114823,0.2437452033768227,0.28777530504182336,0.24378453038674033,0.2670912299547303,0.28778579100813256,0.20145761411584195,0.26710647437864377,0.26716269080309885,0.28777419849670194,0.26719840478564305,0.20145705521472393,0.2436929683306495,0.26721361754332157,0.24373227018324006,0.2877184912603496,0.26722882330394787,0.20144105472941898,0.2877289798421093,0.2877835683629675,0.26722354203387233,0.201455938697318,0.2436594896942763,0.28777198896720807,0.2436987665670727,0.2671977937796844,0.2877824588280352,0.2878370098039216,0.2878915524239871,0.26719252565477103,0.2879240370625622,0.28797856049004594,0.28803307556848634,0.28808758229980097,0.28814208068590674,0.2881965707287201,0.24355147340221966,0.243609367824889,0.2882069334965945,0.28826140189776556,0.2883158619634249,0.2883703136954858,0.2012087828016219,0.28840269277845776,0.28845712537290596,0.20123910050481872,0.24351816443594645,0.26690119302539,0.2884453620861054,0.20125401437528675,0.28847771236333053,0.2885321100917431,0.2885864995030961,0.2668552209142333,0.20125353512191393,0.2013145826964231,0.28857470385938094,0.2886290692342962,0.20134484603041186,0.20140586797066015,0.24333409733363892,0.266768525592055,0.26682453594072264,0.2668805377329667,0.2669365309707477,0.26699251565602566,0.2013745704467354,0.201435552840562,0.20149652592196687,0.2884409833562376,0.20154210245056875,0.2669465648854962,0.2015876650637356,0.24316898183483437,0.26696176448141645,0.2670177045177045,0.20160244181610074,0.2883412177628567,0.28839551384756235,0.26701251144339333,0.2884277976962392,0.24309687261632343,0.24315460300511021,0.28843807199511895,0.2431937771676962,0.24325148696050022,0.2884483415935951,0.243290637389448,0.26690554242585957,0.2884586064948925,0.24331122798993826,0.26692073170731706,0.24335035439372,0.2884468830970889,0.2669359140440448,0.20138677232551053,0.2669714285714286,0.2670272741124486,0.2670831111449684,0.2883912248628885,0.267118592428974,0.2884234577303884,0.24324118498210343,0.28845568077977457,0.28850986065636186,0.24326176336226588,0.26707270650932624,0.28852009744214374,0.2432823323437619,0.2670878368092556,0.24332140954410533,0.28850837138508373,0.20120234380945135,0.2012631258560341,0.26706231454005935,0.20130858186244674,0.20136934195511602,0.26707743800395556,0.2884308207195558,0.20139945238819593,0.243212411590235,0.2670722433460076,0.28841913162497146,0.2671076642335766,0.28845130388504525,0.2885053975976889,0.288559483086279,0.26710246275463667,0.20133769096298548,0.28856969144246847,0.20138308382095904,0.20144376899696048,0.2670769698351189,0.2014891353897584,0.2015497986781129,0.2670920692798541,0.2884922142043297,0.24297432781406653,0.2885243411559201,0.2885783718104496,0.20153390538385602,0.26704631738800305,0.2885885657884747,0.2886425751594291,0.2886965763303727,0.28875056930317294,0.26702087286527515,0.24286581663630843,0.24292327540411324,0.288738807102747,0.2887927763866758,0.24294385432473445,0.2888248236097413,0.2888787740858747,0.24296442387923842,0.24302184466019416,0.28888888888888886,0.288942818140452,0.2889967392128612,0.2890506521079769,0.201304117067253,0.24298711144806673,0.24304450003790462,0.2667525773195876,0.28901690290305465,0.26678793390935274,0.24304660856384994,0.2890269778720824,0.28908085170872166,0.28913471738142144,0.20122736570952346,0.24303030303030304,0.24308764487538823,0.2667020148462354,0.2891009619025979,0.20122690093910936,0.2667171525937145,0.20127214902317128,0.20133262663738927,0.24303452453058752,0.266712090241502,0.24307342922028766,0.2890015895844372,0.28905540417802,0.20131688488609703,0.28908733161798095,0.20136208853575482,0.2014225181598063,0.2430203525762276,0.2430776214253291,0.20145245479990923,0.2665658093797277,0.24309810150518116,0.20148237785509,0.2889661952658247,0.28901996370235933,0.20151228733459356,0.20157265991229398,0.20163302336130642,0.20169337768370124,0.26646004989039235,0.2665154950869237,0.20172322575769028,0.2665507859733978,0.20176830650646113,0.20182862324316156,0.26656592368719306,0.20187367784829255,0.24287980660270453,0.24293699954675932,0.242994183850744,0.28874622356495466,0.2887999395816026,0.28885364748527415,0.20184248282111303,0.20190274841437633,0.2888637221593054,0.242941265287634,0.2663999396089681,0.2888737922705314,0.2019020303419126,0.2019622641509434,0.24292506225945212,0.2020072441895563,0.26635478759526143,0.2888184698958805,0.2020369671821954,0.28885033192516596,0.2889039752583541,0.20206667672348771,0.20212685722905196,0.24283559577677225,0.2021717819168992,0.20223194088372795,0.24285606574681445,0.20227683956574186,0.2888051262721447,0.24287652645861602,0.24293359463330066,0.28881519445281884,0.24297234154796896,0.2022607385079126,0.28882525808153114,0.24299276672694395,0.20229036389663227,0.20235045954497513,0.26598870056497176,0.2023952997890931,0.20245537395495972,0.2660039162524477,0.2025001882671888,0.20256024096385541,0.2660191250658836,0.20260502936304772,0.288639614544907,0.28869316470942485,0.2026345502446368,0.20269456570826433,0.2887032437721081,0.202739313666466,0.20279930769809618,0.26591422121896163,0.20284402979459784,0.2427023773698465,0.2886481606860754,0.24274108620430268,0.288679954870252,0.2427797833935018,0.20282770549748064,0.2886900285757257,0.24280021054214604,0.20285714285714285,0.20291707390421773,0.26574951135167646,0.202961737953845,0.28863499699338546,0.28868846298384065,0.2427476326469262,0.2428045389644548,0.26570483919446947,0.24284318881959577,0.2886551465063862,0.24288182706032604,0.20289963942307693,0.24292045369188012,0.20294426919032596,0.20300413067968456,0.24294082306999099,0.2656003604415409,0.24297942634029132,0.265635558225092,0.243018018018018,0.26567074543953156,0.28847019966971926,0.20295729190122344,0.20301711197838487,0.20307692307692307,0.2429836410025514,0.26562617243190517,0.2884153661464586,0.243003976292295,0.20307576894223556,0.24304253244317756,0.2430993099309931,0.20310507762694066,0.24313784310784461,0.24319460067491563,0.243251349730054,0.2882957186773637,0.28834907782276203,0.24327160956593447,0.2883808095952024,0.288434150363541,0.24329186029081099,0.28846586224986887,0.28851918465227816,0.202997377294867,0.28855087666716617,0.265303064359032,0.2030266706622715,0.288560940894449,0.2653183520599251,0.2432027563478391,0.2432594367884961,0.28854938965026583,0.24329788827317658,0.28858105578435045,0.2886343216531896,0.24331811035412143,0.28866596795927535,0.28871921551014296,0.28877245508982036,0.2888256867000973,0.24330190091303697,0.2888572925241338,0.24334031727027836,0.28888888888888886,0.2433787221307796,0.24343532580234906,0.28889886295631356,0.2434737078315506,0.2889304412864622,0.2889836212699125,0.20273706251869578,0.2434756599117625,0.24353222670853897,0.24358878504672898,0.28895035885167464,0.28900351349330944,0.24360891015099417,0.28903505493684134,0.2890881913303438,0.20267543531873553,0.28911971304737705,0.2435926174998132,0.2027047220561865,0.28912962271199105,0.2436127297176154,0.20273399566743855,0.2436510307738273,0.24370752109940996,0.24376400298730397,0.2438204764393996,0.2890531660692951,0.20271783767639812,0.2890846647752725,0.24382232176185142,0.2644819349059421,0.2890945734119579,0.2891476339752202,0.2027016941562803,0.2891791044776119,0.24378777703156482,0.2644381435606626,0.24382600910243976,0.2891674127126231,0.2892204401342783,0.20267044606892437,0.26441411203102855,0.2892303102625298,0.26444925050339324,0.2645041014168531,0.28924017597494595,0.20265433939755442,0.2027137851338254,0.264499776353064,0.24368244502422662,0.26453488372093026,0.2891853618543639,0.28923833656282605,0.28929130337581044,0.289344262295082,0.20266746144102527,0.24362986142154672,0.2644714296356999,0.26452622169249107,0.28931098696461827,0.2645612989721436,0.2646160720935429,0.26467083705689604,0.2647255938640256,0.2892777364110201,0.20259102077283894,0.26474091721262655,0.24350480160798035,0.24356111359237756,0.264756233717901,0.2025900565644537,0.20264940090794076,0.2435630302128293,0.2891584195252623,0.2892113095238095,0.2647124469905513,0.24356494569260526,0.243621215502492,0.26472775959535855,0.24365935291930085,0.2647627547225941,0.24369747899159663,0.2891136228435455,0.28916648077924006,0.2025278810408922,0.28919782915768344,0.2647190008920607,0.20255705047201367,0.2436450126356474,0.2647342995169082,0.2436831153388823,0.26476926506650816,0.24372120671719424,0.2891002303291478,0.28915304606240716,0.28920585394844367,0.24372307235180507,0.2892371685359875,0.28928995840760546,0.20245079836613442,0.2025100252487747,0.2646469146803297,0.20255420255420256,0.2436706511248051,0.20259836674090573,0.2026575606859179,0.2027167458432304,0.2646032806353448,0.24365444559893126,0.28912801484230055,0.2891807658058771,0.2027157379238703,0.2892120492654697,0.2645596854366051,0.2027448071216617,0.28922186781396036,0.24358403797656134,0.2436401394348439,0.28923168199347377,0.289284390063033,0.2436600919472045,0.24371617112775265,0.24377224199288255,0.24382830454444362,0.24388435878428466,0.2892298569416648,0.24392232434034983,0.24397835914918847,0.289239662072032,0.2892923304927751,0.2893449911084766,0.20256353263688226,0.24396206845458587,0.28935476701977925,0.2894074074074074,0.20257758684541885,0.2641830839875574,0.20262163963563654,0.20268068720379148,0.2641984450203628,0.289352880201392,0.28940549344784183,0.289458098904353,0.20267969501813607,0.20273871206513694,0.2438013470505514,0.20278271166370634,0.20284170798490342,0.26409649252626904,0.2641509433962264,0.20287067179638946,0.2437671080861138,0.2893179464417813,0.24380501516384348,0.2893491124260355,0.2894016714740034,0.20285460730661145,0.2640686238260741,0.2894114167406093,0.20288354898336414,0.26408398639656955,0.2894211576846307,0.20291247782377292,0.26409934215389164,0.20295639320029563,0.2894095041016924,0.20300029559562519,0.2894406266164191,0.24360868922713166,0.26405615072035465,0.2894503546099291,0.2436285735391889,0.2894814595952135,0.2436664450845705,0.24372230428360414,0.2894911749501514,0.24376015359621916,0.26397400871298826,0.28950088600118135,0.2895533407161314,0.2028643141886904,0.2895844098324352,0.24372601121936818,0.20289320245036535,0.26391143911439113,0.20293705261604308,0.24372786304604485,0.2895299933594038,0.2895824110963553,0.2029509406123202,0.2030097373856595,0.26384893412996974,0.20305354772090278,0.20311232391769304,0.24365781710914455,0.20315610943145787,0.28948532664798704,0.24367765243677653,0.20318490120908286,0.26376704754883895,0.2894736842105263,0.20321368025355643,0.20327240566037735,0.20333112241137888,0.26374355195283716,0.2637978041411834,0.20335985853227231,0.28939806969719295,0.2435538529541771,0.2894290976058932,0.26377430760165,0.2435736908006187,0.2894387980556783,0.2894911260033876,0.20331369661266568,0.2637508283631544,0.28950080989544985,0.2033424133107561,0.28953180212014135,0.2637467795362532,0.2033711173266598,0.26378155589902114,0.24345010303208714,0.2894988593715505,0.2434878587196468,0.28952983592083,0.28958210712183635,0.20333995438828809,0.24348977490069149,0.28959176167708717,0.2896440129449838,0.2435095977053762,0.28967495219885275,0.28972718582248697,0.24352941176470588,0.28975810602161606,0.24356712248198795,0.24362273028008527,0.28976771537783,0.24366041896361632,0.24371600764368662,0.2032042331153083,0.289756025867137,0.2437357630979499,0.20323291697281412,0.24377341855851883,0.2897443432265648,0.289796518034232,0.28984868517702367,0.20323172970987882,0.26329318448883665,0.2633472864801351,0.28983698046702894,0.2032454658932374,0.2436857562408223,0.2032890389839219,0.2633240346498312,0.24370549805476033,0.24376100998238404,0.20330275229357797,0.2033612211947747,0.2897189403390328,0.28977105958321103,0.2033898305084746,0.28980190755685986,0.20343335045117747,0.24369131455399062,0.24374679087508253,0.28979023030658646,0.24378437843784379,0.2034320915224406,0.20349050377649042,0.2035489074644376,0.24378620133440868,0.2035923753665689,0.2897148302910344,0.20363583052338366,0.20369420215495126,0.26297273526824977,0.2037376328325394,0.2037959841711857,0.26298820253535576,0.20383939038686988,0.2896182870539966,0.24366300366300367,0.20386784850926673,0.24370055669498975,0.24375595107302425,0.28958546945949903,0.289637495422922,0.2038664323374341,0.2437577798930951,0.2896470932786645,0.24379529980232814,0.20387994143484628,0.26279188931996195,0.2896354852876592,0.20390836565907927,0.26280737704918034,0.2896450786681303,0.28969705839309234,0.28974903051145096,0.2898009950248756,0.24369010168995536,0.28983174835406,0.28988369541364933,0.28993563487419544,0.20383237036495283,0.2626883135878309,0.20387568555758684,0.24363849078677977,0.2436937924983549,0.2898815616318175,0.28993347466920094,0.28998538011695907,0.20385936700533586,0.26260780587633387,0.2899948841628298,0.243642209880152,0.26262331019364266,0.2900043840420868,0.2436618689267188,0.26263880771478665,0.2626926729490832,0.24368151935719504,0.2899715141333723,0.24371895997662868,0.2626889651646827,0.2627428070687893,0.26279664110989415,0.20370911214953272,0.2437030006570782,0.28989633523142067,0.24374041900868676,0.26277372262773724,0.28990584628859206,0.20369289154867903,0.26278917025468873,0.2628429655575015,0.28989419919737325,0.28994600904713264,0.2899978113372729,0.26283921797490517,0.24363556787511853,0.24369073668854851,0.2899861425133105,0.2628354725787631,0.29001677240574636,0.26287005979291234,0.2629238060517681,0.2436570428696413,0.2900051031566669,0.29005685960052485,0.24367665281726072,0.24373177842565596,0.29006632169666935,0.290118058592042,0.20345405523573562,0.20351209559895075,0.20357012750455372,0.2627859536645782,0.203613316820864,0.26282051282051283,0.24364483939107,0.26285506190823016,0.2900007282790765,0.24366443344013983,0.26287045802082576,0.26292412989660696,0.24368401892974154,0.28996796738497377,0.29001965494649484,0.2629203668656282,0.29005022199577846,0.26295487627365355,0.29008078014700533,0.24363265900160094,0.29011132940406026,0.2629511059371362,0.20341942524554382,0.20347737523643242,0.26296646541063506,0.29007855688100087,0.2435813513710088,0.2629818181818182,0.2436186459166606,0.243673647469459,0.26299716425507164,0.24371092045950268,0.2034169392948019,0.2630125036347776,0.2630660754524969,0.2899403983137084,0.28999200523293844,0.26308139534883723,0.263134946588184,0.29000145327713994,0.2900530407614619,0.20335658238884044,0.29008354522339264,0.26311201510969057,0.243553424856541,0.29009296920395117,0.29014452756191444,0.2901960784313726,0.2630891002832038,0.20331106593087422,0.2902054744790532,0.2631043995934369,0.2033393829401089,0.203397212543554,0.263119692240691,0.2901727391493686,0.29022425430002174,0.26313497822931786,0.2631884478629998,0.20338122188361632,0.26322281070884423,0.2632762623331399,0.24330794341675735,0.2901494269548818,0.26329150649162253,0.24332753118653902,0.29015882224961925,0.2633067440174039,0.20332100645348417,0.29016821345707655,0.20336402523018923,0.2633028853124547,0.29017760057992026,0.24325891562771818,0.2902080162354135,0.29025945789244817,0.26327994782230596,0.20333333333333334,0.263314252590392,0.2633676278800174,0.29022676229805117,0.2634019124891336,0.2634552698297718,0.24315514993481094,0.243209965959296,0.290194090382387,0.29024549207038886,0.20325850832729905,0.2634132213453045,0.2431943237764263,0.24324911315427497,0.2634284059649631,0.2901918204849801,0.2902431962941517,0.29029456466671494,0.24323346359820525,0.2634054562558796,0.2903039073806078,0.20316909051443455,0.20322673997974244,0.29031324603921,0.24320023148148148,0.2633634719710669,0.2903225806451613,0.243219787372532,0.2432745154758461,0.24332923566418396,0.2633405639913232,0.29028992842166146,0.29034123770965875,0.290392539579267,0.20312274107271938,0.20318033971810626,0.2632986412257878,0.2032232420322324,0.24324324324324326,0.29033889731917045,0.24328034682080926,0.2032367603496857,0.26325675480421906,0.20327963591707,0.20333718578445537,0.29028530155290716,0.29033655929510327,0.20336534989528418,0.24321201617562102,0.20340818831684598,0.2432490974729242,0.2631578947368421,0.24328616806237366,0.29026203710387644,0.29031326692651943,0.20339227715626126,0.2034497690531178,0.2903225806451613,0.2903737913118776,0.2034778844072444,0.26305916305916305,0.24320034629536108,0.24325494156687347,0.26307437062684846,0.2631275245239469,0.20346195456184638,0.20351939997115245,0.29025744573447754,0.2903086241707528,0.29035979522676475,0.29041095890410956,0.29046211520438325,0.2630478662053056,0.2034887911771066,0.24311662101773102,0.24317117117117118,0.2035168636494667,0.20357425956618866,0.29038766392851995,0.2904387924202032,0.2036023054755043,0.29046898638426627,0.2629304134850886,0.24310307570409853,0.2629645635263613,0.29045732805185454,0.20358634595995967,0.2036436955425938,0.24308755760368664,0.2904456764345885,0.29049676025917925,0.20365704412929234,0.26288511373452345,0.20369970488735334,0.20375701741759034,0.20381432169845268,0.2904432930339666,0.2430020867813197,0.24305655489998562,0.29045255054320457,0.2430935251798561,0.20379828789295734,0.2431304848223277,0.24318492411709702,0.2904200230149597,0.2904710535778497,0.20379692219185963,0.2038541741568994,0.2904802991084268,0.2905313106621612,0.203882099209202,0.2625979440730357,0.20392466935020126,0.2430820096312801,0.24313640937185568,0.29047790154509523,0.2625754527162978,0.26262844003736435,0.2626814197442161,0.24312091385875423,0.2038793103448276,0.20393649881474032,0.2626777761815831,0.2431228901817137,0.24317724791726517,0.20394973070017952,0.2626741347120494,0.20399224527895454,0.2431792073520965,0.2902577356594156,0.24321608040201004,0.2432704041346637,0.24332472006890613,0.2433790282064164,0.24343332854887326,0.2902045209903122,0.24347014925373134,0.20391762933199398,0.26251973023389297,0.29019298371475716,0.24347202295552367,0.20393085144537695,0.29020226653277864,0.24349135767051566,0.2902323580034423,0.24352814628899247,0.24358238921554567,0.24363662436366243,0.20390020074562662,0.2436733816044161,0.29017921146953407,0.29023009103290087,0.20391341743119265,0.20397047229986384,0.2902393578902107,0.20401289860265137,0.2622527944969905,0.29024862076377445,0.2902994698380857,0.2903503116269074,0.2904011461318052,0.20399684836329776,0.20405386047844148,0.29041037026426986,0.24348324262389,0.2621553884711779,0.2435199770872118,0.24357413904202763,0.29037800687285226,0.24361085260219056,0.2621331424481031,0.290387230692148,0.24363011737761237,0.29041723323552565,0.24366680978960928,0.24372093023255814,0.2904264453348598,0.2904772125634972,0.24374016311346403,0.2038772444380857,0.29048640915593704,0.20391960517845648,0.243741953940781,0.20396195380104412,0.29047482837528604,0.20400429031104755,0.20406120406120407,0.2904840208765282,0.24370889333714613,0.29051397526628064,0.2905646890636169,0.2040597526981631,0.2617924528301887,0.20410205102551277,0.24367586108332143,0.26180778849589137,0.24371248928265218,0.20411516753590056,0.29047006715245033,0.2437316951210801,0.24378571428571427,0.24383972573387616,0.2617483216683331,0.26180104263372134,0.26185375606969435,0.29039628704034276,0.24382407539625875,0.29042621546369674,0.24386065105653912,0.24391462631165678,0.29043540328336903,0.29048604667761047,0.20396802740508135,0.20402483408263755,0.24389895818467247,0.20406707099536212,0.243935502283105,0.2904330455875009,0.24397203595377373,0.29046294314858406,0.2905135520684736,0.2439911561229584,0.2615889316787905,0.2616415888183698,0.24401026811180831,0.24406417112299464,0.24411806644802508,0.29043986597276683,0.2904904476760764,0.20393470667902203,0.24411974340698503,0.2615636804219229,0.24415621436716078,0.24421007624884203,0.2904375089069403,0.2904880655504097,0.2615417497862639,0.2905179169338178,0.29056845704516315,0.26155709096089463,0.2905982905982906,0.2615910547681789,0.2441247685514884,0.29060742006693724,0.2906579322130447,0.2441438234247063,0.2906877402819308,0.24418025201110558,0.2907175398633257,0.24421667022563884,0.20370106761565837,0.26147605152658177,0.24423569598633646,0.29068526293318153,0.29073573359897537,0.26147278548559233,0.20368525896414344,0.26150672262929503,0.20372741499502062,0.26154065011736255,0.20376955903271693,0.20382618590427423,0.2906414450291566,0.2038683069046434,0.261518771331058,0.2039104159260576,0.2039670126546282,0.26153408686997937,0.2040090986636338,0.2905679152747175,0.2615493958777541,0.29059768317816786,0.2615832859579306,0.20400767426987848,0.2906067926673298,0.20404973357015985,0.2041062801932367,0.2906158982737799,0.20414831652223328,0.20420484409404077,0.24382102272727274,0.29060436048576094,0.2906547365431047,0.20421785131009018,0.20427435387673956,0.2043308484203053,0.26139429220502625,0.20437282600979625,0.2906019307211811,0.2906522819220669,0.2044002838892832,0.2613725072741466,0.2614249219415271,0.2044277300787625,0.29062012203774656,0.20446967009577866,0.24361520998864927,0.2906292118890544,0.2436515817846503,0.20448258741754735,0.26134751773049647,0.2906176866888873,0.2906679903559779,0.29071828688931434,0.2044809982983551,0.2045373980857852,0.20459378987664822,0.24356702346352874,0.24362064077119364,0.2612516833227018,0.243656980864635,0.24371058039827084,0.2906037414965986,0.24374690002125698,0.20454867507439423,0.2906128232376904,0.24376593935959195,0.24381950839413474,0.2906219011191387,0.24385579715277286,0.26111898016997165,0.29063097514340347,0.24387480526837557,0.20448913120441833,0.2906400453129425,0.26109734513274335,0.26114965312190286,0.2906491116302117,0.24384201585503965,0.29067874584188547,0.2907289455060156,0.24386101479017763,0.26110953863572034,0.2907379891035166,0.24388000566011037,0.24393349840820658,0.24398698358800228,0.24404046120110348,0.29070589899561466,0.261050993705354,0.24405940594059405,0.20429955448695283,0.20435581954461887,0.26104786820335146,0.29065328054298645,0.20438317426652527,0.20443941750318112,0.2906623312363045,0.26102629346904155,0.24397483921125168,0.24402826855123674,0.29065083739665043,0.20442340305257206,0.2906804211121317,0.2609862936272432,0.244012716354645,0.2610200621644532,0.24404888041251677,0.24410227433253284,0.261035383854792,0.2610875706214689,0.2611397500176541,0.24410394012145178,0.29054578832168326,0.244140073425586,0.26113660430638896,0.26118876182408585,0.24415896096562434,0.26122247317899494,0.26127461359305526,0.24417784050811575,0.2613083056947287,0.2904318374259102,0.24419671205813873,0.2442500352758572,0.24430335097001762,0.2612866817155756,0.29039994357057203,0.2613203554803216,0.29042950842795684,0.2613540197461213,0.24427050278541712,0.2904385841207164,0.29048861312839314,0.2905386350817823,0.29058864998237577,0.2040039475539264,0.2906181715655177,0.2040456723992106,0.2041017689759673,0.26124031007751936,0.2041434712141498,0.29058624577226605,0.2041851616994293,0.26123714245455826,0.2042268404367735,0.2042828965905889,0.2905543424667183,0.29060431046626284,0.26121557856187055,0.2042957746478873,0.2043518062108302,0.29059287424306435,0.20439343800605506,0.26119402985074625,0.29060190073917636,0.26122765028861045,0.2906313788977265,0.2438766891891892,0.29066084875782955,0.24391273750879663,0.26120610794455,0.29066985645933013,0.2439316119045944,0.2612213310820318,0.29067886035877594,0.2612549240292628,0.29070830695646055,0.24391616261077506,0.26127013151417117,0.2439521800281294,0.2906968567611279,0.2439881873154268,0.2440413414891373,0.2612485939257593,0.2440773286467487,0.24413046534514268,0.2906445490967878,0.2612454315434355,0.20409023824583597,0.26127898805340827,0.2613308973367999,0.2906127037661608,0.2613644347642802,0.2614163271041169,0.29062170706006324,0.24402922169148636,0.2906511203202922,0.29070094114341904,0.24404803708125572,0.26137640449438204,0.24408398286637176,0.2441370594017694,0.20395983992136488,0.2906486941870261,0.24415584415584415,0.2613365155131265,0.26138836246227276,0.2614402021336328,0.24415748473577092,0.20392982456140352,0.2905760999228124,0.2906258770698849,0.2039570616712271,0.20401290865721902,0.2906348649596633,0.2040544332210999,0.20411026162586798,0.2906438490671904,0.29069359702643943,0.2907433380084151,0.2041231330201248,0.2440050483803113,0.24405805230316202,0.29073191250701064,0.261198738170347,0.26125052572550117,0.2907408705404079,0.20409307541351276,0.20414885415936646,0.20420462508759635,0.26122906593791606,0.24397421524663676,0.20423176627198206,0.2042875157629256,0.2612259194395797,0.2612776688147941,0.2613294109406738,0.20430032217397395,0.2905665662861545,0.26134453781512607,0.2613962607660528,0.29057554964290716,0.2042988167751873,0.2043545225427051,0.2613930696534827,0.20439591208175836,0.2905438510534052,0.26140817469204924,0.2905731681713206,0.20440867739678095,0.29060247708347914,0.2906521130702491,0.2907017421115231,0.2907513642087589,0.20440713536201469,0.20446278679350868,0.2613135622857942,0.2613652259057211,0.26141688229946153,0.20447552447552447,0.24354940213971052,0.2045168507900993,0.2614136894357827,0.20455816554809844,0.2046137714085984,0.20466936949531664,0.29055706996575104,0.2613922281241264,0.2046963449577189,0.243466107617051,0.20473761442247224,0.29052543320290664,0.2613707818067491,0.20476456615900518,0.20482011875654907,0.20487566359318246,0.20493120067053153,0.2049867299902221,0.2613310985404009,0.29043296089385473,0.24334892814747575,0.29046222594609694,0.29051176429518955,0.2613096900307177,0.24335078534031412,0.2905207315370655,0.2613247714106233,0.2905499720826354,0.2613580850024426,0.24333565945568736,0.2905589281976136,0.29060842869104103,0.24335449661620037,0.2906376447607088,0.29068712940355773,0.20479910714285715,0.24335635070098346,0.20484028455851583,0.24339214729060604,0.29065550906555093,0.24342793389582315,0.2906847022730442,0.29073415603430247,0.20482431678750698,0.20487974904147788,0.24341279799247176,0.2049208893845403,0.24344856425982717,0.2906822775106279,0.29073170731707315,0.26102710612500873,0.2049191750278707,0.2610604054901414,0.2611118851887975,0.20494601184256356,0.2906798551128448,0.20498711429964478,0.2611087895250035,0.2433317083362351,0.20501392757660167,0.20506928486874174,0.26110569558557306,0.2433335654111258,0.20509607351712614,0.24336930038287505,0.2051371293331477,0.20519245493144012,0.2433880846325167,0.20523348876052613,0.2904662491301322,0.24340686103959364,0.260993598664069,0.20524594726222778,0.2610268540420203,0.29043478260869565,0.24339176405119645,0.24344439034569104,0.20524412296564196,0.20529939495097016,0.2609874826147427,0.29038314442667407,0.2053261020720345,0.29041229228950843,0.26098442714126807,0.205352798053528,0.26101765605449745,0.2053937582539793,0.20544898526549904,0.20550420460073668,0.24329395413481583,0.20554513237440067,0.26097832128960535,0.2902799972208713,0.2055717660136168,0.26099340048627995,0.26104473464851347,0.2055983885531708,0.26107792748992914,0.20563928050559066,0.29020833333333335,0.2431775571140893,0.20566587973892514,0.2057210303409012,0.2901971674534851,0.24317945157931273,0.29022629459947247,0.24321510376900118,0.26096612992781787,0.2902352696231522,0.26099930603747395,0.20567621955450696,0.2902442409103525,0.26101436203427464,0.20570278895518246,0.26104751994450226,0.24313263041065483,0.24318512866754527,0.26106256068802886,0.24322075039877938,0.29015256588072125,0.2902017890576243,0.2902510054084038,0.29030021493447966,0.29034941763727123,0.29039861351819757,0.2431720504644392,0.26096901642753173,0.29040754089270865,0.29045671910735327,0.2905058905058905,0.2905550550897374,0.24314024390243902,0.2905840781542299,0.29063322710267425,0.24315898856944926,0.29066223330562485,0.29071136662741565,0.24317772544673777,0.29074035598033104,0.24321329639889197,0.20538743854303718,0.24324885749896136,0.2433012532022433,0.26073109941844363,0.2433367947386639,0.29066869721722277,0.2433723264345539,0.29069767441860467,0.29074676448197107,0.2053287197231834,0.29077572486333125,0.20536949903127594,0.24334048294471736,0.20541026705410267,0.26060186786579037,0.2907443276148312,0.24334232551705057,0.20542260340296029,0.26059893491942737,0.26065006915629324,0.2907129520780029,0.2054349329276725,0.29074189310654774,0.20547566371681417,0.29077082613204286,0.20551638324346744,0.2605930738923066,0.2606441802598839,0.20554288478816782,0.20559778852798893,0.20565268467970424,0.20570757324488667,0.26062322946175637,0.29065911289208235,0.24310880829015544,0.24316109422492402,0.26062029425986044,0.2906478795413731,0.2431797776089509,0.24323204419889502,0.29065672260203024,0.290705703632095,0.2432507077262998,0.2907346037006352,0.2907835692095271,0.20557779925445258,0.29081245254365984,0.2908614025400331,0.20560425150113879,0.2908902691511387,0.2909392036436409,0.2056306927960254,0.20568550334644312,0.24313509038222714,0.20572611245256986,0.20578090507726268,0.26032972339104643,0.243136984411643,0.29084764466514934,0.24317241379310345,0.2432246051996414,0.24327678940835748,0.29083637868027307,0.29088527302813016,0.2057221647707687,0.2602371432510685,0.29089405114772177,0.20574855252274607,0.2058032945068578,0.2602343211578222,0.20584384260216387,0.24317805953693494,0.24323020740026183,0.2908226539892518,0.2908715122287289,0.24324882887847893,0.24330095749810568,0.29088028654084586,0.2057992974722777,0.2909090909090909,0.20583981819433922,0.20589450488913372,0.24326929697720856,0.290897824290829,0.29094664371772805,0.20590665014456835,0.2909754250705583,0.2599807268722467,0.20593296166288114,0.24322092222986924,0.20597343610212648,0.2060280759702725,0.2909241037638478,0.24322278794550709,0.290952872377021,0.2910016510731976,0.24324138405448167,0.2910304030815793,0.2432767040374166,0.25983493810178815,0.2433120143043807,0.2433640489616284,0.20594100254417932,0.2433993399339934,0.24345135785493296,0.20596727622714148,0.2597786485185949,0.2908990926587847,0.24345315829266617,0.2597938144329897,0.2434884200398598,0.24354040681693237,0.2598089740946884,0.2908478768723375,0.24355891446238406,0.29087661445452045,0.29092532802088344,0.243577414480011,0.2909540490418298,0.2910027472527473,0.20582377583957145,0.20587831341848647,0.24356245279132047,0.20591870365284262,0.2909715070374185,0.20595908279555128,0.2596279261344134,0.2909802306425041,0.2435307845425218,0.2910089224433768,0.24356598723491868,0.2436178973373593,0.24366980031565225,0.20591464251406613,0.25955403087478557,0.24368825466520308,0.25958702064896755,0.29091782137467415,0.24370670141985046,0.25960219478737995,0.24374185583979152,0.2909065971745988,0.2909552218336419,0.24376028524410312,0.20582790538224202,0.2595639654463184,0.20586823884280525,0.2437619961612284,0.20590856124477347,0.2059629883481837,0.29086423137550543,0.2909128289473684,0.25950798327965463,0.25955872276277925,0.20596094552929084,0.24369690326116744,0.2908816880180859,0.24373201808466913,0.29091033632440577,0.25952054794520546,0.2595712622423122,0.29091905218463227,0.20591659248099706,0.2595864146809093,0.259637110578569,0.20594276324798028,0.24365030464845622,0.2596522453450164,0.24368539941132178,0.24373716632443532,0.20594072958729726,0.20599507254311525,0.2437555601177034,0.2907485972355276,0.29079712624016424,0.2908456486042693,0.20599302182390367,0.2595430291421535,0.2908543676038033,0.2595759233926129,0.24369058203953217,0.24374230611407469,0.2595910551870341,0.2596416849015317,0.2908034188034188,0.2908519075618761,0.2059205578724277,0.25963904840032814,0.2596896575295646,0.2597402597402597,0.20593260884423484,0.2908009841443412,0.2908494498735734,0.20595872625392922,0.2435941236761189,0.24364580486471712,0.29083828653412586,0.25966662112310424,0.2059566910308081,0.2596994535519126,0.2059968581381053,0.20605108591722443,0.20610530628969473,0.2061595192570336,0.20621372482075795,0.20626792298238428,0.29070799481122417,0.20630802839978155,0.25960816437982115,0.2596587030716724,0.2906968807589926,0.25969150969150967,0.20630587592984373,0.20636003821482188,0.2064141931081542,0.2433815502183406,0.2064542539400969,0.25965343157320236,0.25970393614844123,0.29058663028649384,0.2433667553372894,0.2906151957441004,0.20643797312964604,0.259683578832515,0.25973406068871463,0.25978453566071186,0.2905843049021613,0.2906326697572948,0.29068102801826984,0.25978186775732787,0.2907095630836344,0.25981461286804797,0.2598650582702924,0.259915496797056,0.24320272572402044,0.29067865903515944,0.29072698780404715,0.25991279465867284,0.25996321275291234,0.20626702997275204,0.24317144608677882,0.25997820460427734,0.24320642920384117,0.26001089621356577,0.26006128702757914,0.2432248399836579,0.29059712671069654,0.26007625272331153,0.24324324324324326,0.26010891763104155,0.26015928119256687,0.20616662129049823,0.24324508269243858,0.2432965836395808,0.20619258251105818,0.20624659771366358,0.2063006055657617,0.29044767995645665,0.29049595210558543,0.26006802721088434,0.20631249574858854,0.24323221330431233,0.20635244507923553,0.2904651795429815,0.29051343080584835,0.26002991976064194,0.20636431631196028,0.26006255099265707,0.2601128560745122,0.2601631543167913,0.2904629189042213,0.2601957585644372,0.2904914021613539,0.2602283539486204,0.2602786272511043,0.2905001359064963,0.24305225249711218,0.2062780269058296,0.26027583395611115,0.2063179347826087,0.29046939745941175,0.24303763075669066,0.24308904435237383,0.2063298016843249,0.2602376910016978,0.20636968626918376,0.2602702519182454,0.20640956002172733,0.26030280399212435,0.20644942294636795,0.2603353472269364,0.2064892750475156,0.20654313446005565,0.20659698656169403,0.2902612826603325,0.20663680781758959,0.26029721110130966,0.26034740127561407,0.2603975846393921,0.26044776119402985,0.2604979309409131,0.24284357617690952,0.26053042121684866,0.26058057514921323,0.26063072227873857,0.29011257290112574,0.2901607106530142,0.20653647952264714,0.24279612177096752,0.26061016949152543,0.2606602942173412,0.20654826464208242,0.24279807496780315,0.2606750711671411,0.26072517790579464,0.2607752778530767,0.2900318492918615,0.26080769751998917,0.2608577816925266,0.26090785907859076,0.20649007519815732,0.26094025199837423,0.20652983810878547,0.28996206989975615,0.20656959024720623,0.2609372883651632,0.20660933161779643,0.2609696641386782,0.24260274900128648,0.2610020311442112,0.24263760070408233,0.2610343893853236,0.26108441074934,0.20657912549072696,0.20663282571912014,0.2610990795885219,0.2897746497935982,0.28982270943294086,0.28987076256850935,0.20663058186738836,0.2898991949123875,0.28994723312136383,0.28999526483122506,0.29004329004329005,0.261007778153534,0.24245908291627216,0.2425103131128694,0.20658642142277522,0.26100480086550815,0.2066260987153482,0.2066797376783179,0.28995402920497565,0.2900020279862097,0.24246316074084087,0.2066914498141264,0.20674506623411734,0.2899912144353585,0.29003919448574134,0.2424488141090614,0.2900675675675676,0.2901155327342747,0.20672882042967167,0.2424508545565088,0.26080788975952446,0.26085781830462684,0.2609077401053627,0.24245289390153305,0.24250405186385737,0.29002633533661965,0.2609047940580689,0.24252244953075416,0.29003510667026733,0.24255721325862417,0.24260834345889024,0.24265946675666555,0.24271058315334773,0.20658702841330903,0.2899851531920637,0.2900330656589514,0.206612685560054,0.2607786249240942,0.20665227364728106,0.20670579504823586,0.29000269832703723,0.20674536256323778,0.20679886685552407,0.290011465569569,0.24258160237388723,0.2607053746038168,0.2426163182737694,0.26073764412379474,0.2607874865156419,0.26083732218701544,0.24261830928947015,0.2608695652173913,0.2426530062011324,0.24270405068410056,0.20669901603989757,0.20675247658197993,0.20680592991913746,0.2898052691867125,0.24268966446570542,0.28983359159199623,0.24272433306386418,0.28986190636577974,0.2899097399973057,0.28995756718529,0.2427262931034483,0.26069095561990707,0.2607407407407407,0.2427445963234799,0.242795583086453,0.24284656298390897,0.2898882455904134,0.2899360484685291,0.28998384491114704,0.24284848892777816,0.24289944810876296,0.2429504004307154,0.2899730820995962,0.24298499428033107,0.29000134571390124,0.2430195788198883,0.29002960172228204,0.24305415405314498,0.2605273779093233,0.26057711710499765,0.26062684960990046,0.24305602259735018,0.20645595158036315,0.2065093134288212,0.28994082840236685,0.24305789013648893,0.26058894715611136,0.2430924369747899,0.28993008873353054,0.2899778181084896,0.260586100282296,0.2064654882720613,0.2606182795698925,0.24306162220280894,0.24311248488106438,0.20647718873882953,0.26061542596076326,0.20651662747732616,0.289869676205831,0.20655605561899645,0.2606125738850081,0.2065954731681107,0.24304902619207522,0.28983950036935063,0.28988718775181305,0.24306721278452964,0.28991540217537265,0.24310171198388722,0.2899436090225564,0.28999127341075387,0.24311988186333736,0.29001946439358345,0.24315436241610738,0.2604523186363331,0.2605019460475104,0.29000872307589076,0.2431561996779388,0.2605166051660517,0.2605662149470012,0.2606158180720467,0.24315803595385027,0.2606479307800657,0.20637156270959087,0.20642478706994835,0.2606625536480687,0.24314356601622744,0.26069464932278397,0.24317800871605766,0.2607267363904532,0.2607762955017765,0.26082584796889663,0.2063811247402641,0.28974530831099193,0.24314724214194758,0.24319796273957914,0.2432486765395698,0.24329938354328598,0.20636515912897824,0.24333377998124078,0.2607355798217994,0.2607851018220793,0.20637685042534665,0.20643000669792363,0.2607996785211975,0.24330297347977498,0.24335364628674747,0.2608142493638677,0.24338801473049884,0.24343867166577396,0.26082881435361854,0.24347302182353728,0.2608608340585046,0.24350736278447122,0.2608928451910849,0.2609423102663633,0.289366258448772,0.28941381156316914,0.20628972900635664,0.20634283420313126,0.2894226266140363,0.2063821246989564,0.28945079938457424,0.2434113712374582,0.2894789646177513,0.24344569288389514,0.289507122316592,0.2895546342115822,0.20635239050484788,0.24344744584113398,0.24349802767934747,0.2895440566920711,0.24353232167925665,0.20635026737967915,0.20640331528641134,0.28953348482823155,0.2895809663837466,0.2606255012028869,0.24350150350818578,0.2606574903113724,0.26070688848800694,0.28955104222340994,0.28959850357405303,0.20634602538410154,0.260704027787055,0.20638525247127973,0.28958792493154345,0.28963536797114997,0.20641068447412353,0.2606837606837607,0.2896441209855111,0.24335692348778207,0.2606983109686895,0.24339118825100134,0.26073025832721447,0.2607796021892938,0.20636721617833545,0.2608115323011212,0.26086086086086085,0.2609101828373148,0.20637886168012276,0.2609420870029357,0.26099139368870505,0.2894596397598399,0.206390500967247,0.2610058697972252,0.20642966717801642,0.26103774843270644,0.2610870290096699,0.2611363030141371,0.2611855704474228,0.26123483131084146,0.2064137609173945,0.26126666666666665,0.26131591227251516,0.20643914144780695,0.24308471639005533,0.26133031191682216,0.26137954015328224,0.2892176462748234,0.24308655960551742,0.2431369936034115,0.261376507428876,0.2614257161892072,0.20638198654320164,0.24313882227551292,0.20642110171184974,0.24317303849740243,0.2614052614052614,0.2614544485881726,0.20643270959579144,0.2614862165401518,0.20647180238364737,0.24314247669773636,0.2431928633246788,0.24324324324324326,0.2614657525128137,0.26151490947816824,0.2615640599001664,0.2888992413150539,0.2064284288281094,0.26157838701091296,0.26162752012775303,0.24318030605455754,0.26165923757567694,0.24321447578499203,0.26169094658418146,0.26174005587335375,0.20638510142999666,0.2887736100026603,0.24320010640420298,0.2617369331028062,0.2432342575969147,0.28876329787234045,0.24326839970746625,0.28879138412445154,0.24330253273948016,0.28881946290880084,0.24333665669657695,0.26166422969560016,0.24337077158237522,0.28880914407230196,0.26167851684497306,0.20624584717607974,0.2888180187362966,0.2433563646027106,0.26167541353882945,0.24339046100704131,0.2888077050813683,0.26168969181721574,0.2617387261738726,0.2888165759064949,0.2888638023773159,0.2061752988047809,0.26173560852533034,0.28887265967335013,0.28891986987983803,0.2061869357408391,0.2062396282774643,0.20629231381919555,0.26169775004977763,0.26174674807539156,0.2888711925144336,0.20630391506303916,0.26176099794306945,0.288880042462845,0.24315000331718967,0.288908053602229,0.26175787728026534,0.2889360573096312,0.20627445778337866,0.20632709908475924,0.261754758273095,0.24310344827586206,0.28890657118228236,0.28895371966582684,0.2063250016574952,0.20637761866878812,0.2064302287040106,0.26169958902293516,0.20646914562205873,0.26173117709437965,0.20650805222347404,0.20656063618290257,0.26174541117222183,0.2888285184203552,0.288875637712847,0.28892275076189217,0.20655846306724082,0.26172496025437203,0.28893157580976353,0.24287985163597828,0.28895953374395655,0.24291390728476822,0.2889874842725647,0.28903456495828367,0.28908163940938886,0.20650158898305085,0.20655412115193644,0.2890904276446445,0.2065929701462898,0.2891183478951549,0.20663180885564894,0.28914626075446725,0.24280325590629342,0.28917416622551617,0.28922120029114007,0.20662961492655815,0.2892490903076414,0.2614448266737232,0.28927697294436727,0.2893239846540548,0.20662742244857465,0.2614417989417989,0.26149064215329676,0.2893135828594101,0.2066388943992594,0.2426606717799524,0.2893223140495868,0.26147031601216447,0.2893501685727507,0.26150185087255423,0.2066230418401745,0.2426305353602115,0.28933976604322253,0.24266455194290246,0.28936760721601795,0.2894145632350998,0.20660720185001652,0.2894423890063425,0.2614124331109203,0.26146122341128286,0.20661866701895765,0.20667107001321003,0.28941285251964866,0.2067098137630432,0.2894406656540976,0.2067485472794506,0.20680092439749093,0.20685329459923413,0.2613718888228692,0.26142064959070505,0.20687834180473957,0.28937293729372937,0.24242624249224473,0.2614176346356917,0.2068897248069689,0.2614491223439356,0.26149785549323656,0.2615465822116653,0.26159530250049484,0.24238026124818576,0.2892671020515865,0.28931398416886545,0.20684651408218455,0.20689882601239942,0.2615577392336609,0.2893036138222105,0.2069238377843719,0.24231834366345772,0.26155469110568996,0.2616033755274262,0.2892741775990507,0.2069215557020435,0.26161755981807394,0.26166622726074346,0.28926382389771305,0.2069329115592461,0.2069851729818781,0.28927253558249866,0.20702378599196153,0.20707603109764133,0.20712826931945452,0.28926218708827406,0.20716685330347145,0.20721907522065605,0.28927089508002374,0.2893177028451001,0.20724399078037536,0.20729619386276835,0.207348390070455,0.20740057940479326,0.28928830074395945,0.2893350888742594,0.2614047791455467,0.28936282253817797,0.2894095965247153,0.2894563643543504,0.26140177690029615,0.2894840747565149,0.2614331776008423,0.207329911830504,0.24185801697480097,0.2419078947368421,0.24195776593645155,0.24200763057492436,0.26139577714924683,0.26144435674822414,0.24202564945741534,0.24207549651453375,0.2614585388308016,0.24210941609679115,0.24215924781379447,0.2614727153188692,0.2615212675037802,0.2615698133052853,0.24216130940642872,0.28920730905744707,0.26158396319421623,0.20715036803364878,0.24216336991522638,0.2422131686161125,0.2071752414744727,0.28915900131406047,0.2892057026476578,0.289252397845224,0.20718649412073836,0.20723857067787704,0.28926108374384235,0.20727702613949822,0.20732908649110132,0.26142631993695825,0.20736752248998622,0.20741956664478003,0.24207208981682096,0.2891938025210084,0.20744436420928247,0.24209006170408298,0.2892024942566459,0.20746915200840116,0.2892301634179957,0.24209213807586297,0.2074939300479034,0.2421259842519685,0.2612689456072436,0.2892008922713555,0.20750508430099063,0.20755707163474155,0.24211216792390947,0.20759543486816215,0.2421459959336263,0.2612145855194124,0.24217981506984065,0.24222950819672132,0.20759294472493606,0.20764489902963545,0.26119451911099456,0.24223154582404616,0.261225827597509,0.2076560041950708,0.2889821065740316,0.24223358238301218,0.2890097647290124,0.20766710353866316,0.20771902234453837,0.28901847726379243,0.2077573216274651,0.2422038784067086,0.20779561087454962,0.24223765229922703,0.24228728630379248,0.2610689022792769,0.24232104263540508,0.2423706614276359,0.2077794512474625,0.20783132530120482,0.2610489098408957,0.2423726594212387,0.2610801963993453,0.2424063891070961,0.28880015709890683,0.20781515905223197,0.28882780286667975,0.2424083769633508,0.2424579543223611,0.20782620075906294,0.20787803441732644,0.28879874378434967,0.20791625776905462,0.24244406646604735,0.20795447111925164,0.2424777603349032,0.2425273072143371,0.28875081752779597,0.20796546988424564,0.242545121632226,0.24259465114758386,0.2608212370864391,0.24262830990519776,0.26085251046025104,0.2886840556971955,0.24264609752908878,0.26086672331524935,0.2426797385620915,0.242729233383439,0.24277872173572082,0.26086388289877804,0.20785415577626765,0.24279647174126104,0.24284594276754215,0.2608610439668126,0.2885419388555004,0.2885884120452022,0.207838014369693,0.20788975246554764,0.26084117032392895,0.2885783321360935,0.28862478777589134,0.2427685275873327,0.2886523896578741,0.2078736044917412,0.260804282543413,0.24277041582348718,0.24281984334203655,0.20788460283271326,0.2886046208066832,0.2886510474450173,0.20790916209866875,0.20796084828711256,0.260733394232024,0.20799895609055916,0.24275835073068894,classic
