5_130865995_130869403,1.0,0.5,0.3333333333333333,0.5,0.2,0.3333333333333333,0.42857142857142855,0.5,0.2222222222222222,0.5,0.2727272727272727,0.16666666666666666,0.3076923076923077,0.42857142857142855,0.4666666666666667,0.5,0.17647058823529413,0.5,0.15789473684210525,0.5,0.19047619047619047,0.22727272727272727,0.2608695652173913,0.4583333333333333,0.16,0.2692307692307692,0.18518518518518517,0.17857142857142858,0.20689655172413793,0.23333333333333334,0.1935483870967742,0.25,0.2727272727272727,0.29411764705882354,0.3142857142857143,0.3333333333333333,0.21621621621621623,0.18421052631578946,0.3333333333333333,0.3,0.34146341463414637,0.35714285714285715,0.37209302325581395,0.20454545454545456,0.37777777777777777,0.21739130434782608,0.1702127659574468,0.2708333333333333,0.1836734693877551,0.28,0.29411764705882354,0.3076923076923077,0.32075471698113206,0.3333333333333333,0.32727272727272727,0.3392857142857143,0.19298245614035087,0.1724137931034483,0.3220338983050847,0.3333333333333333,0.32786885245901637,0.3387096774193548,0.1746031746031746,0.34375,0.35384615384615387,0.18181818181818182,0.19402985074626866,0.20588235294117646,0.17391304347826086,0.34285714285714286,0.29577464788732394,0.3472222222222222,0.3561643835616438,0.36486486486486486,0.37333333333333335,0.3815789473684211,0.19480519480519481,0.20512820512820512,0.21518987341772153,0.1625,0.1728395061728395,0.21951219512195122,0.2289156626506024,0.23809523809523808,0.25882352941176473,0.2441860465116279,0.26436781609195403,0.2727272727272727,0.2808988764044944,0.28888888888888886,0.24175824175824176,0.29347826086956524,0.16129032258064516,0.2978723404255319,0.3157894736842105,0.3020833333333333,0.30927835051546393,0.16326530612244897,0.23232323232323232,0.31,0.16831683168316833,0.17647058823529413,0.23300970873786409,0.3076923076923077,0.3142857142857143,0.1792452830188679,0.3177570093457944,0.32407407407407407,0.28440366972477066,0.2909090909090909,0.32432432432432434,0.29464285714285715,0.3274336283185841,0.21929824561403508,0.22608695652173913,0.23275862068965517,0.17094017094017094,0.288135593220339,0.29411764705882354,0.31666666666666665,0.17355371900826447,0.319672131147541,0.17886178861788618,0.22580645161290322,0.232,0.23809523809523808,0.31496062992125984,0.2421875,0.3178294573643411,0.3230769230769231,0.3282442748091603,0.3333333333333333,0.24060150375939848,0.3358208955223881,0.17037037037037037,0.2647058823529412,0.17518248175182483,0.26811594202898553,0.2733812949640288,0.32857142857142857,0.1773049645390071,0.2323943661971831,0.32867132867132864,0.3333333333333333,0.1793103448275862,0.3356164383561644,0.1836734693877551,0.22972972972972974,0.33557046979865773,0.23333333333333334,0.2582781456953642,0.2631578947368421,0.2679738562091503,0.18181818181818182,0.23225806451612904,0.3269230769230769,0.267515923566879,0.18354430379746836,0.23270440251572327,0.325,0.2360248447204969,0.3271604938271605,0.26380368098159507,0.2682926829268293,0.23636363636363636,0.24096385542168675,0.17964071856287425,0.32142857142857145,0.24260355029585798,0.24705882352941178,0.2631578947368421,0.18023255813953487,0.24855491329479767,0.25287356321839083,0.3142857142857143,0.3181818181818182,0.2598870056497175,0.25280898876404495,0.26256983240223464,0.17777777777777778,0.2541436464088398,0.25824175824175827,0.3114754098360656,0.2608695652173913,0.1783783783783784,0.25806451612903225,0.31016042780748665,0.26063829787234044,0.26455026455026454,0.26842105263157895,0.3089005235602094,0.2552083333333333,0.2694300518134715,0.27319587628865977,0.27692307692307694,0.28061224489795916,0.30456852791878175,0.2828282828282828,0.1708542713567839,0.175,0.2835820895522388,0.2871287128712871,0.30049261083743845,0.24509803921568626,0.17560975609756097,0.1796116504854369,0.18357487922705315,0.28365384615384615,0.28708133971291866,0.2904761904761905,0.2938388625592417,0.24056603773584906,0.18309859154929578,0.18691588785046728,0.28837209302325584,0.2916666666666667,0.2903225806451613,0.29357798165137616,0.2922374429223744,0.29545454545454547,0.18552036199095023,0.2972972972972973,0.3004484304932735,0.30357142857142855,0.28888888888888886,0.3053097345132743,0.18502202643171806,0.30701754385964913,0.28820960698689957,0.22608695652173913,0.18614718614718614,0.28879310344827586,0.30472103004291845,0.2905982905982906,0.30638297872340425,0.2923728813559322,0.22362869198312235,0.226890756302521,0.3054393305439331,0.2916666666666667,0.3070539419087137,0.29338842975206614,0.30864197530864196,0.29508196721311475,0.17959183673469387,0.18292682926829268,0.1862348178137652,0.2217741935483871,0.18875502008032127,0.292,0.30278884462151395,0.29365079365079366,0.18972332015810275,0.19291338582677164,0.19607843137254902,0.29296875,0.29961089494163423,0.29457364341085274,0.30115830115830117,0.29615384615384616,0.19540229885057472,0.3015267175572519,0.3041825095057034,0.19696969696969696,0.2943396226415094,0.30451127819548873,0.19850187265917604,0.30597014925373134,0.30855018587360594,0.29259259259259257,0.2066420664206642,0.3088235294117647,0.31135531135531136,0.31386861313868614,0.2909090909090909,0.20652173913043478,0.19494584837545126,0.3129496402877698,0.2903225806451613,0.20714285714285716,0.19572953736654805,0.2907801418439716,0.31095406360424027,0.29225352112676056,0.312280701754386,0.2937062937062937,0.20557491289198607,0.20833333333333334,0.21107266435986158,0.21379310344827587,0.30927835051546393,0.21575342465753425,0.21843003412969283,0.19047619047619047,0.22033898305084745,0.28716216216216217,0.3063973063973064,0.2214765100671141,0.28762541806020064,0.29,0.292358803986711,0.2947019867549669,0.22112211221122113,0.2236842105263158,0.18688524590163935,0.22549019607843138,0.2996742671009772,0.22727272727272727,0.2297734627831715,0.1870967741935484,0.2315112540192926,0.28846153846153844,0.23322683706070288,0.2356687898089172,0.23809523809523808,0.18670886075949367,0.29337539432176657,0.2861635220125786,0.23824451410658307,0.240625,0.24299065420560748,0.2919254658385093,0.2848297213622291,0.18518518518518517,0.2923076923076923,0.24233128834355827,0.24464831804281345,0.2926829268292683,0.2948328267477204,0.2818181818181818,0.29607250755287007,0.18373493975903615,0.2972972972972973,0.281437125748503,0.2417910447761194,0.18452380952380953,0.2433234421364985,0.1863905325443787,0.2949852507374631,0.29705882352941176,0.2785923753665689,0.24269005847953215,0.29737609329446063,0.29941860465116277,0.30144927536231886,0.24277456647398843,0.24495677233429394,0.3017241379310345,0.3037249283667622,0.24571428571428572,0.27350427350427353,0.2471590909090909,0.2747875354107649,0.1807909604519774,0.27605633802816903,0.300561797752809,0.2773109243697479,0.24581005586592178,0.181058495821727,0.18333333333333332,0.2770083102493075,0.1850828729281768,0.27823691460055094,0.2445054945054945,0.2465753424657534,0.24863387978142076,0.2506811989100817,0.27717391304347827,0.1842818428184282,0.25135135135135134,0.25336927223719674,0.18548387096774194,0.2546916890080429,0.18716577540106952,0.27466666666666667,0.2553191489361702,0.27586206896551724,0.2566137566137566,0.2849604221635884,0.2578947368421053,0.25984251968503935,0.28534031413612565,0.26109660574412535,0.2630208333333333,0.2857142857142857,0.26424870466321243,0.2661498708010336,0.2860824742268041,0.18251928020565553,0.18461538461538463,0.26854219948849106,0.2653061224489796,0.18575063613231552,0.26649746192893403,0.28354430379746837,0.2676767676767677,0.26700251889168763,0.26884422110552764,0.18546365914786966,0.27,0.2718204488778055,0.1865671641791045,0.2729528535980149,0.26485148514851486,0.2740740740740741,0.2660098522167488,0.2751842751842752,0.26715686274509803,0.2762836185819071,0.275609756097561,0.2773722627737226,0.18446601941747573,0.26634382566585957,0.1859903381642512,0.27710843373493976,0.2668269230769231,0.2733812949640288,0.2751196172248804,0.27684964200477324,0.18571428571428572,0.27790973871733965,0.26540284360189575,0.1867612293144208,0.18867924528301888,0.27294117647058824,0.27699530516431925,0.2646370023419204,0.18925233644859812,0.2727272727272727,0.2744186046511628,0.27610208816705334,0.27546296296296297,0.27713625866050806,0.2626728110599078,0.18850574712643678,0.26376146788990823,0.2768878718535469,0.2648401826484018,0.2733485193621868,0.2772727272727273,0.18820861678004536,0.2647058823529412,0.18961625282167044,0.26576576576576577,0.27640449438202247,0.26681614349775784,0.19015659955257272,0.19196428571428573,0.26948775055679286,0.27111111111111114,0.2749445676274945,0.27654867256637167,0.26490066225165565,0.2665198237885463,0.27692307692307694,0.2675438596491228,0.2778993435448578,0.2685589519650655,0.1895424836601307,0.26956521739130435,0.19088937093275488,0.19264069264069264,0.27645788336933047,0.2650862068965517,0.27741935483870966,0.27896995708154504,0.19271948608137046,0.2799145299145299,0.26652452025586354,0.2680851063829787,0.2802547770700637,0.2690677966101695,0.19238900634249473,0.270042194092827,0.27157894736842103,0.27310924369747897,0.2746331236897275,0.19246861924686193,0.2755741127348643,0.19375,0.2765072765072765,0.27593360995850624,0.2567287784679089,0.2768595041322314,0.27835051546391754,0.27983539094650206,0.2813141683778234,0.19262295081967212,0.2822085889570552,0.19387755102040816,0.2729124236252546,0.27439024390243905,0.281947261663286,0.19433198380566802,0.19595959595959597,0.1975806451612903,0.27364185110663986,0.25100401606425704,0.280561122244489,0.282,0.19760479041916168,0.28286852589641437,0.1988071570576541,0.2837301587301587,0.2,0.2845849802371542,0.20118343195266272,0.20275590551181102,0.2475442043222004,0.28431372549019607,0.26810176125244617,0.28515625,0.20272904483430798,0.26848249027237353,0.26990291262135924,0.28488372093023256,0.20309477756286268,0.2702702702702703,0.27167630057803466,0.24423076923076922,0.272552783109405,0.2739463601532567,0.2829827915869981,0.28435114503816794,0.2019047619047619,0.28517110266159695,0.2030360531309298,0.2859848484848485,0.20415879017013233,0.20566037735849058,0.2862523540489642,0.287593984962406,0.2701688555347092,0.20599250936329588,0.20747663551401868,0.27052238805970147,0.28677839851024206,0.28810408921933084,0.2894248608534323,0.2074074074074074,0.2902033271719039,0.2915129151291513,0.292817679558011,0.26838235294117646,0.29357798165137616,0.2948717948717949,0.20658135283363802,0.23357664233576642,0.20765027322404372,0.2672727272727273,0.26860254083484575,0.23369565217391305,0.29294755877034356,0.29422382671480146,0.2954954954954955,0.29676258992805754,0.2333931777378815,0.23476702508960573,0.20572450805008943,0.26607142857142857,0.29590017825311943,0.297153024911032,0.2664298401420959,0.23404255319148937,0.2672566371681416,0.26855123674911663,0.2962962962962963,0.2975352112676056,0.2688927943760984,0.23333333333333334,0.23467600700525393,0.2692307692307692,0.29668411867364747,0.2979094076655052,0.2991304347826087,0.234375,0.23570190641247835,0.2370242214532872,0.2003454231433506,0.2672413793103448,0.2977624784853701,0.23711340206185566,0.26758147512864494,0.2688356164383562,0.29743589743589743,0.2986348122866894,0.23679727427597955,0.23809523809523808,0.19864176570458403,0.2677966101694915,0.1996615905245347,0.23817567567567569,0.29679595278246207,0.2676767676767677,0.29747899159663865,0.2986577181208054,0.2998324958123953,0.3010033444816054,0.1986644407345576,0.23666666666666666,0.3011647254575707,0.23754152823920266,0.19900497512437812,0.20033112582781457,0.2644628099173554,0.30033003300330036,0.3014827018121911,0.3026315789473684,0.26436781609195403,0.30327868852459017,0.23567921440261866,0.2369281045751634,0.19902120717781402,0.30293159609120524,0.3040650406504065,0.3051948051948052,0.3063209076175041,0.23624595469255663,0.2617124394184168,0.2629032258064516,0.3059581320450886,0.26366559485530544,0.26484751203852325,0.1971153846153846,0.2352,0.2364217252396166,0.19776714513556617,0.19904458598726116,0.26391096979332274,0.2650793650793651,0.30269413629160064,0.3037974683544304,0.3048973143759874,0.26498422712933756,0.2346456692913386,0.2358490566037736,0.1978021978021978,0.19905956112852666,0.30359937402190923,0.2359375,0.1996879875195008,0.3037383177570093,0.3048211508553655,0.26242236024844723,0.3054263565891473,0.23529411764705882,0.23647604327666152,0.19907407407407407,0.3050847457627119,0.30615384615384617,0.30721966205837176,0.2361963190184049,0.30781010719754975,0.2599388379204893,0.26106870229007634,0.23628048780487804,0.3074581430745814,0.30851063829787234,0.3095599393019727,0.3106060606060606,0.31164901664145234,0.23564954682779457,0.2594268476621418,0.3117469879518072,0.31278195488721805,0.3138138138138138,0.2593703148425787,0.23502994011976047,0.23617339312406577,0.19402985074626866,0.2593144560357675,0.3125,0.3135215453194651,0.23590504451038577,0.23703703703703705,0.1937869822485207,0.258493353028065,0.2374631268436578,0.23858615611192932,0.19411764705882353,0.25844346549192365,0.2595307917888563,0.23865300146412885,0.260233918128655,0.2613138686131387,0.26239067055393583,0.26346433770014555,0.26453488372093026,0.2656023222060958,0.3072463768115942,0.30824891461649784,0.2658959537572254,0.3088023088023088,0.19164265129682997,0.23597122302158274,0.1925287356321839,0.19368723098995697,0.19484240687679083,0.19599427753934193,0.30714285714285716,0.19686162624821682,0.26353276353276356,0.26458036984352773,0.265625,0.26666666666666666,0.23371104815864022,0.1966053748231966,0.1977401129943503,0.304654442877292,0.19859154929577466,0.26582278481012656,0.199438202247191,0.2664796633941094,0.20028011204481794,0.2013986013986014,0.30307262569832405,0.30404463040446306,0.3050139275766017,0.30598052851182195,0.23055555555555557,0.231622746185853,0.20083102493074792,0.2641770401106501,0.23204419889502761,0.23310344827586207,0.20110192837465565,0.2640990371389271,0.2651098901098901,0.2661179698216735,0.2328767123287671,0.23392612859097128,0.20081967213114754,0.2660300136425648,0.23433242506811988,0.23537414965986395,0.266304347826087,0.29986431478968795,0.3008130081300813,0.3017591339648173,0.3027027027027027,0.23481781376518218,0.26549865229110514,0.23553162853297444,0.23655913978494625,0.23758389261744967,0.30160857908847183,0.30254350736278446,0.2647058823529412,0.2656875834445928,0.30266666666666664,0.303595206391478,0.23670212765957446,0.3041168658698539,0.26525198938992045,0.2370860927152318,0.19576719576719576,0.2655217965653897,0.23746701846965698,0.26613965744400525,0.3026315789473684,0.19579500657030224,0.3031496062992126,0.3040629095674967,0.30497382198952877,0.19607843137254902,0.2650130548302872,0.23598435462842243,0.19661458333333334,0.23667100130039012,0.1974025974025974,0.19844357976653695,0.23704663212435234,0.26390685640362227,0.23772609819121446,0.2645161290322581,0.19845360824742267,0.2651222651222651,0.2660668380462725,0.19897304236200256,0.23717948717948717,0.23815620998719592,0.2391304347826087,0.24010217113665389,0.29846938775510207,0.29936305732484075,0.24045801526717558,0.26429479034307496,0.24111675126903553,0.2991128010139417,0.19746835443037974,0.24146649810366624,0.24242424242424243,0.2635561160151324,0.1977329974811083,0.2641509433962264,0.24246231155778894,0.26474278544542035,0.2656641604010025,0.2665832290362954,0.1975,0.19850187265917604,0.2955112219451372,0.29638854296388545,0.2972636815920398,0.24099378881987576,0.2977667493796526,0.241635687732342,0.26485148514851486,0.2657601977750309,0.2419753086419753,0.2971639950678175,0.2660098522167488,0.1968019680196802,0.2665847665847666,0.2969325153374233,0.19730392156862744,0.24112607099143207,0.24205378973105135,0.2661782661782662,0.29634146341463413,0.2971985383678441,0.2664233576642336,0.1968408262454435,0.19781553398058252,0.2412121212121212,0.19854721549636803,0.2962515114873035,0.19927536231884058,0.29674306393244876,0.26506024096385544,0.26594464500601683,0.296875,0.1992797118847539,0.20023980815347722,0.23952095808383234,0.20095693779904306,0.2962962962962963,0.2971360381861575,0.2395709177592372,0.2642857142857143,0.26516052318668254,0.2007125890736342,0.29655990510083036,0.23933649289099526,0.20118343195266272,0.23995271867612294,0.2644628099173554,0.2016509433962264,0.2956419316843345,0.2647058823529412,0.23971797884841364,0.2652582159624413,0.2661195779601407,0.24004683840749413,0.26666666666666666,0.29439252336448596,0.20070011668611434,0.2668997668997669,0.20139697322467986,0.2941860465116279,0.23925667828106853,0.20185614849187936,0.2665121668597914,0.2025462962962963,0.26705202312138726,0.2390300230946882,0.2029988465974625,0.23963133640552994,0.2669735327963176,0.29195402298850576,0.2927669345579793,0.2396788990825688,0.2027491408934708,0.2665903890160183,0.2925714285714286,0.20319634703196346,0.20410490307867732,0.23917995444191345,0.2923777019340159,0.29318181818181815,0.2043132803632236,0.29365079365079366,0.2944507361268403,0.20475113122171945,0.26440677966101694,0.2381489841986456,0.20518602029312288,0.20608108108108109,0.29358830146231724,0.23820224719101124,0.26374859708193044,0.2937219730941704,0.2945128779395297,0.2058165548098434,0.20670391061452514,0.23772321428571427,0.2630992196209587,0.2071269487750557,0.23804226918798665,0.2388888888888889,0.293007769145394,0.2073170731707317,0.23920265780730898,0.29314159292035397,0.29392265193370165,0.23951434878587197,0.24035281146637266,0.2610132158590308,0.2068206820682068,0.26153846153846155,0.2074643249176729,0.20833333333333334,0.2617743702081051,0.2921225382932166,0.23934426229508196,0.26200873362445415,0.23991275899672845,0.20806100217864923,0.2916213275299238,0.29239130434782606,0.2931596091205212,0.29392624728850325,0.20801733477789816,0.23917748917748918,0.24,0.2602591792656587,0.26105717367853293,0.26185344827586204,0.2077502691065662,0.2623655913978495,0.2083780880773362,0.23927038626609443,0.26259378349410506,0.291220556745182,0.20855614973262032,0.2916666666666667,0.26254002134471716,0.23880597014925373,0.20873269435569755,0.26276595744680853,0.20935175345377258,0.21019108280254778,0.23860021208907742,0.2627118644067797,0.28994708994708995,0.2632135306553911,0.21013727560718057,0.26371308016877637,0.2644889357218124,0.26526315789473687,0.23764458464773922,0.28886554621848737,0.23819517313746066,0.2389937106918239,0.28900523560209423,0.2897489539748954,0.2392894461859979,0.20876826722338204,0.28988529718456724,0.209375,0.2393340270551509,0.262993762993763,0.2398753894080997,0.2095435684647303,0.24041450777202072,0.2629399585921325,0.26370217166494314,0.2097107438016529,0.21052631578947367,0.2876288659793814,0.21112255406797117,0.26337448559670784,0.2394655704008222,0.21149897330595482,0.28717948717948716,0.26331967213114754,0.28761514841351077,0.2116564417177914,0.2635342185903984,0.21224489795918366,0.23853211009174313,0.2637474541751528,0.2126144455747711,0.26422764227642276,0.2862944162436548,0.2647058823529412,0.23809523809523808,0.2651821862348178,0.2861476238624874,0.21212121212121213,0.23814328960645811,0.2862903225806452,0.28700906344410876,0.21227364185110664,0.28743718592964823,0.23795180722891565,0.238716148445336,0.2124248496993988,0.26326326326326327,0.264,0.2127872127872128,0.21357285429141717,0.2143569292123629,0.2858565737051793,0.2865671641791045,0.2147117296222664,0.2869910625620655,0.2152777777777778,0.2874132804757185,0.21584158415841584,0.23639960435212662,0.2875494071146245,0.26159921026653504,0.2879684418145957,0.28866995073891627,0.28937007874015747,0.2615535889872173,0.2151277013752456,0.21589793915603533,0.26176470588235295,0.2624877571008815,0.26320939334637966,0.21603128054740958,0.263671875,0.26439024390243904,0.2875243664717349,0.26484907497565724,0.23346303501945526,0.2653061224489796,0.23398058252427184,0.26576139670223087,0.21511627906976744,0.26621490803484993,0.21566731141199227,0.21642512077294687,0.2857142857142857,0.266152362584378,0.26685934489402696,0.26756496631376325,0.21634615384615385,0.28530259365994237,0.2677543186180422,0.23202301054650049,0.28544061302681994,0.2861244019138756,0.28680688336520077,0.2874880611270296,0.2318702290076336,0.21544327931363202,0.26666666666666666,0.26736441484300666,0.21577946768060838,0.28679962013295346,0.21631878557874762,0.28720379146919434,0.26704545454545453,0.26773888363292336,0.2684310018903592,0.2870632672332389,0.23018867924528302,0.26861451460885954,0.2871939736346516,0.23047977422389465,0.287593984962406,0.26854460093896715,0.21482176360225141,0.2155576382380506,0.28745318352059923,0.28811973807296537,0.22990654205607478,0.2679738562091503,0.28824626865671643,0.21528424976700838,0.2681564245810056,0.2688372093023256,0.21561338289962825,0.21634168987929434,0.287569573283859,0.26876737720111216,0.21666666666666667,0.26919518963922295,0.22828096118299446,0.2871652816251154,0.22878228782287824,0.28755760368663597,0.26887661141804786,0.21619135234590617,0.28768382352941174,0.21671258034894397,0.26880733944954127,0.28780934922089824,0.21703296703296704,0.21774931381518756,0.2687385740402194,0.2273972602739726,0.26916058394160586,0.2178669097538742,0.26958105646630237,0.27024567788899,0.21818181818181817,0.2706630336058129,0.21869328493647913,0.21940163191296463,0.22644927536231885,0.27058823529411763,0.2197106690777577,0.22673893405600723,0.2842960288808664,0.284941388638413,0.21981981981981982,0.27002700270027,0.22661870503597123,0.27044025157232704,0.2845601436265709,0.22690582959641256,0.22759856630824374,0.22829006266786034,0.22898032200357782,0.21894548704200179,0.2839285714285714,0.21944692239072258,0.26916221033868093,0.2288512911843277,0.2695729537366548,0.2702222222222222,0.283303730017762,0.22892635314995563,0.2296099290780142,0.283436669619132,0.26991150442477874,0.22988505747126436,0.21819787985865724,0.23036187113857018,0.2310405643738977,0.2696035242290749,0.23151408450704225,0.23218997361477572,0.2820738137082601,0.28270412642669007,0.2324561403508772,0.2331288343558282,0.2171628721541156,0.28258967629046366,0.28321678321678323,0.2331877729257642,0.26788830715532286,0.2833478639930253,0.2682926829268293,0.28372497824194953,0.2843478260869565,0.2163336229365769,0.2682291666666667,0.2168256721595837,0.21750433275563258,0.2683982683982684,0.2837370242214533,0.23163353500432152,0.23229706390328153,0.26833477135461603,0.21724137931034482,0.23255813953488372,0.21772805507745266,0.2828890799656062,0.23281786941580757,0.2832618025751073,0.26758147512864494,0.28363324764353043,0.2679794520547945,0.23267750213858,0.26837606837606837,0.28351836037574724,0.2167235494880546,0.26854219948849106,0.23253833049403747,0.23319148936170211,0.2687074829931973,0.26932880203908244,0.2164685908319185,0.2171331636980492,0.26949152542372884,0.2701100762066046,0.2817258883248731,0.23245984784446322,0.23310810810810811,0.270042194092827,0.23355817875210794,0.21651221566975568,0.2702020202020202,0.2708158116063919,0.2714285714285714,0.23341729638958858,0.27181208053691275,0.2162615255658005,0.2721943048576214,0.2794979079497908,0.2165551839464883,0.2723475355054302,0.2328881469115192,0.2727272727272727,0.2791666666666667,0.21648626144879268,0.27287853577371046,0.23275145469659186,0.27325581395348836,0.23319502074688797,0.2736318407960199,0.2742336371168186,0.27483443708609273,0.27543424317617865,0.27603305785123966,0.2774566473988439,0.21534653465346534,0.2159934047815334,0.23228995057660626,0.2757201646090535,0.27631578947368424,0.2769104354971241,0.23234811165845648,0.21575061525840852,0.27704918032786885,0.276003276003276,0.2774140752864157,0.23221586263287,0.2777777777777778,0.2783673469387755,0.27569331158238175,0.23227383863080683,0.23289902280130292,0.2758340113913751,0.2146341463414634,0.2778229082047116,0.23295454545454544,0.2781832927818329,0.2787682333873582,0.2145748987854251,0.279126213592233,0.274858528698464,0.27948303715670436,0.21468926553672316,0.275,0.21514907332796132,0.2318840579710145,0.27916331456154464,0.23231511254019294,0.21526104417670683,0.23274478330658105,0.27906976744186046,0.27403846153846156,0.23298638911128902,0.2336,0.21502797761790568,0.2787539936102236,0.2737430167597765,0.215311004784689,0.2788844621513944,0.27388535031847133,0.21559268098647574,0.2790143084260731,0.2795869737887212,0.21587301587301588,0.232355273592387,0.2797147385103011,0.27315914489311166,0.21598101265822786,0.216600790513834,0.2796208530805687,0.2801894238358327,0.2807570977917981,0.23167848699763594,0.2811023622047244,0.23210070810385522,0.2720125786163522,0.27258444619010214,0.2731554160125589,0.21568627450980393,0.28056426332288403,0.27329678935003915,0.215962441314554,0.23143080531665364,0.23203125,0.28024980483996875,0.27301092043681746,0.2735775526110678,0.23208722741433022,0.2739299610894942,0.23250388802488337,0.2331002331002331,0.21506211180124224,0.273855702094647,0.21550387596899226,0.278853601859024,0.21594427244582043,0.2791956689868523,0.2797527047913447,0.2803088803088803,0.21604938271604937,0.23207401696222052,0.23266563944530047,0.21632024634334104,0.28,0.28055342044581094,0.21658986175115208,0.21719109746738297,0.21779141104294478,0.21839080459770116,0.23200612557427258,0.270849273144606,0.2714067278287462,0.2184873949579832,0.2717557251908397,0.2791762013729977,0.27972560975609756,0.2718964204112719,0.2800608828006088,0.2722433460076046,0.2803951367781155,0.2308276385725133,0.21775417298937785,0.2721758908263836,0.21818181818181817,0.27252081756245267,0.273071104387292,0.23053665910808768,0.2311178247734139,0.2181132075471698,0.2730015082956259,0.27354935945742276,0.2183734939759036,0.21896162528216703,0.23082706766917294,0.23140495867768596,0.2777777777777778,0.231807951987997,0.27811094452773616,0.21872659176029963,0.27844311377245506,0.27225130890052357,0.21898355754857998,0.21956684092606424,0.22014925373134328,0.2721849366144668,0.2727272727272727,0.2308265078183172,0.2775297619047619,0.27806691449814125,0.2726597325408618,0.23088344469190794,0.2314540059347181,0.23202372127501852,0.2725925925925926,0.27757216876387864,0.2729289940828402,0.21877309682187732,0.21935007385524372,0.2774907749077491,0.278023598820059,0.2726602800294768,0.21944035346097202,0.2781456953642384,0.21985294117647058,0.27259368111682586,0.22026431718061673,0.27292736610418195,0.27346041055718473,0.2205128205128205,0.22986822840409957,0.23043160204828092,0.2309941520467836,0.23155588020452886,0.22043795620437956,0.2727935813274982,0.2762390670553936,0.2316096139839767,0.2765647743813683,0.2727272727272727,0.2768895348837209,0.2730573710965868,0.21988388969521044,0.27338651196519215,0.27391304347826084,0.22013034033309195,0.22069464544138928,0.2306579898770788,0.2738439306358382,0.23104693140794225,0.22077922077922077,0.273972602739726,0.2211815561959654,0.27429805615550756,0.27482014388489207,0.2753414809489576,0.22126436781609196,0.2756640344580043,0.27618364418938307,0.2738351254480287,0.27650429799426934,0.2297780959198282,0.23032904148783978,0.23087919942816298,0.2735714285714286,0.2740899357601713,0.2760342368045649,0.23093371347113328,0.2742165242165242,0.27473309608540925,0.2759601706970128,0.23098791755508175,0.27485795454545453,0.2313697657913414,0.23191489361702128,0.23245924875974486,0.2330028328611898,0.2745930644019816,0.2751060820367751,0.2183745583038869,0.2189265536723164,0.27522935779816515,0.2757404795486601,0.2762508809020437,0.273943661971831,0.2765657987332864,0.21870604781997188,0.2768798313422347,0.2773876404494382,0.27789473684210525,0.27840112201963535,0.2312543798177996,0.27310924369747897,0.2736179146256123,0.27412587412587414,0.2180293501048218,0.2185754189944134,0.23098394975575715,0.27405857740585776,0.21881533101045297,0.2193593314763231,0.2741823242867084,0.2767732962447844,0.27449617790132036,0.27708333333333335,0.2748091603053435,0.27739251040221913,0.2778932778932779,0.2299168975069252,0.21868512110726643,0.27800829875518673,0.21907394609536973,0.27831491712707185,0.22981366459627328,0.2193103448275862,0.27842866988283943,0.27892561983471076,0.21954576737783896,0.2730398899587345,0.27903780068728523,0.2733516483516483,0.273850377487989,0.27914951989026066,0.2796435915010281,0.22876712328767124,0.2292950034223135,0.22982216142270862,0.2734107997265892,0.2185792349726776,0.2737201365187713,0.22987721691678034,0.2740286298568507,0.23024523160762944,0.23076923076923078,0.23129251700680273,0.27396329027872196,0.21807065217391305,0.21860149355057706,0.27408412483039346,0.2745762711864407,0.27710027100271,0.27488151658767773,0.2753721244925575,0.27586206896551724,0.27635135135135136,0.27683997299122215,0.21794871794871795,0.21847606203641268,0.21900269541778974,0.22962962962962963,0.2193808882907133,0.27639542703429726,0.21975806451612903,0.27669576897246473,0.2751677852348993,0.22937625754527163,0.2754691689008043,0.2766242464835901,0.21954484605087016,0.22006688963210702,0.27540106951871657,0.22044088176352705,0.22897196261682243,0.2294863242161441,0.276,0.27648234510326447,0.2769640479360852,0.22022621423819028,0.2746010638297872,0.2770764119601329,0.2775564409030544,0.22030524220305242,0.27453580901856767,0.2776673293571902,0.2205298013245033,0.2746525479814692,0.2751322751322751,0.2775941837409121,0.27807133421400265,0.22046204620462045,0.22097625329815304,0.2781806196440343,0.274703557312253,0.2784726793943384,0.22105263157894736,0.2787639710716634,0.221419185282523,0.22652659225213395,0.27887139107611547,0.27934426229508197,0.2798165137614679,0.22134905042567124,0.2218586387434555,0.2223675604970569,0.27320261437908494,0.22273024167210972,0.22323759791122716,0.27332028701891714,0.2737940026075619,0.2234527687296417,0.22395833333333334,0.22446324007807417,0.22496749024707413,0.27810266406757633,0.2733766233766234,0.2783906554185594,0.22503242542153049,0.2255346727154893,0.27331606217616583,0.22394822006472492,0.2257438551099612,0.2779573367808662,0.27325581395348836,0.27824402840542284,0.22580645161290322,0.2733720180528691,0.22358247422680413,0.2240824211204121,0.22586872586872586,0.2733118971061093,0.224293059125964,0.224791265253693,0.2772785622593068,0.27325208466966006,0.225,0.22549647661755284,0.2733674775928297,0.27383237364043506,0.22570332480818414,0.27412140575079874,0.2247765006385696,0.2744097000638162,0.27487244897959184,0.27533460803059273,0.2248407643312102,0.27562062380649266,0.27608142493638677,0.22504767959313413,0.27509529860228715,0.27555555555555555,0.2760152284263959,0.27647431832593533,0.27566539923954375,0.22419252691576946,0.22468354430379747,0.27640733712839977,0.27560050568900124,0.2242577384712571,0.2758838383838384,0.2763406940063092,0.27679697351828497,0.22432262129804661,0.2770780856423174,0.27564505978602893,0.2761006289308176,0.22375864236329351,0.2242462311557789,0.27620841180163214,0.22396486825595985,0.2764890282131661,0.27631578947368424,0.22417031934877896,0.2765957446808511,0.22451532207629768,0.225,0.2767020612117427,0.27715355805243447,0.22333125389893949,0.22506234413965087,0.2753894080996885,0.2770859277708593,0.2756689483509645,0.27611940298507465,0.2249844623990056,0.27701863354037265,0.2774674115456238,0.2760545905707196,0.2250464972101674,0.2255266418835192,0.22229102167182663,0.22277227722772278,0.22572665429808286,0.223114956736712,0.27671402100061765,0.27530864197530863,0.2769895126465145,0.22318125770653513,0.22365988909426987,0.22413793103448276,0.22523076923076923,0.2767527675276753,0.27473878303626303,0.27702702702702703,0.2774708410067526,0.22515337423312884,0.27774371551195587,0.22365196078431374,0.27801592161665645,0.22399020807833536,0.22507645259938838,0.2781173594132029,0.27855833842394623,0.22405372405372406,0.22452715070164733,0.2786585365853659,0.22486288848263253,0.2789281364190012,0.22519780888618382,0.2791970802919708,0.2796352583586626,0.22417982989064397,0.27200971463266543,0.22451456310679613,0.27956337174044876,0.22484848484848485,0.2798304058146578,0.2717917675544794,0.27223230490018147,0.2249093107617896,0.2797583081570997,0.28019323671497587,0.22389861194930596,0.2243667068757539,0.22483423749246534,0.2716867469879518,0.27995183624322695,0.22442839951865223,0.2248947684906795,0.22536057692307693,0.2798798798798799,0.27130852340936373,0.22435512897420515,0.27997601918465226,0.280407429598562,0.2808383233532934,0.2244165170556553,0.22488038277511962,0.2707710699342499,0.2712066905615293,0.2244776119402985,0.2714797136038186,0.27191413237924866,0.2723480333730632,0.2799285288862418,0.2244047619047619,0.28019036287923854,0.22473246135552913,0.28045157456922165,0.2808788598574822,0.27181008902077153,0.2236061684460261,0.22406639004149378,0.28080568720379145,0.2812314979277679,0.2242603550295858,0.2714370195150798,0.28132387706855794,0.2817483756645009,0.282172373081464,0.22359882005899706,0.2240566037735849,0.2822628167354154,0.2826855123674912,0.22424955856386108,0.27058823529411763,0.2710170487948266,0.2244418331374853,0.27128596594245447,0.2717136150234742,0.224633431085044,0.2250879249706917,0.2255418863503222,0.281615925058548,0.22586307782328846,0.22631578947368422,0.22209234365867914,0.27102803738317754,0.2714535901926445,0.2718786464410735,0.28104956268221576,0.27214452214452217,0.28130460104834015,0.2817229336437718,0.22164048865619546,0.2255813953488372,0.28181289947704824,0.2218350754936121,0.2257690075449797,0.2819025522041763,0.28231884057971013,0.22190034762456548,0.225825130283729,0.2708333333333333,0.28224407171775595,0.22601156069364162,0.2709416522241479,0.27136258660508084,0.22158107328332372,0.2820069204152249,0.2824207492795389,0.2217741935483871,0.22567645365572828,0.2710011507479862,0.2823461759631972,0.271264367816092,0.2716829408385985,0.28243398392652125,0.28284566838783703,0.28325688073394495,0.22120343839541548,0.28350515463917525,0.22152261018889524,0.2219679633867277,0.2224128073184677,0.27085714285714285,0.22272986864648772,0.22317351598173515,0.2829435253850542,0.2708095781071836,0.2712250712250712,0.22323462414578588,0.2236767216846898,0.2713310580204778,0.28254690164866403,0.22386363636363638,0.22430437251561613,0.27128263337116915,0.2824730572887124,0.2828798185941043,0.28328611898017,0.22423556058890148,0.27108092812676854,0.2245475113122172,0.22498586772187676,0.2830508474576271,0.27103331451157536,0.22178329571106095,0.2712915961646926,0.22491544532130778,0.27154929577464787,0.28265765765765766,0.22509848058525606,0.27165354330708663,0.2720629567172569,0.22134831460674156,0.27231892195395846,0.2727272727272727,0.27313516545148625,0.2819506726457399,0.2823529411764706,0.28275475923852184,0.2730833799664242,0.22427293064876958,0.22079373951928452,0.27318435754189946,0.27359017308766054,0.2739955357142857,0.22085889570552147,0.22129319955406912,0.2818941504178273,0.22160356347438753,0.28213689482470783,0.2825361512791991,0.22178988326848248,0.2827777777777778,0.27318156579677955,0.22197558268590456,0.28286189683860236,0.27328159645232813,0.2736842105263158,0.28294573643410853,0.27393469839513007,0.2217920353982301,0.2741846323935876,0.22209944751381216,0.22252898950855882,0.22185430463576158,0.2228350799779371,0.22326350606394707,0.2236914600550964,0.2736784140969163,0.2239955971381398,0.22442244224422442,0.28147333699835075,0.28186813186813187,0.22460186710598573,0.27332601536772777,0.2737246297312123,0.2817982456140351,0.22082191780821916,0.2738225629791895,0.2742200328407225,0.2210065645514223,0.27446692181519955,0.22404371584699453,0.2812670671764063,0.2210698689956332,0.2214948172394981,0.2813522355507088,0.2217983651226158,0.2238562091503268,0.22427871529667937,0.2736670293797606,0.2740619902120718,0.27445652173913043,0.2748506246605106,0.28067318132464714,0.28106348345089527,0.2239696312364425,0.22113821138211381,0.281148429035753,0.2241472658364916,0.27435064935064934,0.27474310438074634,0.22108108108108107,0.2749864937871421,0.22138228941684665,0.27522935779816515,0.28047464940668826,0.27547169811320754,0.22144396551724138,0.27571351642434033,0.28040904198062433,0.22162452931683702,0.22204301075268817,0.22246104245029555,0.22287862513426424,0.28019323671497587,0.2805793991416309,0.2225201072386059,0.2808145766345123,0.22281735404392072,0.22323340471092076,0.2225789192081327,0.2229946524064171,0.28059861036878675,0.27403846153846156,0.2808328884143086,0.28121664887940234,0.2816,0.27398720682302774,0.22269579115610016,0.27422790202342917,0.2746141564662054,0.22287234042553192,0.22328548644338117,0.28108395324123275,0.22357939458311205,0.22399150743099788,0.28116710875331563,0.2815482502651113,0.28192898781134074,0.2823093220338983,0.223928004235045,0.28253968253968254,0.2242199894235854,0.22463002114164904,0.22503961965134706,0.2729672650475185,0.28232189973614774,0.2732067510548523,0.28255139694254083,0.2249736564805058,0.22538177988414956,0.2826315789473684,0.22567069963177275,0.27287066246056785,0.22595901208617972,0.21953781512605042,0.27296587926509186,0.2261280167890871,0.21971683272155218,0.2730607966457023,0.2818229439497119,0.2732984293193717,0.28205128205128205,0.22594142259414227,0.2822791427077888,0.22622779519331243,0.22663185378590078,0.272964509394572,0.2190923317683881,0.2732012513034411,0.27357998957790514,0.27395833333333336,0.28162415408641334,0.27419354838709675,0.2745709828393136,0.2260914760914761,0.28155844155844156,0.2185877466251298,0.22625843279709393,0.2266597510373444,0.22706065318818042,0.21865284974093263,0.2812014500258933,0.2815734989648033,0.22710812209001552,0.27352637021716647,0.2186046511627907,0.2815082644628099,0.21889519876097058,0.22703818369453044,0.22743682310469315,0.28144329896907216,0.2818134981968058,0.2188465499485067,0.2727740607308286,0.2191358024691358,0.21953727506426735,0.2816032887975334,0.2727272727272727,0.2818275154004107,0.2821959979476655,0.27282051282051284,0.2731932342388519,0.22643442622950818,0.27342549923195086,0.22671443193449334,0.22710997442455244,0.27351738241308793,0.21870209504343383,0.21910112359550563,0.28126595201633486,0.22704081632653061,0.21927587965323814,0.28134556574923547,0.2195618950585838,0.219959266802444,0.28142493638676847,0.28179043743641913,0.28215556685307575,0.22002032520325204,0.2722194007110208,0.22030456852791877,0.2724505327245053,0.22058823529411764,0.27268119614799796,0.2730496453900709,0.22075949367088607,0.2732793522267207,0.2812341932220536,0.2815975733063701,0.22536634663971702,0.2732323232323232,0.281675921251893,0.2255297679112008,0.28189611699445283,0.22580645161290322,0.2730478589420655,0.28197381671701915,0.22596879718168092,0.2198189134808853,0.2730015082956259,0.2733668341708543,0.2737317930688096,0.21987951807228914,0.2814851981936779,0.27382146439317956,0.27418546365914787,0.2745490981963928,0.27491236855282924,0.2752752752752753,0.22511255627813906,0.2755,0.27586206896551724,0.2807192807192807,0.22516225661507738,0.280938123752495,0.28129675810473814,0.22532402791625125,0.21873442949676133,0.21912350597609562,0.22548531607765057,0.2751243781094527,0.22575832918945798,0.2261431411530815,0.21907600596125187,0.27507447864945384,0.21935483870967742,0.2802579365079365,0.28061477441745164,0.28097125867195244,0.22585438335809807,0.22623762376237624,0.22662048490846115,0.21909000989119684,0.27434503213049927,0.274703557312253,0.21925925925925926,0.27492596248766044,0.2752836704489393,0.28007889546351084,0.2804337111877772,0.27536945812807884,0.28064992614475626,0.22588582677165353,0.2262666010821446,0.2753195673549656,0.21867321867321868,0.28045186640471514,0.2808051055473736,0.28115799803729147,0.21873467385973516,0.21911764705882353,0.28123468887800096,0.2257590597453477,0.2745961820851689,0.28131115459882583,0.2748166259168704,0.2751710654936461,0.2256961406936981,0.28125,0.21864324060517326,0.2751219512195122,0.27547537786445636,0.27582846003898637,0.22552362396492937,0.22590068159688412,0.2759124087591241,0.2806420233463035,0.27613028682547397,0.27648202137998057,0.21806702282661486,0.2766990291262136,0.2804463852498787,0.2769156159068865,0.2772661173048958,0.27761627906976744,0.22518159806295399,0.22555663117134558,0.22593130140299952,0.2775628626692456,0.27791203479942,0.22608695652173913,0.27812650893288265,0.27944015444015446,0.27978774722624217,0.2261330761812922,0.22650602409638554,0.2779383429672447,0.2797303803562831,0.2165543792107796,0.27994227994227994,0.2264423076923077,0.27775108121095626,0.21661863592699326,0.27796447431589055,0.22648752399232247,0.27817745803357313,0.2267497603068073,0.2793483469094394,0.2796934865900383,0.2781235040689325,0.2799043062200957,0.21616451458632233,0.2801147227533461,0.2264691829909221,0.27793696275071633,0.2801909307875895,0.27814885496183206,0.22651406771578445,0.2783603431839847,0.21581705574082896,0.21619047619047618,0.27843883864826274,0.2787821122740247,0.2791250594388968,0.21625475285171103,0.2166270783847981,0.2792022792022792,0.27954437588989084,0.22580645161290322,0.2797534376481745,0.22606635071090048,0.2799621032685931,0.2784090909090909,0.22621864647420728,0.2800378429517502,0.28037825059101656,0.22637051039697542,0.2158715162966462,0.21624173748819642,0.22652194431335534,0.21650943396226416,0.21687883074021688,0.27756833176248824,0.27979274611398963,0.22645951035781545,0.2776470588235294,0.22671683913452492,0.2778561354019746,0.2781954887218045,0.22686707374354156,0.2784037558685446,0.27921163772876584,0.2795497185741088,0.279887482419128,0.2268041237113402,0.2800936768149883,0.21582397003745318,0.2802994852597099,0.2778297474275023,0.27816736792893876,0.2266355140186916,0.2802428771602055,0.226890756302521,0.2804479701353243,0.28078358208955223,0.22703962703962705,0.22739981360671016,0.2151839776432231,0.21554934823091249,0.2773382968822708,0.2804651162790698,0.2807996280799628,0.22723048327137546,0.2275894101254064,0.21541318477251625,0.21577726218097448,0.28061224489795916,0.2809457579972184,0.27664504170528265,0.2769800833719315,0.2773148148148148,0.2776492364645997,0.22710453283996299,0.2778548312528895,0.21534195933456562,0.21570438799076214,0.27793167128347185,0.28011075219197046,0.28044280442804426,0.2268326417704011,0.21566820276497695,0.2805158912943344,0.22697974217311234,0.22733548090197883,0.22769089236430542,0.21563218390804598,0.21599264705882354,0.21635277905374367,0.2800734618916437,0.22762735199632858,0.28027522935779814,0.22787712058688675,0.22823098075160403,0.2803481447549244,0.2806776556776557,0.28100686498855837,0.2282708142726441,0.2812071330589849,0.28153564899451555,0.215623572407492,0.27534246575342464,0.2756732085805568,0.2760036496350365,0.2813497492020064,0.22789425706472197,0.27608200455580867,0.22814207650273224,0.22849340009103322,0.28116469517743403,0.2760345611641655,0.215,0.28123580190822356,0.2815622161671208,0.2283250113481616,0.28176043557168784,0.27573696145124715,0.22846781504986402,0.2759401903035795,0.276268115942029,0.2286102308736985,0.281447963800905,0.27634554500226144,0.22875226039783003,0.27654767284229553,0.2768744354110208,0.21399548532731377,0.21435018050541516,0.21470455570590888,0.2768259693417493,0.2807570977917981,0.2810810810810811,0.2769022962629446,0.2812781278127813,0.22807017543859648,0.22841726618705036,0.27685393258426966,0.2812219227313567,0.27705433318365513,0.22845601436265708,0.21399730820995963,0.2811659192825112,0.2814881219184222,0.21415770609318996,0.2767577250335871,0.28155774395702776,0.28187919463087246,0.21422182468694095,0.28207420652659815,0.27658623771224305,0.22778025904421617,0.28214285714285714,0.22802320392681838,0.27653880463871544,0.28221132411948285,0.2281639928698752,0.2285077951002227,0.2288512911843277,0.22919448153093014,0.22953736654804271,0.21342819030680302,0.22977777777777778,0.2816525988449578,0.28197158081705154,0.2134931202840657,0.2755102040816326,0.27583148558758314,0.28191489361702127,0.2760301284891449,0.21346324180690876,0.27622841965471445,0.28185840707964605,0.21362229102167182,0.27630415561450045,0.2138753866548829,0.2765017667844523,0.22869757174392935,0.2766990291262136,0.22893692104102337,0.281305114638448,0.22917584839136185,0.27665198237885463,0.21356230735358872,0.27684859154929575,0.27716673999120106,0.28100263852242746,0.229010989010989,0.22934973637961337,0.22968818620992534,0.28094820017559263,0.2768758227292672,0.28114035087719297,0.28145550197281893,0.2817703768624014,0.22952255803766974,0.2819614711033275,0.22975929978118162,0.2764654418197725,0.2125054656755575,0.28190559440559443,0.2765399737876802,0.28209606986899566,0.28240942819729375,0.212478184991274,0.27649367640645445,0.21272885789014823,0.2130718954248366,0.28222996515679444,0.21332172398781019,0.2824194952132289,0.27620704654197475,0.2826086956521739,0.27640156453715775,0.22849695916594265,0.228831958315241,0.2825520833333333,0.27635574837310195,0.2766695576756288,0.22886866059817945,0.2824956672443674,0.2828064097011693,0.21255411255411255,0.2289052358286456,0.2292387543252595,0.2827496757457847,0.27614520311149526,0.27645788336933047,0.21243523316062177,0.2766508416055244,0.27696289905090593,0.21259163432514014,0.21293103448275863,0.2770357604480827,0.22868217054263565,0.21308652604390874,0.2289156626506024,0.2817204301075269,0.2768701633705933,0.22905027932960895,0.22938144329896906,0.27694289394589955,0.2772532188841202,0.21278421278421278,0.22941680960548885,0.28118302614659235,0.22964867180805484,0.22997858672376872,0.2127568493150685,0.2768506632434745,0.28100940975192473,0.27704147071398033,0.2299145299145299,0.27723195215719776,0.2126387702818104,0.2129748186086214,0.21331058020477817,0.28059701492537314,0.2297527706734868,0.2807839795483596,0.2768313458262351,0.21328224776500637,0.28085106382978725,0.27690344534240746,0.22959183673469388,0.27709307267318317,0.21325403568394222,0.2772823779193206,0.21349745331069608,0.27747136190072125,0.21374045801526717,0.27766002543450613,0.28008474576271186,0.229140194832698,0.21380186282811178,0.28015234870926786,0.2140439932318105,0.2773784355179704,0.2776838546069315,0.28010139416983526,0.21410472972972974,0.28028704094554663,0.22869198312236286,0.28047237452551665,0.22892074198988197,0.27728613569321536,0.2775905644481887,0.22905263157894737,0.2803030303030303,0.22928060580563736,0.21362489486963834,0.27742749054224464,0.28025210084033614,0.27761444771104576,0.2779177162048699,0.278220730172052,0.21350671140939598,0.27840670859538785,0.2787091366303437,0.213657310431504,0.21398659966499162,0.2285475094181666,0.21422594142259413,0.21455457967377667,0.2792642140468227,0.2795653990806519,0.214703425229741,0.2780793319415449,0.2783806343906511,0.2786816854401335,0.2281067556296914,0.27886619424760317,0.22833333333333333,0.21449396084964598,0.27893422148209823,0.2792342904702455,0.2795341098169717,0.27983367983367985,0.2281795511221945,0.28001661819692564,0.22840531561461794,0.22872561228725613,0.21410788381742737,0.21443384487764414,0.2798507462686567,0.2801491918773311,0.21458160729080364,0.2774327122153209,0.214817880794702,0.22838229209764171,0.2799834574028122,0.2802811078958247,0.28057851239669424,0.22841800908715407,0.21469859620148637,0.22864217911679735,0.21493399339933994,0.2804123711340206,0.28070898598516075,0.22867737948084055,0.27635914332784184,0.22890078221490326,0.22921810699588477,0.2764294529000411,0.2767269736842105,0.21454993834771888,0.22925225965488907,0.28008213552361394,0.21469622331691296,0.21501846532622076,0.2801476620180476,0.21525215252152521,0.2155737704918033,0.2802130274477673,0.2805077805077805,0.22881702824396233,0.27577741407528644,0.21554192229038854,0.21586263286999183,0.2758479771148345,0.22875816993464052,0.2801143323805635,0.2289795918367347,0.2802937576499388,0.21574225122349103,0.2804728903383612,0.2754686226568867,0.22892057026476578,0.28053745928338764,0.28083028083028083,0.2290480065093572,0.2810085400569337,0.22926829268292684,0.27509142624949207,0.28107229894394803,0.2293950466910272,0.2297077922077922,0.23002028397565924,0.21492295214922952,0.2809079854073774,0.28119935170178284,0.27460510328068044,0.2813765182186235,0.2747875354107649,0.21480582524271843,0.2814395471087748,0.274858528698464,0.2294949494949495,0.2148626817447496,0.2749293500201857,0.28127522195318805,0.27511093182734975,0.2814516129032258,0.27529222087867794,0.22925060435132957,0.2815142972211035,0.28180354267310787,0.27525150905432594,0.2755430410297667,0.22919179734620024,0.2817524115755627,0.21414222579349138,0.21445783132530122,0.2818145323163388,0.2821027287319422,0.21460088247091857,0.214915797914996,0.2749498997995992,0.27524038461538464,0.22867440929114938,0.28182546036829464,0.28211284513805523,0.2288,0.28228708516593365,0.2290167865707434,0.22932481022772672,0.2747603833865815,0.22954091816367264,0.28212290502793297,0.2748304746709214,0.22966507177033493,0.21402949382223993,0.21434262948207172,0.2819593787335723,0.2746815286624204,0.28213290887385595,0.21439936356404138,0.2823061630218688,0.2746422893481717,0.22924116011124354,0.22954725972994441,0.28225486304088926,0.28253968253968254,0.21420071400238,0.28271213322759714,0.28299643281807374,0.27416798732171155,0.2744554455445545,0.2747426761678543,0.21408785120696477,0.2749208860759494,0.2752075919335706,0.21422924901185772,0.2824970367443698,0.27527646129541866,0.22858270825108568,0.2825572217837411,0.2828402366863905,0.2752365930599369,0.275522270398108,0.21394799054373523,0.27569909413154786,0.2283464566929134,0.22865013774104684,0.27576711250983477,0.22886354699174205,0.2759433962264151,0.2137524557956778,0.22898664571877456,0.281900274833137,0.2759026687598116,0.21380933699489996,0.2819607843137255,0.2759702077616621,0.22884012539184953,0.282021151586369,0.22905246671887236,0.2821917808219178,0.2136150234741784,0.21392256550645286,0.2142298670836591,0.2821414615084017,0.282421875,0.21436938695821944,0.275175644028103,0.2145922746781116,0.21489859594383776,0.28226120857699805,0.2151208106001559,0.2824308531359564,0.2827102803738318,0.22810432074737252,0.2828793774319066,0.28315830416180476,0.2744945567651633,0.2833268558103381,0.27466977466977466,0.2279611650485437,0.2833850931677019,0.27473806752037255,0.2835531419705198,0.21442419542458316,0.21472868217054264,0.21503293297171638,0.2745933384972889,0.2748741773132017,0.21517027863777088,0.2750483558994197,0.27532869296210366,0.2829532276768458,0.22720247295208656,0.28312089609887986,0.2833976833976834,0.2836742570436125,0.22723765432098766,0.2275356729656768,0.22783346183500386,0.2747591522157996,0.2280431432973806,0.2144782441278398,0.22825250192455734,0.22854944209311273,0.22884615384615384,0.2829680891964629,0.28324365872405843,0.2835190165194007,0.27419354838709675,0.2287907869481766,0.22908672294704527,0.2834675872650556,0.2741564417177914,0.27443464929091604,0.22911877394636015,0.2137112217541172,0.21401225114854516,0.2743972445464983,0.22915072685539403,0.2829827915869981,0.27446483180428133,0.27474207107374854,0.2750190985485103,0.21382206949217258,0.282824427480916,0.2750858450972911,0.2753623188405797,0.2756385817765917,0.21379573170731708,0.2140952380952381,0.2757044935262757,0.22839741149600304,0.2286910197869102,0.27577025484975276,0.27604562737642585,0.21398707715697454,0.28191489361702127,0.28218761868590964,0.2824601366742597,0.2140417457305503,0.2826251896813354,0.27569207432688664,0.28278999241849884,0.2830617658203865,0.22803030303030303,0.22832260507383567,0.27554882664647995,0.28301172909572453,0.21369137670196672,0.2283553875236295,0.2755102040816326,0.22856063468077067,0.21374622356495468,0.27557568893922235,0.27584905660377357,0.2825348924933987,0.22850678733031674,0.2759140595552205,0.2761868877166541,0.27645951035781546,0.22853915662650603,0.27662777568686486,0.2768999247554552,0.2820609251598345,0.28233082706766915,0.28260052611800074,0.22839969947407965,0.2827638002253098,0.2286036036036036,0.28292682926829266,0.27644411102775696,0.2125984251968504,0.2128935532233883,0.22855001873360808,0.27640449438202247,0.21302882815424934,0.27657185628742514,0.2824541713430602,0.27673896783844426,0.2770093457943925,0.2825112107623318,0.2827792304818827,0.2128454070201643,0.2769690182904069,0.2130597014925373,0.28273032450578145,0.2829977628635347,0.2769288110324264,0.27719821162444114,0.2774674115456238,0.28294862248696945,0.22739114253814663,0.2775297619047619,0.22759390107846783,0.2776951672862453,0.21256038647342995,0.27786032689450224,0.2781284812476792,0.27839643652561247,0.27866419294990724,0.2822700296735905,0.2825361512791991,0.21237954040029652,0.27862171174509076,0.2788888888888889,0.22695298037763792,0.21243523316062177,0.22715501294857565,0.28217455621301774,0.28243992606284657,0.278640059127864,0.28260066494274105,0.21233382570162482,0.27870062753783686,0.2789667896678967,0.22685355957211362,0.21238938053097345,0.2823442683376336,0.22697126013264554,0.227255985267035,0.22754050073637702,0.21236658078763343,0.21265636497424578,0.28208900331004044,0.2823529411764706,0.2826166850422639,0.22740631888317414,0.2827763496143959,0.2276064610866373,0.28293577981651374,0.2776962582538518,0.21232123212321233,0.2126099706744868,0.22755588127519238,0.27765567765567767,0.21274258513365069,0.27781844802342603,0.28247347237467985,0.2779809802487198,0.22742230347349177,0.28252923976608185,0.22762148337595908,0.2779401022644266,0.22782037239868566,0.2124087591240876,0.2126960963152134,0.22793581327498177,0.2821728034998177,0.22813411078717202,0.27759562841530055,0.27785870356882736,0.22824899890789951,0.28202328966521106,0.22844670789377955,0.2821818181818182,0.2122864412940749,0.28234011627906974,0.2826007991282238,0.22839506172839505,0.2773139745916515,0.28265602322206096,0.22850924918389554,0.21211022480058014,0.212395795578108,0.2826086956521739,0.28286852589641437,0.21252715423606083,0.22837495475931957,0.2767727930535456,0.21265822784810126,0.2769342010122921,0.2771955186122154,0.2774566473988439,0.22824124232574936,0.21263537906137184,0.2775171418260556,0.2777777777777778,0.28200504868373605,0.2779379956741168,0.28216216216216217,0.22802593659942363,0.22830392509902772,0.22858171346292297,0.2777977689816481,0.21223021582733814,0.28191298094210715,0.2821710999281093,0.2285303629177147,0.2823275862068966,0.28258527827648117,0.2828427853553482,0.27735916756368856,0.28299856527977046,0.277518823951237,0.2777777777777778,0.21175206019347903,0.27793696275071633,0.22807017543859648,0.2283464566929134,0.22862254025044723,0.2778969957081545,0.28244547729710406,0.2780557541100786,0.2286530903894248,0.2825,0.21135308818279186,0.22876516773733047,0.277916518016411,0.21148359486447932,0.2823529411764706,0.2826086956521739,0.27787673672960456,0.22863247863247863,0.22890708437166252,0.2825622775800712,0.2778370686588403,0.2827169274537696,0.21116246000710984,0.21144278606965175,0.22877442273534637,0.27769886363636365,0.2779552715654952,0.2782114975159688,0.27846754168144733,0.21134751773049645,0.22864232541651897,0.2115520907158044,0.2819695359546582,0.21175637393767704,0.2821238938053097,0.2823779193205945,0.21188539087371772,0.28253182461103254,0.2827854365500177,0.2282685512367491,0.21193924408336276,0.2775423728813559,0.2827391457818567,0.21206774876499648,0.22821869488536156,0.2827926657263752,0.212195981670779,0.2124735729386892,0.28284607256076083,0.2830985915492958,0.28335093277015133,0.22800844475721324,0.2768202602884277,0.21237693389592124,0.28330404217926186,0.2280393534785664,0.21250439058658238,0.2127808988764045,0.2765882765882766,0.2831578947368421,0.2834093300596282,0.27664796633941097,0.21275849982474587,0.22775052557813594,0.2833625218914186,0.28361344537815125,0.2838641932096605,0.2841147655703289,0.28436516264428124,0.2125874125874126,0.2845159035302342,0.28476589797344515,0.2759343346140412,0.227304469273743,0.27609075043630016,0.2274947662247034,0.27624694802929894,0.2764993026499303,0.2844196584175671,0.27665505226480835,0.2274468826192964,0.28447075208913647,0.284719805081796,0.22755741127348644,0.27652173913043476,0.21175243393602225,0.27667709419534237,0.2769284225156359,0.2771795762417506,0.284375,0.2117320374869837,0.22727272727272727,0.21193201526188,0.21220527045769763,0.2124783362218371,0.2273042273042273,0.22757187391756148,0.2126038781163435,0.21287642782969884,0.27647058823529413,0.2767208578346593,0.22752420470262794,0.2834427929484964,0.2767795438838977,0.2835924006908463,0.2838397790055249,0.22747670003451848,0.2277432712215321,0.27664711969644706,0.21241379310344827,0.2278524646673561,0.2835975189524466,0.2766104030313469,0.2768595041322314,0.2278829604130809,0.2770130763936683,0.27726178190574474,0.27751031636863827,0.2777586799587487,0.22783505154639175,0.2281003091721058,0.28296703296703296,0.2118091314795743,0.2831159917638984,0.28336192109777014,0.2836076817558299,0.27733973260198835,0.2117888965044551,0.2278177458033573,0.28356164383561644,0.2838069154399178,0.22792607802874743,0.28395484091686624,0.28419972640218877,0.28444444444444444,0.2768284347231716,0.284591732148958,0.2769808743169399,0.28473881870945716,0.2771331058020478,0.22756738314568406,0.28478854024556616,0.28503239004432324,0.21097477845944104,0.2770017035775128,0.2111716621253406,0.2849846782431052,0.2852280462899932,0.27696495406600885,0.27721088435374147,0.2774566473988439,0.2777022433718559,0.21100917431192662,0.28498641304347827,0.27775891341256365,0.22674813306177868,0.22701051917203935,0.27781546811397556,0.2780603594438793,0.21084745762711865,0.2111148763131142,0.2845528455284553,0.2847951236031155,0.28503723764387273,0.21116751269035533,0.21143437077131258,0.2776462631044978,0.28498985801217036,0.2777965528894897,0.27804054054054056,0.2850388382303276,0.2113436866981769,0.27809652379345257,0.21153846153846154,0.2118043844856661,0.2848954821308159,0.22581732389619144,0.2779649595687331,0.226002020882452,0.28484848484848485,0.27802086839448,0.28499327052489903,0.2781701984527413,0.27841291190316075,0.21142857142857144,0.2849462365591398,0.2851864292912328,0.28542646071188715,0.28566633098355154,0.27818791946308724,0.22542770882254276,0.278336686787391,0.21119678176332551,0.2855227882037534,0.27839195979899495,0.27863362357669125,0.22530967525945764,0.22556894243641232,0.2786885245901639,0.27892976588628765,0.27917084587094615,0.22560160427807488,0.28499832943534914,0.21075484301937208,0.21101836393989984,0.2850467289719626,0.2789456122789456,0.21114076050700467,0.2850950316772257,0.2853333333333333,0.22525824725091637,0.2788141239173884,0.22544122544122544,0.2852862849533955,0.2788685524126456,0.22554890219560877,0.2853342201529764,0.22573138297872342,0.28547690262545694,0.2787375415282392,0.22583859182995683,0.22609561752988047,0.2854298041818785,0.21035169210351692,0.2855721393034826,0.21054376657824933,0.2857142857142857,0.2783300198807157,0.2785690626035111,0.21059602649006623,0.2787156570671963,0.285572468563865,0.28580879920608665,0.2787698412698413,0.21057851239669423,0.278916060806345,0.2791542781631979,0.22523117569352707,0.2254869593925388,0.22574257425742575,0.2853843615968327,0.279023746701847,0.28552588196505113,0.2257745550428477,0.2790774299835255,0.21014492753623187,0.225880803424432,0.28538512179065173,0.2856202698256005,0.2858552631578947,0.2788556395922394,0.27909270216962523,0.20999014130791982,0.22568988173455978,0.2857142857142857,0.21011162179908077,0.2858549392845422,0.28608923884514437,0.22564775336175796,0.2862295081967213,0.2785971812520485,0.2788335517693316,0.20995741893219783,0.21021611001964635,0.28608837970540096,0.21040575916230367,0.21066404972194963,0.2786134728580772,0.2788492971559333,0.28594771241830064,0.2107154524665142,0.21097322011757022,0.2859941234084231,0.2862271540469974,0.22479608482871125,0.28636660143509457,0.22497554613628953,0.2865058670143416,0.2108178559791463,0.2250814332247557,0.2865516118528167,0.2779947916666667,0.2251871135698015,0.2781392322706571,0.21073170731707316,0.27828348504551365,0.28631784205394867,0.27842755035737493,0.2864566417668074,0.2785714285714286,0.210645894190198,0.22485399091499025,0.2786247161855336,0.22503242542153049,0.2787682333873582,0.21062864549578741,0.2108843537414966,0.211139896373057,0.28585302686953706,0.286084142394822,0.21125849239728242,0.28622250970245794,0.2247009376010346,0.22495151906916613,0.21130856219709207,0.21156330749354005,0.2860833064255731,0.2117495158166559,0.2862213617295902,0.21193548387096775,0.28635923895517573,0.2775628626692456,0.22462133419271674,0.2777061855670103,0.2247987117552335,0.2778493238892466,0.286128097843579,0.277992277992278,0.2782245094885815,0.2861736334405145,0.27836708453873354,0.21143958868894602,0.27850947638933504,0.2861271676300578,0.2115569823434992,0.21181001283697048,0.28617260186076354,0.2783835792174471,0.2863097146521321,0.27852564102564104,0.22396667734700418,0.2786675208199872,0.22414345180915787,0.278809218950064,0.22432,0.21145233525271914,0.21170450911416694,0.2858056265984655,0.2860338766379035,0.28626198083067095,0.2117534334078569,0.22413793103448276,0.2863070539419087,0.2782386726228462,0.2864433811802233,0.22417091836734693,0.2865795345871852,0.28680688336520077,0.21153233513857916,0.28694267515923566,0.2117160140082776,0.21196690006365373,0.27776010181355393,0.2779898218829516,0.28680445151033385,0.2870311506675143,0.22370511598347634,0.22395171537484118,0.224198158145443,0.2777777777777778,0.2780069819105046,0.2868020304568528,0.22423089121471615,0.22447685478757134,0.2868462757527734,0.2778833967046895,0.22458029775102945,0.2780240658644712,0.27825261158594494,0.22468354430379747,0.27839291363492563,0.22485768500948766,0.2785330382548214,0.286346396965866,0.2786729857819905,0.286481364497789,0.2867066624565835,0.22474747474747475,0.22499211107604922,0.27854889589905363,0.27877641122674235,0.27900378310214374,0.27923101166088876,0.22495274102079396,0.21007874015748032,0.21032745591939547,0.22505508341202393,0.210509754562618,0.2859389745202894,0.21069182389937108,0.2250864508016347,0.21087366436203644,0.2111215834118756,0.2858040201005025,0.28602825745682886,0.2862523540489642,0.278318167555695,0.27854454203262236,0.28629664471621197,0.2109717868338558,0.2785960513945472,0.27882205513784464,0.2245537112433448,0.27896055103318723,0.27918622848200314,0.21088861076345433,0.21113543947450736,0.2858036272670419,0.28602688340106286,0.28625,0.21118400499843798,0.22423485321673953,0.2862940992819232,0.2787141073657928,0.22433697347893916,0.2863381160324392,0.28656064858122854,0.22443890274314215,0.28669367404175755,0.27850467289719627,0.2787293677981937,0.28673723536737233,0.2788671023965142,0.2868699439950218,0.2870917573872473,0.2105099502487562,0.27883120920111903,0.2790553138595401,0.2870456663560112,0.22391304347826088,0.28717789506364483,0.27901924270639356,0.2792429413589823,0.21029776674937964,0.22387596899224807,0.2241165530068196,0.22435698791447165,0.21034696406443618,0.28677609166924745,0.21052631578947367,0.28690807799442897,0.2787747524752475,0.2870399010207238,0.2789115646258503,0.2241112828438949,0.28708281829419036,0.21037998146431883,0.22421247683755405,0.2244519913553566,0.28703703703703703,0.22462203023758098,0.28716841455891423,0.2247918593894542,0.2783600493218249,0.2785824345146379,0.21010474430067777,0.2787188173698799,0.2789408866995074,0.21021852877808556,0.27907692307692306,0.2866810212242387,0.28690036900369004,0.22440823854903166,0.28703134603564845,0.2872503840245776,0.2245085995085995,0.28738102548357386,0.2786985880908533,0.2246087756980669,0.22484662576687117,0.22508432996013492,0.20968730839975475,0.27857799570946984,0.28707107843137253,0.20980091883614088,0.2872014696876914,0.2874196510560147,0.22490820073439413,0.22514530437442642,0.2253822629969419,0.20972179761540813,0.22555012224938875,0.2871982890314696,0.2779474648747709,0.2781679389312977,0.2783882783882784,0.22551113823619165,0.287065283709579,0.225678560536749,0.2871951219512195,0.2782688204815605,0.28732480195003046,0.2257081937252513,0.2874543239951279,0.2091324200913242,0.278149726110773,0.2783693337389717,0.2874087591240876,0.28762541806020064,0.20911854103343466,0.2093588574901246,0.22539489671931956,0.28757971454600667,0.2877959927140255,0.28801213960546285,0.20934466019417475,0.2778283287837428,0.28805336567616735,0.27796301909669596,0.2781818181818182,0.22508330808845806,0.22531798909751666,0.28792007266121705,0.288135593220339,0.27806354009077155,0.22534785238959468,0.2255820985787723,0.2880894800483676,0.2883046237533998,0.2256797583081571,0.2778616732105104,0.2883454106280193,0.22577724117114398,0.2884731442365721,0.27782805429864255,0.28860072376357054,0.277962013867953,0.2781796262808921,0.2886411569749925,0.288855421686747,0.28906955736224027,0.2892835641180012,0.2780619921757448,0.2253309265944645,0.22556390977443608,0.27811184606133493,0.2783288247670574,0.22566105769230768,0.278462000600781,0.2786786786786787,0.225758030621435,0.2887154861944778,0.27872787278727873,0.22585482903419316,0.28875562218890555,0.2260191846522782,0.28888222954749776,0.2890952666267226,0.22611560347409404,0.22634730538922157,0.2891349895240946,0.27827648114901254,0.226443314388274,0.28917464114832536,0.2783258594917788,0.22653915122534368,0.28921422169106664,0.22670250896057348,0.22693341295909228,0.2782089552238806,0.22709638913757088,0.20614558472553698,0.2889949299135103,0.28920691711389385,0.2894187779433681,0.2896305125148987,0.2779267202859696,0.22692078618225134,0.2896695445072938,0.22708333333333333,0.2897947039571556,0.2900059488399762,0.27772821885221527,0.22711058263971462,0.29004457652303123,0.20558526440879382,0.29016929016929016,0.2776128266033254,0.2902938557435441,0.22700296735905046,0.2904182735093444,0.29062870699881377,0.2908390157130151,0.27741553052756374,0.290962962962963,0.20527251184834122,0.277465205803968,0.27767910005920665,0.22669428825096183,0.2908284023668639,0.29103815439219166,0.22678888231815494,0.2270174401418859,0.20508274231678486,0.29098966026587886,0.29119905493207326,0.27723649247121346,0.2269775678866588,0.2912363529064621,0.20501474926253688,0.2913594809790622,0.27712264150943394,0.2773356911287946,0.2913965822038892,0.2916053019145803,0.2773851590106007,0.22667059169855755,0.2916421424367275,0.20476610767872905,0.22676470588235295,0.2916789179653043,0.29188712522045857,0.20481927710843373,0.27702702702702703,0.27723935389133625,0.27745155607751026,0.22659230995010274,0.20481220657276994,0.20504546787914343,classic
