5_44940660_44952140,1.0,1.0,0.3333333333333333,0.25,0.2,0.5,0.5714285714285714,0.25,0.5555555555555556,0.2,0.18181818181818182,0.5,0.23076923076923078,0.21428571428571427,0.2,0.4375,0.23529411764705882,0.2222222222222222,0.42105263157894735,0.2,0.23809523809523808,0.22727272727272727,0.2608695652173913,0.25,0.36,0.2692307692307692,0.2962962962962963,0.25,0.1724137931034483,0.3,0.3225806451612903,0.1875,0.21212121212121213,0.23529411764705882,0.2571428571428571,0.2222222222222222,0.2702702702702703,0.2894736842105263,0.2564102564102564,0.225,0.2926829268292683,0.2619047619047619,0.27906976744186046,0.22727272727272727,0.28888888888888886,0.2826086956521739,0.23404255319148937,0.2916666666666667,0.30612244897959184,0.28,0.3137254901960784,0.21153846153846154,0.22641509433962265,0.24074074074074073,0.21818181818181817,0.25,0.2631578947368421,0.29310344827586204,0.2542372881355932,0.26666666666666666,0.21311475409836064,0.25806451612903225,0.2698412698412698,0.28125,0.2153846153846154,0.25757575757575757,0.22388059701492538,0.23529411764705882,0.2608695652173913,0.2714285714285714,0.2535211267605634,0.2777777777777778,0.2602739726027397,0.22972972972972974,0.28,0.2631578947368421,0.24675324675324675,0.2692307692307692,0.25316455696202533,0.275,0.2839506172839506,0.2926829268292683,0.25301204819277107,0.2619047619047619,0.27058823529411763,0.20930232558139536,0.28735632183908044,0.2727272727272727,0.21348314606741572,0.28888888888888886,0.27472527472527475,0.29347826086956524,0.23655913978494625,0.2978723404255319,0.30526315789473685,0.20833333333333334,0.26804123711340205,0.30612244897959184,0.21212121212121213,0.27,0.22772277227722773,0.27450980392156865,0.23300970873786409,0.2403846153846154,0.29523809523809524,0.3018867924528302,0.24299065420560748,0.25,0.25688073394495414,0.2636363636363636,0.1981981981981982,0.29464285714285715,0.26548672566371684,0.2719298245614035,0.25217391304347825,0.19827586206896552,0.2905982905982906,0.2033898305084746,0.21008403361344538,0.21666666666666667,0.2231404958677686,0.26229508196721313,0.2845528455284553,0.2903225806451613,0.296,0.30158730158730157,0.25984251968503935,0.234375,0.3023255813953488,0.2153846153846154,0.2595419847328244,0.30303030303030304,0.3082706766917293,0.23134328358208955,0.21481481481481482,0.3088235294117647,0.25547445255474455,0.2608695652173913,0.26618705035971224,0.2714285714285714,0.3049645390070922,0.22535211267605634,0.23076923076923078,0.3055555555555556,0.3103448275862069,0.2328767123287671,0.3129251700680272,0.23648648648648649,0.20134228187919462,0.24,0.31125827814569534,0.20394736842105263,0.3137254901960784,0.3181818181818182,0.2064516129032258,0.32051282051282054,0.2484076433121019,0.2088607594936709,0.25157232704402516,0.25625,0.2111801242236025,0.25925925925925924,0.26380368098159507,0.22560975609756098,0.26666666666666666,0.21084337349397592,0.30538922155688625,0.26785714285714285,0.21301775147928995,0.3058823529411765,0.2222222222222222,0.21511627906976744,0.3063583815028902,0.21839080459770116,0.30857142857142855,0.3125,0.22033898305084745,0.3146067415730337,0.2569832402234637,0.2222222222222222,0.3149171270718232,0.25824175824175827,0.26229508196721313,0.21195652173913043,0.21621621621621623,0.26344086021505375,0.31016042780748665,0.31382978723404253,0.31746031746031744,0.21578947368421053,0.2617801047120419,0.265625,0.2694300518134715,0.27319587628865977,0.27692307692307694,0.21428571428571427,0.3096446700507614,0.31313131313131315,0.21608040201005024,0.275,0.20398009950248755,0.21782178217821782,0.27586206896551724,0.27941176470588236,0.3073170731707317,0.21844660194174756,0.2222222222222222,0.22596153846153846,0.3062200956937799,0.30952380952380953,0.22748815165876776,0.27358490566037735,0.27699530516431925,0.19626168224299065,0.27906976744186046,0.19907407407407407,0.28110599078341014,0.30275229357798167,0.3059360730593607,0.2,0.3076923076923077,0.27927927927927926,0.21973094170403587,0.3080357142857143,0.3111111111111111,0.3141592920353982,0.22026431718061673,0.27631578947368424,0.1965065502183406,0.2,0.3116883116883117,0.21982758620689655,0.27467811158798283,0.31196581196581197,0.2,0.2033898305084746,0.2742616033755274,0.2773109243697479,0.20502092050209206,0.30833333333333335,0.27800829875518673,0.30991735537190085,0.31275720164609055,0.3155737704918033,0.21224489795918366,0.3170731707317073,0.31983805668016196,0.20161290322580644,0.321285140562249,0.212,0.32270916334661354,0.2698412698412698,0.2015810276679842,0.27165354330708663,0.27450980392156865,0.27734375,0.21011673151750973,0.3178294573643411,0.277992277992278,0.2,0.2796934865900383,0.2824427480916031,0.28517110266159695,0.3143939393939394,0.28679245283018867,0.2894736842105263,0.3146067415730337,0.19776119402985073,0.20446096654275092,0.28888888888888886,0.2066420664206642,0.19852941176470587,0.2893772893772894,0.20802919708029197,0.2909090909090909,0.21014492753623187,0.19855595667870035,0.21223021582733814,0.2903225806451613,0.21428571428571427,0.302491103202847,0.2907801418439716,0.1978798586572438,0.2007042253521127,0.2912280701754386,0.20279720279720279,0.20557491289198607,0.2986111111111111,0.2906574394463668,0.3,0.20962199312714777,0.2910958904109589,0.3003412969283277,0.30272108843537415,0.2033898305084746,0.2905405405405405,0.30303030303030304,0.29194630872483224,0.29431438127090304,0.30333333333333334,0.2026578073089701,0.2947019867549669,0.30363036303630364,0.20394736842105263,0.29508196721311475,0.20261437908496732,0.2964169381107492,0.2987012987012987,0.30097087378640774,0.3032258064516129,0.20257234726688103,0.30448717948717946,0.2012779552715655,0.2961783439490446,0.3047619047619048,0.3069620253164557,0.20189274447949526,0.3081761006289308,0.2006269592476489,0.29375,0.20249221183800623,0.2950310559006211,0.29721362229102166,0.2006172839506173,0.3046153846153846,0.20245398773006135,0.3058103975535168,0.20121951219512196,0.20364741641337386,0.30606060606060603,0.2054380664652568,0.2921686746987952,0.2072072072072072,0.20059880239520958,0.29253731343283584,0.29464285714285715,0.20178041543026706,0.20414201183431951,0.3008849557522124,0.20588235294117646,0.3020527859237537,0.30409356725146197,0.20699708454810495,0.29069767441860467,0.2927536231884058,0.2947976878612717,0.2968299711815562,0.2988505747126437,0.20057306590257878,0.3,0.29914529914529914,0.30113636363636365,0.3031161473087819,0.20056497175141244,0.30422535211267604,0.20224719101123595,0.2969187675070028,0.2011173184357542,0.30362116991643456,0.20277777777777778,0.20221606648199447,0.20441988950276244,0.29476584022038566,0.2032967032967033,0.2958904109589041,0.3005464480874317,0.20435967302452315,0.20652173913043478,0.2032520325203252,0.20540540540540542,0.29380053908355797,0.20698924731182797,0.2949061662198391,0.2967914438502674,0.208,0.21010638297872342,0.29442970822281167,0.2962962962962963,0.29815303430079154,0.3,0.2099737532808399,0.2931937172774869,0.3002610966057441,0.2942708333333333,0.2961038961038961,0.3005181347150259,0.3023255813953488,0.19845360824742267,0.3033419023136247,0.2,0.2071611253196931,0.30357142857142855,0.2010178117048346,0.20812182741116753,0.3037974683544304,0.20202020202020202,0.20906801007556675,0.30402010050251255,0.2882205513784461,0.21,0.30423940149625933,0.2885572139303483,0.20099255583126552,0.30445544554455445,0.30617283950617286,0.3078817733990148,0.20884520884520885,0.3088235294117647,0.21026894865525672,0.3097560975609756,0.31143552311435524,0.2111650485436893,0.21307506053268765,0.2826086956521739,0.3108433734939759,0.3125,0.19664268585131894,0.2822966507177033,0.2840095465393795,0.3119047619047619,0.31353919239904987,0.2109004739336493,0.28368794326241137,0.3136792452830189,0.2847058823529412,0.19483568075117372,0.31381733021077285,0.2850467289719626,0.2867132867132867,0.28837209302325584,0.2900232018561485,0.20833333333333334,0.2909930715935335,0.2926267281105991,0.2942528735632184,0.2958715596330275,0.19221967963386727,0.2968036529680365,0.30751708428246016,0.3090909090909091,0.1927437641723356,0.20588235294117646,0.309255079006772,0.3108108108108108,0.20674157303370785,0.2085201793721973,0.2930648769574944,0.29464285714285715,0.1915367483296214,0.29555555555555557,0.29711751662971175,0.2079646017699115,0.3068432671081678,0.2092511013215859,0.2967032967032967,0.30701754385964913,0.2100656455142232,0.3078602620087336,0.2962962962962963,0.30869565217391304,0.29718004338394793,0.20995670995670995,0.30885529157667385,0.2974137931034483,0.210752688172043,0.21244635193133046,0.3083511777301927,0.297008547008547,0.3091684434968017,0.2127659574468085,0.29723991507430997,0.1843220338983051,0.3086680761099366,0.2974683544303797,0.3094736842105263,0.29831932773109243,0.31027253668763105,0.2112970711297071,0.21294363256784968,0.3104166666666667,0.18295218295218296,0.21369294605809128,0.29606625258799174,0.18388429752066116,0.29690721649484536,0.2139917695473251,0.21560574948665298,0.21721311475409835,0.2965235173824131,0.1836734693877551,0.21792260692464357,0.2967479674796748,0.1845841784989858,0.21862348178137653,0.30303030303030304,0.21975806451612903,0.22132796780684105,0.29518072289156627,0.3026052104208417,0.296,0.29740518962075846,0.30278884462151395,0.18290258449304175,0.22023809523809523,0.22178217821782178,0.30237154150197626,0.3037475345167653,0.2952755905511811,0.18271119842829076,0.296078431372549,0.2974559686888454,0.302734375,0.2982456140350877,0.3035019455252918,0.21941747572815534,0.29844961240310075,0.2205029013539652,0.29922779922779924,0.30057803468208094,0.3019230769230769,0.30134357005758156,0.18007662835249041,0.30210325047801145,0.21946564885496184,0.30095238095238097,0.22053231939163498,0.222011385199241,0.30113636363636365,0.30245746691871456,0.30377358490566037,0.3050847457627119,0.22180451127819548,0.3058161350844278,0.29775280898876405,0.17757009345794392,0.29850746268656714,0.1787709497206704,0.3048327137546468,0.17996289424860853,0.3055555555555556,0.2975970425138632,0.18081180811808117,0.21915285451197053,0.30514705882352944,0.22018348623853212,0.3058608058608059,0.2961608775137112,0.29744525547445255,0.30601092896174864,0.29818181818181816,0.21960072595281308,0.1793478260869565,0.2206148282097649,0.22202166064981949,0.18018018018018017,0.29676258992805754,0.2980251346499102,0.2222222222222222,0.29874776386404295,0.3,0.30124777183600715,0.22241992882562278,0.30017761989342806,0.22340425531914893,0.3008849557522124,0.30212014134275617,0.2998236331569665,0.301056338028169,0.3022847100175747,0.30350877192982456,0.30472854640980734,0.30594405594405594,0.30715532286212915,0.29965156794425085,0.30782608695652175,0.3003472222222222,0.22010398613518198,0.22145328719723184,0.307426597582038,0.22241379310344828,0.22375215146299485,0.3075601374570447,0.29845626072041165,0.3082191780821918,0.29914529914529914,0.2235494880546075,0.29982964224872233,0.3078231292517007,0.300509337860781,0.22372881355932203,0.3011844331641286,0.30236486486486486,0.3069139966273187,0.30808080808080807,0.3025210084033613,0.3036912751677852,0.22278056951423786,0.30434782608695654,0.3055091819699499,0.16833333333333333,0.30615640599001664,0.22259136212624583,0.30514096185737977,0.30629139072847683,0.30578512396694213,0.16831683168316833,0.30642504118616143,0.3059210526315789,0.22167487684729065,0.30655737704918035,0.3060556464811784,0.30718954248366015,0.16802610114192496,0.22149837133550487,0.3073170731707317,0.16883116883116883,0.22204213938411668,0.3042071197411003,0.3069466882067851,0.30806451612903224,0.16908212560386474,0.3086816720257235,0.22150882825040127,0.3092948717948718,0.3104,0.3019169329073482,0.16905901116427433,0.3105095541401274,0.17011128775834658,0.30158730158730157,0.2202852614896989,0.17088607594936708,0.2211690363349131,0.30914826498422715,0.3102362204724409,0.300314465408805,0.22135007849293564,0.2225705329153605,0.3004694835680751,0.2234375,0.30109204368174725,0.308411214953271,0.223950233281493,0.3090062111801242,0.31007751937984496,0.30030959752321984,0.30139103554868624,0.3101851851851852,0.3020030816640986,0.1676923076923077,0.3102918586789555,0.2223926380368098,0.22358346094946402,0.3012232415902141,0.22442748091603054,0.22560975609756098,0.3013698630136986,0.22644376899696048,0.2276176024279211,0.3015151515151515,0.22844175491679275,0.229607250755287,0.30165912518853694,0.23042168674698796,0.23157894736842105,0.23273273273273273,0.23388305847076463,0.23502994011976047,0.3034379671150972,0.3,0.30104321907600595,0.30357142857142855,0.23476968796433878,0.30118694362017806,0.3022222222222222,0.23520710059171598,0.30280649926144754,0.30383480825958703,0.16200294550810015,0.23529411764705882,0.3039647577092511,0.1627565982404692,0.3001464128843338,0.30409356725146197,0.3051094890510949,0.30029154518950435,0.16302765647743814,0.3008720930232558,0.3018867924528302,0.30289855072463767,0.30390738060781475,0.16329479768786126,0.30447330447330445,0.3025936599423631,0.3035971223021583,0.16379310344827586,0.30416068866571017,0.30515759312320917,0.3061516452074392,0.3028571428571429,0.2296718972895863,0.30626780626780625,0.23044096728307253,0.3025568181818182,0.30354609929078014,0.3045325779036827,0.3055162659123055,0.3050847457627119,0.1622002820874471,0.3056338028169014,0.3066104078762307,0.30758426966292135,0.3085553997194951,0.30392156862745096,0.3048951048951049,0.2276536312849162,0.3082287308228731,0.22841225626740946,0.3045897079276773,0.22916666666666666,0.30513176144244103,0.3060941828254848,0.22959889349930843,0.30662983425414364,0.3062068965517241,0.3071625344352617,0.30674002751031637,0.15934065934065933,0.30727023319615915,0.22876712328767124,0.307797537619699,0.30601092896174864,0.3069577080491132,0.15940054495912806,0.22857142857142856,0.3070652173913043,0.3066485753052917,0.15989159891598917,0.3071718538565629,0.30675675675675673,0.3076923076923077,0.30727762803234504,0.3082099596231494,0.30913978494623656,0.22684563758389262,0.22788203753351208,0.30655957161981257,0.3074866310160428,0.308411214953271,0.15866666666666668,0.30758988015978694,0.30851063829787234,0.22709163346613545,0.3090185676392573,0.22781456953642384,0.30687830687830686,0.30779392338177014,0.3087071240105541,0.3096179183135705,0.3105263157894737,0.15768725361366623,0.3110236220472441,0.22673656618610746,0.22774869109947643,0.3058823529411765,0.22845953002610966,0.31029986962190353,0.15755208333333334,0.305591677503251,0.3103896103896104,0.311284046692607,0.15803108808290156,0.3053040103492885,0.15891472868217055,0.3058064516129032,0.31056701030927836,0.15958815958815958,0.16066838046272494,0.16174582798459564,0.30512820512820515,0.16261203585147246,0.30562659846547313,0.2247765006385696,0.30612244897959184,0.22547770700636943,0.30661577608142493,0.30749682337992373,0.22588832487309646,0.30671736375158426,0.1620253164556962,0.30720606826801516,0.16287878787878787,0.3064312736443884,0.22544080604534006,0.3069182389937107,0.22613065326633167,0.3074027603513174,0.3082706766917293,0.16270337922403003,0.30875,0.3046192259675406,0.2256857855361596,0.30884184308841844,0.16293532338308458,0.22608695652173913,0.303970223325062,0.30855018587360594,0.30445544554455445,0.22620519159456118,0.30493827160493825,0.30579531442663377,0.3078817733990148,0.22632226322263221,0.16216216216216217,0.16319018404907976,0.3075980392156863,0.22643818849449204,0.2273838630806846,0.3076923076923077,0.2280487804878049,0.3081607795371498,0.30900243309002434,0.16281895504252733,0.1638349514563107,0.3090909090909091,0.16464891041162227,0.22732769044740025,0.30917874396135264,0.22798552472858866,0.2289156626506024,0.22984356197352587,0.23076923076923078,0.3085234093637455,0.1642685851318945,0.2311377245508982,0.30861244019138756,0.16487455197132617,0.30906921241050117,0.2967818831942789,0.23095238095238096,0.16527942925089179,0.3087885985748218,0.2313167259786477,0.30924170616113744,0.31005917159763313,0.3108747044917258,0.23140495867768596,0.294811320754717,0.2956419316843345,0.31058823529411766,0.29612220916568743,0.29694835680751175,0.16412661195779601,0.16510538641686182,0.16608187134502925,0.2967289719626168,0.30921820303383896,0.2972027972027972,0.2980209545983702,0.22906976744186047,0.29849012775842043,0.16589327146171692,0.22943221320973348,0.2986111111111111,0.16647398843930636,0.22979214780600463,0.29873125720876587,0.16705069124423963,0.16800920598388952,0.16896551724137931,0.29850746268656714,0.30504587155963303,0.16953035509736541,0.2288329519450801,0.30514285714285716,0.2979452054794521,0.29874572405929306,0.16970387243735763,0.17064846416382254,0.1715909090909091,0.22814982973893302,0.17233560090702948,0.3035107587768969,0.29751131221719457,0.17288135593220338,0.2979683972911964,0.2277339346110485,0.2286036036036036,0.1732283464566929,0.2292134831460674,0.1739618406285073,0.297085201793722,0.22956326987681971,0.2975391498881432,0.3005586592178771,0.3013392857142857,0.22965440356744704,0.30178173719376394,0.29699666295884314,0.23,0.17314095449500555,0.30155210643015523,0.3023255813953488,0.23008849557522124,0.23093922651933702,0.2958057395143488,0.2965821389195149,0.23127753303964757,0.297029702970297,0.17252747252747253,0.1734357848518112,0.29714912280701755,0.30010952902519167,0.2975929978118162,0.2983606557377049,0.29912663755458513,0.173391494002181,0.2995642701525055,0.17410228509249184,0.22934782608695653,0.1748099891422367,0.175704989154013,0.17659804983748645,0.2976190476190476,0.2983783783783784,0.2980561555075594,0.2988133764832794,0.2995689655172414,0.2981700753498385,0.2989247311827957,0.1761546723952739,0.29935622317596566,0.17684887459807075,0.29978586723768735,0.2267379679144385,0.22756410256410256,0.22838847385272146,0.2974413646055437,0.29818956336528224,0.298936170212766,0.29968119022316686,0.29830148619957536,0.2990455991516437,0.17584745762711865,0.29947089947089944,0.22727272727272727,0.29989440337909185,0.30063291139240506,0.22760800842992623,0.29789473684210527,0.3007360672975815,0.3014705882352941,0.22770199370409233,0.3018867924528302,0.17486910994764399,0.3023012552301255,0.2277951933124347,0.2964509394572025,0.3023983315954119,0.296875,0.2278876170655567,0.2972972972972973,0.2980269989615784,0.17427385892116182,0.29844559585492225,0.2991718426501035,0.22750775594622544,0.29958677685950413,0.30030959752321984,0.30103092783505153,0.2996910401647786,0.3004115226337449,0.22713257965056527,0.3008213552361396,0.30153846153846153,0.17315573770491804,0.30194472876151485,0.2995910020449898,0.3023493360572012,0.30306122448979594,0.17329255861365953,0.22606924643584522,0.2990844354018311,0.30284552845528456,0.2263959390862944,0.29918864097363085,0.22695035460992907,0.22773279352226722,0.2992922143579373,0.17272727272727273,0.30171543895055497,0.17338709677419356,0.17421953675730112,0.2987927565392354,0.3015075376884422,0.2991967871485944,0.30190571715145437,0.22645290581162325,0.2992992992992993,0.3,0.3016983016983017,0.3003992015968064,0.17347956131605186,0.17430278884462153,0.3004975124378109,0.22564612326043737,0.22641509433962265,0.3005952380952381,0.3002973240832507,0.300990099009901,0.2265084075173096,0.30039525691699603,0.22704837117472854,0.30078895463510846,0.17339901477832512,0.17421259842519685,0.2999016715830875,0.3005893909626719,0.30029440628066734,0.30098039215686273,0.3006856023506366,0.3013698630136986,0.3010752688172043,0.3017578125,0.17365853658536584,0.30116959064327486,0.17429406037000975,0.301556420233463,0.3012633624878523,0.22427184466019418,0.22502424830261883,0.22577519379844962,0.2265246853823814,0.30077369439071566,0.30144927536231886,0.22683397683397682,0.17357762777242045,0.2996146435452794,0.30028873917228105,0.17403846153846153,0.30067243035542746,0.22648752399232247,0.174496644295302,0.3007662835249042,0.17511961722488037,0.22657743785850862,0.22731614135625597,0.3005725190839695,0.1754051477597712,0.2276190476190476,0.2978116079923882,0.2984790874524715,0.29914529914529914,0.2998102466793169,0.3004739336492891,0.30113636363636365,0.30179754020813626,0.22684310018903592,0.17469310670443816,0.17547169811320754,0.3016022620169651,0.3022598870056497,0.22671683913452492,0.2274436090225564,0.29671361502347415,0.175422138836773,0.22774133083411435,0.301498127340824,0.17586529466791395,0.3018691588785047,0.29598506069094305,0.2966417910447761,0.17614165890027958,0.17690875232774675,0.3013953488372093,0.22676579925650558,0.29619312906220985,0.29684601113172543,0.17701575532900835,0.30092592592592593,0.301572617946346,0.2966728280961183,0.22622345337026778,0.3016605166051661,0.30230414746543777,0.2965009208103131,0.297148114075437,0.2977941176470588,0.29843893480257117,0.3018348623853211,0.1759853345554537,0.29853479853479853,0.17657822506861848,0.1773308957952468,0.29863013698630136,0.3010948905109489,0.29899726526891524,0.22404371584699453,0.17743403093721566,0.2990909090909091,0.22434150772025432,0.2250453720508167,0.300090661831369,0.3007246376811594,0.17737556561085974,0.17811934900542495,0.3008130081300813,0.22472924187725632,0.17853922452660054,0.22522522522522523,0.30063006300630063,0.22571942446043167,0.22641509433962265,0.3007181328545781,0.22690582959641256,0.2956989247311828,0.17815577439570277,0.22719141323792486,0.22788203753351208,0.17857142857142858,0.2952720785013381,0.2994652406417112,0.30008904719501334,0.29537366548042704,0.30044444444444446,0.30106571936056836,0.22715173025732033,0.30141843971631205,0.22763507528786536,0.29469026548672567,0.22811671087533156,0.2950530035335689,0.29567519858781993,0.17724867724867724,0.2960352422907489,0.2966549295774648,0.227792436235708,0.29964850615114236,0.2967515364354697,0.22807017543859648,0.2997370727432077,0.2968476357267951,0.2974628171478565,0.29982517482517484,0.2279475982532751,0.1762652705061082,0.17698343504795117,0.22822299651567945,0.17754569190600522,0.2991304347826087,0.29626411815812337,0.2994791666666667,0.30008673026886384,0.22790294627383015,0.30043290043290044,0.1773356401384083,0.29559204840103714,0.3005181347150259,0.2277825711820535,0.17758620689655172,0.2954349698535745,0.17814113597246128,0.29578675838349094,0.2963917525773196,0.22746781115879827,0.2993138936535163,0.29648671808054844,0.1780821917808219,0.1787852865697177,0.29914529914529914,0.17933390264731,0.18003412969283278,0.226768968456948,0.227427597955707,0.29531914893617023,0.29591836734693877,0.2982158028887001,0.1799660441426146,0.22731128074639526,0.2983050847457627,0.2988992379339543,0.1802030456852792,0.22738799661876585,0.22804054054054054,0.22869198312236286,0.2984822934232715,0.18028643639427128,0.2937710437710438,0.29857022708158115,0.22857142857142856,0.18052057094878254,0.22902684563758388,0.22967309304274938,0.2981574539363484,0.2301255230125523,0.29264214046822745,0.2982456140350877,0.2303839732888147,0.18015012510425354,0.2925,0.23064113238967526,0.23128119800332778,0.29260182876142976,0.23172757475083056,0.23236514522821577,0.29270315091210614,0.29328914664457334,0.29635761589403975,0.2969396195202647,0.29338842975206614,0.1791907514450867,0.29372937293729373,0.2967848309975268,0.23146622734761121,0.297119341563786,0.23190789473684212,0.29745275267050125,0.29802955665024633,0.29286300246103364,0.2934426229508197,0.17854217854217855,0.2978723404255319,0.17906786590351595,0.17973856209150327,0.29306122448979594,0.23083197389885807,0.23145884270578648,0.2972312703583062,0.2978030919446705,0.1796747967479675,0.23151909017059302,0.29788961038961037,0.2984590429845904,0.2917341977309562,0.2923076923076923,0.1796116504854369,0.18027485852869846,0.29806138933764137,0.23083131557707828,0.29193548387096774,0.29814665592264306,0.2922705314009662,0.2928399034593725,0.2982315112540193,0.2931726907630522,0.2985553772070626,0.2301523656776263,0.1794871794871795,0.2986389111289031,0.18,0.29896083133493206,0.1805111821086262,0.2298483639265762,0.29904306220095694,0.18087649402390438,0.2300955414012739,0.2911694510739857,0.23052464228934816,0.29864972200158857,0.2912698412698413,0.29183187946074546,0.18066561014263074,0.18131433095803642,0.23022151898734178,0.29802371541501976,0.2914691943127962,0.2983425414364641,0.29889589905362773,0.2915681639085894,0.2992125984251969,0.29189614476789927,0.18081761006289307,0.2992930086410055,0.29199372056514916,0.29254901960784313,0.22884012539184953,0.18089271730618636,0.29264475743348983,0.2986708365910868,0.29296875,0.2935206869633099,0.29875195007800315,0.2992985190958691,0.29361370716510904,0.29416342412451363,0.18040435458786935,0.18104118104118105,0.22748447204968944,0.2986811481768813,0.2992248062015504,0.2997676219984508,0.18111455108359134,0.29311678267594743,0.18160741885625967,0.29343629343629346,0.29398148148148145,0.2945258288357749,0.29892141756548535,0.29484218629715164,0.2953846153846154,0.22598001537279017,0.22657450076804916,0.2985418265541059,0.18098159509202455,0.2268199233716475,0.2947932618683001,0.2953328232593726,0.2981651376146789,0.2987012987012987,0.29923664122137406,0.2951945080091533,0.2995426829268293,0.2955064737242955,0.2960426179604262,0.2965779467680608,0.18009118541033434,0.2255125284738041,0.22610015174506828,0.2987111448066717,0.29924242424242425,0.1801665404996215,0.29954614220877457,0.22600151171579744,0.22658610271903323,0.22716981132075473,0.2993966817496229,0.22758100979653353,0.2996987951807229,0.3002257336343115,0.22781954887218045,0.3005259203606311,0.29354354354354356,0.17929482370592648,0.17991004497751126,0.29363295880149815,0.29416167664670656,0.18025430067314885,0.2944693572496263,0.18073188946975355,0.2992537313432836,0.29455630126771065,0.2995529061102832,0.18093819806403574,0.18154761904761904,0.29962825278810407,0.22585438335809807,0.29398663697104677,0.2997032640949555,0.22609340252038548,0.1814814814814815,0.2997779422649889,0.22633136094674555,0.2934220251293422,0.2998522895125554,0.181549815498155,0.3001474926253687,0.3006632277081798,0.2260677466863034,0.22663723325974983,0.30073529411764705,0.2924320352681852,0.3010279001468429,0.18121790168745414,0.2925219941348974,0.29304029304029305,0.2935578330893119,0.2260424286759327,0.29385964912280704,0.3002191380569759,0.181021897810219,0.2939460247994165,0.30029154518950435,0.22578295702840495,0.22634643377001457,0.2938181818181818,0.22674418604651161,0.2999273783587509,0.22714078374455732,0.29369108049311093,0.3,0.3005068790731354,0.2937771345875543,0.3007953723788865,0.2940751445086705,0.22671480144404332,0.2943722943722944,0.1795241528478731,0.2946685878962536,0.3002159827213823,0.2949640287769784,0.30050323508267435,0.2952586206896552,0.29576453697056715,0.2962697274031564,0.22580645161290322,0.29656160458452724,0.22619899785254116,0.22675250357653792,0.22730521801286632,0.17857142857142858,0.2990720913633119,0.17902995720399428,0.2993585174625802,0.1794871794871795,0.299644128113879,0.17994310099573257,0.294953802416489,0.2997159090909091,0.29524485450674237,0.3,0.30049610205527993,0.3009915014164306,0.2951167728237792,0.17963224893917965,0.2254416961130742,0.2951977401129944,0.2956951305575159,0.22566995768688294,0.2959830866807611,0.3,0.2962702322308234,0.2967651195499297,0.2972593113141251,0.29985955056179775,0.29754385964912283,0.1788218793828892,0.29782761037140854,0.29971988795518206,0.298110566829951,0.2986013986013986,0.22431865828092243,0.2995810055865922,0.22470341939986044,0.299860529986053,0.3003484320557491,0.22493036211699163,0.2254697286012526,0.3004172461752434,0.17790132036136205,0.30069444444444443,0.22553782095766828,0.2260748959778086,0.2966042966042966,0.22645429362880887,0.30034602076124567,0.2966804979253112,0.29716655148583276,0.29765193370165743,0.3002070393374741,0.2979310344827586,0.17711922811853895,0.3002754820936639,0.3007570543702684,0.22558459422283356,0.29759450171821306,0.1771978021978022,0.2978723404255319,0.22565157750342935,0.17751884852638794,0.3,0.17796030116358658,0.2975376196990424,0.29801777170198224,0.22540983606557377,0.225938566552901,0.22646657571623466,0.29788684389911385,0.29836512261580383,0.17767188563648742,0.29863945578231293,0.17811012916383412,0.29891304347826086,0.17854718262050237,0.29918588873812757,0.17898305084745764,0.29742547425474253,0.22545700744752878,0.29905277401894453,0.299526707234618,0.17905405405405406,0.299797434166104,0.2968960863697706,0.3000674308833446,0.22506738544474394,0.296969696969697,0.297442799461642,0.22528581035642234,0.2977150537634409,0.2256548018804567,0.2979865771812081,0.2260228034875922,0.2982573726541555,0.29872739450770264,0.29852744310575635,0.17792642140468226,0.29879679144385024,0.2985971943887776,0.29906542056074764,0.29953302201467646,0.22533333333333333,0.2984676882078614,0.2996005326231691,0.2987358616101131,0.2992021276595745,0.22524916943521595,0.22576361221779548,0.29927007299270075,0.1770557029177719,0.29953611663353213,0.2986754966887417,0.2256783587028458,0.29894179894179895,0.29940515532055517,0.17701453104359313,0.2996699669966997,0.300131926121372,0.3005932762030323,0.2984189723320158,0.22514812376563528,0.1769736842105263,0.2984878369493754,0.29894875164257556,0.22521339461588968,0.29986876640419946,0.300327868852459,0.2254259501965924,0.3005893909626719,0.17670157068062828,0.29823413996075865,0.22549019607843138,0.30045721750489873,0.1768929503916449,0.29810828440965426,0.2255541069100391,0.298371335504886,0.3001302083333333,0.2986337020169161,0.29908972691807545,0.3001949317738791,0.30064935064935067,0.3011031797534069,0.22503242542153049,0.3013609850939728,0.17616580310880828,0.3016181229773463,0.30206985769728334,0.2979961215255333,0.17635658914728683,0.29825693996126534,0.29870967741935484,0.29916183107672467,0.22422680412371135,0.2994204764971024,0.17631917631917632,0.2996784565916399,0.30077120822622105,0.2999357739242132,0.3010269576379974,0.1763951250801796,0.30128205128205127,0.22357463164638053,0.29961587708066584,0.1765834932821497,0.30115089514066495,0.29968051118210864,0.30140485312899107,0.30185067007019784,0.2997448979591837,0.17654557042702357,0.2229299363057325,0.29980903882877147,0.3015267175572519,0.3019707565162111,0.22299872935196952,0.3022222222222222,0.17639593908629442,0.22320862396956245,0.2991128010139417,0.22355921469284357,0.2240506329113924,0.2991777356103732,0.1763590391908976,0.30132659507264686,0.29924242424242425,0.17665615141955837,0.30138713745271123,0.29930686830497794,0.29974811083123426,0.30018879798615483,0.17672955974842766,0.30106851037083593,0.30025125628140703,0.17702448210922786,0.30112923462986196,0.30156739811912225,0.300125313283208,0.17720726361928615,0.30037546933667086,0.3008130081300813,0.30125,0.301686445971268,0.2215980024968789,0.3006862133499688,0.3011221945137157,0.3015576323987539,0.3013698630136986,0.30180460485376476,0.22139303482587064,0.3014294592914854,0.3018633540372671,0.3016759776536313,0.22146401985111663,0.3019218846869188,0.17596034696406443,0.3021671826625387,0.30136138613861385,0.3017934446505875,0.1761433868974042,0.30203829524397774,0.1765432098765432,0.1770512029611351,0.22071516646115907,0.30191004313000613,0.30110837438423643,0.30215384615384616,0.3013530135301353,0.22065150583896742,0.1769041769041769,0.22099447513812154,0.301840490797546,0.30104230533415083,0.3014705882352941,0.30189834660134723,0.17686658506731945,0.3021406727828746,0.30134474327628363,0.177153329260843,0.3021978021978022,0.17754728492983526,0.30121951219512194,0.30225472273004267,0.30267965895249693,0.21972002434570906,0.3010948905109489,0.3027355623100304,0.17739975698663427,0.30115361262902246,0.17779126213592233,0.21952698605215282,0.3012121212121212,0.17807389460932768,0.21973365617433413,0.30127041742286753,0.17835550181378476,0.30151057401812686,0.30132850241545894,0.30175015087507545,0.30217129071170085,0.1784207353827607,0.3024096385542169,0.21914509331727874,0.3008423586040915,0.30246542393265186,0.21935096153846154,0.21981981981981982,0.3025210084033613,0.17816436712657469,0.22002398081534771,0.30017974835230676,0.3005988023952096,0.3022142429682825,0.3026315789473684,0.3030484160191273,0.3034647550776583,0.30388059701492537,0.3001193317422434,0.3005366726296959,0.3039332538736591,0.17748659916617035,0.17797619047619048,0.3004164187983343,0.30083234244946494,0.3036244800950683,0.30403800475059384,0.30089020771513353,0.21826809015421114,0.3011262596324837,0.3015402843601896,0.17761989342806395,0.30177514792899407,0.30337078651685395,0.21808510638297873,0.17779090372120496,0.30165289256198347,0.30206489675516224,0.17806603773584906,0.30229817324690633,0.3027090694935218,0.30311948204826367,0.21764705882352942,0.30335097001763667,0.3037602820211516,0.3018203170874927,0.3039906103286385,0.21759530791788856,0.1776084407971864,0.30404217926186294,0.3015222482435597,0.17788180222352254,0.1783625730994152,0.3015780245470485,0.21728971962616822,0.3018096906012843,0.30221703617269546,0.30262390670553935,0.21736596736596736,0.302853814793244,0.3032596041909197,0.30250145433391507,0.21744186046511627,0.30331202789076117,0.30255516840882696,0.1775972141613465,0.3033642691415313,0.17797101449275363,0.30243337195828507,0.17834394904458598,0.17881944444444445,0.30306535569693466,0.30346820809248554,0.30213749277874064,0.302540415704388,0.30294287362954414,0.3033448673587082,0.1786743515850144,0.3029953917050691,0.30339666090961426,0.30322209436133485,0.3036227717078781,0.30344827586206896,0.17863296955772545,0.3036739380022962,0.30349971313826735,0.3038990825688073,0.30429799426934095,0.21477663230240548,0.2152261018889525,0.30320366132723114,0.1783876500857633,0.304,0.30325528269560253,0.3042237442922374,0.30462065031374785,0.3050171037628278,0.21481481481481482,0.30296127562642367,0.3033579965850882,0.17804323094425484,0.21489482660602616,0.3034090909090909,0.21521862578080636,0.21566401816118047,0.21610890527509927,0.3032879818594104,0.3036827195467422,0.3035107587768969,0.30390492359932086,0.17760180995475114,0.3035613340870548,0.303954802259887,0.17786561264822134,0.304176072234763,0.21545403271291597,0.3043968432919955,0.21577464788732395,0.30461711711711714,0.3027574563871694,0.21597300337457817,0.3046655424395728,0.30280898876404494,0.30320044918585065,0.17732884399551066,0.303421200224341,0.30437219730941706,0.30364145658263303,0.177491601343785,0.30442081701175155,0.17785234899328858,0.30463946338736725,0.1782122905027933,0.304857621440536,0.30301339285714285,0.1784718349135527,0.3032329988851728,0.1788300835654596,0.30456570155902,0.2142459654980523,0.17908787541713014,0.3046136742634797,0.30277777777777776,0.1793448084397557,0.304661487236404,0.30282861896838603,0.17960088691796008,0.18005540166204986,0.3028792912513843,0.18040951853901493,0.30420353982300885,0.30458817025981205,0.3027624309392265,0.30480397570403095,0.3029801324503311,0.18036403750689464,0.30485115766262405,0.3052341597796143,0.30561674008810574,0.3026967528893781,0.30583058305830585,0.30621220450797143,0.21208791208791208,0.21252059308072488,0.3062568605927552,0.30663741086121776,0.3020833333333333,0.30684931506849317,0.3072289156626506,0.3021346469622332,0.3025164113785558,0.30289775833788957,0.17923497267759564,0.3031130529765156,0.3067685589519651,0.3071467539552646,0.21155943293347873,0.3073569482288828,0.21187363834422657,0.3075666848121938,0.30794341675734493,0.1789015769439913,0.1793478260869565,0.30798479087452474,0.17969598262757872,0.30168204015192623,0.3080260303687636,0.3018970189701897,0.17984832069339113,0.3080671358960477,0.30194805194805197,0.3023255813953488,0.21081081081081082,0.302539168017288,0.2111231101511879,0.211548839719374,0.30258899676375406,0.30296495956873315,0.2117456896551724,0.3031771674744211,0.30355220667384286,0.17912856374394837,0.30376344086021506,0.30413756045137025,0.30612244897959184,0.17928073000536768,0.3063304721030043,0.17962466487935658,0.18006430868167203,0.306373861810391,0.21092077087794434,0.30337078651685395,0.3037433155080214,0.21111704970603956,0.30395299145299143,0.3059263214095035,0.3062966915688367,0.30666666666666664,0.30383795309168443,0.1795418220564731,0.2108626198083067,0.3065460351250665,0.1797872340425532,0.18022328548644337,0.1806588735387885,0.21083377588953797,0.3030785562632696,0.18090185676392573,0.2110286320254507,0.305776364599894,0.3061440677966102,0.2112228692429857,0.30634920634920637,0.30248545742993127,0.21141649048625794,0.30269413629160064,0.30623020063357975,0.18047493403693932,0.21149789029535865,0.3062730627306273,0.18071654373024237,0.21169036334913113,0.3063157894736842,0.21199368753287742,0.30651945320715035,0.3068838675775092,0.18067226890756302,0.3013123359580053,0.30167890870933894,0.18091242789722076,0.21174004192872117,0.30644316396018856,0.3068062827225131,0.2119309262166405,0.3070083682008368,0.21223209618400418,0.30094043887147337,0.3070496083550914,0.18058455114822547,0.3072509128847157,0.30083420229405633,0.18082334549244397,0.3072916666666667,0.18115564809994794,0.18158168574401665,0.18200728029121166,0.18243243243243243,0.18285714285714286,0.3001038421599169,0.18318629994810587,0.18360995850622408,0.30637636080870917,0.3,0.18384256861729673,0.18426501035196688,0.18468701500258666,0.18510858324715615,0.1855297157622739,0.29958677685950413,0.2999483737738771,0.21001031991744065,0.18566271273852503,0.18608247422680413,0.21020092735703247,0.30484037075180226,0.2995367987647967,0.29989711934156377,0.18611825192802056,0.18653648509763618,0.30457113507960965,0.2997946611909651,0.3001539250897896,0.3005128205128205,0.300871348026653,0.3012295081967213,0.20942140296979006,0.1862845445240532,0.30127877237851663,0.3016359918200409,0.20950434338272866,0.30337078651685395,0.3037263910158244,0.30153061224489797,0.30392656807751145,0.30173292558613657,0.30412633723892,0.3019348268839104,0.30229007633587784,0.1856561546286877,0.1860701576004067,0.18648373983739838,0.20873539867953275,0.3035532994923858,0.20903094875697614,0.3017241379310345,0.3035985808413583,0.303951367781155,0.18632911392405063,0.3041497975708502,0.18664643399089528,0.30434782608695654,0.30469934310257707,0.18686868686868688,0.1872791519434629,0.18768920282542886,0.20827029752899648,0.2086693548387097,0.3002518891687657,0.20896273917421954,0.3004529441368898,0.3008048289738431,0.3036701860231272,0.30402010050251255,0.3008538422903064,0.30120481927710846,0.30406422478675366,0.30441323971915746,0.3047619047619048,0.20841683366733466,0.3049574361542313,0.1866866866866867,0.3006503251625813,0.305,0.3053473263368316,0.18681318681318682,0.1872191712431353,0.3003992015968064,0.3052369077306733,0.30059820538384846,0.18734429496761335,0.300796812749004,0.3011448481831757,0.30149253731343284,0.304823470909995,0.30168986083499005,0.3020367610531545,0.30238331678252234,0.20694789081885856,0.18700396825396826,0.18740704015865145,0.18780971258671952,0.20703318474492324,0.30198019801980197,0.3023255813953488,0.20722057368941643,0.18783984181908056,0.18824110671936758,0.30320987654320986,0.1885488647581441,0.2072027627035027,0.3032544378698225,0.18876293740758995,0.30344827586206896,0.30379123584441164,0.1889763779527559,0.30398425971470733,0.30432645034414946,0.3046683046683047,0.3050098231827112,0.30535100638193424,0.30029440628066734,0.3006375674350172,0.20637254901960783,0.18863302302792748,0.1890303623898139,0.30494371023005384,0.20645792563600782,0.30513447432762836,0.20674486803519063,0.2071323888617489,0.20751953125,0.20790629575402636,0.3048780487804878,0.29936616284739154,0.2080896686159844,0.20847540185094984,0.3047711781888997,0.20875912408759123,0.29912451361867703,0.20904229460379192,0.30466472303207,0.29917435648373,0.2092233009708738,0.18777292576419213,0.30455868089233756,0.18807561803199224,0.20930232558139536,0.3046004842615012,0.30493707647628265,0.18819545234639573,0.29835589941972923,0.304978250362494,0.18840579710144928,0.20907774022211492,0.305019305019305,0.18861553304389772,0.18900675024108005,0.2978313253012048,0.1893063583815029,0.2980259990370727,0.18960538979788258,0.18999518999519,0.30432692307692305,0.19029312830370015,0.3045148895292987,0.2083533365338454,0.19049904030710174,0.2973621103117506,0.19079578139980824,0.2975563009103977,0.1910919540229885,0.19147917663954045,0.3038277511961722,0.1917742706838833,0.1921606118546845,0.2971810797897754,0.1924546322827125,0.2973747016706444,0.19274809160305342,0.29756795422031473,0.19304099142040038,0.19342544068604098,0.3028571428571429,0.30318895763921944,0.20694576593720265,0.20732287208749406,0.20769961977186313,0.20807600950118765,0.1932573599240266,0.3028001898433792,0.1935483870967742,0.3029871977240398,0.2080568720379147,0.30317385125532925,0.3035037878787879,0.20823473734027448,0.20860927152317882,0.29550827423167847,0.19328922495274103,0.30325932923948984,0.3035882908404155,0.2954223690420009,0.2957547169811321,0.30363036303630364,0.29594721960414705,0.29627885068299575,0.3036723163841808,0.304,0.19285042333019756,0.304184297132111,0.29605263157894735,0.3043682480037576,0.20751173708920187,0.19286719849835757,0.19324577861163228,0.20768870135958745,0.19353327085285849,0.2955503512880562,0.2958801498127341,0.2962096396817969,0.2076707202993452,0.1935483870967742,0.29626168224299065,0.20784680056048577,0.2964519140989729,0.2967802146523565,0.1935634328358209,0.296969696969697,0.20782851817334577,0.19375873311597577,0.20810055865921787,0.30200093066542577,0.20837209302325582,0.302185030218503,0.20864312267657992,0.20901068276823037,0.3022284122562674,0.20928074245939676,0.19341372912801486,0.2095503013444599,0.2099165894346617,0.301991662806855,0.1935185185185185,0.3021749190189727,0.29509713228492135,0.20989366620434582,0.21025878003696857,0.3020785219399538,0.19344413665743307,0.30226119058606365,0.1937269372693727,0.3024435223605348,0.2944700460829493,0.2100414555504376,0.2104051565377532,0.3023469857340083,0.21067157313707452,0.1935632183908046,0.2109375,0.3022508038585209,0.19375573921028466,0.19412574575493347,0.29357798165137616,0.21091242549289316,0.21127406049495875,0.30187814933577645,0.21153846153846154,0.30205949656750575,0.1939615736505032,0.3022405121170553,0.21160877513711152,0.29282777523983555,0.21187214611872146,0.3021451392058421,0.19388686131386862,0.3023255813953488,0.19416590701914313,0.30250569476082007,0.21174863387978143,0.29221665908056443,0.21201091901728844,0.19417917235106866,0.19454545454545455,0.3021353930031804,0.21207992733878292,0.212437585111212,0.3021778584392015,0.3024943310657596,0.3028105167724388,0.2913457181694608,0.2916666666666667,0.21231326392032593,0.19411764705882353,0.19448213478064225,0.3024412296564195,0.2123813827383642,0.3026196928635953,0.1945823927765237,0.302797833935018,0.29093369418132614,0.19477006311992787,0.21225777377196936,0.3027027027027027,0.2908599729851418,0.2911791179117912,0.21232568600989654,0.21267985611510792,0.3024719101123596,0.21293800539083557,0.19443197126178716,0.1947935368043088,0.29071332436069985,0.3022421524663677,0.19497982967279248,0.2907706093189964,0.30228392297357815,0.2126230975828111,0.3024608501118568,0.21288014311270126,0.302637460885114,0.290437890974084,0.2907548012505583,0.2910714285714286,0.21285140562248997,0.29125780553077607,0.2915737851092287,0.19429590017825313,0.2129175946547884,0.21326803205699021,0.2136181575433912,0.2139679715302491,0.19430858159181857,0.21422222222222223,0.19458018658374057,0.30106571936056836,0.29072347980470487,0.21428571428571427,0.2909090909090909,0.1945921985815603,0.1949490474080638,0.30070859167404784,0.3010181496237273,0.3013274336283186,0.30163644405130474,0.3019451812555261,0.30225364560318163,0.29019434628975266,0.1947019867549669,0.2903795233892321,0.19497132774591971,0.21340388007054673,0.19524019391802555,0.29030837004405285,0.1955085865257596,0.19586267605633803,0.30136383633963926,0.3016710642040457,0.19604395604395605,0.21309314586994726,0.1963109354413702,0.2897278314310799,0.2132514260640632,0.3013157894736842,0.19640508548882069,0.30148992112182293,0.2895313184406483,0.28984238178633975,0.2901531728665208,0.2904636920384952,0.30126803672933977,0.19624125874125875,0.290519877675841,0.1965065502183406,0.2125709297250109,0.3010471204188482,0.21282163105102486,0.3012205754141238,0.30152505446623096,0.3018292682926829,0.28994340444057465,0.29025239338555264,0.2905611135276207,0.19608695652173913,0.30160799652325077,0.30191138140747176,0.3022145028224056,0.3025173611111111,0.29023861171366594,0.19601040763226366,0.19635890767230169,0.19670710571923744,0.19705500216543959,0.21168831168831168,0.30203375162267415,0.3023356401384083,0.19714656290531776,0.3025064822817632,0.30280777537796977,0.30310880829015546,0.19723780750971084,0.19758412424503882,0.30314790858128504,0.21120689655172414,0.1977595863851788,0.19810508182601205,0.2884201463624623,0.2112736660929432,0.1982795698924731,0.19862424763542563,0.2883541039965621,0.3024054982817869,0.28853585229712325,0.2888412017167382,0.21106821106821108,0.30231560891938253,0.21131590227175312,0.1983718937446444,0.1987152034261242,0.288527397260274,0.3020967051775781,0.2887082976903336,0.2890123984608807,0.2111111111111111,0.30200768902178554,0.3023057216054654,0.3026034997865984,0.21117747440273038,0.302771855010661,0.19820971867007672,0.21133361738389433,0.2883304940374787,0.21157939548744145,0.2885106382978723,0.28881327094853254,0.3022959183673469,0.19804504887377816,0.30246389124893797,0.28874734607218683,0.3026315789473684,0.28892660161221895,0.28922815945716707,0.21110640101738024,0.2114406779661017,0.1977975434138077,0.19813717188823032,0.21159542953872196,0.3020304568527919,0.21183932346723044,0.2886728655959425,0.2889733840304182,0.30194256756756754,0.21190375685943436,0.1978902953586498,0.30198228595529314,0.21205733558178752,0.30214917825537296,0.2885425442291491,0.19789473684210526,0.21212121212121213,0.19814892721918384,0.28847771236333053,0.1984026902059689,0.30168067226890755,0.2120957580848383,0.1985726280436608,0.21233738984473352,0.21266778523489932,0.3014675052410902,0.19865884325230512,0.21281943862589023,0.19891122278056952,0.21305985768103808,0.301255230125523,0.21329987452948557,0.2872073578595318,0.30129544504805683,0.2134502923976608,0.30146137787056365,0.30175292153589317,0.28702544847726325,0.213511259382819,0.30179241350562735,0.28708333333333336,0.28738025822573926,0.21357202331390507,0.2875572201414898,0.2878535773710483,0.21372141372141373,0.21404821280133002,0.30120481927710846,0.3014950166112957,0.21419676214196762,0.1975103734439834,0.19784321858150145,0.2873134328358209,0.30128470783257355,0.2874896437448219,0.1979296066252588,0.28766556291390727,0.2139015308233347,0.19809760132340778,0.30095080611823066,0.2140495867768595,0.2874845105328377,0.1981833195706028,0.2141972761040033,0.30074257425742573,0.19835051546391752,0.21434460016488047,0.3007828594973218,0.1985172981878089,0.30094689172498973,0.21440329218106996,0.3011106540518305,0.21463815789473684,0.19852034525277434,0.3011503697617091,0.21478439425051335,0.1986863711001642,0.2860073861304883,0.1989335520918786,0.2861828618286183,0.19918032786885245,0.2863580499795166,0.30057330057330056,0.3008595988538682,0.2864157119476268,0.19918200408997955,0.3008994276369583,0.28647323252962814,0.19934640522875818,0.21396488362596977,0.30081632653061224,0.3011015911872705,0.30138662316476345,0.286180187525479,0.3015484922575387,0.21384928716904278,0.1991042345276873,0.2861212861212861,0.28641171684296174,0.3013420089467263,0.2865853658536585,0.28687525396180413,0.21364744110479286,0.30125862768980916,0.2869318181818182,0.2872210953346856,0.19870235198702352,0.19902715849209565,0.2872771474878444,0.30093155123531795,0.30121457489878545,0.1991096721974909,0.1994336569579288,0.21310149615851193,0.3011317704122878,0.3014141414141414,0.19951534733441034,0.28663706096083974,0.19975786924939468,0.30133118192819686,0.3016129032258065,0.28657799274486095,0.1998388396454472,0.28674989931534434,0.30152979066022545,0.2869215291750503,0.28720836685438456,0.30156815440289503,0.28737942122186494,0.28766572920851746,0.21204819277108433,0.30148534725010034,0.2877207062600321,0.19935820296831128,0.301523656776263,0.30180360721442884,0.19951923076923078,0.2118542250700841,0.3018414731785428,0.3021208483393357,0.2872,0.28748500599760096,0.21183053557154277,0.3020375549340791,0.3023162939297125,0.2119760479041916,0.28731045490822027,0.19904268049461507,0.2874800637958533,0.2877640494220805,0.30199203187250995,0.28793309438470727,0.28821656050955413,0.28849980103462,0.301909307875895,0.21153081510934393,0.28855325914149443,0.21176003178386968,0.19857029388403494,0.28860658991663357,0.30158730158730157,0.3018643395477985,0.1986518636003172,0.30202140309155767,0.2115689381933439,0.30217821782178217,0.30245447347585114,0.19865453106450337,0.2879746835443038,0.1988928430209569,0.1992094861660079,0.30225207427894113,0.30252764612954186,0.2878010264508488,0.2111286503551697,0.2879684418145957,0.19913249211356468,0.21127315727236895,0.2115839243498818,0.19929105947223316,0.19960629921259843,0.19992129083038174,0.2116443745082612,0.3016122689736532,0.2873427672955975,0.21178781925343812,0.3016496465043205,0.19984295249312917,0.30180533751962324,0.3020792467634366,0.28705882352941176,0.302234417875343,0.30250783699059564,0.21151586368977673,0.19968676585747847,0.2868884540117417,0.2871674491392801,0.21157606570199453,0.2873338545738858,0.3020711215318484,0.2875,0.28777821163607964,0.21155347384855583,0.3019898556379243,0.2878315132605304,0.2881091617933723,0.19914263445050662,0.3019088430074016,0.21144859813084113,0.30206305955624757,0.30233463035019453,0.19914430182808246,0.3024883359253499,0.2114263505635445,0.3026418026418026,0.3029126213592233,0.19914596273291926,0.2871556072953046,0.19937936384794414,0.2113222179139201,0.30271317829457367,0.3029833397907788,0.2114639814097599,0.21176926054974834,0.2867647058823529,0.19922630560928434,0.21191028615622584,0.21221492075763432,0.19938176197836166,0.1996910003862495,0.2,0.21227325357005017,0.3020833333333333,0.28615503278056303,0.2864302235929067,0.3021194605009634,0.19992295839753466,0.30227185213708124,0.302540415704388,0.2862639476721816,0.3026923076923077,0.302960399846213,0.2863182167563413,0.19976949673453706,0.28648233486943164,0.2,0.21143514965464313,0.286536248561565,0.20015337423312884,0.2866998850134151,0.28697318007662836,0.21141325162772884,0.30206738131699845,0.2870264064293915,0.2115531752104055,0.2,0.30198776758409784,0.21169277799006497,0.2119938884644767,0.3020236731576938,0.2,0.20030522701259063,0.2120518688024409,0.3019443385436523,0.3022103658536585,0.20038095238095238,0.285986290936786,0.20060905976398935,0.302130898021309,0.302396348421453,0.2859315589353612,0.3025465602432535,0.2006079027355623,0.28598556779339157,0.20083523158694003,0.2861480075901328,0.30235204855842185,0.2863102009859689,0.211144806671721,0.211443728685108,0.21174242424242423,0.20068156001514578,0.21196063588190764,0.28603859250851305,0.2863086232980333,0.3017013232514178,0.28647014361300077,0.2006044578768417,0.20090634441087613,0.21177802944507362,0.20113207547169812,0.2014334213504338,0.2017345399698341,0.21183565774594798,0.30105501130369255,0.2858757062146893,0.20180722891566266,0.301091456529921,0.2020316027088036,0.3012410680707033,0.3015037593984962,0.21157459601653514,0.2021036814425244,0.30153961697333836,0.2852852852852853,0.30168855534709194,0.2115528882220555,0.30183727034120733,0.3020989505247376,0.2851255151742226,0.2853932584269663,0.2017970797454137,0.30202095808383234,0.20202020202020202,0.3021690351533283,0.3024299065420561,0.2851270553064275,0.2853940978707508,0.21097834204630322,0.2112728630085853,0.20186567164179103,0.28534129056322266,0.30201342281879195,0.21133060007454343,0.28539493293591656,0.20186219739292366,0.3019359642591214,0.3021957573502047,0.2853422619047619,0.2856080327259204,0.2858736059479554,0.2861389817911557,0.30200594353640414,0.2862978091347939,0.2865627319970304,0.2868274582560297,0.30192878338278933,0.28698553948832034,0.21052631578947367,0.30196369025565023,0.3022222222222222,0.28693076638282117,0.21058475203552923,0.21087680355160932,0.20081360946745563,0.2868761552680222,0.3019216555801922,0.21093461396379756,0.2869276218611521,0.20081210778885197,0.211070110701107,0.3017336776097381,0.3019911504424779,0.30224843346848507,0.2866617538688283,0.2007366482504604,0.3022827687776141,0.21089436878910564,0.20088300220750552,0.302317028319235,0.3025735294117647,0.2862918044836457,0.28655400440852313,0.20088138082996695,0.2867107195301028,0.3023853211009174,0.21056493030080703,0.3025302530253025,0.3027859237536657,0.2865518504946867,0.20073260073260074,0.30281948004393994,0.2866032210834553,0.20087815587266739,0.21031455742501828,0.28665447897623403,0.3026315789473684,0.3028863719400804,0.30314097881665447,0.21029572836801752,0.2864963503649635,0.21050711419190077,0.28665207877461707,0.2869121399927087,0.30284256559766765,0.28706739526411656,0.28732702112163144,0.2875864579541318,0.3027656477438137,0.2000727537286286,0.3029090909090909,0.2875318066157761,0.30305232558139533,0.3033054849255358,0.30355846042120554,0.30381125226860256,0.19992743105950653,0.30395357272397533,0.2871646120377085,0.2000724900326205,0.3039855072463768,0.2002897500905469,0.2005792903692976,0.30401737242128124,0.2869030390738061,0.30415913200723327,0.20896601590744757,0.20057824358511023,0.28684971098265893,0.20079451065366558,0.2870036101083033,0.3038614218693612,0.3041125541125541,0.20879913451135954,0.20079307858687814,0.209009009009009,0.30403458213256485,0.30428519985595964,0.20914326853851692,0.2864339690536164,0.2093525179856115,0.3042071197411003,0.3044572250179727,0.20050305425799497,0.2862787356321839,0.2007181328545781,0.20926058865757358,0.30426982418371007,0.20946915351506457,0.3044101828612406,0.20967741935483872,0.2859190254389108,0.20057306590257878,0.30433225921947726,0.2859699355762348,0.20966010733452595,0.2861230329041488,0.28637826242402575,0.20050035739814154,0.3040371561271883,0.2007142857142857,0.28632631203141734,0.2865810135617416,0.28683553335711737,0.2870898716119829,0.2873440285204991,0.3036350677120456,0.28749554684716777,0.28774928774928776,0.20897116411534353,0.30355871886120994,0.303806474564212,0.2876955903271693,0.28794880910060433,0.208955223880597,0.2092362344582593,0.3036221590909091,0.19985800496982606,0.2093683463449255,0.20964881163533167,0.2,0.20028358738036156,0.3033309709425939,0.30357775416223876,0.2871813031161473,0.28743362831858404,0.2094833687190375,0.3035019455252918,0.30374823196605377,0.20007069635913752,0.20954063604240283,0.20028258565877782,0.2097457627118644,0.21002470878926932,0.28687367678193365,0.21022927689594356,0.2105077574047955,0.21078604159323228,0.30303030303030304,0.21098978513561112,0.28661971830985916,0.2868708201337557,0.2871217452498241,0.19978895532887794,0.3027426160337553,0.2,0.20028109627547436,0.2107481559536354,0.2868679775280899,0.28711828711828713,0.2873684210526316,0.3023500526131182,0.3025946704067321,0.3028391167192429,0.20007007708479327,0.287215411558669,0.28746498599439774,0.2103605180259013,0.2106368089573128,0.3025533403287863,0.2874125874125874,0.2107654666200629,0.3025856044723969,0.21096751659098847,0.30272346368715086,0.19965095986038395,0.30286113049546404,0.21102197418904778,0.30299860529986056,0.30324154757755317,0.2867595818815331,0.28700801114594215,0.28725626740947074,0.3031674208144796,0.3034098816979819,0.19930434782608697,0.28720445062586925,0.28745220716023634,0.2876997915218902,0.1993747829107329,0.2878472222222222,0.3030197847969455,0.2879944482997918,0.19944502254595908,0.3030513176144244,0.1996533795493934,0.3031878031878032,0.3034291652234153,0.30367036011080334,0.30391138802353757,0.20968858131487889,0.28744379107575235,0.28769017980636236,0.3038368475630833,0.304077401520387,0.3043177892918826,0.19924033149171272,0.28753883327580254,0.28778467908902694,0.28803035529492926,0.3041379310344828,0.20923819372630129,0.2880771881461061,0.28832242507750605,0.28856749311294766,0.19896729776247848,0.3038540949759119,0.30409356725146197,0.30433287482806054,0.3045720178755586,0.20893470790378008,0.2882171075231879,0.28846153846153844,0.3044970820460007,0.304735758407687,0.20891938250428815,0.20919067215363513,0.20946177579705177,0.30466072652501713,0.2881123672490579,0.3047945205479452,0.28825744608010956,0.28850102669404515,0.20937393089291823,0.30471956224350205,0.28854700854700854,0.30485304169514693,0.30509053638537753,0.305327868852459,0.30556503926254697,0.30580204778156994,0.20914363698396451,0.2881991814461119,0.2884418683941357,0.2092706203135651,0.3056218057921635,0.305858310626703,0.19713993871297242,0.28829135466303607,0.2885335148009527,0.20918367346938777,0.20945256715402924,0.19714479945615226,0.2884811416921509,0.28872282608695654,0.2889643463497453,0.30515953835709436,0.30539531727180186,0.19708276797829036,0.3055272973889454,0.3057627118644068,0.20908166723144697,0.2886178861788618,0.28885878767355233,0.3056872037914692,0.30592216582064297,0.2090663058186739,0.28880622252282717,0.28904665314401623,0.30584656978709024,0.2891891891891892,0.19655521783181357,0.2089804186360567,0.19676004049949375,0.20917678812415655,0.196964586846543,0.28894133513149023,0.19716885743174925,0.305256064690027,0.305490063994611,0.30572390572390573,0.1972399865365197,0.20895020188425303,0.2885973763874874,0.28883658372562204,0.30554621848739494,0.19724462365591397,0.28888142425260327,0.1974479516453996,0.2890231621349446,0.2087248322147651,0.20899027172089904,0.20925553319919518,0.28897083473013746,0.28920911528150134,0.2894472361809045,0.1972538513060951,0.2092400401740877,0.30455153949129854,0.3047842087654734,0.30501672240802674,0.3052490805750585,0.3054812834224599,0.20915469428666889,0.28891115564462255,0.28914858096828044,0.3054072096128171,0.30563897230563897,0.19679786524349566,0.2890963654551517,0.28933333333333333,0.28957014328557146,0.19686875416389074,0.2897102897102897,0.20872170439414114,0.30515806988352745,0.20891550232867598,0.20917858330562022,0.30518617021276595,0.19674310402126952,0.20930232558139536,0.19694453669877118,0.28917662682602924,0.28941254563557917,0.20935633709356338,0.2096185737976783,0.3047082228116711,0.3049386808087504,0.19681908548707752,0.30506790327923156,0.2096026490066225,0.19695465077788812,0.2097948378557247,0.19715514389679126,0.2099867724867725,0.28859504132231406,0.30469266358228686,0.21010901883052527,0.28863936591809775,0.21030042918454936,0.21056105610561057,0.28868360277136257,0.21075197889182057,0.2888229475766568,0.2109426499670402,0.30411861614497526,0.30434782608695654,0.28877181429041815,0.28900592495062544,0.1964461994076999,0.2891447368421053,0.30417625780993096,0.21071663379355687,0.304304962208347,0.3045335085413929,0.2889983579638752,0.3046618516086671,0.3048900557925829,0.2890419947506562,0.2892751721876025,0.28950819672131145,0.28974106850213044,0.30471821756225426,0.3049459547985588,0.19580877537655533,0.3050736497545008,0.2100785340314136,0.28949950932286556,0.3051013734466972,0.2101994115724093,0.28954248366013075,0.28977458346945445,0.19562377531025474,0.21025138752856676,0.3048302872062663,0.21044045676998369,0.30495759947814743,0.30518421910661886,0.2105606258148631,0.30531117627891824,0.3055374592833876,0.3057635949202214,0.3059895833333333,0.21054344288968435,0.28887443070917374,0.30601626016260164,0.30624187256176855,0.3064673383165421,0.21052631578947367,0.3065930496914583,0.21071428571428572,0.2109704641350211,0.3066190785204413,0.21115796302302953,0.21141374837872892,0.28816855753646675,0.19442644199611148,0.28830579850988014,0.28853626943005184,0.19456134671414696,0.28867313915857606,0.30604982206405695,0.21119016817593791,0.3061752344002586,0.19457013574660634,0.28852988691437803,0.21124031007751937,0.1947045527930255,0.30600387346675273,0.19490158115521136,0.30612903225806454,0.19509835536923573,0.21115409413281755,0.19529487592652273,0.30605670103092786,0.28792270531400965,0.2881519639407598,0.3060830383006115,0.2882882882882883,0.30620778385332903,0.21093247588424438,0.30633236901317906,0.3065552699228792,0.30677802762608414,0.2880539499036609,0.19486356340288924,0.2881899871630295,0.288418350978505,0.30660679923027584,0.28855402372555305,0.30673076923076925,0.21050945209868632,0.21076233183856502,0.21101504963176432,0.2112676056338028,0.28832,0.1944977607165707,0.21138471378317877,0.3062659846547315,0.2882710131032279,0.21150159744408945,0.3062919195145321,0.21168582375478928,0.1943823811043728,0.3063178047223995,0.21180223285486444,0.19451530612244897,0.19477207523111253,0.3062460165710644,0.30646702771583306,0.30668789808917196,0.30690862782553324,0.21164863144493953,0.1947184218899141,0.2872137404580153,0.2874403815580286,0.2876668785759695,0.28789323164918973,0.21156289707750953,0.30644649094950777,0.21174603174603174,0.2119961916851793,0.21224619289340102,0.287662543609261,0.1943563728598605,0.3061806656101426,0.3064005069708492,0.30662020905923343,0.21215959468017734,0.1943653054764166,0.2873417721518987,0.28756722556153114,0.3064516129032258,0.19443566234587417,0.19469026548672566,0.19494470774091627,0.3063802905874921,0.211872434480581,0.19507575757575757,0.21205427579678132,0.30630914826498423,0.19520655944497003,0.19546027742749053,0.1957138354869209,0.19596723377441713,0.2866141732283465,0.19615869017632243,0.21183506452628265,0.2866582756450598,0.3057565272098144,0.2119496855345912,0.21219742219427853,0.3057825267127593,0.2865221489161169,0.21231155778894473,0.21255886970172685,0.28656622724419334,0.21273925321619078,0.3055207026348808,0.2866102226403261,0.3056426332288401,0.19554998433093074,0.21271929824561403,0.28656435953648607,0.2128991859737007,0.286697965571205,0.3053817271589487,0.21301219893650297,0.3055034396497811,0.28665207877461707,0.1953125,0.21305841924398625,0.30543410368519675,0.2132375897596004,0.21348314606741572,0.30546021840873633,0.21366188396756083,0.30558154038041785,0.28615960099750626,0.213773761296354,0.19501557632398753,0.3055123014637185,0.2138854296388543,0.3056333644568939,0.19508400746733043,0.28584758942457233,0.19527363184079602,0.30556419023935344,0.3057799875699192,0.30599565082323704,0.1953416149068323,0.3061161130083825,0.3063314711359404,0.19547005895128763,0.1957196029776675,0.19596899224806202,0.19621822690638563,0.30616671831422376,0.19640644361833953,0.19665531124187055,0.19690402476780186,0.19715258433921387,0.1974009900990099,0.19764924218991647,0.19789734075448362,0.198145285935085,0.2126081582200247,0.19833178869323448,0.19857936998147005,0.30534115467736955,0.3055555555555556,0.21258870718913916,0.283775447254781,0.19858156028368795,0.2127003699136868,0.3053929121725732,0.2128773875539125,0.21311980289497998,0.19858374384236452,0.19883040935672514,0.19907692307692307,0.2131651799446324,0.2134071340713407,0.304949277589917,0.19913952059004303,0.21351766513056836,0.19932432432432431,0.19957015658581517,0.1998158379373849,0.28260202516109234,0.2134969325153374,0.213738117141981,0.21397915389331698,0.21422004290530186,0.30422794117647056,0.21439509954058192,0.1996325780771586,0.21456994184266912,0.19981640146878826,0.20006118078923218,0.21467889908256882,0.2149189850198716,0.21515892420537897,0.2153987167736022,0.28161270616982287,0.2,0.21550671550671552,0.21574610924626184,0.21598535692495424,0.21622445867642573,0.21646341463414634,0.19993904297470283,0.28123095673369897,0.302771855010661,0.28136419001218027,0.2,0.21637248934875228,0.30270763614237906,0.28132603406326034,0.21647917300091213,0.2,0.28137344272257675,0.20018226002430134,0.21651989067719404,0.302367941712204,0.21669195751138087,0.21692961165048544,0.20018198362147407,0.21710127349909036,0.21733858745074264,0.2175757575757576,0.3020296879733414,0.21774682010902482,0.21798365122615804,0.28056900726392253,0.21815431164901664,0.1999395039322444,0.21832476564862413,0.21856106408706166,0.21879721970383803,0.2,0.2189670794321957,0.21920289855072464,0.21943857530938726,0.21967410983705493,0.2799396681749623,0.28015681544028953,0.1998794091046126,0.2197106690777577,0.21994576679722808,0.3006024096385542,0.2800361336946703,0.19987959060806743,0.20012037315678605,0.2003610108303249,0.21984962406015038,0.2005411906193626,0.2007814848211602,0.21995192307692307,0.20096124962451187,0.2012012012012012,0.20144100870609427,0.21998799519807924,0.20162016201620162,0.2996400719856029,0.20179910044977512,0.20203836930455635,0.21995804614923584,0.20221689634511683,0.22012578616352202,0.20239520958083831,0.20263394193355283,0.27857570317175345,0.2028118456476219,0.22009569377990432,0.29895366218236175,0.2785415421398685,0.22019719151478936,0.22043010752688172,0.22066288444311735,0.2026865671641791,0.22082960310355118,0.2986276849642005,0.22099612287503728,0.278175313059034,0.20268256333830104,0.22109654350417163,0.20285969615728328,0.29839189994044074,0.22119678475736826,0.22142857142857142,0.2216602201725677,0.2778108268887567,0.2780255724055902,0.2027348394768133,0.27815750371471026,0.22162804515745693,0.22185922185922186,0.22209026128266032,0.20273078064707628,0.2029673590504451,0.22218926134678138,0.22241992882562278,0.20308330862733473,0.2033195020746888,0.22251851851851853,0.22274881516587677,0.2034350014806041,0.22291296625222023,0.22314294169872742,0.22337278106508876,0.277136941733215,0.2773506800709639,0.27756429204847766,0.29639479905437355,0.2776957163958641,0.20318960425280566,0.2964275169766755,0.2231404958677686,0.2033048096783712,0.20353982300884957,0.2037746977292834,0.22317216981132076,0.20394930739758327,0.20418385385975252,0.2232695139911635,0.2234982332155477,0.2042979099205181,0.22366097704532079,0.22388937922918506,0.20441176470588235,0.29550132314025285,0.20458553791887124,0.20481927710843373,0.20505287896592245,0.29544787077826723,0.20522607163828538,0.22365717640152627,0.295481220657277,0.27603402757406864,0.20527859237536658,0.2236880680152448,0.2954279015240328,0.27600351596835626,0.22378441710603397,0.2240117130307467,0.20521077283372366,0.2054433713784021,0.20567583382094792,0.22404211757823925,0.20584795321637428,0.22420344928383515,0.29485680888369376,0.2950628104002337,0.2058995327102804,0.20613138686131388,0.20636310566258026,0.20659468923256494,0.22403733955659277,0.22426363371245261,0.29475218658892127,0.2748469833867677,0.27505827505827507,0.22429362073987766,0.22451951077460688,0.224745269286754,0.2249708963911525,0.22519639220250218,0.20622454915648633,0.2747891829020064,0.2063953488372093,0.27492008137169427,0.20656595002905287,0.2250943944234679,0.2938443670150987,0.20667634252539913,0.2069065583284968,0.29387873513199886,0.22505800464037123,0.2939982603653233,0.2252173913043478,0.22544190089829036,0.20683661645422943,0.22560092673037938,0.2938621887666474,0.22575976845151954,0.2259837962962963,0.22620769453283193,0.20676691729323307,0.2263660017346054,0.2069364161849711,0.2736203409419243,0.207105719237435,0.22639330060641064,0.22661662817551964,0.2072150072150072,0.20744373918061165,0.22670897029131815,0.22693194925028834,0.22715479965407898,0.22737752161383284,0.292711034284068,0.22753456221198157,0.22775698243593434,0.2927461139896373,0.2279136690647482,0.22813578826237055,0.22835777969513948,0.20701552616446234,0.22851394078758264,0.22873563218390805,0.2289571962079862,0.22917863296955773,0.22939994257823715,0.2296211251435132,0.2921090387374462,0.2719449225473322,0.2297103527387439,0.22993119266055045,0.2301519059902551,0.2303724928366762,0.20653107991979375,0.23052691867124858,0.23074720870312052,0.2309673726388094,0.27153075822603717,0.20652173913043478,0.27166142407778093,0.20668953687821612,0.23092312089168335,0.20685714285714285,0.2070836903741788,0.23101085094231869,0.20725092777619183,0.290810502283105,0.2074179743223966,0.23103251568739305,0.20758483033932135,0.20781071835803877,0.2311199772014819,0.23133903133903133,0.2079179720877243,0.29043280182232345,0.2707087959009394,0.20802504268639727,0.29046941678520627,0.20819112627986347,0.20841626386124537,0.20864127345082434,0.20886615515771526,0.23096590909090908,0.2311843226356149,0.20897217490062464,0.23133692875390294,0.23155505107832008,0.20907801418439717,0.20930232558139536,0.20952650978168416,0.20975056689342403,0.23151034287333522,0.20991501416430594,0.2696120079297649,0.210079275198188,0.23153127653552222,0.28919071873231467,0.2316831683168317,0.28930995475113125,0.23183488832343793,0.21000565291124929,0.28934727324102855,0.21016949152542372,0.2691330132730867,0.23178994918125354,0.21027377928309343,0.231941309255079,0.21043723554301833,0.21065989847715735,0.23202706512545812,0.28889515219842166,0.2688081149619611,0.28901408450704225,0.23204731061672768,0.21058558558558557,0.23219814241486067,0.210748452447946,0.26863572433192684,0.23228346456692914,0.26876581388810794,0.21079258010118043,0.21101432986794044,0.21123595505617979,0.2322381353552373,0.23245367770915215,0.2882402469828796,0.26851851851851855,0.23253856942496492,0.2327537857543466,0.23296888141295205,0.211042600896861,0.21126365928831606,0.211484593837535,0.2329879585550266,0.2116461366181411,0.23313741953540443,0.23335198656966985,0.23356643356643356,0.28747203579418346,0.21162985742242102,0.28759083286752374,0.23358480022352612,0.23379888268156424,0.23401284557386204,0.26744835287548857,0.2676528049120848,0.23409598214285715,0.23430962343096234,0.21137757947573899,0.21159743518260385,0.2870680044593088,0.267483978824185,0.23426183844011142,0.23447507658033973,0.2346881959910913,0.2674645143334261,0.21146355036171396,0.21168289290681502,0.21190211345939933,0.2674450931331665,0.23457476375764313,0.2675743262017227,0.21194444444444444,0.26770341571785616,0.2862298722931705,0.2678323619206217,0.26803551609322973,0.28626907073509017,0.21186910704381587,0.286387579706127,0.26801552106430154,0.2119700748129676,0.21218836565096952,0.23400720022154528,0.23421926910299004,0.21228895654580682,0.21250691754288878,0.21272475795297371,0.2342367256637168,0.23444843793198783,0.28579325594250965,0.23459519204200055,0.212707182320442,0.2347417840375587,0.21286581998895637,0.2856748550924648,0.2348233995584989,0.28579310344827585,0.2859900717043574,0.28618693134822165,0.2348401323042999,0.21273077982915403,0.26666666666666666,0.23492150922610852,0.26679515418502203,0.28598954032480045,0.28618602091359385,0.23493810178817057,0.2667766776677668,0.2125378058839703,0.23501924134139637,0.28606760098928274,0.26675824175824175,0.2861851139796759,0.26688632619439867,0.28630249794125723,0.212403951701427,0.23484224965706446,0.2668678003291278,0.21250342747463669,0.28618421052631576,0.2863798300904357,0.2347945205479452,0.23500410846343467,0.2864184008762322,0.26663016698603886,0.28653530377668307,0.23502051983584132,0.23522975929978118,0.286573694284933,0.23537452159650082,0.23558349275758403,0.21202185792349726,0.21223709369024857,0.2356635718186783,0.26617526617526616,0.2862991266375546,0.286493860845839,0.2662302236770322,0.23561494409599126,0.28653217011995635,0.2120468792586536,0.28664850136239783,0.23563061836011986,0.23583877995642702,0.2360468282058263,0.236254763200871,0.28653061224489795,0.23639825897714908,0.26570573837367417,0.21179989124524198,0.2364773036151128,0.23668478260869566,0.28633523499049174,0.28652906029331887,0.26554439315775186,0.23669923995656894,0.2656716417910448,0.2116115029842648,0.21182533224844047,0.26572668112798264,0.2119815668202765,0.23658536585365852,0.23679219723652126,0.28602383531960995,0.28621716761440563,0.26556578234975636,0.2368064952638701,0.28625541125541126,0.2656207736002164,0.28637101135749055,0.26574749932414166,0.23675675675675675,0.23696298297757362,0.21150729335494328,0.2862543883337834,0.2864470842332613,0.26558704453441295,0.211548839719374,0.2117615322363097,0.2656418554476807,0.21191695874898894,0.2366576819407008,0.28617623282134197,0.21201508620689655,0.26555346081335846,0.286214324178783,0.23660834454912516,0.28632938643702904,0.28652138821630346,0.23668639053254437,0.21188491529981177,0.2368279569892473,0.23703305563020693,0.2372380440623321,0.2863282299221058,0.23737916219119226,0.28644295302013423,0.23752012882447665,0.2648242554333244,0.286480686695279,0.23759721104853848,0.21152815013404827,0.26480836236933797,0.21168274383708469,0.21189391909991964,0.21210498125334762,0.2647925033467202,0.23741970021413275,0.2376237623762376,0.28598180845371857,0.28617277346884196,0.2647058823529412,0.2376369954557605,0.2862105825761625,0.2647608869890462,0.2863247863247863,0.2865153538050734,0.26481580352375866,0.21163597544702428,0.23745997865528282,0.286476393704988,0.2376,0.2865902426019728,0.21162046908315565,0.23767652544630963,0.23787959509856155,0.28655126498002664,0.2380191693290735,0.23822198562682992,0.21154869611495478,0.2383612662942272,0.28643617021276596,0.23850039883009838,0.26395534290271133,0.28647355833111876,0.2640807651434644,0.21142098273572377,0.26420605416887943,0.23838598354127954,0.2643312101910828,0.23852480764128417,0.2644562334217507,0.21134977459559798,0.26458112407211026,0.23853697323085077,0.23873873873873874,0.2113907284768212,0.21159957627118645,0.2388138734445327,0.26442562202223396,0.28552527123577665,0.2857142857142857,0.21158423697434542,0.26441036488630354,0.2646048109965636,0.285676532769556,0.2858652575957728,0.23851030110935023,0.26458938473725907,0.26478352692713836,0.2649775666402745,0.2857519788918206,0.23845950936428384,0.23866033755274263,0.28578961244397577,0.21112282551396944,0.21133069828722004,0.2386722866174921,0.26468264419278376,0.2856766719325961,0.2858647012371677,0.2113157894736842,0.26466719284398843,0.26486059968437664,0.2114120431238496,0.23843322818086224,0.26491458607095925,0.2115081450341566,0.23850801155765694,0.264968487394958,0.21160409556313994,0.2650918635170604,0.26528470217790606,0.21169989506820566,0.21190663519538422,0.2850026219192449,0.2382699868938401,0.26519916142557654,0.21194655488603614,0.2653221581980094,0.284891332809636,0.23821989528795812,0.21198639099712116,0.23835688121402407,0.23855610776876798,0.23875523012552302,0.23895424836601306,0.23915316257187663,0.2649594983015417,0.28448275862068967,0.26508226691042047,0.21174934725848563,0.21195510310623858,0.23903966597077245,0.2843725541351422,0.23917579551382367,0.26492829204693613,0.2651199165797706,0.23924941360437843,0.2842626367899948,0.23938525657723367,0.21171875,0.28430096329080967,0.284487246225924,0.26489721571688785,0.21175858480749218,0.26501950585175554,0.2392095683827353,0.28437743696386797,0.23934511434511435,0.23954273837360354,0.2649350649350649,0.2843417294209296,0.23961578400830738,0.2649883207889956,0.23975090814737934,0.21141374837872892,0.21161825726141079,0.26497277676951,0.211767755313634,0.23969940399067116,0.2839378238341969,0.21186221186221185,0.23977213878819265,0.2648200880144965,0.21195652173913043,0.23984476067270374,0.26487325400931194,0.28368244116886476,0.21199586349534644,0.2837942620832256,0.23979328165374678,0.2647894600878326,0.21203512396694216,0.26491092176607284,0.2121837893649974,0.21238709677419354,0.23968008255933954,0.2398761929326799,0.2833935018050541,0.26475895849445735,0.28350515463917525,0.26488018551919607,0.21226172076249356,0.23976306979139841,0.283470648815654,0.2398970398970399,0.24009264024704066,0.2835091330074608,0.2646604938271605,0.24016456672666495,0.2403598971722365,0.28347468517090724,0.28365878725590954,0.21191882866683792,0.2645095017976374,0.24030808729139924,0.24050308008213553,0.2119579163459071,0.24063622370446383,0.264426776096435,0.24076923076923076,0.24096385542168675,0.2831881086622245,0.24109659236484754,0.21183401639344263,0.2642765685019206,0.2644649257552483,0.24110570770412082,0.24129989764585466,0.21181887950882577,0.21202046035805627,0.264382510866786,0.24130879345603273,0.21211346792742142,0.24144098109351048,0.26436781609195403,0.28243105209397346,0.21215215726321165,0.28254211332312407,0.26435315131411075,0.2645408163265306,0.2121907676613109,0.26466088730239673,0.212337496813663,0.21253822629969418,0.2647133757961783,0.24095771777890984,0.2126305067481538,0.26476578411405294,0.28200559938915754,0.2648854961832061,0.21266853218010684,0.24084435401831128,0.2819730485634376,0.24097610574478903,0.2411689961880559,0.2820121951219512,0.2413004826009652,0.28212290502793297,0.2124904798172125,0.2413705583756345,0.24156305506216696,0.28209030948756975,0.24169414151661173,0.24188640973630832,0.28212927756653994,0.24201723264064876,0.28223967570306563,0.21225937183383992,0.21245885034185868,0.28227848101265823,0.2824601366742597,0.26366396761133604,0.24184163926132052,0.28249873545776427,0.28268015170670036,0.24191102123356925,0.2421026029820571,0.2827185447195553,0.2422328870927002,0.2828282828282828,0.24236303963645545,0.2425542655224634,0.2828665152662125,0.26311806256306763,0.2633039092055485,0.2118003025718608,0.26342324174439125,0.21194556451612903,0.21214411690602167,0.26347607052896727,0.2422563585998489,0.2824773413897281,0.24238610621696452,0.2825868142929039,0.2120754716981132,0.24245472837022133,0.28262509429218,0.2828054298642534,0.24252324704699674,0.26306532663316584,0.28284350665661895,0.263184329482672,0.21190057745418026,0.2633032128514056,0.2120451693851945,0.26342197691921726,0.28266867318786054,0.2635406218655968,0.2827776385058912,0.24210526315789474,0.24229516411926835,0.28281563126252507,0.21187077385424494,0.26339509263895844,0.2828535669586984,0.2635135135135135,0.2636977733299975,0.211855927963982,0.2828207051762941,0.212,0.2636840789802549,0.28285857071464265,0.21209093180114913,0.24175824175824176,0.21223470661672908,0.28282576135796306,0.21237833790865984,0.28293413173652693,0.26340733349962586,0.24164588528678305,0.2418349538768387,0.2123629112662014,0.24196361824071766,0.21250622820129547,0.26326276463262765,0.24203187250996017,0.26338063231267117,0.28247884519661526,0.2421000248818114,0.28258706467661693,0.24222830141755783,0.28269517652909,0.28287347750435,0.21222664015904572,0.2422360248447205,0.24242424242424243,0.21231686118698784,0.24255213505461767,0.28270042194092826,0.28287841191067,0.24261969734557182,0.26264880952380953,0.2829159434664022,0.2426871591472484,0.24287484510532836,0.2626362735381566,0.21203864255635374,0.21223377909856364,0.282743253280515,0.26262376237623763,0.26280623608017817,0.26298861949529934,0.2631709126885976,0.263353115727003,0.24252163164400495,0.282501235788433,0.21200889547813195,0.21220355731225296,0.28253889849345515,0.24246913580246915,0.26314490249321154,0.21224086870681144,0.2632617813964964,0.21238283177109027,0.24241676942046855,0.24260355029585798,0.2124722701503574,0.24273040906850665,0.2820891845282089,0.2630541871921182,0.28219650332430435,0.2631708517971443,0.21240462712281566,0.2125984251968504,0.26322263222632225,0.2634038366945401,0.24243914433243177,0.24262536873156343,0.2634553944458098,0.21253071253071254,0.2426922132154262,0.21267190569744598,0.21286520991897864,0.21305841924398625,0.26331288343558285,0.2131992149165849,0.21339220014716703,0.24252084355076017,0.24270654572199069,0.2428921568627451,0.24307767703994118,0.28098971092601666,0.2432035268185158,0.24338883447600393,0.26291309669522644,0.2809593734703867,0.2811353070712014,0.26296477495107634,0.24333577891905112,0.263080684596577,0.24346125641652408,0.21285434995112415,0.24358661128756415,0.21299462628236443,0.2437118437118437,0.243896484375,0.24408103490358798,0.244265495363592,0.21297877531105147,0.24439024390243902,0.24457449402584736,0.24475865431496832,0.2802827199610041,0.21296296296296297,0.24482338611449453,0.24500730638090598,0.28025322619917215,0.24513145082765336,0.28036018495984427,0.24525547445255474,0.24543906592070056,0.2803988326848249,0.24556284950158036,0.2805055906660185,0.2456865127582017,0.24586977648202138,0.2805440854991499,0.261534725594949,0.2124302015052197,0.245873786407767,0.2615869934481922,0.21251819505094613,0.2459374242056755,0.21265761396702232,0.24606060606060606,0.24624333494910325,0.24642597528471044,0.24660852713178294,0.2467909905546137,0.21259079903147698,0.24691358024691357,0.212729912875121,0.24703605129445924,0.21286889211417515,0.2471584038694075,0.2473404255319149,0.2129562484892434,0.2607539874335428,0.2609325924136265,0.21304347826086956,0.2132335184737986,0.2790922259777885,0.2471638909003138,0.2791988416988417,0.27937273823884196,0.2607332368547998,0.2609115022908126,0.21311475409836064,0.2470474813208002,0.21325301204819277,0.21344254396530957,0.26083815028901736,0.21358054418492656,0.21376986037554166,0.26089049338146814,0.21390760346487006,0.21409670435410152,0.24675324675324675,0.21423419091127674,0.246875,0.2607546262917568,0.21432003844305622,0.21450876771558972,0.27833813640730065,0.26074429771908764,0.24675948151704272,0.26085913126949845,0.2468809980806142,0.21443991364835693,0.24700239808153476,0.21457684008631023,0.27804410354745923,0.24706446201773305,0.27815045519885,0.2605988023952096,0.2471264367816092,0.2473066794350012,0.2781235040689325,0.21440536013400335,0.2145933014354067,0.21478115283425017,0.2149689143950263,0.24719101123595505,0.2602772466539197,0.24731182795698925,0.2778308647873865,0.2780033436828278,0.27817574021012414,0.214848412508952,0.21503579952267304,0.2152230971128609,0.24713740458015268,0.2473169568328166,0.21530758226037197,0.21549463647199046,0.21568160152526217,0.24731951393852752,0.24749880895664603,0.27768516313407954,0.21571428571428572,0.2159009759581052,0.21608757734412185,0.2474423031168213,0.21622264509990485,0.25921521997621877,0.25939134569662387,0.21630615640599002,0.24738593155893537,0.21644095984794487,0.27719714964370545,0.21657563524103537,0.2167616334283001,0.2591977213387135,0.21689606074988135,0.25931198102016606,0.2170303605313093,0.2769741522409296,0.21716453295400664,0.2469779568618156,0.21729857819905213,0.21748400852878466,0.21766935101847465,0.24698081932275634,0.2471590909090909,0.21775147928994082,0.21793658305726454,0.2472202507688668,0.24739829706717123,0.2586899976353748,0.2475177304964539,0.24769558024107777,0.2478733459357278,0.2761634774391684,0.21776098252243742,0.24793388429752067,0.2584985835694051,0.24805286759499645,0.2586125530910807,0.25878744987025243,0.2589622641509434,0.2591369959915114,0.247996228194248,0.2592505302851756,0.21748350612629594,0.2480565371024735,0.27555346208195947,0.2592418177537085,0.2175141242937853,0.24805836667451164,0.21764705882352942,0.2178310985650435,0.2753998118532455,0.24806019280507877,0.24823695345557123,0.24841363102232666,0.24859022556390978,0.21775898520084566,0.2588069516204791,0.25898098145104487,0.24859154929577465,0.2750528045059845,0.24870952604411076,0.21768707482993196,0.275093808630394,0.24876905041031652,0.2177684013127051,0.27513475509725804,0.25866916588566075,0.2588428203326306,0.248711943793911,0.27511121517209086,0.21769662921348315,0.21787970980575708,0.2751520823584464,0.21801169590643274,0.24859681945743686,0.21814355856909048,0.24871435250116877,0.21827529796681466,0.2488317757009346,0.21840691427236628,0.2185894441849603,0.24889096427737567,0.2747432306255836,0.25810968494749126,0.2186187587494167,0.2488919990669466,0.27472014925373134,0.2186989974352996,0.21888111888111889,0.219063155441622,0.27469711090400745,0.2578616352201258,0.25803446669771773,0.24866123399301512,0.24883612662942273,0.2490109378636258,0.249185667752443,0.24936031635264014,0.21883720930232559,0.27435480120902117,0.2577870757787076,0.2189170346270044,0.24930297397769516,0.21904761904761905,0.2742684626103112,0.2191780821917808,0.2193593314763231,0.2743095845903922,0.21948955916473317,0.24913013221990257,0.2196196660482375,0.2492464641780663,0.2573018080667594,0.21969872537659327,0.25741427247451343,0.2198285846652768,0.2575266327003242,0.21995832368603843,0.2490740740740741,0.2492478592918306,0.27371587228135125,0.27388387693731203,0.2740518038852914,0.21988439306358382,0.24919093851132687,0.249364455743009,0.2571626617375231,0.2494802494802495,0.21986143187066975,0.24959593627337798,0.2497691597414589,0.21993999538426032,0.27365020766035997,0.24982698961937716,0.22001845018450183,0.2201982937514411,0.2736284001844168,0.22032726434662364,0.2205069124423963,0.22068647777009906,0.22086596038691847,0.22104536034998848,0.27348066298342544,0.22117376294591484,0.2563276576161988,0.25649873475960433,0.24931002759889603,0.24948263968728443,0.22114942528735632,0.25649276028499196,0.25666360294117646,0.22122674017918678,0.22140560404225998,0.22158438576349024,0.2729568411386593,0.27312370897406474,0.22166131252868287,0.22183987153016746,0.24908256880733945,0.2219674386608576,0.2221458046767538,0.22232408892963557,0.2729147571035747,0.2730813287514318,0.2560696289509849,0.24891229677123883,0.22229853479853479,0.27306019684138244,0.22242562929061785,0.22260352322123084,0.22278133577310155,0.24879945117768124,0.2558299039780521,0.24891428571428573,0.25594149908592323,0.2227553118574366,0.2727272727272727,0.24891527746060743,0.24908675799086757,0.22278018717187856,0.24920127795527156,0.22290668491900525,0.2557025547445255,0.22303306727480046,0.24920200638394893,0.24937314793708684,0.27233363719234277,0.2556390977443609,0.24943052391799544,0.2557503985424732,0.22290528233151183,0.22308217618939222,0.25580336822940375,0.25597269624573377,0.22315741583257506,0.27200363884466683,0.22328331059572534,0.2491475335303478,0.27204545454545453,0.24926153147012042,0.24943207632894138,0.27208721326368385,0.27225249772933696,0.25561861520998863,0.22310485701316388,0.25572952121624687,0.22323049001814882,0.2492628713994103,0.2494331065759637,0.2720471548401723,0.2556663644605621,0.2494901427600272,0.22315360217489805,0.24960362400906003,0.2497735507246377,0.24994340049807562,0.27184246265278406,0.25005657388549446,0.25542986425339365,0.27188418909748924,0.25554047942107644,0.2500565227221343,0.2719258589511754,0.22282485875706215,0.22300045187528242,0.25547775016941493,0.2719060523938573,0.22307518627229622,0.25553047404063206,0.22320018054615212,0.24977436823104693,0.27182494924430406,0.2232746955345061,0.2234498308906426,0.27186654643823266,0.25535271579896324,0.27196935556557006,0.22347375535030412,0.22364864864864864,0.2553478946183292,0.2494371904547501,0.24960612198964663,0.24977497749774977,0.22362204724409449,0.22379667116509222,0.271643804812233,0.2239208633093525,0.2497190379860643,0.22404494382022472,0.22421927656706359,0.22439353099730458,0.24971929036604537,0.27144140098787606,0.2716049382716049,0.25471274685816875,0.2497195422930222,0.2243158366980709,0.271585557299843,0.24977578475336323,0.22438915041470522,0.2545943523083819,0.2547613712749272,0.24977598566308243,0.24994400895856664,0.22436184505150022,0.2713230355943586,0.25470008952551476,0.2244349966435444,0.22460850111856823,0.25475285171102663,0.22473166368515204,0.25486250838363517,0.2711220384443451,0.224804469273743,0.22497765862377123,0.27116372570918024,0.24944171505136223,0.24960928778745256,0.27120535714285715,0.25463066279848245,0.2713074520303436,0.22484943118447467,0.2714094558429973,0.24949832775919734,0.2249219794917521,0.25451303766436373,0.2250445632798574,0.2494987747828024,0.25456570155902003,0.2712090848363393,0.22506678539626002,0.2252392610727799,0.22541165999109924,0.27119021134593996,0.2713523131672598,0.24927729597509451,0.24944419742107604,0.22538341853745278,0.2713333333333333,0.24950011108642525,0.24966681474900043,0.2498334443704197,0.2713143872113677,0.2253052164261931,0.2714158899245451,0.22542711337918794,0.22559893522626442,0.22577068086050123,0.22594235033259424,0.2496120594103303,0.24977836879432624,0.24994460447595834,0.2501107665042091,0.2533776301218162,0.22586359610274578,0.2534868275404029,0.2501106684373617,0.22593494135870767,0.2502212389380531,0.2707365627073656,0.2503317116320212,0.2533716559805439,0.2707780725022104,0.270939226519337,0.2503314184710561,0.2710404241219351,0.2504416961130742,0.2711415323470965,0.22560706401766004,0.22577797395718385,0.22594880847308033,0.22611956761526583,0.2262902514336127,0.25292171995589857,0.2502204585537919,0.22636103151862463,0.250330542089026,0.25049570389953735,0.252863436123348,0.250605593481612,0.2705856450902686,0.2507153863086066,0.2706866197183099,0.2508250825082508,0.2509898812142543,0.2526940840114361,0.2510993843447669,0.2528028138052319,0.27054945054945057,0.25115359261700726,0.25285588752196836,0.2705908192400615,0.22573561703996486,0.22590559824368825,0.2528533801580334,0.2530173359666447,0.225976305397104,0.25312568545733716,0.25087719298245614,0.2510414382810787,0.2512056115738711,0.2259478413324567,0.22611744084136723,0.25125958378970425,0.25295663600525625,0.22618786949857675,0.2513134851138354,0.2530094112497264,0.25317286652078774,0.2513673156858455,0.22615923009623798,0.2514760551060573,0.22627896808045475,0.25311475409836065,0.2263986013986014,0.26939043041293426,0.26955002184359983,0.2264686612797554,0.253056768558952,0.2265880812049771,0.25120034919249234,0.25310931704123935,0.22665794066317627,0.25125408942202837,0.2692978630614915,0.25310660562459125,0.2513077593722755,0.25147090869470473,0.269281045751634,0.2515791766499673,0.2693815331010453,0.2516873503156978,0.2518502394427514,0.2694232861806311,0.25282854656222803,0.22623450076136611,0.2518486298390605,0.2694063926940639,0.2519565217391304,0.22625516192132145,0.25206431986093003,0.2526613078427113,0.25217202432667246,0.25276872964169383,0.25227963525835867,0.25287605817234643,0.2690972222222222,0.2692558038620091,0.22603036876355748,0.22619822164389503,0.2521682567215958,0.252330370691524,0.26918075422626786,0.2524377031419285,0.22616984402079723,0.22633744855967078,0.22650498051104373,0.2524355921195064,0.22662337662337662,0.25232633629084616,0.2524881003894418,0.25243348475016225,0.22664359861591696,0.26875675675675675,0.25248594898400345,0.25243138102442186,0.26879861711322384,0.2525383452149492,0.2524838012958963,0.22651695098250918,0.2266839378238342,0.22685085257932225,0.25248165731549416,0.25264293419633227,0.2685504745470233,0.22687082165193012,0.2522639068564036,0.25264065531364516,0.2523706896551724,0.25274725274725274,0.22684187850064627,0.2683609735085074,0.22695951765719208,0.2527448869752422,0.22707705553164012,0.2683451689261889,0.25279690189328746,0.2520972252097225,0.25225806451612903,0.25241883465921305,0.2527944969905417,0.25295508274231676,0.2681564245810056,0.22685284640171857,0.25236254295532645,0.2681984109942023,0.22692142550450836,0.25284395793088643,0.22703862660944207,0.22720446256168203,0.2528957528957529,0.268067767531632,0.2682246998284734,0.2529474812433012,0.2271753107586798,0.2530533533319049,0.22729220222793486,0.2518740629685157,0.22740899357601713,0.26803682295011777,0.2529965753424658,0.22747699550609887,0.22764227642276422,0.26802139037433154,0.25299401197604793,0.2516570451143896,0.22766139375801625,0.2278264586450096,0.227991452991453,0.25293740653706476,0.26783425886373347,0.26799060431347427,0.25298889837745514,0.2279615795090715,0.22812633376013658,0.2282910177085556,0.26791808873720135,0.26807421625079975,0.2528784648187633,0.2511191643572799,0.22826086956521738,0.2680588109950991,0.25287601193012355,0.2283280085197018,0.2510647359454855,0.2529274004683841,0.2679863771817795,0.2283464566929134,0.22851063829787235,0.25292490959370345,0.2679710761378137,0.26812672762066764,0.22852891156462585,0.22869287991498405,0.2288567785805355,0.25281495644784363,0.22897196261682243,0.22913569760033978,0.22929936305732485,0.25281256633411164,0.2529711375212224,0.2531296414173562,0.2677131947390751,0.26786850477200425,0.22921967769296014,0.26796692813228745,0.2530733361593896,0.2532316168679805,0.2533898305084746,0.22918873120101674,0.25349428208386277,0.26783823840779164,0.25359864521591874,0.22920634920634922,0.267879813796022,0.24962978633382696,0.22927241962774958,0.2294353986043561,0.22959830866807612,0.22976114986260832,0.2495773457311919,0.2533276991337418,0.2298267849598648,0.24963041182682155,0.22994087837837837,0.253324889170361,0.2534824820599409,0.2673559822747415,0.26751054852320677,0.2299093018350559,0.25347954449599325,0.25363693864642634,0.24936762225969647,0.2495258166491043,0.22987779182469448,0.24963134611333473,0.2497893850042123,0.24994735733838702,0.2501052631578947,0.2502631025047358,0.25336700336700335,0.2535240900483905,0.2669331089608751,0.26708727655099895,0.2535744322960471,0.22955644313643053,0.2536780159730979,0.2670729144778315,0.25,0.2537282083595883,0.25388492230155396,0.22947722023934494,0.25,0.2501573976915005,0.2668904741921947,0.2538284036081393,0.2294463087248322,0.22960788425246384,0.2538784067085954,0.25005239991616013,0.2539815590947192,0.22962497381102032,0.254084625052367,0.22973821989528795,0.25418760469011725,0.24994766589909986,0.25429049811636667,0.2663737183511195,0.2297071129707113,0.25434009621418113,0.24989544123797575,0.25444281831486515,0.22972408026755853,0.24994775339602926,0.2501044713748433,0.2297890119072488,0.26608187134502925,0.22990185842555858,0.230062630480167,0.2661239824671259,0.2541736227045075,0.2662215731274776,0.23007926574885273,0.26631908237747653,0.23019182652210174,0.23035230352303523,0.23051271363067946,0.23067305688685144,0.26625,0.25390543636742346,0.2307371928363182,0.26629190089527377,0.23084929225645295,0.24932362122788762,0.23096129837702872,0.2311212814645309,0.23128119800332778,0.25369099604907464,0.2313929313929314,0.23155269174807733,0.24916874480465503,0.2536879285269063,0.23161611965101786,0.25379023883696783,0.26578073089701,0.23167946854888935,0.23183893731838937,0.23199833990454452,0.2537344398340249,0.24891101431238333,0.253836582330983,0.24901513580758863,0.23196517412935325,0.24911917098445596,0.23207625362619147,0.25378081624197224,0.2491714995857498,0.23213915924622075,0.2492753623188406,0.25377768577934173,0.2322019867549669,0.2538795779019243,0.23231278444352504,0.2649431230610134,0.23242349048800662,0.26504031424436636,0.24906986357999172,0.25377144038024385,0.25392561983471074,0.26502788680024786,0.23234200743494424,0.2325005162089614,0.26507018992568127,0.24891640866873066,0.25381758151052414,0.2325149577057974,0.23267326732673269,0.23283151165188698,0.2538144329896907,0.25396825396825395,0.2648392415498763,0.2649907273851226,0.23279769262463948,0.2486096807415036,0.23290774299835254,0.25386040765904877,0.25401399752984766,0.23296974686149413,0.2331275720164609,0.25406295001028595,0.2542163718634307,0.2543697306189595,0.26459703947368424,0.2544707091469681,0.24825318536785862,0.2484076433121019,0.25451930977814297,0.25467241733415485,0.23285420944558521,0.2644220899199343,0.2547208538587849,0.24830699774266365,0.2484612228149364,0.25476923076923075,0.24856439704675964,0.24871847447201148,0.26424764247642474,0.24882147981143676,0.26434426229508196,0.24892440073755379,0.24907824662023761,0.23243907433954536,0.2643325143325143,0.23254861821903788,0.23270568972574704,0.26437487210967875,0.2328150572831424,0.26447126201677235,0.24887525562372187,0.2328767123287671,0.2330335241210139,0.2540363784998978,0.2331426236207601,0.2541368743615935,0.24877450980392157,0.2542372881355932,0.24887709269089425,0.25433761992243314,0.25448979591836735,0.26402774943889,0.23296613627090984,0.24882724862329186,0.24898042414355628,0.23302752293577983,0.2490827558092132,0.25433054819645406,0.2330888345558272,0.2638011815033612,0.23319755600814665,0.2543270209733252,0.2544788273615635,0.23325870140443722,0.25457875457875456,0.2547304170905392,0.23331977217249797,0.26357535082367295,0.25477836518910124,0.26367147794267126,0.23333333333333334,0.2548262548262548,0.26371393742381144,0.2638634978671542,0.2548740861088546,0.2332994923857868,0.23345513601299228,0.254921859143495,0.25507305194805197,0.25522418340434166,0.26369168356997974,0.2553234638004462,0.24797242497972424,0.2554226636934928,0.2555735711390353,0.2332320162107396,0.26357374392220423,0.233340085071906,0.2334953422438234,0.2336505365458595,0.2554655870445344,0.23375834851244687,0.2555645487656819,0.2634027918268258,0.23381877022653721,0.2339737108190091,0.2634452082490902,0.2340812613705276,0.24737267582861763,0.24752475247524752,0.25535353535353533,0.255503938598263,0.23404684975767368,0.25560266505148393,0.26322163907953167,0.26337033299697277,0.23405972558514931,0.26346580593100666,0.23416700282371924,0.24722726356120187,0.25544354838709676,0.2555936303164685,0.2634018540910923,0.2556921217005843,0.2558420628525383,0.2634441087613293,0.25594039468385016,0.26353935977451176,0.2560386473429952,0.25618836788086136,0.24688128772635815,0.2562864614765641,0.24698310539018503,0.24713452644279107,0.24728588661037396,0.2562814070351759,0.2335209003215434,0.2632107695398835,0.25632784250703095,0.24723840128539867,0.24738955823293174,0.2563742220437663,0.26314733038940186,0.23339353802929963,0.25642054574638845,0.26318956870611837,0.23345367027677497,0.24724283136154002,0.24739374498797112,0.24754459811585489,0.256312625250501,0.25646163093568425,0.2566105769230769,0.24754656519126778,0.262915498598318,0.24764764764764766,0.2331865492393915,0.25655393235941565,0.26290516206482595,0.23324664932986597,0.263,0.23335332933413316,0.2630947620951619,0.25644613232060764,0.23341326938449242,0.26313686313686313,0.2564922093487815,0.26323147593369284,0.24720447284345048,0.25653823118386904,0.23333333333333334,0.25663540211534625,0.24720670391061453,0.25673249551166966,0.23334662943757478,0.2568295114656032,0.25697767145135564,0.2629061191947379,0.25707453168593064,0.257222554293684,0.26294820717131473,0.23322047400916152,0.2333731581043409,0.2629902448735815,0.2571656050955414,0.24676616915422886,0.2572622363708715,0.26297990849413166,0.26312649164677804,0.25730761582819645,0.2467196819085487,0.24686940966010734,0.24701907790143085,0.233061792171667,0.2630115216527612,0.23316782522343596,0.2571485305798253,0.2630534048044471,0.2631996824136562,0.23318118674340146,0.2571428571428571,0.2332870462209879,0.2572391907973027,0.2573864763037874,0.26308485329103887,0.2574826560951437,0.2576298057867618,0.24648305924311473,0.2577258320126783,0.2578728461081402,0.262970297029703,0.2579687190655316,0.2581155977830562,0.25826241836532754,0.2629600316580926,0.26310583580613256,0.24624208860759494,0.25825588293454615,0.24634242783708976,0.25835145285629574,0.258498023715415,0.2629915036554041,0.2463453180561043,0.24649417341497137,0.23242496050552922,0.23257650542941757,0.2629293328069483,0.2464969409907243,0.23263614838200475,0.23278753205760505,0.25818540433925047,0.258331690001972,0.25847791798107256,0.2586240883106643,0.24635396137169885,0.23270935960591133,0.24645390070921985,0.24660232420720898,0.23276880661677826,0.25851545579838553,0.25866141732283465,0.2588073213934265,0.26229830775285323,0.24650796773558922,0.25885129819040126,0.25899705014749264,0.24655918206842312,0.26223707489679576,0.25904088050314467,0.24661033601886423,0.23241650294695482,0.23256727558436457,0.23271798900235663,0.23286864323581385,0.2620730270906949,0.2465161923454367,0.2588304552590267,0.2589758681577399,0.23283640643389564,0.2620121592469112,0.25901960784313727,0.23289551068417957,0.23304586436691493,0.25906329610033313,0.24627742946708464,0.2591576885406464,0.23305914610262438,0.26179753279812024,0.2592012529365701,0.23311802701115678,0.23326810176125246,0.25924476619056935,0.25938967136150237,0.2595345198513593,0.2596793116933907,0.2598240469208211,0.2458952306489445,0.23314442055892123,0.24599452911293473,0.23324868138308263,0.261328125,0.23335286076938097,0.25966419367434596,0.2334569588131954,0.2336065573770492,0.23375609756097562,0.259656652360515,0.24575775307197192,0.23381435257410296,0.23396373562097875,0.2341130604288499,0.25959851880725004,0.25974279033515196,0.24566530294174946,0.2598363848850799,0.2599805258033106,0.26070872274143303,0.2608526377262994,0.2456208641494745,0.24576765907764156,0.25992217898832687,0.260066134993192,0.26079346557759625,0.26015944001555513,0.24572317262830481,0.26025267249757045,0.26078507578701904,0.2603458325238003,0.26048951048951047,0.2334433870654496,0.26058252427184464,0.2335468841001747,0.2606754658385093,0.26081894042305453,0.24544043461389212,0.24558680892337537,0.2335143522110163,0.23366298235408184,0.23381155486622723,0.26032176778445437,0.24554263565891474,0.2606084092230188,0.2607516466485858,0.24559364710439666,0.26084430673896203,0.24569215876089062,0.26093689508323653,0.26107993032707566,0.2612229102167183,0.261365834784291,0.2615087040618955,0.2599110423515761,0.24555297757153904,0.2615503576261357,0.259953614224971,0.23323671497584542,0.23338485316846985,0.24550898203592814,0.23348783314020857,0.23363583703417648,0.2613899613899614,0.2597954062922216,0.23369355461211888,0.23384140459193517,0.25983796296296297,0.23394406943105112,0.25993058233706134,0.23404665509928668,0.26117964533538934,0.24513393717479284,0.25992292870905587,0.2340589481795415,0.2451848998459168,0.23416137107644908,0.26107046592221794,0.26121270452358036,0.23421862971516552,0.261304598807004,0.25971527510580994,0.24504712444700905,0.26134615384615384,0.2614881753508941,0.26163014225297965,0.23409571401114743,0.2617217524980784,0.23419788664745436,0.25950825970034574,0.23429998079508355,0.23444700460829493,0.2447686696102899,0.2345489443378119,0.23469583573210517,0.2348426707597851,0.26146173028966047,0.2616033755274262,0.2592521572387344,0.2348542944785276,0.261644623346751,0.23495592180912228,0.26173596474420385,0.23505747126436782,0.2618272361616549,0.23515894293374187,0.23530538004977983,0.26186830015313933,0.23540669856459331,0.26195943360122464,0.2588482877367515,0.2354628921193573,0.25894052400076495,0.25908221797323133,0.23551902121965207,0.2591743119266055,0.23562010319128607,0.2357661444401987,0.23591212989493793,0.23605805958747136,0.23620393354974223,0.26155021000381823,0.2616911624355793,0.26183206106870227,0.2589200534249189,0.2434185425410149,0.24356284569902728,0.2437070938215103,0.2438512869399428,0.25886389630194434,0.24394892319420622,0.2616234756097561,0.25890645837302345,0.2358095238095238,0.24395353266044562,0.23591012947448592,0.23605558728345707,0.24400456794822992,0.261465271170314,0.2616057838660578,0.2360661974510177,0.2616964625332826,0.23616657159155732,0.24391634980988594,0.24406006462649688,0.23622196883314328,0.24415732471974158,0.23632218844984804,0.23646723646723647,0.2614887960501329,0.24416176191380293,0.23652239939255884,0.23666729929777947,0.26148007590132827,0.26162018592297476,0.25796661608497723,0.23667741323724634,0.2440273037542662,0.2616113744075829,0.23673237300985595,0.26170172446465795,0.2618416066691929,0.2578139799204395,0.26193181818181815,0.2620715773527741,0.23665278303672851,0.2621616505773235,0.23675246025738078,0.2368968779564806,0.23704124101399923,0.26215244940419896,0.26229198184568836,0.24352429570807335,0.2623818525519849,0.24362124362124363,0.2624716553287982,0.24371811826941242,0.26256139025311676,0.24381491973559963,0.23678247734138974,0.2369265622050217,0.2370705926764817,0.2372145687865635,0.26245283018867926,0.26259196378041877,0.23726895511127877,0.26268150103714877,0.23736802413273,0.23751178133836004,0.26272144741801734,0.23761070284529867,0.24340617935192163,0.2435486909022415,0.2627118644067797,0.23762003389192243,0.23776355421686746,0.23790702051571616,0.23805043281896876,0.23819379115710254,0.2626034612490594,0.2561594884333271,0.26269274163219253,0.2628313592780598,0.256203007518797,0.24318737079496336,0.23806839534009772,0.2628217170768364,0.23816679188580014,0.23830985915492958,0.23845287269996246,0.2628120893561104,0.24305555555555555,0.2559579658472509,0.23846153846153847,0.26280247608328644,0.2385596399099775,0.24301518844927808,0.24315710536182977,0.2627928772258669,0.238568215892054,0.23871088626569234,0.26283252154364933,0.26297059374414683,0.2631086142322097,0.24302565062722337,0.2386746536877574,0.263148044169942,0.23877245508982037,0.255378858746492,0.24298540965207632,0.2554703572096503,0.2556095736724009,0.2630398205272014,0.23869158878504673,0.26312838721734255,0.2556053811659193,0.2387446291798991,0.2556966753828913,0.2631185807656396,0.23879761015683346,0.23893970505880158,0.2631578947368421,0.26329539093114385,0.2555970149253731,0.2557358701734751,0.2558746736292428,0.2632854745478277,0.23881431767337807,0.23895619757688724,0.2390980245993291,0.2422209800633501,0.24236214605067063,0.23915067982864593,0.2631284916201117,0.25563209830571587,0.25577066269545795,0.25590917550716547,0.24227763304800892,0.23906976744186045,0.23921130952380953,0.262971917426074,0.25585719598363704,0.2392638036809816,0.26301115241635686,0.23936071362200334,0.23950204384986995,0.23964332156789894,0.2397845468053492,0.24196843082636954,0.25566282955811365,0.2398366437720438,0.25575352635486265,0.23993319725366488,0.262708719851577,0.2557966982007049,0.2559347181008902,0.23994066382347487,0.26269929551353355,0.2628359592215014,0.23999258710155671,0.26292384658143414,0.24008892182289737,0.24152620855714022,0.2401851851851852,0.2629142751342344,0.26305072195483153,0.2631871182676291,0.24019245003700962,0.26327474560592046,0.2554568997410285,0.2413538006288145,0.24019970414201183,0.24144943612497688,0.24029574861367836,0.26316762151173534,0.24039172209903917,0.24053205246628487,0.24067233099371999,0.24081255771006463,0.24095273264401773,0.263060734724017,0.2412329272794389,0.26314818232146153,0.25498154981549814,0.2632355653938388,0.2550719291774253,0.2408261110086668,0.26327433628318586,0.24092165898617512,0.2633615923332105,0.2410171365395246,0.24115696389093588,0.24129673973107385,0.2408839779005525,0.24102375253176211,0.26325478645066275,0.26339039204859194,0.26352594773647403,0.2636614535418583,0.24116997792494482,0.2637483906566121,0.24089738874586245,0.2410369553226696,0.2411764705882353,0.24131593457085096,0.2414553472987872,0.24159470880029396,0.2417340191036003,0.254178145087236,0.24182886522218142,0.2419680558105379,0.2542217327459618,0.2633510735914847,0.2634862385321101,0.24197394973399378,0.2421129860601614,0.24225197139189436,0.26347634763476346,0.26361136571952337,0.2637463343108504,0.24042514201942458,0.26383290582631,0.26396775966294195,0.2641025641025641,0.26423731917231275,0.2643720248993043,0.2403441332601135,0.26445827232796487,0.2404391582799634,0.2645444566410538,0.2646789829888421,0.2648134601316752,0.2649478880965442,0.24040219378427788,0.2650338146591117,0.26516812865497075,0.26530239356842683,0.24040920716112532,0.24146118721461188,0.26533966398831266,0.25305824356399487,0.26542533771449434,0.26555940865121375,0.24032846715328468,0.2656449553001277,0.2530098504195549,0.2657304395403976,0.25309992706053974,0.253236098450319,0.24024790375501276,0.2411153635866594,0.26567055393586003,0.2658043359446165,0.25318761384335153,0.2533236204698598,0.2534595775673707,0.2535954851629346,0.265744448489261,0.2658780709736124,0.26601164483260553,0.2535928688375478,0.25372862859221534,0.24077104928168758,0.25381818181818183,0.2659516451554263,0.26608505997818976,0.2662184263129202,0.2396438953488372,0.24069028156221617,0.2537232110424991,0.2538587252587616,0.24074074074074073,0.2539480849518969,0.2540834845735027,0.23952095808383234,0.24074746008708273,0.26591692363504443,0.2660500544069641,0.23952855847688123,0.23966642494561277,0.2660866412905565,0.2397607828923523,0.24062330132270338,0.25380434782608696,0.2539395037130954,0.2540746106483158,0.24063009234111896,0.24076755973931932,0.2409049773755656,0.26583423814694174,0.2409987334901393,0.2539797395079595,0.2658708627238199,0.2410488245931284,0.2540227806906527,0.2411424439624006,0.2658593891198265,0.23924828333935672,0.2659439927732611,0.2660765895953757,0.2662091385226657,0.2663416395810762,0.2538364325690558,0.253971119133574,0.23912651146002525,0.24088776614940455,0.26628179686090564,0.26641414141414144,0.266546438232642,0.26667868734222866,0.2668108887687038,0.2669430425378515,0.23896197513065418,0.2390990990990991,0.2536479913529094,0.23919308357348704,0.2668827660723933,0.25369103348937705,0.2538253825382538,0.25395968322534196,0.25409393557675003,0.266822598056855,0.2390717754991905,0.24028776978417266,0.2540909908289876,0.25422509888529304,0.2403379471508179,0.25431344356578,0.2389937106918239,0.2666187567373338,0.23908747979162925,0.24030172413793102,0.2542646794756689,0.24039497307001795,0.2665589660743134,0.2543072505384063,0.25444105508702675,0.2545748116254037,0.24035874439461882,0.2546628407460545,0.24045185583647122,0.2547508067407673,0.23875246459939056,0.25483870967741934,0.2662605267873141,0.25492654962379074,0.2663442593587677,0.2664756446991404,0.2386750223813787,0.25492302184031507,0.25505638088419547,0.2551896921975662,0.23868312757201646,0.23881932021466906,0.2663208728313361,0.26645207439198854,0.2665832290362954,0.25509474436896673,0.23985701519213584,0.2666190135811294,0.23869930319814187,0.26670239371204,0.2387926415431327,0.255,0.23977861096232816,0.2666904676901107,0.2388006425129395,0.2389364739471806,0.2549509366636931,0.23974313235818764,0.26663099696807563,0.2549928673323823,0.2551256908539847,0.23975044563279857,0.2666191409730886,0.2551674982181041,0.2553001959736326,0.25543284645529035,0.23971504897595725,0.255519943019943,0.23856150970268827,0.23869704521181914,0.2388325324790888,0.23896797153024912,0.23910336239103364,0.23923870508715758,0.239373999644318,0.2661806543385491,0.23946666666666666,0.26626377532883044,0.2663941709614359,0.23951670220326937,0.23965180316219578,0.23978685612788633,0.23921150772509323,0.2393465909090909,0.23983667672643352,0.23997160099396522,0.2401064773735581,0.26614620298083747,0.23931169061557567,0.2547002483150053,0.2401134953005852,0.2402482269503546,0.2547420670093955,0.239276852180078,0.2402977139819245,0.26594613749114104,0.2403897254207263,0.23928444916755226,0.24048167168408005,0.2659348441926346,0.24057355284121085,0.2407079646017699,0.24084232879136436,0.24097664543524416,0.2658765257385459,0.26600636717368237,0.24102564102564103,0.2660891089108911,0.24111719992929115,0.24125132555673381,0.24138540378158685,0.23886925795053005,0.2390037095919449,0.25397386082656304,0.2541055977397139,0.2542372881355932,0.26584289496910857,0.254324038122132,0.2544556202576319,0.24117854622441778,0.2388428294231787,0.2544973544973545,0.2412272967730559,0.24136107193229903,0.23885069628062752,0.2414522382798731,0.24158590308370045,0.24171952078928824,0.24185309142152545,0.24198661500528354,0.2387744321183307,0.2420774647887324,0.24221087836648478,0.24234424498416052,0.26517684321661095,0.2653061224489796,0.2654353562005277,0.24234963067182555,0.24248285563566027,0.23857243319268637,0.2425733872385305,0.24270650263620386,0.24283957125285538,0.24297259311314126,0.2652380115931846,0.2653670530382859,0.26549604916593506,0.2535112359550562,0.2536422678602773,0.2428922428922429,0.2537287243376031,0.253859649122807,0.2429398351166462,0.2430726061031217,0.2432053305277924,0.24333800841514727,0.2652059596844873,0.2434279705573081,0.24356053968810232,0.24369306236860547,0.2651953056577334,0.24378283712784588,0.26527753458238484,0.265406162464986,0.24382986171888674,0.2439621981099055,0.26544181977252845,0.2440517844646606,0.26552387615882456,0.2441413081497027,0.2442734743836335,0.2655594405594406,0.2443628736234924,0.2444949318420133,0.24462694391053644,0.24475890985324947,0.26550218340611353,0.2656304575619979,0.2528374367033351,0.2529678770949721,0.25309827194972945,0.24467713787085515,0.23695690106438666,0.25314026517794835,0.24472353043781614,0.24485524938960587,0.253182214472537,0.2449442119944212,0.2450758236011853,0.2452073893342628,0.26520299703781147,0.26533101045296165,0.2530917958543808,0.26541274817136884,0.24516803064600384,0.25313370473537605,0.25326370757180156,0.265402018795684,0.25334957369062117,0.2654836464857342,0.2656114106801183,0.2657391304347826,0.26586680577290905,0.25330319888734354,0.25343299148270465,0.25356273896419884,0.26585577758470896,0.24478804725503822,0.24491922876498176,0.2658909343522056,0.23597846848411183,0.24496527777777777,0.24509633744141643,0.2533842415827838,0.24518479958355024,0.2359472588480222,0.24527320034692107,0.23603884842178285,0.24536153979538755,0.24549237170596394,0.24562315825966372,0.2532062391681109,0.253335643735921,0.25346500346500345,0.25359431837865926,0.26532732940768966,0.26545454545454544,0.25363573407202217,0.2454561190929548,0.24558670820353062,0.2457172521197439,0.2458477508650519,0.26535201522227986,0.24593566240055345,0.2535016427459796,0.2354771784232365,0.2535868625756266,0.25371586588316625,0.2652496975980646,0.2538009675190048,0.2653307997927103,0.26545768566493955,0.26558452771542046,0.2657113259668508,0.2352839634041084,0.2537107352433552,0.253839516824849,0.23533471359558317,0.25392444367776434,0.2656088306312522,0.23538541127780652,0.25396551724137933,0.25409412170315465,0.23543605653223026,0.24521799069446837,0.25413507925568574,0.25426356589147286,0.2654150878401653,0.2543482004477355,0.265495867768595,0.24513685660182474,0.25438898450946645,0.2452245740836345,0.24535443909153476,0.25442972647514195,0.2351221190230478,0.24539982803095442,0.265302613480055,0.2544266804194602,0.2653832932279134,0.23509194019590995,0.25446735395189,0.2453186737673939,0.2653727241497767,0.2351021810063541,0.23523351648351648,0.2353648068669528,0.26536216958462067,0.2543332761283679,0.2544612216884008,0.26539715217018356,0.2655231560891938,0.24506945635397015,0.2544581618655693,0.2655580318875364,0.25454233801851217,0.24507283633247642,0.2452021932830706,0.2350522528696248,0.25453922576224736,0.23514300393903065,0.2654109589041096,0.2545796952576614,0.2451215337213283,0.23515317473900393,0.24520876112251883,0.2545765611633875,0.23520355798836812,0.2546605096630751,0.2547879616963064,0.23525388955376988,0.2353846153846154,0.24508631003247308,0.23547505126452495,0.23560567230480095,0.26494704475572256,0.25465414175918016,0.2547814207650273,0.2356155028171419,0.24496415158757254,0.2357057518347841,0.254778156996587,0.26480122845930726,0.2548618219037871,0.26488146000341123,0.2650068212824011,0.2651321398124467,0.23559495397204228,0.24475882052156128,0.23568507157464214,0.2547282330891123,0.254855195911414,0.2650315108158746,0.2651566757493188,0.2446790396730802,0.2548518896833504,0.23557446808510638,0.2549353301565691,0.24468266122171176,0.24481116025859137,0.25497533594148664,0.24489795918367346,0.2649209318143173,0.26504590275416523,0.26517083120856705,0.23538409245411285,0.23551401869158878,0.254841997961264,0.2356038729403771,0.26511548913043476,0.2548819833588046,0.24465195246179966,0.25496520115430316,0.2651052274270197,0.23553368403190225,0.23566338649474042,0.24461407972858354,0.23575305291723203,0.24470069526878074,0.2448287555103425,0.24495677233429394,0.2649152542372881,0.23572275885443145,0.24500169434090138,0.25461629679823816,0.26490514905149054,0.24504657070279423,0.24517439891635626,0.2649399018114102,0.25457007447528773,0.25469622609578607,0.2451776649746193,0.2547792251734055,0.2354533152909337,0.2548621681041772,0.2647954007439973,0.23550295857988165,0.2648749154834348,0.2548588811897921,0.24501520784048664,0.2649096131103227,0.2650337837837838,0.2651579125147779,0.2353934481594056,0.2652372108728685,0.2547265361242404,0.26531645569620255,0.23540330745865676,0.2355323097688544,0.26535087719298245,0.2546803845505144,0.2548060708263069,0.2549317147192716,0.2653405259608901,0.2654643519298837,0.25497135153353556,0.24448188711036226,0.23534366576819407,0.2354724608388075,0.2549680026945099,0.25509345007577033,0.26531986531986534,0.23548224204679347,0.2551329518680579,0.24432104997476023,0.26530955585464333,0.24440706476030277,0.26538849646821394,0.24449302169160922,0.26546738399462005,0.2353336695242898,0.23546218487394957,0.2355906570324315,0.254872311827957,0.2444145808835881,0.2653678199529728,0.23560033585222503,0.23572867696440564,0.23585697498740976,0.26535750251762336,0.24433629803658333,0.25469798657718123,0.2653917127998658,0.2358269037235827,0.25473754821398625,0.23591549295774647,0.2548197820620285,0.23600402279584312,0.2549019607843137,0.2652479892761394,0.2653710839336572,0.2549413735343384,0.2550661530731871,0.2551908908238446,0.2553155868072995,0.26531637094074323,0.25539748953974895,0.25552208835341367,0.23573699180190733,0.2653061224489796,0.25556113062385016,0.255685618729097,0.2436047483698378,0.26529588766298895,0.255724552899883,0.2356283422459893,0.2558061821219716,0.2652856665552957,0.23567730081843996,0.2558450233800935,0.26531975288028053,0.2559265442404007,0.25605074278083795,0.25617489986648867,0.23560820957784082,0.2652652652652653,0.2432026688907423,0.2561707805203469,0.23561780890445222,0.2652550850283428,0.24320720120020003,0.25616666666666665,0.26528911848025327,0.2432522492502499,0.2653673163418291,0.26548967355096603,0.25611990008326396,0.23543123543123542,0.23555851506575662,0.25615845539280957,0.2562822433017141,0.25640599001663894,0.2565296955581434,0.2653027278775782,0.2566106768667886,0.24293315596940473,0.24305901911886948,0.24318484042553193,0.24331061991025427,0.24343635759388502,0.26516032563548764,0.23521594684385383,0.25643580800531474,0.2565592826303554,0.2434002988543915,0.24352589641434264,0.26506224066390044,0.2651842017922337,0.2351086776173884,0.2652621101526211,0.23519655000829326,0.26533996683250416,0.23528436411871995,0.26541777188328913,0.26553953257086027,0.24328803447132913,0.256172328086164,0.23525513585155733,0.24333278118270665,0.24345809870818153,0.25616823977479714,0.26539735099337747,0.25624896540307895,0.23518702416418405,0.25632963759721994,0.2564526803441429,0.24334160463192722,0.2351968243466755,0.23532330081031916,0.26521164021164023,0.23541081170441394,0.24330578512396694,0.23549826474962815,0.2652015862524785,0.2562365769040145,0.24331020812685827,0.25631709331131297,0.25643989431968295,0.2354300808981344,0.2651039947177286,0.25647796666116524,0.23547854785478547,0.2565583237089589,0.23556581986143188,0.26505030512947386,0.23565303430079157,0.23577906018136852,0.24299373557533796,0.2564694247568815,0.23582729070533948,0.2359532048113363,0.26490939044481054,0.2650304727392522,0.2564229249011858,0.24287831384818048,0.23592360882449787,0.24296296296296296,0.24308755760368664,0.2649333552739839,0.23593287265547877,0.2360585622635302,0.25625,0.23614537082716658,0.2563301545544229,0.23623212230807167,0.26479289940828404,0.2363188167625308,0.23644429838974695,0.2648266798094299,0.25624178712220763,0.2364920348168829,0.23661740558292282,0.2426530947299294,0.2647734734077479,0.25619563433448217,0.23662618969478175,0.26480721903199345,0.24261811023622049,0.2561915696244054,0.23663496228271563,0.2562715199212986,0.2647540983606557,0.2425831830847402,0.26483120288430023,0.23660494838603965,0.26490825688073394,0.2425880425880426,0.26498526039960696,0.26510561650564923,0.24263261296660119,0.2427565886397119,0.265139116202946,0.23645884470626738,0.2652159685863874,0.2365450678881073,0.25580634609093883,0.2652493867538839,0.26536952256376717,0.24260258296550596,0.2654462242562929,0.2557607452198072,0.2426470588235294,0.24277078908675054,0.2557987585756289,0.23632206434754205,0.24281515349444807,0.2653061224489796,0.2654260528893242,0.23633099396115553,0.26550261096605743,0.2427802251590798,0.26557911908646004,0.26569890719295386,0.24282452707110241,0.2555030164682863,0.2429083795239648,0.2430317848410758,0.26564537157757495,0.2361088479713215,0.25545780384490063,0.24303632513438672,0.2656351791530945,0.24312001302719427,0.24324324324324326,0.25541266482174835,0.265625,0.2657445077298617,0.2554506996420436,0.2658207255571824,0.2358490566037736,0.24312896405919662,0.2554471544715447,0.25556820029263533,0.2556892067620286,0.2558101738989111,0.2430939226519337,0.26563769293257516,0.24317738791423002,0.24330030859184668,0.2356284507957129,0.25572333170969314,0.24334415584415584,0.2558026294432722,0.24342745861733203,0.2558818757098816,0.25600259571706685,0.2561232765612328,0.2354849172883555,0.23560888600616184,0.23573281452658884,0.2561193062084617,0.2651539708265802,0.24323448387619512,0.2561568373298769,0.25627733678924347,0.2356656948493683,0.26510121457489877,0.24319948186528498,0.2651772705196697,0.2652962123664616,0.24324324324324326,0.26537216828478966,0.2561074259828507,0.265448075056616,0.2655668769205887,0.25614489003880986,0.265642683912692,0.2562237310054963,0.256343946985615,0.2656755009696186,0.26579415091291,0.2563812600969305,0.24293329026005492,0.26582687338501293,0.2659454222509285,0.2563771391669357,0.24293785310734464,0.2659780503550678,0.24302081652412458,0.23491448854469182,0.23503790934021615,0.2659677419354839,0.2562489920980487,0.23508545630441793,0.26600032242463323,0.2562862669245648,0.2660757453666398,0.2428295198195295,0.25632350571934914,0.25644329896907214,0.25656305363182474,0.2428341384863124,0.24295604572532603,0.23486799742433997,0.265894093030742,0.2660122304473769,0.266130329847144,0.25643500643500644,0.2565546083319929,0.25667417175940815,0.2428043093744975,0.26607717041800644,0.24288699565986177,0.25666988106718097,0.24296962879640044,0.2345758354755784,0.24305220883534137,0.24317378734339865,0.23462341416412397,0.23474630700064225,0.26585326697704287,0.24317817014446227,0.26592842240410847,0.25641848523748395,0.25653778276913203,0.2431825473211421,0.24330392943063353,0.2658755612572162,0.265993265993266,0.2345302981724912,0.2660682801731047,0.2564102564102564,0.24323025156224964,0.24335148990708105,0.25644722088739386,0.2344650864830237,0.2659727782225781,0.24335574767851426,0.26604770289739077,0.25640204865556976,0.24339894383101296,0.26608,0.26619740841465367,0.2663147792706334,0.23428754197984966,0.2433642468819955,0.2663469224620304,0.2562340153452685,0.25635288476905865,0.2663790348354107,0.2664962454066145,0.2563897763578275,0.24325187669701326,0.26652826572979876,0.24333386555963596,0.24345466155810983,0.266560255387071,0.24353654644111075,0.2436572522738152,0.24377791959157627,0.24389854841282502,0.23381180223285486,0.2560995056609791,0.25621811224489793,0.24390243902439024,0.24402295186483902,0.24414342629482072,0.23374760994263863,0.26620997291699855,0.25613252628225547,0.23379519031692944,0.2339171974522293,0.25616939977710557,0.2562878064310729,0.23396466656056025,0.2563653723742839,0.266030230708035,0.2564428889595927,0.2339748687768411,0.24379770992366412,0.243917951979647,0.26597774244833067,0.26609442060085836,0.23394787031150668,0.24392181789289688,0.2562758182395933,0.23399523431294678,0.26604193138500637,0.26615848816896936,0.26627500793902825,0.23400539768217177,0.26634920634920634,0.26646564037454373,0.2561091716915265,0.25622719339996824,0.2563451776649746,0.2436161776367962,0.2437361243260387,0.24385603297922942,0.2663284717818643,0.2664447614518941,0.2562599049128368,0.2563777531294565,0.25649556400506973,0.24378267067955015,0.24390243902439024,0.26634996041171816,0.2664661177960735,0.26658223840430584,0.24390629946185502,0.25636967874663713,0.2666139240506329,0.25644676475241257,0.23331224296108827,0.25652380199272495,0.25664136622390893,0.2665612648221344,0.24375592791653494,0.26663505610874033,0.2667509481668774,0.26686680360246484,0.2669826224328594,0.23313852471963356,0.2670562223626027,0.2436444023369651,0.24376381433533312,0.2670876085240726,0.2672032828282828,0.2438062174530535,0.2439255285579047,0.23300205079665562,0.2561514195583596,0.2671502917520896,0.25622831914222644,0.25634557780230177,0.23297604035308953,0.2438140267927502,0.24393318625906082,0.24405230817709153,0.25630119722747324,0.2564183335958419,0.2565354330708661,0.2566524956699732,0.25676952141057935,0.23280339996851881,0.2667610953729934,0.23288749016522423,0.2668344870988043,0.24382570394840333,0.2669078326517773,0.25664412643497403,0.2669811320754717,0.24382958654299638,0.24394844388557058,0.24406726386924407,0.2441860465116279,0.24430479183032208,0.23264216148287778,0.24438511072718705,0.23272613065326633,0.2328466007222484,0.25635792778649924,0.2443886360069063,0.24450721908349027,0.24462576494586538,0.2447442736115469,0.2448627450980392,0.25627352572145545,0.2327113062568606,0.26638444653496396,0.244865966452422,0.2664576802507837,0.26657263751763044,0.26668755875900974,0.2561491461695128,0.25626566416040103,0.2563821456538763,0.2666771061697463,0.2667919210897135,0.2564182842830307,0.2324307403349507,0.2668231611893584,0.26693788139571273,0.2670525657071339,0.2671672141404661,0.25633406318423524,0.2323690383111806,0.2564102564102564,0.2324527122088479,0.2671147233510472,0.23253633380215658,0.23265625,0.26714575847523825,0.24414245548266167,0.25628611588317973,0.23266708307307932,0.24418423106947698,0.24430221667187013,0.24442016544404557,0.23267790262172286,0.2327976283351537,0.23291731669266771,0.2561222898143815,0.23300062383031817,0.26680180882582255,0.2443093233551606,0.24442712392829305,0.26683291770573564,0.23297491039426524,0.255998753505765,0.25611465960429974,0.26682242990654204,0.24435446192181903,0.2444721270632202,0.23291296901759304,0.25607098381070986,0.2445136186770428,0.26672891378773733,0.26684300606815,0.25606720597386434,0.24451703219785348,0.2328149300155521,0.2561032498833774,0.2667910447761194,0.24452044147365148,0.2668635374572583,0.266977466977467,0.24456183965195774,0.2560198850396147,0.26700838769804286,0.267122223947818,0.2672360248447205,0.23257258189722094,0.2673082893511332,0.2559366754617414,0.23261949099937926,0.2443754848719938,0.23270245113248525,0.23282146734915465,0.25589330024813894,0.23290432625213212,0.2330232558139535,0.2331421485041079,0.2670489770613763,0.2558499922516659,0.24418964982956307,0.2670797831138652,0.26719330855018586,0.2673067988229828,0.24419324868380304,0.24431026474686485,0.25572755417956655,0.2558427488004953,0.25595790776849275,0.26721336840476556,0.2328279702970297,0.2559938128383604,0.2672440457779153,0.26735735271377764,0.26747062461348176,0.25599010666254446,0.2561051004636785,0.26750115901715343,0.2326946847960445,0.23281322416190328,0.23293172690763053,0.23305019305019306,0.23316862260654725,0.24378570325768104,0.25594319234331586,0.2332150023151721,0.26728395061728394,0.2673970066347786,0.267510027769207,0.2437143297855931,0.2675817396668723,0.2676946800308404,0.23311748381128586,0.24371820564205335,0.2677250308261406,0.255663430420712,0.2677966101694915,0.24372207672161456,0.2678681454097351,0.24380101647928537,0.24391746227286726,0.2678983833718245,0.26801108374384236,0.2439587501923965,0.268082486919052,0.25542391137098014,0.244,0.2681125980618366,0.2682251614887727,0.23266184837767184,0.25538130381303814,0.23274404304381247,0.26821395634798645,0.24389119409866297,0.2327904118008605,0.24396988784759563,0.26820276497695855,0.24404853325142067,0.25522113022113024,0.23276523875326272,0.2328830211851397,0.23300076745970835,0.2331184775936157,0.24397729016418598,0.26802700214789815,0.2551004755330572,0.2552147239263804,0.23309308388284006,0.25528978840846367,0.24390617813889315,0.2679337829552422,0.26804597701149424,0.2681581366840331,0.25524743373678566,0.2682291666666667,0.2438351968142135,0.2683001531393568,0.243913642627469,0.23285364360073485,0.2683300168375938,0.23293541475359658,0.24391736801836267,0.26835985312117505,0.24399571668961298,0.2549709391251147,0.268389662027833,0.25504587155963304,0.2439993884727106,0.24411494955671048,0.2683784196851597,0.2684902200488998,0.23269671504965622,0.25496486403910784,0.2327783717733313,0.2550397067806964,0.23285997862269048,0.2683969465648855,0.2439322240879255,0.25503663003663,0.25515031283381656,0.24397314617027768,0.2327993897787948,0.2683038438071995,0.26841543388744854,0.2685269899359561,0.24393962494282664,0.255030487804878,0.26855662246608747,0.23270344407192928,0.2686271522169739,0.2687385740402194,0.254988575780655,0.26880901614377095,0.2326785442363332,0.2550243605359318,0.2551377683056782,0.23272450532724506,0.24364632476031045,0.24376141205112598,0.24387646432374868,0.2686340127776088,0.25505703422053233,0.23266423357664234,0.2327809031473316,0.24384311340833079,0.26858185134518925,0.26869300911854105,0.24388390822063516,0.23275600121543605,0.2687224669603524,0.26883353584447145,0.2548215641609719,0.25493470999088974,0.23273113708820403,0.2688221007893139,0.2549704052208226,0.24370257966616085,0.23274161735700197,0.24378033980582525,0.24389504019414532,0.2549287230815893,0.2550416982562547,0.23271679805942996,0.2551159618008186,0.2552288572294635,0.2685255341718442,0.2553030303030303,0.24375094682623843,0.23265677067555288,0.24382856277449644,0.24394306480920655,0.24405753217259651,0.23266727217680896,0.23278341153322235,0.26831113801452783,0.25510667271901954,0.2552193645990923,0.25533202238693087,0.26830006049606775,0.2554060184485105,0.26837012397943755,0.23265306122448978,0.25544135429262393,0.2437660571255856,0.24388032638259294,0.2683184771113461,0.24395770392749244,0.2440718924633741,0.2553609181516158,0.23252302581911521,0.2554347826086957,0.2440754716981132,0.26818593419861153,0.2682963633620039,0.2684067592033796,0.25539297028209385,0.23242835595776773,0.25546674709696876,0.26839565741857657,0.25554047942107644,0.2556526982212843,0.23240391861341372,0.2683845690174804,0.268494801868314,0.26860500150647787,0.26871516794697997,0.2555722891566265,0.2556843848817949,0.2323095453176754,0.2324251091374379,0.23254063816977724,0.2326561324303988,0.26858260607884443,0.23273657289002558,0.2328519855595668,0.2686118213265153,0.24330827067669172,0.26868140129303864,0.23286229705351774,0.2433488651736059,0.26871055004508565,0.2434259954921112,0.25525841346153844,0.23283761454108456,0.2329528386902974,0.25529358762576965,0.2554054054054054,0.26857829154781565,0.24332032422695887,0.2686477562659463,0.2687575030012005,0.24336084021005253,0.23282328232823282,0.2687865606719664,0.24340131973605278,0.23286849602639076,0.25517241379310346,0.23294858342077648,0.23306354916067146,0.2331784804435786,0.2686544800719209,0.24329588014981274,0.23322348711803476,0.26868354051220605,0.26879305181191976,0.26890253031891004,0.26901197604790417,0.2691213890136207,0.23316372343609698,0.2691904833158761,0.26929982046678635,0.2694091249065071,0.26951839664971583,0.2430088230895768,0.243122009569378,0.23306921811930034,0.24319880418535128,0.26946644746674636,0.269575612671847,0.254444942477215,0.24320286824021511,0.23300970873786409,0.24327956989247312,0.26952366731372257,0.26963272618692147,0.2697417525003732,0.2543283582089552,0.2544396358752425,0.26977021784541927,0.2698791585857079,0.2544749403341289,0.254586129753915,0.23277661795407098,0.254659311167437,0.25477042337507455,0.2697868534803995,0.2429210134128167,0.23275219788407092,0.25476758045292014,0.2429614181438999,0.24307417336907952,0.2696947133283693,0.26980345443716497,0.25472681256513324,0.26987198571003274,0.24304211936300044,0.2699404761904762,0.2700490998363339,0.27015769116334426,0.23248549754573852,0.23259964306960143,0.270185873605948,0.24293785310734464,0.2702541994945741,0.27036266349583826,0.25442116213404664,0.24294205052005943,0.24305452384489676,0.27035056446821154,0.27045893361057477,0.2324027324027324,0.27052709725315516,0.2543052256532066,0.24298649250408194,0.24309884238646481,0.2705149131918682,0.27062314540059346,0.23230974632843793,0.2542272322752892,0.2323891442977903,0.232502965599051,0.2542624166048925,0.27053068485028164,0.2706388024307099,0.25429756965026673,0.25440806045340053,0.24281481481481482,0.23241001333135833,0.27058649289099523,0.27069450614541685,0.2543677820550785,0.2707623982235381,0.2427471876850207,0.270830250110996,0.2709381473808819,0.25432756324900135,0.23224852071005916,0.24271557461913917,0.2709257616089914,0.271033564985953,0.25428740390301596,0.23222468588322248,0.254360035471475,0.23230382739766514,0.2709810874704492,0.2543950361944157,0.25450516986706057,0.27100871363166446,0.25457767277023036,0.23224568138195778,0.271036315323295,0.27114391143911437,0.2423258559622196,0.23225616054301312,0.27117143700206553,0.25446231007523235,0.2545722713864307,0.2546822002654476,0.25479209672662934,0.2711189739053516,0.2548643867924528,0.2421518054532056,0.23209549071618038,0.2422277884190364,0.24233942251031232,0.25482397996759465,0.2321060382916053,0.2322191135326167,0.25485865724381623,0.2549683497718239,0.27082720047100384,0.25504047093451065,0.24220129487934078,0.23216124760923937,0.24227714033539277,0.24238858655684659,0.2425,0.23217173945008088,0.23228462216995002,0.2706159047479053,0.25485008818342153,0.25495958853783984,0.2550690567146635,0.27060379021595415,0.2551410105757932,0.27067117050961964,0.23215859030837005,0.25517545147555426,0.2422196124486201,0.2706590341993248,0.2422952744349868,0.24240645634629493,0.2425176056338028,0.25509755024204195,0.23203285420944558,0.2551693796744391,0.24252199413489736,0.27048819821140596,0.27059513339196717,0.27070203722702624,0.2551289566236811,0.23194139194139193,0.2552007031936713,0.27068990771934964,0.2552724077328647,0.2553814614145556,0.2707174231332357,0.2708241838676621,0.27093091334894615,0.2710376115908093,0.27114427860696516,0.27125091441111926,0.271357519016969,0.2552289015650139,0.23164668031588184,0.2317590290978213,0.23187134502923976,0.2319836281245432,0.2712657117801812,0.23206196112816016,0.23217416715371128,0.2712929145361578,0.24174700555068654,0.24185774791879655,0.23218457943925233,0.2419331289239305,0.27124087591240875,0.2420084659173843,0.27130764740221835,0.23216109732963666,0.23227312518237525,0.25470459518599564,0.2548133022170362,0.27125565115939915,0.24190726159230097,0.2713223501968217,0.2714285714285714,0.24194723801195162,0.23214806178956574,0.2714556316479674,0.2715617715617716,0.2716678805535324,0.24191669094086804,0.254550749963594,0.27169481654047756,0.25462221575192895,0.27176128093158664,0.24188618832775433,0.2419965075669383,0.24210679470391386,0.2717486179807972,0.27185454545454546,0.2719604421175102,0.2544714264941108,0.24207618493748181,0.2719872074429423,0.25450581395348837,0.2316523761081238,0.25457715780296425,0.2317303501380212,0.25464846019755955,0.2718954248366013,0.24194016845774033,0.23174096123130536,0.2719221835075494,0.24197996806503122,0.27198838896952104,0.27209403569873747,0.2721996517701683,0.27230523719715655,0.24194952132288947,0.27237128353879625,0.2724767981438515,0.27258228215166014,0.27268773557552917,0.2727931584287578,0.2728985507246377,0.2418490073902333,0.2541292379020574,0.23134868897580763,0.23146002317497102,0.27284576393917453,0.25412684622067766,0.24178369769798755,0.24189345686160973,0.2728325372702272,0.27293777134587555,0.23137027926493994,0.25405092592592593,0.23144799652828005,0.2315591553369974,0.25408532176428056,0.27284557547715443,0.24172329044383403,0.23156981786643538,0.2540829599653129,0.24176300578034682,0.23161392862303135,0.27275353943946834,0.27285858731763685,0.2316580011554015,0.27292418772563176,0.25397054576956396,0.2729897502526346,0.24162817551963048,0.23163515658825226,0.273015873015873,0.24166786899437312,0.25389497980380843,0.231645752199625,0.27300259590424,0.23172314347512618,0.27306805074971163,0.27317284128585845,0.2317670798501009,0.27323821876351057,0.2537463976945245,0.24146376602794986,0.2732641889945261,0.2733688607230304,0.27347350230414746,0.2316774658027358,0.253671177656205,0.23175471426515043,0.2537420840529649,0.25384947474456754,0.2733812949640288,0.24126025032369444,0.2317318757192175,0.23184237019991372,0.24129997123957433,0.2319194823867721,0.273289246693502,0.2733937041828374,0.2319632078183386,0.2734588302917086,0.2535919540229885,0.27352391897715844,0.24116633151393277,0.2319402556369381,0.2735496840896037,0.24120603015075376,0.23198392190640252,0.23209415817425003,0.2735361653272101,0.23217104319127566,0.27360114777618366,0.27370535073877494,0.23221457257601835,0.2737702567044314,0.25322626899913964,0.2410035842293907,0.27379587155963303,0.2738999570015766,0.27400401261106333,0.23212494626737354,0.25315186246418336,0.23220169030224896,0.273990260670295,0.25318630960905053,0.27405498281786944,0.2408017179670723,0.2321786430002863,0.2531844854730213,0.24084144247281053,0.2322220632422378,0.2739628040057225,0.2531826634244028,0.2740274599542334,0.23223223223223224,0.2740920789247927,0.27419585418155823,0.27429959977129786,0.27440331570673143,0.2530723063732495,0.27446778111158737,0.24057142857142857,0.2745322096843308,0.2746358183376178,0.2747393974011138,0.27484294688749283,0.2529621698786581,0.27490722238081644,0.2530326816041102,0.2531392694063927,0.2749322299900128,0.24037089871611983,0.2531735843674226,0.23174557900741585,0.2532439754741195,0.2748788138009695,0.2749821810406272,0.2403078677309008,0.25324212626478554,0.2750071245369051,0.25331243766918365,0.23162393162393163,0.2750320467169919,0.24024494446026773,0.27509611277231955,0.2532744874715262,0.2402846975088968,0.2403928266438941,0.24050092500355771,0.23150256118383608,0.2750035566936975,0.23157894736842105,0.2750675579576163,0.24047212741751992,0.2751315228209868,0.27523457492180836,0.25302061122956643,0.2404775440591245,0.2752593434702288,0.23145780051150894,0.25301889472936495,0.253125,0.2752449936088624,0.2531951150241409,0.25330115007809173,0.2752697331061897,0.25337118523775726,0.24027817201248935,0.2313041010359018,0.23141316685584562,0.2752163427436516,0.2753191489361702,0.2754219259679478,0.23142370958593306,0.27548560896072594,0.27558831868443434,0.27569099929128277,0.25311791383219956,0.2400453450474706,0.2757155001416832,0.24011899702507436,0.27577903682719546,0.2530803002407591,0.24015859529878222,0.25315021945349003,0.2311721404303511,0.24019815994338287,0.2756863855080668,0.2531484363945097,0.23118279569892472,0.2757108501909747,0.2758132956152758,0.2531466553528497,0.2532522624434389,0.23116075215608653,0.24003392705682783,0.2532862190812721,0.2757207461842849,0.2758230888794687,0.27592540265611754,0.25328436219805056,0.23107344632768362,0.27594972461516737,0.2533182716746682,0.253423690526613,0.2310841332580463,0.23980239943542697,0.25345752187411796,0.27585720333004093,0.27595936794582393,0.23980815347721823,0.2399153737658674,0.24002256381328443,0.27594472645234064,0.25334837163400536,0.2534536227798139,0.24002818886539817,0.2759301014656144,0.230801747217134,0.2534516765285996,0.2759543597689815,0.24,0.2760174623292494,0.27611940298507465,0.24003941996339576,0.23071509009009009,0.24011259676284308,0.2533070644525753,0.2760658505698607,0.24015194147439506,0.25334083556055703,0.240225035161744,0.2760511882998172,0.2761529808773903,0.2402643047940391,0.27621591228563397,0.25326774420238934,0.2762788083192805,0.24026977659126036,0.25330148918235457,0.2534063773001826,0.27626404494382023,0.24027524224125826,0.2302723953945521,0.25340446441106274,0.23034811903425043,0.27621052631578946,0.27631209654785294,0.2764136382769749,0.2765151515151515,0.23032683405807267,0.276577840112202,0.2304024680970411,0.24004486819966347,0.27660171036029724,0.2767031118587048,0.24008409250175192,0.2303811659192825,0.24015692868151883,0.2402633790977865,0.23042442919176356,0.2529411764705882,0.24030247864444756,0.2765331839820778,0.23043539129217416,0.2765957446808511,0.23051084674597622,0.2766582703610411,0.2767594795018889,0.2768606603245663,0.2527626241432368,0.25286713286713286,0.24010627884212,0.27684563758389263,0.27694673563539773,0.2770478054235393,0.24011180992313066,0.24021799888205703,0.2770713986307112,0.2771723945236099,0.2772733622014248,0.2526536312849162,0.23013545594190757,0.27729684445685565,0.2401228535529806,0.2402289223897264,0.27732030704815075,0.2774211554563215,0.23008232175247664,0.240234375,0.2774445529362533,0.2524407252440725,0.23009343187839912,0.277467930842164,0.2301686881360658,0.27752996933370505,0.24013937282229966,0.27759197324414714,0.24021178765500906,0.23014767344664253,0.2776152667502438,0.2777158774373259,0.2778164601030497,0.27791701475912,0.2780175414172351,0.2520879732739421,0.2780793319415449,0.24005009741163374,0.2781410880756922,0.27824151363383415,0.2520517457226318,0.2299026425591099,0.23000973439021,0.2520856507230256,0.2521896288057834,0.23005282179594105,0.2781097984711605,0.2782101167315175,0.2398221481172711,0.23006390664073353,0.278233087928879,0.2783333333333333,0.2520483266213026,0.23979450152735352,0.23004303762321254,0.278317601332593,0.2520471894517696,0.23980016652789343,0.23990564728735952,0.2400110987791343,0.27826328200860034,0.2520110957004161,0.24004992372763834,0.22989462007764835,0.24012200194093997,0.2520099805932908,0.2521136521136521,0.2299057649667406,0.27809339060551475,0.2521474092546412,0.27815486909544257,0.25221606648199446,0.22988505747126436,0.2781777900858488,0.22995985047764086,0.25221483942414175,0.2782006920415225,0.27830058123443124,0.27840044278400444,0.27850027670171557,0.25217872458154655,0.22987551867219916,0.22998202185036648,0.23008849557522124,0.23019493985897968,0.23030135471385127,0.2783690393918452,0.23037589828634605,0.278430288793699,0.23045040066316663,0.23939770686558917,0.27845303867403315,0.2518989089904709,0.23046119856393263,0.27847576970868426,0.23053561568194367,0.23064182194616978,0.2784984819210599,0.2785980405685111,0.2392384105960265,0.23934335770451096,0.2786206896551724,0.25168942214866913,0.25179260893546607,0.2518957672687164,0.23931623931623933,0.2519641626464507,0.27852811466372657,0.23935510541546093,0.2394599063102783,0.23956467833034853,0.2396694214876033,0.23977413579396778,0.2398788212613605,0.2302079030703566,0.23031387665198239,0.27832071576049555,0.251720341315717,0.25182331085730014,0.2519262520638415,0.27830513137983215,0.2519944979367263,0.2783661119515885,0.25206270627062705,0.2521655437921078,0.2522683530382183,0.23958762886597937,0.23007146783947224,0.23017727085337364,0.2522671063478978,0.2523698310207446,0.25247252747252746,0.23018816096690015,0.2394946443284812,0.2525058355073459,0.25260845689181766,0.23953328757721346,0.27793027724402963,0.27802936736654316,0.25260702524698136,0.2527095623542324,0.27805212620027436,0.23000960087779454,0.2394404827207899,0.252708076237488,0.23951192761173568,0.2779986291980809,0.25274122807017546,0.22995751678772097,0.25280898876404495,0.27798328538155914,0.25287671232876713,0.27804410354745923,0.27814297452752673,0.2782418184307819,0.2783406352683461,0.22984257357973992,0.2528059129482617,0.23922266319967156,0.23932676518883417,0.25283896565877684,0.2529411764705882,0.23936533989878267,0.27817286652078776,0.2529741556132914,0.23940388296417828,0.2781954887218045,0.2782941498086386,0.23944239442394424,0.27835474173271385,0.2529034021041126,0.22950819672131148,0.25297090561398716,0.2783392515706091,0.229550730574901,0.253003823047515,0.2783617747440273,0.2295932295932296,0.2296983758700696,0.27838427947598254,0.25296766270978305,0.27844474761255117,0.253035056608921,0.22967812329514456,0.2784672030546843,0.25306790291791653,0.2785276073619632,0.2531352235550709,0.22965789832356548,0.2785500136276915,0.2531680065404006,0.25326975476839236,0.2387958043863234,0.25333696540452194,0.25343864905352037,0.25354030501089325,0.2784206943498979,0.2536074053906888,0.27848101265822783,0.22945019052803484,0.2295550415022452,0.27850340136054424,0.23860699224595294,0.2295973884657236,0.27852577179382565,0.22967092738645636,0.2785859959211421,0.23858075040783033,0.2533641429930678,0.2386518075564012,0.23875526566109526,0.2388586956521739,0.2533623149028665,0.2784569410486281,0.25342930870569064,0.2388647474198805,0.22946367956551256,0.2534618517512897,0.2784036921406271,0.2785016286644951,0.2534943682996336,0.2294436906377205,0.23877357210690545,0.2784861638632664,0.25349247253492474,0.2535937076213724,0.22942372881355932,0.25366052060737526,0.27843296733089334,0.23868256980211439,0.2387857433256539,0.2388888888888889,0.22937271372442758,0.22947710647520997,0.2783421373425437,0.2535211267605634,0.2536222071767095,0.2537232602220417,0.2783267903072966,0.2537899296155929,0.27838679117607257,0.27848443843031123,0.2538222162089027,0.23863636363636365,0.2538888137427296,0.27846902894238573,0.27856659905341447,0.25392103839913466,0.23861024739759362,0.2539875642065423,0.27855115556156235,0.25405405405405407,0.22902310498581271,0.2291272629019184,0.22923139267864379,0.23851971907077255,0.2540175557056043,0.25411828247367,0.23855812069663831,0.25418466522678185,0.2783101633148873,0.23859649122807017,0.278369990554581,0.2541824069077172,0.23863483070281938,0.23873752360399245,0.2542144302090357,0.23880798274002157,0.2782796278818929,0.27837692100296574,0.25421215797277263,0.22884097035040432,0.2387818353321655,0.25424413904607923,0.278324127711168,0.22885237068965517,0.2783838383838384,0.23875572313493132,0.27844351689780533,0.27854065697361335,0.23879391573563064,0.2288021534320323,0.2540707845512044,0.2288751345532831,0.23879994618592762,0.2541027710519236,0.2542030934767989,0.2543033889187735,0.27833803953206937,0.27843506318902933,0.2543352601156069,0.278494623655914,0.2785915871522645,0.23864552539639883,0.22867123471718392,0.2542987641053197,0.2785762256548019,0.22871340316948696,0.2786356922250571,0.22878625134264233,0.2786951268626661,0.27879194630872484,0.2541940679103476,0.22879763821792806,0.22890111364551188,0.2787764958411591,0.2289738430583501,0.27883583690987124,0.2789325466005096,0.279029230356664,0.27912588818876527,0.2540214477211796,0.23817182683286423,0.25408737603859555,0.22886238777971324,0.23821007502679528,0.27903549899531144,0.2540851861773373,0.2790946832730682,0.2791912158543117,0.23818449591645469,0.22878179384203481,0.22888502208539688,0.27917558886509636,0.2539809982604041,0.22892694674872893,0.23812709030100335,0.23822899946495452,0.25397886853015916,0.2790853169296603,0.25404465837678836,0.254144385026738,0.27910707124715944,0.22881582464581662,0.2541761325671522,0.25427578834847675,0.22885771543086172,0.2543414373497195,0.25444103112060906,0.27897970085470086,0.2545066096942182,0.2288384512683578,0.25457215325056737,0.23785371062466631,0.25463766181769654,0.2547371230317587,0.27885256837891925,0.278948772678762,0.2547685740963052,0.2377967457988797,0.23789838645152686,0.2789333333333333,0.27902946273830154,0.2379365502532658,0.27908836465413833,0.27918443496801704,0.2379746835443038,0.27924327204902744,0.27933928333555347,0.2380127863612147,0.2793980556665335,0.22836218375499334,0.279456796698176,0.22843450479233227,0.228537202182883,0.22863987223848817,0.27944111776447106,0.2287120808940926,0.2542237594785154,0.27946262303804204,0.2542891341933768,0.2377659574468085,0.22869299295306475,0.27944695559691574,0.27954273561079357,0.27963849016480596,0.25421926910299003,0.2377092745150146,0.23781054869137772,0.23791179596174283,0.23801301633683092,0.2795484727755644,0.23808259195325987,0.27960701009028144,0.2540820390282756,0.25418104592513935,0.279628400796284,0.279723991507431,0.27981955685285925,0.27991509684266386,0.2800106114869346,0.280106100795756,0.23789948282721124,0.22818880933439406,0.2379689778602678,0.22826086956521738,0.28005301524188203,0.23800689106811557,0.2801113025043063,0.23807631160572337,0.28016955888197115,0.2802649006622517,0.25374122632763874,0.23808262711864406,0.2802859790811598,0.25377283558379665,0.28034414295168764,0.2804393859184754,0.23805743019716818,0.28049748610743586,0.23812673634078582,0.23822751322751323,0.2536701494511308,0.23829674689235653,0.2804442681475605,0.2277895293495505,0.23833443489755451,0.28046523922812583,0.28056032773886613,0.25356765327695563,0.238340599815035,0.28058124174372523,0.28067626469422796,0.2807712625462229,0.23834675821999207,0.2808291523633483,0.28092409240924093,0.2383843717001056,0.23848488847828955,0.28094484032726313,0.23855389893125742,0.28100263852242746,0.23862287297190343,0.2387232920073859,0.2810233416853488,0.2811181434599156,0.2812129202373105,0.2387292380701292,0.22723078950836959,0.2812335266209805,0.28132823823955727,0.28142292490118576,0.23870372809906468,0.23880400421496312,0.22718293164757014,0.2388727943112984,0.238973008558262,0.2272248551869405,0.2812952481242596,0.2526980784416952,0.25279642058165547,0.2528947368421053,0.2389159321141955,0.2271770586687714,0.22727870577403655,0.25289321409784327,0.22735042735042735,0.2529581909019195,0.23885894570790062,0.22739221871713985,0.22749375739256145,0.23889618922470435,0.22756536591775062,0.22766684182869154,0.22776829108104557,0.23890202258996585,0.252790544977019,0.23897058823529413,0.22777996586582644,0.22788133368338145,0.2527890799317496,0.2389763779527559,0.25285395617373047,0.23904487011283126,0.2529187983733438,0.22783315844700944,0.25298360655737706,0.28035667453448726,0.2390192736331454,0.25301520713162035,0.22781491676497576,0.23905635648754914,0.28030402306381863,0.23912473794549266,0.2392244202803616,0.2803248624574273,0.23929273084479372,0.2393923520167627,0.2277072148749509,0.28030898140874577,0.23942924466553214,0.25274869109947645,0.25284648606203375,0.22768908662653756,0.2529111605390553,0.2530088958660387,0.2277305428384565,0.23934083180748103,0.2801098469988231,0.2802039748953975,0.239377696430906,0.2529411764705882,0.2530388184551039,0.23941453214845793,0.25310335816019863,0.22759341520773452,0.2394513389941215,0.2800417972831766,0.23951939401854513,0.2530686863410812,0.25316620968794884,0.2275456919060052,0.22764652134186136,0.2799530148786218,0.22771760407151245,0.23943110647181629,0.2799739073711676,0.23949908687711974,0.2530324768488327,0.2531298904538341,0.2276698396140305,0.2531942633637549,0.2532916177812541,0.22771115745568302,0.25335592336765284,0.25345321866041176,0.22775244299674266,0.2535174570088588,0.2796665364074508,0.2797603542589216,0.23922385727308243,0.27981770833333336,0.23929175888556178,0.23939078365009112,0.27983860471170113,0.2394586153045289,0.23955757970071567,0.2533177205308353,0.22752699362560166,0.2533818938605619,0.2797502926258291,0.23953185955786735,0.2396307372253283,0.2533801352054082,0.22747952684258416,0.2534442422667013,0.25354126055880444,0.25363825363825365,0.25373522151487593,0.27955313068329435,0.2395116248863489,0.2796103896103896,0.23957927541877677,0.23967800571280187,0.22731403349344412,0.2536344755970924,0.23971447112264763,0.2795224500389307,0.23978201634877383,0.23988064348728594,0.23997924503826695,0.2535667963683528,0.27947088574763324,0.2400155601659751,0.27952806949306364,0.2400829660357791,0.27958522359040827,0.24015033696215657,0.24024880134767396,0.24034724021767298,0.2404456535820702,0.2405440414507772,0.2533350602253594,0.25343175343175345,0.24058008545901852,0.253495598135681,0.27935275080906147,0.24061610147553714,0.2535265950562961,0.2793737060041408,0.24065208953292794,0.2794307891332471,0.25352477040486354,0.22659079151577857,0.2406569248674512,0.25355572795448666,0.2266321913380737,0.2793433298862461,0.2794364740855629,0.2406306539157405,0.2266442692854374,0.2534883720930233,0.2267148947164449,0.2406354947042108,0.2535193077618494,0.22675619834710745,0.2406714009038089,0.27924089852827266,0.24073835032915966,0.2408363448631905,0.24093431410504582,0.22670967741935483,0.2533866597858341,0.2534829721362229,0.25357925964142913,0.25367552231106527,0.24087685364281108,0.2790097988653945,0.2791027459069228,0.2536736272235112,0.24088155690166257,0.24097938144329897,0.25370441953356526,0.2790517907755733,0.25376787324487954,0.25386398763523954,0.22640051513200257,0.2539273757404069,0.2540234324707094,0.27896498455200824,0.24082893551293602,0.279021879021879,0.25402136147214,0.25411734431291816,0.2262961533513444,0.2408026755852843,0.2789710610932476,0.27906378600823045,0.2263083451202263,0.27912059655438415,0.2263787119166988,0.27917737789203084,0.24071456111039713,0.24081213055769726,0.25388667608891174,0.2539825282631038,0.25407835581245986,0.24081685075777035,0.2409143444201875,0.2541088854648177,0.2789831814096803,0.24094993581514762,0.25413939160569887,0.22612936344969198,0.25420248941357626,0.2409545804464973,0.25426555484284796,0.2410210364289379,0.27882518917532384,0.24108745832264683,0.24118476727785615,0.2542307692307692,0.25432636841430584,0.254421943091515,0.24118928617198512,0.2787032291132752,0.24125560538116592,0.2544196771714066,0.22582297937748175,0.25448258196721313,0.2545780509668331,0.25467349551856594,0.2411983100755345,0.27854582693292373,0.24126455906821964,0.22574865625799848,0.254638515674984,0.2258188331627431,0.27849558654215173,0.25466871322588897,0.22586008440977107,0.2547314578005115,0.27848101265822783,0.2411148043978522,0.2547616004090502,0.25485685071574643,0.225814696485623,0.2549194991055456,0.2783952983263064,0.22585590189064894,0.24102695107932048,0.2784163473818646,0.24109309155918784,0.2411899897854954,0.2784373803140559,0.24125606331376054,0.2547543075941289,0.2548494129657989,0.22572412913104503,0.241260525644297,0.25487944890929964,0.22576530612244897,0.2549419716872848,0.2550369803621525,0.22580645161290322,0.25509943906170324,0.2551943913320586,0.22584756563854194,0.2411112527080413,0.27803261977573906,0.24117722002802905,0.2551592356687898,0.2780537511145077,0.24121242995415182,0.24130905386476506,0.25515660809778457,0.22571610439210693,0.25521894093686354,0.2553137329769632,0.22575719012471368,0.25537600203588245,0.255470737913486,0.25556544968833483,0.24116001017552785,0.25562762304463943,0.25572227873855546,0.27768595041322314,0.2557843885075006,0.255878988178467,0.2411032028469751,0.2559410344389376,0.2560355781448539,0.2411383559903443,0.25609756097560976,0.2254540835767814,0.27749555499111,0.25612698412698415,0.25622143219908583,0.24108163006220643,0.2562833206397563,0.2563777129077294,0.22538071065989848,0.25643953812967896,0.2254503933011926,0.24102499048585563,0.256468797564688,0.22549143944197844,0.2410601065178798,0.2564980347407126,0.22553245436105476,0.2410951958423121,0.2565272496831432,0.2255734380940312,0.24113025848960973,0.25655644241733183,0.22561439067646313,0.24116529449018367,0.25658561296859167,0.2256553121438521,0.24120030387439859,0.25661476136219774,0.2567088607594937,0.22566763700797368,0.25677043786383197,0.25686448184233834,0.24114372469635628,0.25692599620493356,0.22565140399696432,0.24117870241558112,0.2569549822964087,0.2570489315969149,0.2763590391908976,0.2571103526734926,0.2256066734074823,0.24112220396815368,0.25713924690422035,0.22564750473783954,0.27627589691763516,0.25716811923708477,0.2572619348320283,0.24106579113524434,0.25732323232323234,0.22560282792576694,0.2411007321383489,0.25735201312634104,0.22564361433619384,0.27608832807570977,0.2573807721423164,0.22568436987511037,0.2410443995963673,0.2574095093958885,0.2575031525851198,0.2410793090404741,0.2575642965204236,0.22563973276188076,0.24111419208469875,0.2575929426591052,0.2256804435483871,0.24114904875897694,0.25762156714537665,0.2577150774656758,0.241183879093199,0.22566427402090417,0.2577436414001511,0.27558856855092534,0.22570493454179255,0.2577721837633732,0.25786559275106974,0.2579589782307789,0.2580523402113739,0.24103660837841237,0.2581132075471698,0.2582065149037857,0.24107142857142858,0.22557525462089778,0.22567261755091778,0.24110622250157135,0.2581699346405229,0.25826316450923714,0.24114099019854235,0.2583239100389496,0.25841708542713565,0.2411757316919985,0.2255714644561668,0.22566871781991713,0.24121044701155198,0.2583804143126177,0.25847351242781824,0.24124513618677043,0.25853413654618473,0.25862718032375454,0.2412797992471769,0.22556768285033246,0.25865529352734573,0.2413144362222501,0.2256082267368949,0.2586833855799373,0.24134904714142427,0.22564874012786762,0.25871145650538985,0.2588043614488031,0.2588972431077694,0.25899010149104124,0.24129290904535206,0.22560440936991105,0.2590180360721443,0.24132748904195367,0.22564487853744053,0.2257418304745211,0.24136204306459688,0.2589810990111403,0.2590738423028786,0.24139657114253535,0.2591341341341341,0.2592268234705367,0.24143107330497873,0.2592870544090056,0.25937968984492243,0.2414655495810929,0.22555638909727432,0.259407425928241,0.2415,0.22559680039995,0.25943514121469635,0.24153442459077845,0.22563718140929534,0.22573391630231104,0.2594304271796153,0.25952291744723366,0.25961538461538464,0.2414783368710201,0.22571785268414482,0.2596429908875296,0.24151273090364453,0.22575814301759642,0.22585475418018466,0.2415470991890206,0.22592315369261476,0.22601970812024447,0.25954103267647793,0.25963337074448184,0.2415211970074813,0.24161575863358684,0.22600349040139617,0.25962856786738125,0.27293120638085744,0.2596884735202492,0.2597807126837777,0.24155973589136664,0.2729197807673144,0.2259310001245485,0.2597758405977584,0.22599925289503175,0.2729083665338645,0.25980331134071954,0.2414737366193677,0.24156813939016802,0.22598307615729218,0.24163244991912405,0.2728290619557104,0.25973379773603683,0.25982587064676615,0.27285163536873525,0.24160656553096244,0.2729081188611215,0.2729985082048732,0.27308887507768803,0.22582649763857818,0.25972412079035667,0.22589463220675945,0.2730774009193689,0.25975155279503104,0.2731337722022109,0.273224043715847,0.22587855457593445,0.2597467097094611,0.2732464307883302,0.22591857000993049,0.27330271813330026,0.22598659717051378,0.259709641394714,0.2598014888337469,0.2732911549435554,0.2733812949640288,0.22597048245070073,0.259796626984127,0.22603843769373838,0.22613439127200596,0.2598239742159415,0.27330193356470006,0.22617424711860207,0.25985130111524163,0.27332424730516663,0.22621407333994054,0.2733804038151864,0.22628189249442657,0.2734365325077399,0.2735264982664686,0.25974990714374147,0.226293637038871,0.2263894046292858,0.2264851485148515,0.27348100482613535,0.2265528334570651,0.22664852158851911,0.2735032162295893,0.2596165739022882,0.27355923818946326,0.22666007172004451,0.2596439169139466,0.273581406848807,0.22669962917181705,0.2596712396489927,0.2736035590706871,0.22673915729642902,0.27365950086483815,0.2737492279184682,0.2738389328063241,0.22675064838829195,0.25957026426278096,0.273860970490184,0.22679012345679012,0.25959758054561166,0.2738829918538632,0.2596569171911638,0.27393879565646595,0.22677359654534238,0.25968418455465087,0.22684100160355247,0.25974346324617664,0.27389320508077447,0.22688039457459927,0.2597706817901615,0.2739151873767258,0.2269197584124245,0.2739709144688193,0.22698706099815158,0.259733859043864,0.2739928545028952,0.2597930524759793,0.2740485281438601,0.2269704433497537,0.25982021918482945,0.27407042600344744,0.22700972547088513,0.2741260462826194,0.22707692307692307,0.2597834112724588,0.2741479020548788,0.22711614173228348,0.2598105548037889,0.274169741697417,0.22715533144754643,0.2598376783079193,0.27419156522808313,0.22719449225473323,0.2598647818070068,0.2742133726647001,0.22723362418581786,0.2598918653231752,0.2742351640250645,0.22727272727272727,0.25991892887851614,0.23876197494473103,0.22731180154734126,0.2599459724950884,0.2741559238796808,0.22735084704149275,0.25997299619491837,0.2600638193421699,0.2601546201987974,0.22736196319018404,0.22745675377254324,0.26018155053974484,0.2740095670305409,0.22749570762815796,0.27406499080318825,0.23847474252084355,0.22753463283069755,0.22762932091198823,0.2385096212771173,0.2740196078431373,0.23857370420291632,0.22764028424405783,0.27404140634570623,0.22770700636942676,0.22780159216166565,0.27406318883174136,0.2598261295457328,0.22784035259549462,0.25988493083608766,0.2740514075887393,0.2741402521111247,0.2599118942731278,0.22782332069007707,0.2741619770002447,0.2742507645259939,0.274339530332681,0.2598752598752599,0.2743947175348496,0.22777845702408608,0.2278728606356968,0.2598704314875932,0.27438279149352235,0.22791152389099353,0.2380254154447703,0.27440439828955404,0.25983386269240166,0.2744595089776475,0.22789447972642893,0.22798876541702284,0.23797313797313796,0.27444756439995116,0.2745361328125,0.2380080556572684,0.22797168659995118,0.23807199511897498,0.2745241581259151,0.27461266316945226,0.22798243474018054,0.22807659470667155,0.27463414634146344,0.2594805511522985,0.22811509387954157,0.22820919175911253,0.2595075572891273,0.22827544180377818,0.2283694857421399,0.2745217497258438,0.2595029239766082,0.22840784504811792,0.27454323995127894,0.27463159176714164,0.27471992206527035,0.2376719834408864,0.25943511078646214,0.2747413268411443,0.27482960077896784,0.27491785323110624,0.23764906303236796,0.23774181773938435,0.2749391727493917,0.27502736893321983,0.2377766966674775,0.2750820868296242,0.2592412451361868,0.2751367781155015,0.2592997811816193,0.2751914428102589,0.23772484200291688,0.2593267711751124,0.22794653705953827,0.2751792005831612,0.2752672497570457,0.22798493866148428,0.2753218362885596,0.2754098360655738,0.27549781447304517,0.27558577151875685,0.25916484583636806,0.23752882631387304,0.27560679611650485,0.2756946972454799,0.23756369813152148,0.25912895790367585,0.2757156720038816,0.2277744087325652,0.25915595440213435,0.2757366315023645,0.2375121241513094,0.2277851860831616,0.25915151515151513,0.27572415464792144,0.275811924381968,0.25917848055252635,0.22776835473709717,0.2758328285887341,0.2374031007751938,0.2758871260748456,0.2374666989585856,0.27594139726359124,0.25907990314769974,0.2759956421740709,0.276083272815299,0.2591068619145589,0.2761374636979671,0.2591651542649728,0.2275586740866199,0.27615821942663604,0.22762457668118047,0.27621235941468136,0.2762998790810157,0.2763873775843308,0.22763539651837525,0.27644143599661547,0.2765288856659415,0.2589728096676737,0.23707104881585306,0.2371632233901172,0.23725537569461222,0.2589684744534364,0.27644927536231884,0.25902668759811615,0.22748128471383725,0.27646987806350354,0.25905359729599226,0.2765238382619191,0.27661115133960895,0.2371183781826958,0.2766650579150579,0.2371818072143805,0.2767189384800965,0.22735496321312265,0.2767727930535456,0.23718798987097553,0.27682662165420785,0.25883062085593733,0.2768804243008679,0.27696757864288296,0.22728368281513617,0.27702132787082784,0.2587951807228916,0.2770750511986508,0.27716212960732356,0.2772491870408286,0.25879094412331405,0.2773028296207104,0.2588490248013484,0.2589382448537378,0.2368801155512759,0.22710314117222288,0.2772563176895307,0.2271688124172783,0.22726179018286813,0.23685793335739203,0.2772432042338225,0.2773301262778112,0.22727272727272727,0.2587471444030299,0.22733830247655687,0.2588051448491405,0.27728365384615383,0.2773705083523615,0.23672194184090362,0.27742400576715126,0.2775108121095627,0.25873873873873876,0.22723997117463368,0.22733277290740964,0.2774975984630163,0.2366430543882819,0.22737094837935173,0.2775177049573881,0.2776044167066731,0.23664946597863915,0.23674106071514278,0.277624475104979,0.2368042226487524,0.2776778217584263,0.2584552650515711,0.2777311428228804,0.27781774580335733,0.27790432801822323,0.25845121074082955,0.23672539853769628,0.236816874400767,0.27789095266626723,0.2779774742391565,0.22702767461363363,0.2780306660277911,0.2781171397772188,0.27820359281437124,0.25829242006945274,0.27825670498084293,0.25835029330779363,0.22695714627723246,0.227049670855775,0.22714217328865485,0.2782098839296398,0.2782962431203637,0.258284483789927,0.22715311004784688,0.2783159909101782,0.27840229610141115,0.23639842161903624,0.23648971783835485,0.2784219964136282,0.23655271336361464,0.278474961156926,0.25812619502868067,0.2582148404827339,0.2270011947431302,0.2582726078126867,0.23650262780697565,0.2270392929654843,0.2582994984475758,0.27832835820895524,0.22707736389684813,0.2271696311328638,0.23645261398901887,0.27831483470581214,0.25823389021479715,0.22718052738336714,0.25829157718921497,0.27830132410831443,0.2272185114503817,0.22731067382230172,0.23634629143811114,0.2782878263979969,0.23640915593705294,0.2581952556919776,0.25828367103694877,0.25837206530806817,0.23641563393708293,0.2584296437507447,0.27817488682392183,0.2364502680166766,0.22713196760362078,0.2781945933071335,0.227196951655156,0.2782474104060007,0.23642857142857143,0.25830258302583026,0.27826707926684124,0.2364631679162204,0.25832936696811043,0.2365258774538965,0.2782536283606947,0.236588557154752,0.27830637488106563,0.278392198834582,0.22699167657550534,0.25823326596124124,0.2583214455539705,0.25840960418400094,0.25849774185880675,0.2783125371360666,0.2585551330798479,0.2269217060710467,0.2783321454027085,0.2585817793087065,0.25866983372921615,0.236313976962356,0.2364046544763714,0.25869642645138313,0.22685185185185186,0.2587537091988131,0.23641110847377167,0.27815355405245046,0.2268628381585192,0.27820619290544546,0.2782918149466192,0.2269007235203416,0.2783444022770398,0.2784299774694652,0.25859615840645006,0.27848251333728513,0.2362494073020389,0.22685788787483702,0.22694951410286798,0.23628391989572226,0.22701421800947869,0.2784030328160171,0.236318407960199,0.2784555252872202,0.22702510658455707,0.2363528715216104,0.2583471465782619,0.23641529537113767,0.2784090909090909,0.2784944963901053,0.27857988165680475,0.27866524671636494,0.2582820634169427,0.22690169170708624,0.22699313934232315,0.22708456534594915,0.2786187322611164,0.22714910724843326,0.25821707259399385,0.23619813216692281,0.22718676122931442,0.27857227278099517,0.23623256913259277,0.23632281696797827,0.25815217391304346,0.22717070289427052,0.25820930781951335,0.27849297271760953,0.25826641473783657,0.22718148541740465,0.2785123966942149,0.25829299964585056,0.227219074598678,0.236161926118258,0.25831956573046966,0.2272566371681416,0.22734780556866446,0.22743895245959656,0.23614059919792404,0.23623068758108268,0.22747641509433963,0.23629288998938805,0.25819382221174253,0.2363550630673111,0.23644507307873644,0.22746022392457277,0.25818995993400895,0.23647932131495228,0.2582469368520264,0.278006832371304,0.2365135453474676,0.25827346602284773,0.2583608101742817,0.22736371129165195,0.22745467388744997,0.2779281930547381,0.2583568738229755,0.22749205601977168,0.2779477524123323,0.27803270973055655,0.25835294117647056,0.22750264674744147,0.27805222300635146,0.25837939550746797,0.22753998118532456,0.23621399176954733,0.23630378556313192,0.22757728929117196,0.23636577338975082,0.25831472558467505,0.2779083431257344,0.23639995300199743,0.22756109022556392,0.2583108187477975,0.2364341085271318,0.25836758661186143,0.2364960075152654,0.27779734648350357,0.23655787743601783,0.2778495128536213,0.27793427230046946,0.2274380941204084,0.25827270593757334,0.22750205326762876,0.25832942280619425,0.25841642228739004,0.2778559699741966,0.22751260701301748,0.2584427767354597,0.23637003165670067,0.22754982415005862,0.25846911264798966,0.23640412564463198,0.23649361303175906,0.2584954300445278,0.2275336848271822,0.25855201499531394,0.27761508726718986,0.258608573436402,0.22754420892376157,0.27763466042154566,0.2777192366233462,0.2778037930227113,0.22755472316516445,0.2778558052434457,0.2585137507314219,0.227591855838989,0.2362232362232362,0.25854000935891436,0.22762896245174874,0.23625730994152047,0.2585662495614548,0.27771281571562206,0.2777972641178534,0.25859247135842883,0.2586791350087668,0.23620850864890136,0.2587355381558958,0.2777518111708343,0.27783619581726837,0.2779205607476635,0.27800490596892885,0.2274001401541696,0.25867102650940094,0.22746380196170013,0.2587273788674839,0.25881391547980387,0.27792692891327186,0.22747432306255835,0.2275644766017038,0.23593932322053676,0.27791389569478475,0.22760149323378442,0.23597340487577279,0.23606251457895966,0.22763848396501457,0.2277285447761194,0.2585985775912324,0.2360690137561203,0.25865485487819095,0.22773892773892773,0.23610301829623587,0.22780237706828246,0.258650821391122,0.22786579683131408,0.2279557367501456,0.22804565571861168,0.2281355537440317,0.27748020493712156,0.2585865642100361,0.2281722933643772,0.23594459317890815,0.25861266294227186,0.2774351216106133,0.2359785897137538,0.25863874345549737,0.2587249883666822,0.23601256252180994,0.2587811118864852,0.2773578323060821,0.27744186046511626,0.2775258690849901,0.27760985817251804,0.22794374055562014,0.25871687587168757,0.22800697269029635,0.2587729491052754,0.22807017543859648,0.2775325278810409,0.23579974445347893,0.2281068524970964,0.23586110788526304,0.277519739897817,0.25867874143736214,0.2775713954028326,0.23586767266395822,0.25870473537604455,0.22803760009283974,0.25876073334880484,0.23587423134934446,0.2588167053364269,0.22804779027954994,0.2359081419624217,0.27739765742780936,0.2588126159554731,0.22805797101449277,0.228147461163923,0.2588385301958966,0.22821047751506723,0.23583265731834513,0.258864426419467,0.22824701656818444,0.23586654309545876,0.258890304644967,0.2771600648598564,0.23590040532715692,0.2589161648911533,0.2590019682760218,0.23593424403797175,0.259057761314967,0.27708333333333335,0.27716699456081473,0.27725063642675307,0.2773342589378688,0.2280194354465525,0.2589936379410064,0.2280823502197548,0.25904938128830807,0.22814523589269195,0.2772574864146144,0.22820809248554913,0.22829730666974915,0.2590152565880721,0.2772448861666474,0.25907094984978046,0.2772963604852686,0.23555914972273567,0.25909668476377495,0.22822822822822822,0.2591523270585518,0.27725173210161663,0.259207943655467,0.22823828215192796,0.23548424333371812,0.2772391505078486,0.25920369301788804,0.2282483267943688,0.2283373716395523,0.25922934933087216,0.22840004614142345,0.2354094579008074,0.25925498789067003,0.22843634686346864,0.23544332987432262,0.2592806087157021,0.2770028818443804,0.2354771784232365,0.2284199608159502,0.2592763309518322,0.23551100357184007,0.25933179723502303,0.27692662135698654,0.2770099055517162,0.2770931705631694,0.2771764163979733,0.22832469775474956,0.25926778724384064,0.22838724530908253,0.2593232044198895,0.22844976406951317,0.2771001150747986,0.2285122540559199,0.2286010124252186,0.23524675025882893,0.27708764665286406,0.25922944220816563,0.23528058877644895,0.23536851787972865,0.2592550011496896,0.22853201517415794,0.2593103448275862,0.23537524422480174,0.25936566306596187,0.22854188210961737,0.23540900735294118,0.2768523836875359,0.25936135998162185,0.22855173997932698,0.22864033073036288,0.2593868411987599,0.22870264064293916,0.23533463437033636,0.2594123048668503,0.22873866636061058,0.23536837273353226,0.25943775100401606,0.2766177145479578,0.23540208787426867,0.22872218398715302,0.2594334212639064,0.23543577981651376,0.2594885907579406,0.27654207750515936,0.27662501432993236,0.27670793214121964,0.27679083094555873,0.22862709145083657,0.2594247736908445,0.22868927589367552,0.2594798946041929,0.22875143184421534,0.2767151529034475,0.2288135593220339,0.22890186648345356,0.23517288756583468,0.2767029192902118,0.2593864468864469,0.23520659265194002,0.23529411764705882,0.2594118320173933,0.2288329519450801,0.2594668802196545,0.2353008464882178,0.25952190323687524,0.22884263494967977,0.2289308176100629,0.276469243082552,0.2595175488738996,0.22896662094192957,0.22905474911418447,0.25954285714285713,0.2291166723802994,0.23514625228519195,0.2595681480635211,0.22915238748000913,0.2351798972015991,0.2595934216537232,0.27623615393399564,0.23521351906828042,0.22913574608973628,0.2595890410958904,0.2352471179089145,0.2596439169139466,0.276161132032409,0.2762437243267914,0.2763262977752424,0.2764088523842117,0.22904072088513744,0.2595802919708029,0.22910252024176075,0.2596351197263398,0.22916429141488998,0.2763337893296854,0.2292260344238003,0.22931388192386598,0.234985754985755,0.2763217866909754,0.2595419847328244,0.23501936659831396,0.25959676500740403,0.22927107061503416,0.2596515203279809,0.23502618993395583,0.25970625071160197,0.22928051001821492,0.2350597609561753,0.27612110175278853,0.25970183225219073,0.22928994082840237,0.22937763112982137,0.2597269624573379,0.22943919918098055,0.23498635122838946,0.2597520755146139,0.22947464180122812,0.2350198976691302,0.25977717144156437,0.2758895077867455,0.23505342123209821,0.2294578929423798,0.25977272727272727,0.23508692194068856,0.2598273119745512,0.2758150630466886,0.2758973194002726,0.27597955706984667,0.27606177606177607,0.22936300669921653,0.259763851044505,0.22942445226472927,0.2598183881952327,0.22948586993530815,0.27598729005901046,0.22954725972994441,0.2296346721125482,0.23482699943278504,0.275975499092559,0.25972553022570033,0.2348605125878884,0.23494727293343917,0.259750566893424,0.22956580886520803,0.25980503287236456,0.23495409724583474,0.25985947416137806,0.22957507082152975,0.2349875368230229,0.27574487368301803,0.25985500679655643,0.2599388379204893,0.2757644394110985,0.25999320575246293,0.26007699275362317,0.275783991848749,0.22945438080144895,0.2295415959252971,0.23483476686283386,0.2600430010184452,0.27574111789997735,0.2348681977599276,0.26006787330316744,0.2601515665648682,0.2757294729699163,0.26020581250706776,0.27578018995929443,0.27586206896551724,0.2759439294596428,0.27602577144794843,0.22931735985533455,0.2601423889705051,0.22937853107344633,0.22946559710767145,0.22955264347040216,0.27595165480628037,0.2296137339055794,0.22970073404856015,0.23453026196928636,0.260020322908434,0.26010386091668547,0.2345637205102156,0.23465011286681717,0.2601286536508295,0.2296321372150756,0.26018278235360487,0.2757220216606498,0.27580372250423013,0.22964132641551996,0.2601781887898951,0.229702300405954,0.22978915323035293,0.23449830890642615,0.2601735993687296,0.2602569882777277,0.26034035839062325,0.23450529637142215,0.2756056338028169,0.26036502929247407,0.23453869550523826,0.2604190132912818,0.2755940984345084,0.23457207207207206,0.26044364373381373,0.26052690835397435,0.2346054260947878,0.2755515533543449,0.22948790095666854,0.23463875759621877,0.2755710588500056,0.27565256525652565,0.27573405332433343,0.26040494938132736,0.2294455066921606,0.26045883940620784,0.260541999325312,0.2294805486845064,0.27566048341765037,0.2295413669064748,0.2296279644824098,0.27567992807372443,0.2296887290706821,0.2604494382022472,0.23435569037186832,0.2344416984947203,0.26047399752892286,0.22967205750224617,0.2605277933745087,0.275544576689872,0.26058156506118785,0.22968118545127975,0.27556403636771803,0.2606060606060606,0.22971608124789586,0.2755834829443447,0.26063053966116906,0.2756338344177698,0.2606842400448682,0.2607671601615074,0.2341594706739935,0.22964790311729089,0.2755914340172665,0.2297085201793722,0.2341665732541195,0.2756108495852948,0.2606746609884568,0.26075750784401613,0.27563025210084036,0.260811113600717,0.2756805197714798,0.2757616487455197,0.2758427595475417,0.2759238521836506,0.27600492665994847,0.22951186744290192,0.2607186835329676,0.22957241996865904,0.22965864577504197,0.2607430617726052,0.2759315206445116,0.22969344372342806,0.22977961740686878,0.23378076062639822,0.23386645789061627,0.2606799373741892,0.2339259756233926,0.23401162790697674,0.2607043040804919,0.2607869438855354,0.2608695652173913,0.27570406794814484,0.260923008157336,0.22960893854748604,0.27572338286225,0.2609472743521001,0.22964369485088798,0.2338619611346884,0.2297040759352317,0.2756811076373381,0.26091325220497935,0.26099575798169233,0.23384306284183504,0.2296875,0.23390246624260685,0.26099085025663915,0.23396184313287963,0.23404730031236054,0.2610150585610708,0.26109747936649563,0.275454444072711,0.2611507582515611,0.2755045155535734,0.2755852842809365,0.275666035001672,0.2757467677218012,0.22946617630669788,0.26108758636059726,0.22952646239554317,0.22961229946524064,0.26111172997660687,0.2756738694586768,0.22964695400378662,0.22973273942093542,0.23371562186838882,0.23380093520374082,0.2610486474451742,0.27560106856634015,0.23383416805787424,0.26107277987981303,0.26115500166907757,0.2612372051624388,0.2755590165758149,0.26129032258064516,0.23378934490045603,0.27557829181494664,0.26131435560991884,0.2294863242161441,0.23379655364091162,0.2755669186305024,0.26130932533066575,0.2613914203156257,0.2614734970552284,0.23377777777777778,0.26152649705588266,0.2338369251277494,0.2754637343107853,0.2755442025766326,0.2756246529705719,0.2757050854985565,0.27578550016653713,0.26143428063943164,0.2615162615162615,0.22918978912319646,0.2292753301520364,0.22936085219707059,0.2336624875180295,0.2614821388950521,0.2615640599001664,0.27562111801242234,0.22934457136519906,0.2756708804612996,0.23361791772923826,0.27572062084257204,0.2615009422458707,0.22932830857902903,0.23362518009531197,0.27570921985815605,0.2336842105263158,0.26146687347662306,0.26154868727151875,0.26163048294195834,0.22926126924354856,0.22934662236987818,0.27560624515557525,0.22940655447298494,0.27565592826303553,0.23356209873810052,0.2336469286109574,0.2337317397078353,0.22939028438641143,0.27561407391015713,0.2294501604159752,0.2295353982300885,0.26136489326401946,0.2756027427560274,0.2295698330200155,0.23363555948695267,0.27562189054726366,0.2613309750165819,0.23366861943185585,0.2613837312113174,0.23372748369985633,0.2755801104972376,0.2756601480499392,0.275740167918692,0.23373467358886557,0.2294013695604153,0.2612921038100497,0.23376766784452296,0.23385226896323286,0.22941046588650915,0.23391102770725244,0.23399558498896247,0.2755766471691866,0.234054292650629,0.2756261723491118,0.2611429832303619,0.23408714837286265,0.2756452680344143,0.27572515716333956,0.2758050286722541,0.234094166942331,0.23417861080485117,0.2610517032300739,0.2757936507936508,0.26110437561997135,0.2341855851884505,0.23426997245179063,0.23435434111943587,0.27575190040762365,0.22901520158625246,0.2610419649741161,0.2757709251101322,0.2758506772381896,0.23430962343096234,0.275900033028735,0.27597974460590047,0.2609796367638965,0.2343165309267004,0.27599867943215584,0.27607834507042256,0.2761579931785675,0.23432343234323433,0.23440765592344076,0.27617685877694675,0.2608600021994941,0.23444029030129757,0.23452446399120397,0.27616534740545295,0.23458282950423218,0.23466695977137833,0.2285965490713265,0.26076923076923075,0.2286561916272937,0.27609316633706876,0.23464791826870263,0.23473198594024605,0.27611202635914334,0.2347902481880079,0.27616119468540684,0.23484848484848486,0.27621034142057305,0.2605927552140505,0.23488091318186807,0.2284899034240562,0.22857456380994184,0.2761685319289006,0.2762479429511794,0.23486178148310663,0.2605023582318745,0.2605834612853696,0.23489417699309134,0.2762061403508772,0.23495230786098015,0.23503617627713222,0.2351200263071358,0.22840859272249014,0.2284931506849315,0.27613412228796846,0.23512654760600415,0.2761831726555653,0.26037901193997154,0.27623220153340633,0.27631146643303034,0.23510731493648707,0.26037446622139493,0.23516531640026275,0.23524904214559386,0.22832749562171628,0.26036992448287183,0.2762092361567082,0.26042236568552357,0.2605032822757112,0.22831200087517778,0.26055567709472766,0.27616755988187686,0.276246719160105,0.2605795516675779,0.22829652307019463,0.26063190116978247,0.22835592479230432,0.27620504973221116,0.260655737704918,0.26073653152660914,0.23492132867132867,0.2607888124112313,0.23497924404631854,0.2350628072091753,0.23514635211882917,0.22824069018237414,0.22832496178204847,0.26072715361939075,0.2351528384279476,0.2607793908961904,0.22833442479807903,0.22841864018334607,0.22850283718900044,0.2607746863066012,0.2608553349334497,0.23508236064143123,0.23516579406631763,0.2757116370378449,0.23522355507088333,0.2608221567986043,0.2284125599651112,0.26087430502561865,0.275670372792675,0.27574931880108994,0.23517872711421098,0.2283970796556609,0.2757681412072347,0.2352108072774812,0.23529411764705882,0.260755908942381,0.23535177521237202,0.2757268866383535,0.26077961672473865,0.23538377789874795,0.260831700413673,0.2609121584848155,0.2756856769699608,0.260964196321689,0.22818280739934713,0.2757044935262757,0.2757832898172324,0.23528771891656694,0.23537089406134434,0.23545405111473627,0.23553719008264462,0.2356203109709688,0.23570341378560555,0.22806826829003152,0.2756521739130435,0.23573524616889469,0.26070419474027384,0.22807780071715744,0.2357670578009561,0.2358500814774579,0.23593308711709754,0.23601607472575215,0.22806255430060818,0.22814637854272993,0.23604777415852335,0.22820540657909022,0.26052974381241856,0.2360794529469228,0.23616236162361623,0.22821486706456864,0.2605251736111111,0.2752522512748183,0.27533087437622045,0.26054886647141773,0.236117136659436,0.23619997831037848,0.2753198872261982,0.2753984603708121,0.27547701647875106,0.2362059620596206,0.2604595707782354,0.23626314078248617,0.22800173385348937,0.2604832592913642,0.2605633802816901,0.2753764489221103,0.2280112651646447,0.2280948770713744,0.23619233268356074,0.23627504060638874,0.22812906019922044,0.2753058352278878,0.22818791946308725,0.2753544755925966,0.2603896103896104,0.275403094903149,0.23620428478684266,0.27545169317321216,0.2281479878840329,0.2755002704164413,0.2755786285961497,0.26030063804477127,0.2756271626297578,0.2361336360687642,0.2756756756756757,0.23619068208842287,0.2362732382187635,0.26023992218739866,0.22800950940133996,0.26029173419773094,0.23627917026793432,0.2363616722480285,0.2755454741844891,0.26028728804406526,0.2279697624190065,0.23636756289817515,0.23645001079680414,0.2755046961027745,0.236506908462867,0.23658931462493255,0.2755234189510037,0.2366461638070573,0.23672852826931376,0.2278562951774733,0.27551240560949297,0.2367597885880703,0.27556082830025885,0.23681656421869945,0.2599741211990511,0.27557951482479787,0.26002587322121606,0.27562789694944484,0.23679672343177408,0.23687897402737365,0.2276939655172414,0.2756168516323672,0.23691014867485455,0.25993752019821176,0.2600172339508832,0.26009693053311794,0.26017660995046304,0.2755464627974588,0.2368647717484927,0.2369469264721714,0.2755651237890204,0.27564309546873317,0.23697804563065003,0.23706015280318518,0.23714224230686465,0.23722431414739106,0.23730636833046473,0.25997633645261914,0.22736072273607227,0.26002795999569844,0.26010752688172045,0.26018707665842383,0.2273704579660288,0.26023863269912934,0.2372098022355976,0.2753358409457281,0.23726627981947132,0.27538411947996133,0.2602062741727546,0.27543237726930925,0.2755102040816326,0.237246267855225,0.2755584192439863,0.2756362074519489,0.26014601674898,0.2602254428341385,0.23722627737226276,0.26027691316947515,0.2603562996351148,0.22706298959115784,0.2755364806866953,0.27561420448449736,0.2756919116069513,0.2603239300654296,0.23712998712998712,0.2372117962466488,0.22699978554578598,0.2756513348343519,0.2602915951972556,0.26037088648301,0.2604501607717042,0.2605294180688029,0.2371410201457351,0.23722275795564127,0.2269123634026141,0.23727905731119442,0.2754927163667524,0.2604691014244404,0.2755408010280574,0.2756183745583039,0.23725910064239827,0.23734075580772937,0.26043673731535005,0.22680081344321953,0.23737157534246575,0.2268592830390583,0.26043227049004924,0.22691772761313792,0.2604835258878905,0.2605626270189325,0.22695187165775402,0.27537161800876914,0.22701026518391787,0.23725008018817492,0.23733162283515075,0.23741314804917157,0.22702009405728943,0.23746927434006626,0.26041889292583886,0.22705417245432205,0.22713675213675213,0.2751842751842752,0.23744926297799615,0.23753070597030868,0.2603588210166595,0.2751735184196476,0.2604099935938501,0.2270737696167396,0.2751921434671221,0.2752695058170562,0.2753468516542156,0.22708355565041083,0.2753947930004268,0.2603222020697749,0.27544271388948155,0.27552,0.2373080204778157,0.23738935693718674,0.27553849434847516,0.2756157372854249,0.2756929637526652,0.27577017375546314,0.23736943082498402,0.2758179686667377,0.2758951406649616,0.2374001065530101,0.27594289367142555,0.23745605624800256,0.23753728163613122,0.25998508893385874,0.23759318423855166,0.2600362048770099,0.2601149914821124,0.2758437134035984,0.23759846710666382,0.27589143161255986,0.23765432098765432,0.2600830052144301,0.23771015109597787,0.2758804128098734,0.2377659574468085,0.27592809275608976,0.2760051052967454,0.23779644794214613,0.23787749893662272,0.2760233918128655,0.22634488624282373,0.2760710109492931,0.27614795918367346,0.2762248910617494,0.23783209351753454,0.2762724471363298,0.23788780280492988,0.23796876659938382,0.23804971319311663,0.27626128518321824,0.27633814783347493,0.2764149941594988,0.2764918241664897,0.2765686378596454,0.23800424628450106,0.23808512896720094,0.2594990447887922,0.2765573596519155,0.2595500848896435,0.2596286472148541,0.2380649267982177,0.23814575156465473,0.27651675859142977,0.23820129388058117,0.23828207847295865,0.2765348319372283,0.27661153519932147,0.2595144704759885,0.22577909688361247,0.2766295707472178,0.2767062314540059,0.27678287591395573,0.23818605636787454,0.2768301726877847,0.2257415254237288,0.2768774494227306,0.2381910612158441,0.2593455469660066,0.27689538331215585,0.2382212811011117,0.27694262121532925,0.2770191595215412,0.22565622353937342,0.22573817335167742,0.277037037037037,0.27711353295947516,0.2771900126957258,0.25917698085263935,0.22572456103236727,0.23807509254362771,0.23815566835871405,0.2382362271333404,0.22573482765912456,0.27709060154350357,0.23826638477801268,0.27713772328506503,0.25903614457831325,0.2257212300538941,0.22580304311073543,0.2771262546222927,0.2382210014789774,0.23830146825815993,0.2383819180397127,0.22578941810117226,0.22587117212249208,0.27705627705627706,0.27713260135135137,0.23836165945318272,0.23844205193160228,0.22585751978891822,0.2771211481637822,0.2771974253455735,0.23844692973201098,0.2772444350669902,0.2586497890295359,0.23847695390781562,0.22579624551782324,0.22587788674470105,0.2259595107549557,0.2771744860305746,0.2772506852203247,0.2773268683461579,0.23840640809443508,0.23848666877437033,0.22592202318229715,0.2773153513855231,0.2773914875684787,0.2774676077109449,0.22593216768485358,0.2384412848867825,0.25831929233361417,0.27745603874907865,0.2775321120235839,0.23844615222655016,0.22589473684210526,0.27754973160719926,0.2776257629972637,0.2777017783857729,0.22590488215488216,0.27774855339295107,0.2581527456343362,0.23835068896602504,0.25820361800588976,0.22589126091071615,0.2259726603575184,0.25822731573966984,0.23833052985702272,0.27762009881215177,0.27769602690771494,0.27777193904361536,0.27784783522488443,0.23831039193023013,0.27789451565454926,0.27797037503939487,0.22584033613445378,0.25806112803276965,0.23829027515227894,0.2581119395148588,0.27792944141117176,0.23832020997375328,0.2384001679613689,0.27794688779258947,0.2580814441645676,0.23843005561968728,0.2385099685204617,0.22568460812086874,0.2385648342425514,0.22574215881674184,0.2778477029578351,0.2779234399580493,0.2779991610738255,0.27807486631016043,0.257915705598658,0.25799350036691476,0.22568134171907756,0.2384446074834923,0.27803395514567175,0.2579901498480562,0.2780804694048617,0.25804085908852803,0.25811858369997903,0.2256206138053839,0.2257017176372015,0.25814221384438163,0.2780104712041885,0.22573552507590827,0.2382747068676717,0.27802784465612895,0.2781034121833787,0.25808477237048666,0.2781498534951863,0.2256984409333473,0.2781962753714166,0.238204833141542,0.22573221757322176,0.23825959627654011,0.2781844802342606,0.25797343929729166,0.27823086574654954,0.23826450601150026,0.2579970729667573,0.2383192223267482,0.23839882943143811,0.23847841989758595,0.27816091954022987,0.2579667746316999,0.25804429586293354,0.25812180089835995,0.22550658032170462,0.2781201044386423,0.2581453634085213,0.25822282551947373,0.2383587387763625,0.23843825033928384,0.2582463465553236,0.25832376578645233,0.2584011688582759,0.25847855577585305,0.2585559265442404,0.25863328116849243,0.23836845399540998,0.22530510065713988,0.2586566541510221,0.23839816456356241,0.2253388946819604,0.2777604003753519,0.2384278565471226,0.2253726675701032,0.258599124452783,0.23845752996352268,0.277719883284702,0.2586224861936022,0.2586997291102313,0.27773726429836443,0.2778125,0.25872304968232473,0.2588002499479275,0.2588774341351661,0.2589546022490629,0.2590317542946382,0.25910889027691025,0.277714166753409,0.25915903413821817,0.23821417421167657,0.2777315296566077,0.22505462490895847,0.2591552226383687,0.2777488817226672,0.2778240066569586,0.27789911596463857,0.2591514143094842,0.25922844962046376,0.2249948014140154,0.2592785112797588,0.22505197505197505,0.2778297474275023,0.2593016004988568,0.23797152655097162,0.2593516209476309,0.23802597402597403,0.2381051319343445,0.25937467539212633,0.277731616119651,0.2594246546889604,0.25950155763239874,0.2595784446059599,0.22487541528239202,0.2596283608429357,0.2249325306207183,0.22501297353399066,0.225093399750934,0.25962436442876413,0.22515044615065366,0.23788774769166926,0.2774896265560166,0.2596203713307748,0.22516075503007674,0.23789277195893394,0.27747822480298634,0.22519440124416795,0.2775243624300228,0.23789779205970768,0.2775704809286899,0.2776453518499326,0.2594818652849741,0.2251580147135012,0.22523829258184833,0.22531855381746607,0.2776051377667288,0.23780424650440185,0.2378831814415907,0.23796210003106555,0.2775937047007662,0.2380163578010146,0.277639751552795,0.23807059310630369,0.22521217139308633,0.22529235227155128,0.25920943708609273,0.259286083807553,0.22532588454376165,0.2775421537188373,0.22538270583367812,0.2592822422173958,0.27755946225439504,0.225416192741185,0.27760545905707196,0.23787863124160033,0.22544965887947074,0.2255297157622739,0.25919801570897066,0.2592745685646378,0.25935110560033064,0.2255398284946792,0.2774793388429752,0.2593740316083049,0.2594505267506714,0.23773623876897657,0.25950020652622885,0.23779039752194114,0.27741069584968,0.2774852895633323,0.25949628406275804,0.25957271132211784,0.22538699690402478,0.2596223299969043,0.2774453157243087,0.2596719281956051,0.2597482979162368,0.2774626095925735,0.2775371287128713,0.27761163246364856,0.2253041864301918,0.2776574904629343,0.2777319587628866,0.2596639521698794,0.2777777777777778,0.277852210656498,0.25968672712283597,0.2252447192168985,0.2597362456212652,0.22530132893787988,0.2253811289658014,0.23730559274899576,0.23738414006179195,0.22541447842652662,0.2776976935749588,0.25965201276639555,0.25972822730080297,0.2254246011322697,0.2255043227665706,0.25975095193989917,0.277629141798724,0.2777034674349213,0.23724279835390946,0.277749202756918,0.2372968524994857,0.2777949192636018,0.23735088440970795,0.2374293059125964,0.23750771128932757,0.23758610054487508,0.23766447368421054,0.22530578682290062,0.23771839671120246,0.25948001233172335,0.2595561035758323,0.2776122469947601,0.23772344359975345,0.2595788392398562,0.25965488907148726,0.25973092328232517,0.2598069418771822,0.2251771229078961,0.2598562628336756,0.22523354891694897,0.23763087661671115,0.2252899517602381,0.25985221674876846,0.23766033863519753,0.2377385594089883,0.2598748332820355,0.259950759130078,0.2252538721920197,0.2772307692307692,0.2599733360680956,0.27727645611156687,0.27735055880241977,0.2376460939101907,0.2599692465402358,0.23769987699877,0.2251716716203751,0.23775363804058208,0.27728250845373503,0.23780737704918034,0.23788546255506607,0.25988526941200574,0.22513571648058997,0.2599344530929947,0.2772145417306708,0.27728855211959863,0.2599569980546739,0.26003276003276005,0.2250998055072167,0.23776867963152507,0.23784668918227408,0.2600286532951289,0.22510999693031822,0.2600777573153264,0.27713554987212274,0.27720949263502453,0.23780300705737956,0.23788095725097158,0.2379588915021986,0.23803680981595093,0.22502811573458747,0.23809037006747086,0.2599407134825718,0.26001635322976285,0.22503832396525295,0.27702840792969546,0.23807091039133543,0.22507151614221496,0.25998569823271017,0.26006128702757914,0.225104687978756,0.2601102941176471,0.26018584703359543,0.2769042270778027,0.2602348136804492,0.26031033074724375,0.2379299785648668,0.2768932435190855,0.26033268700887846,0.225,0.26038159371492703,0.260457049581718,0.2378863613179639,0.22501019991840066,0.2604793472718001,0.26055476239037323,0.26063016212909146,0.23786704730831973,0.27668467733713936,0.27675840978593275,0.2768321272041586,0.26059926620464735,0.23784775298073985,0.27684939881801507,0.2248599083036169,0.26059494702526487,0.23785270449220738,0.27683845997148093,0.22487014970974642,0.22494908350305498,0.2250280012218715,0.26053756872327427,0.2767993484678815,0.2768729641693811,0.2250381679389313,0.2605332790555669,0.22509412842169532,0.23768823768823769,0.2768338589887069,0.260528992878942,0.23771742447360392,0.27685109845402767,0.2605512051255975,0.22503559080740287,0.22511438739196746,0.2605734038226922,0.26064857171902,0.22514738768042286,0.2606972253277772,0.2252032520325203,0.2607458591606544,0.26082097134728716,0.26089606827186834,0.2609711499390492,0.2765871000507872,0.23745683526305097,0.2766324768965167,0.2609666937449228,0.2250989948218093,0.23746192893401016,0.2766216627753528,0.2609622411693057,0.23749111945600324,0.22508625938705096,0.260984271943176,0.22514204545454544,0.2610327685908491,0.26110772976262936,0.27649863069276803,0.2765720081135903,0.2611297028698915,0.2766173190022308,0.26117814052519517,0.2612530413625304,0.27663456664977193,0.2767078856679505,0.2612749569271308,0.23723145520875558,0.2767250987942041,0.2612968591691996,0.22490122581298755,0.276742301458671,0.2768155575812823,0.27688879886570794,0.2769620253164557,0.26123936816524906,0.22486584995443962,0.27697914557602754,0.26126126126126126,0.2770242914979757,0.2370205444793037,0.22485326856911556,0.22493170090053627,0.2612302711452853,0.2249873545776429,0.22506574954481084,0.2369778497016284,0.22512135922330098,0.2768732935584993,0.27694641051567237,0.23698311596400767,0.2251314193287505,0.26109370261801274,0.23701233070547806,0.23708943911066194,0.2611156022635408,0.2768515711831868,0.2769246312386341,0.2611374886352157,0.22505050505050506,0.22512877487122512,0.261159361745102,0.26123396950419064,0.22516155088852988,0.2369510348308935,0.2252170401776701,0.26122943373372365,0.26130399677028665,0.26137854475729133,0.23693239152371343,0.22520431843406316,0.27663438256658596,0.22525975991122768,0.23693766390962276,0.23701462430660616,0.23709156918112143,0.2612685287889483,0.2613430127041742,0.23712067748764998,0.2765120967741935,0.2765850216712025,0.22515621850433382,0.27663005139574726,0.23710197501007657,0.2766750629722922,0.2612331251259319,0.2767200564118062,0.2251208702659146,0.2370832913687179,0.23716012084592145,0.261202295841305,0.225130890052356,0.2612503775294473,0.2613247433058184,0.27659788626069454,0.23711755233494364,0.2766428499547147,0.2250955926745824,0.26129389274574905,0.23712273641851106,0.2766321295644301,0.2613156306578153,0.22508297294579102,0.23712791633145616,0.2766214177978884,0.23718077619143374,0.2250929928621695,0.22517088862082832,0.23720976982611316,0.2765829145728643,0.23726258667470607,0.26115353697749194,0.2612277705214508,0.2613019891500904,0.276544450025113,0.27661711530735233,0.2250677915034649,0.23719622414139385,0.23727281855607993,0.2251004016064257,0.22517819496034536,0.23730174663722145,0.22523336344474557,0.2611401043757527,0.22528850978424486,0.2253662452337949,0.2611618340523728,0.22542134831460675,0.22549904704584212,0.27632898696088265,0.27640156453715775,0.23716405936622542,0.23724054948360573,0.23731702426308401,0.26105263157894737,0.23736968724939855,0.27633557181517493,0.2610743635999198,0.2763803988375589,0.2253507014028056,0.261096082556858,0.22540573031456623,0.27636982870880494,0.2764423076923077,0.27651477215823733,0.2610654916883637,0.26113948132572345,0.27653183820584704,0.2611873060366403,0.22532532532532532,0.2254028625763187,0.2370896717373899,0.23716601621134795,0.26115669401640984,0.2254127063531766,0.23719487795118047,0.2763829148744623,0.27645529105821165,0.2611261126112611,0.2254,0.26117388261173885,0.22545490901819637,0.27641707487753675,0.26119552179128347,0.2254872563718141,0.2764341395162902,0.2765064454881583,0.23701039168665067,0.27655110400639427,0.2766233766233766,0.22545200279692337,0.2610866959648422,0.22550684110656147,0.26113441182344715,0.26120818771842236,0.23692092651757188,0.22551662174303683,0.2255939309243362,0.26120371294540373,0.26127744510978046,0.27641951901007883,0.2256036719217721,0.2764641324952609,0.2368316041500399,0.2256359102244389,0.22571314582086574,0.22579036601176822,0.2764260071798963,0.26114268620999104,0.27647058823529413,0.2765427175755159,0.26116427432216904,0.26123791488089304,0.2765596970300977,0.26128550074738416,0.2366480669589478,0.2367241207532131,0.23680015939430166,0.2368761828867417,0.2612549800796813,0.2613285529329748,0.2764389563831906,0.2613760828437718,0.26144962166467545,0.23683424589347934,0.22546287079434602,0.2764009156962277,0.2255175159235669,0.2764454174544731,0.2765174129353234,0.2367923589692568,0.22552725825706327,0.2613150303392022,0.23682116570519196,0.2368970661362506,0.2764518695306285,0.261310529979119,0.2613839729568503,0.2254697286012526,0.22554671968190854,0.23685518338137362,0.23693102762870205,0.2763589386862765,0.2613275039745628,0.23695976154992549,0.23703556526922312,0.23711135392867785,0.23718712753277713,0.23726288608600654,0.276266137040715,0.27633800019859,0.23729150119142176,0.23736721929911644,0.22533253920984714,0.22540942928039703,0.2611155220325526,0.2611888458866726,0.23734868029370906,0.23742434765353707,0.2761904761904762,0.2762622755679,0.23745288633207698,0.2253297629673708,0.23750495834986116,0.276251859196827,0.23755700971643862,0.2610290472885893,0.276268834258525,0.27634056893646547,0.27641228939544105,0.2764839956396789,0.2609988109393579,0.2765282869315367,0.26104616603923125,0.2765725606736008,0.23742076069730586,0.2610676438546103,0.2250940780352545,0.2251708089909892,0.27653465346534656,0.2374022374022374,0.2374777271827361,0.22518063941403543,0.2375296912114014,0.2376051459673429,0.2764694241044924,0.26090828138913624,0.2765136525524337,0.23761005045009398,0.2609297725024728,0.23766195232914647,0.276503164556962,0.22505685751013546,0.22513347834684597,0.2765200197726149,0.26087386318703043,0.26094692102401895,0.2765368649930816,0.2609941693843265,0.2610671936758893,0.2765537002272503,0.2766251728907331,0.27669663143336953,0.26106282101935996,0.2611358024691358,0.2612087695042465,0.23738520786017578,0.2374605055292259,0.2766314542403001,0.27670286278381045,0.22485440726483072,0.26115278326095537,0.22490871410243757,0.26119992105782514,0.276665022200296,0.2612470402525651,0.237348327907665,0.26129414085618463,0.2248742479534471,0.2373767258382643,0.23745192781776944,0.23752711496746204,0.27654540076900325,0.2375788643533123,0.27658945293247905,0.2611866745515474,0.23760717453434513,0.23768230193141507,0.261208000788255,0.22472906403940887,0.2248054378878928,0.26122931442080377,0.22485964739485867,0.2249359858183967,0.2612506154603644,0.2763883418668767,0.2764595845229891,0.22494585548336288,0.26124618564819374,0.2375,0.2612931798051373,0.23755166305845307,0.27639476532519924,0.2764659582841401,0.2765371372356124,0.2612630336415503,0.26133569391167505,0.2765538945712038,0.27662503687678236,0.26135693215339234,0.23743977976600136,0.2375147463625639,0.27661456797404893,0.261352467072931,0.27665847665847665,0.22464622641509435,0.224722413284858,0.2374729809392808,0.2247765006385696,0.237524557956778,0.2375994499558,0.23767432724415635,0.2247864087204164,0.2248625294579733,0.2249386352479136,0.2250147260946397,0.22509080200255227,0.276403612092658,0.2376091863774659,0.27644749754661435,0.2765184967127858,0.22507849293563578,0.2251545178063377,0.2765352167941927,0.260912211868563,0.2765790506080816,0.2609591056192998,0.2251421847421063,0.2252181586430042,0.2252941176470588,0.2609548083521223,0.27651440893942364,0.2765853180437126,0.276656213249706,0.22528172464478197,0.2609249461101313,0.2766728715587342,0.22531347962382445,0.2253893623273582,0.22546523016650344,0.22554108314562726,0.2608695652173913,0.2766082443943993,0.27667906794595654,0.23710230053842388,0.27672278778386844,0.2371537633356171,0.2372284204345273,0.22546237400919855,0.22553816046966732,0.2607376968985422,0.26081001760907846,0.22556979360266066,0.27660406885759,0.27667481662591686,0.2767455505574027,0.27681627065610637,0.2607547907704341,0.22553524293674845,0.2768328445747801,0.2255888964910566,0.27687646598905397,0.2769471318283983,0.22562048075043972,0.2606741573033708,0.2256740914419695,0.2257497313666113,0.27690955264700134,0.2606699873034476,0.23681640625,0.23689092862025193,0.2768990431556337,0.27696963780142536,0.23691917219836,0.23699365544167886,0.2256490337692758,0.225724602322631,0.27693208430913346,0.2257781246950922,0.22585365853658537,0.26046239391278897,0.2259071400702302,0.22598263922754316,0.2768675638775112,0.27693807898586054,0.27700858034321374,0.27707906795359266,0.26038214076818095,0.27712252656204306,0.2771929824561403,0.22590390800116947,0.23669849931787176,0.22595732242034494,0.27718238503507403,0.2772528007793473,0.2602766413403468,0.26034868997759814,0.2259446825087651,0.2260200603758886,0.26037000973709834,0.23658845292571318,0.22605140186915887,0.22612673999805316,0.2366167023554604,0.2261800486618005,0.2770533281432464,0.2366449352924005,0.22621132516053707,0.23669617667088239,0.2367704280155642,0.27701585448886296,0.22622057965376385,0.22629582806573956,0.22637106184364061,0.22644628099173553,0.27697841726618705,0.2264994653446097,0.2265746500777605,0.22664982019632618,0.23663751214771622,0.22670294432027985,0.27691410804508354,0.2598853589818323,0.27695745094229646,0.27702768334142786,0.2365967365967366,0.23667087501213946,0.277044086230336,0.22662394407224,0.2266990291262136,0.2770604795650908,0.2267520869734032,0.22682713772687566,0.2269021739130435,0.2269771955361475,0.25965457015330873,0.2270301736683807,0.27696934419868063,0.2770394800659618,0.27710960232783705,0.22703908447289303,0.22711404189294027,0.22718898477649568,0.23637773899554004,0.22724188075618032,0.22731678945327646,0.2273916836289619,0.22746656328745882,0.2275414284329877,0.27693798449612406,0.22759422536575913,0.22766905638442161,0.2769543737285673,0.23624564122433164,0.276997578692494,0.23629672670927754,0.2770407669216617,0.22763361735089077,0.2770839384257915,0.2276863504356244,0.27712709321459683,0.2590979481223384,0.22771702312977837,0.22779175537062124,0.27711659409772615,0.27718653250773995,0.2772564573860888,0.2278003482298317,0.27729954541058127,0.27736943907156675,0.22783096412339232,0.23602784761168052,0.23610171130233007,0.2361755607115236,0.2773320444659256,0.2774018944519621,0.2588189813472504,0.22777348279860843,0.27741810802976136,0.277487922705314,0.2588155733745532,0.2277820710973725,0.22785665990534146,0.22793123430558238,0.2774505070014486,0.25878717651602934,0.22796176498986193,0.22803630044410117,0.27743990732696205,0.22808880308880308,0.2774828684489914,0.2775525960239336,0.2776223101418508,0.2280972597452721,0.2776652194886638,0.22814972023924368,0.2586090479405807,0.2357253086419753,0.2776545472080239,0.22815814850530375,0.27769742551345095,0.27776706517547245,0.2357080883061795,0.27780990938885675,0.23575903614457833,0.2778527370855821,0.22810060711188204,0.22817498554634805,0.22824934964832835,0.2583815028901734,0.22830170503805028,0.22837603544596416,0.27776172589810266,0.27783127889060094,0.27790081848820414,0.27797034469478143,0.2283623760469818,0.27801309202926455,0.228414669361825,0.22848893166506257,0.2285631796747185,0.2354695919938414,0.27797556047339556,0.22859341928035404,0.2581048581048581,0.22864563293574452,0.25815138982398766,0.22869782650509712,0.27791133762861814,0.27798076923076925,0.2780501874819729,0.2781195923860796,0.22868403345188887,0.22875816993464052,0.27813551177318596,0.27820488179896213,0.23522628999711734,0.2287663335895465,0.2782207704870785,0.22881844380403457,0.22889251752953607,0.22896657702650788,0.22904062229904926,0.2781832149030152,0.22909265482477195,0.23511904761904762,0.23519247384083708,0.2781723939335765,0.2291006814473558,0.27821497120921307,0.2782842337587564,0.2351755900978699,0.2783267773193898,0.23522640061396777,0.2783693045563549,0.2290427776712066,0.2784118154790448,0.23523206751054854,0.2353053984082846,0.27842761265580057,0.2290288562937398,0.25738113496932513,0.23531103230135147,0.2574276404063638,0.2783900335409679,0.25747412801839786,0.2784324997604676,0.22897106725426328,0.27847494970782644,0.2574712643678161,0.22900105353893305,0.2290748898678414,0.27846404289954996,0.2785331290693221,0.2786022020105314,0.2786712617269768,0.22906097444242365,0.2787136294027565,0.22911283376399655,0.27875598086124403,0.27882499282365325,0.2788939915805587,0.2291208265569693,0.2291945666730438,0.22926829268292684,0.22934200459066564,0.27885626852825857,0.23484413845859628,0.2293718328712114,0.2788718929254302,0.2789408278367269,0.2790097495698719,0.2570008601739463,0.2790519877675841,0.2570473005255614,0.27909420982228167,0.2292920607623961,0.22936568589988537,0.2294392969720126,0.27908309455587393,0.22949097507401395,0.2569709702062643,0.27909863458416884,0.22952071796830245,0.27914081145584724,0.22957235586101565,0.22964589099933186,0.27915632754342434,0.2296974902185323,0.2297709923664122,0.229844480488503,0.27914520129746234,0.22989602213106936,0.22996947729874093,0.23004291845493563,0.23011634560366204,0.27910746638695527,0.2301678108314264,0.23024120507198018,0.23031458531935176,0.2790963683156992,0.2791650781547846,0.2303440388830649,0.23041738136077758,0.23049070986183898,0.2305640243902439,0.23406687625035724,0.23061535530577254,0.23068863701304887,0.23076190476190475,0.25635653747262166,0.2340506570177109,0.23079120251356755,0.27894135567402895,0.23084245597334602,0.23405672948791167,0.2789568858856001,0.23410734678340311,0.23084974783518888,0.27897240723120836,0.2562077823232804,0.23411339421613395,0.27898791971844383,0.23083507704013695,0.25620542082738945,0.23088626854317232,0.23095939906817534,0.2789503707929264,0.23101055233387205,0.23403041825095058,0.278965877768273,0.2790344041056833,0.27910291741898696,0.27917141771189663,0.25605700712589075,0.279213376401292,0.2792818466799658,0.2793503039513678,0.2560547060499573,0.27939221272554604,0.23084227518754155,0.23385871629320168,0.23089338270198423,0.2793810518321625,0.2794494542002848,0.2795178435839028,0.25595520546645156,0.27955968874549253,0.27962804820191667,0.27969639468690705,0.2797647282041552,0.27983304875735154,0.23076923076923078,0.2308421851289833,0.25585585585585585,0.2559264175990897,0.23087133782118138,0.27976867652635573,0.25594843113091287,0.2309004739336493,0.23097336745332195,0.23104624715693708,0.23348810764711456,0.27970437748720867,0.2335386072951208,0.2310534293292914,0.25584919958321495,0.23110437582875545,0.23354484326167252,0.23361742424242424,0.27961367294763756,0.23111153190683584,0.2311843226356149,0.2312570995834911,0.27960246095598673,0.27967064168086314,0.2335573010315132,0.23126419379258137,0.23133692875390294,0.2314096499526963,0.2796329580928957,0.27970109723798714,0.2555566064503925,0.2797427652733119,0.23139479905437352,0.2314674735249622,0.2797579653966153,0.27982605407449423,0.23149636071462332,0.2554820415879017,0.2555524052547018,0.2556227556227556,0.2797883397902296,0.27985638699924414,0.27992442135096834,0.2556206310221047,0.2314158874090866,0.23148847752172272,0.2799131173859666,0.2799811142587347,0.2315173260315362,0.23158987915407855,0.25554611535919947,0.2316405512554276,0.255592260500236,0.23169120422801057,0.23176370670944607,0.25561426684280053,0.2556844985375979,0.25575471698113206,0.2317705876804075,0.2318430484814186,0.2557766669810431,0.23189362504715202,0.23196605374823195,0.23279275881576467,0.2796266616385406,0.25575037707390647,0.23197285323781694,0.25579641847313855,0.23202337197248138,0.23209574067093855,0.23216809573164987,0.23224043715846995,0.232312764955252,0.2794837980406933,0.2323631911085994,0.232623846298738,0.2794990112063283,0.23239171374764594,0.2326522926278128,0.23244210129919035,0.27948790360538456,0.23249246987951808,0.23256470588235295,0.2326369282891022,0.23270913710360402,0.2794505080918329,0.23275943174334368,0.2328316086547507,0.23290377198758347,0.23297592174567344,0.2794131477475783,0.2553131465111905,0.23300423131170664,0.23307634449040993,0.23314844411018143,0.2332205301748449,0.2793495629288467,0.23233082706766917,0.25523916925101026,0.23322683706070288,0.23329888189420275,0.23337091319052988,0.27928604978863314,0.23342100319368778,0.23349300272377196,0.23356498873027798,0.2792750493004038,0.2336150234741784,0.23218477138296872,0.23225685317311304,0.27926405707312496,0.27933170640135163,0.27939934303144065,0.23226351351351351,0.2335554095899409,0.23231375492587727,0.23360540388404166,0.2323639774859287,0.27933589719538504,0.27940348902644907,0.23361155397167777,0.2794448612153038,0.2336615096108767,0.27948621788861805,0.27955376394487674,0.23368953880764903,0.2795950885743744,0.2796626054358013,0.23371755224440072,0.23378935532233883,0.23386114494518878,0.23215289488476673,0.2796252927400468,0.23388909704008992,0.27966657300739906,0.23393893987638134,0.23213784062178106,0.23398876404494381,0.27965546297163185,0.2797228983336454,0.27979032107086027,0.23212280044926994,0.2339728591483388,0.23404454426352236,0.2341162159633199,0.27975299401197606,0.27982037608756666,0.2541627689429373,0.23412215882518006,0.27983539094650206,0.25418498082857943,0.23414999064896203,0.23197755960729313,0.23419970082273747,0.23427129101617275,0.25415965601046925,0.2797457706327694,0.27981308411214956,0.23427717035791049,0.2798542328536722,0.27992151733158926,0.2318759342301943,0.2342830453059318,0.23192602279095834,0.23433267955543102,0.23440418378782218,0.23447567466616864,0.25396825396825395,0.2798058071141817,0.27987303958177745,0.2799402594978064,0.2539667724472653,0.23443770415305645,0.2345091452034341,0.27992908463189325,0.27999626796044036,0.28006343875361506,0.23451492537313434,0.23458632590243447,0.23465771311322514,0.23165159004010072,0.2800261096605744,0.2800932400932401,0.2537758717135931,0.23464155868369535,0.23471290082028337,0.28008202069158356,0.28014911463187325,0.23157208088714937,0.234718598583675,0.23478990030746297,0.23486118874604062,0.28011178388449,0.28017883755588674,0.25360901555369286,0.25367852486496556,0.23484495763106433,0.28016759776536315,0.28023461502653385,0.2803016198100912,0.2536535418411989,0.23482874162323158,0.2348999534667287,0.2349711520565792,0.23504233739648273,0.2802381838481578,0.25360498651037305,0.2536744186046512,0.23504790252069574,0.2537202380952381,0.23509718218171674,0.23516830946624512,0.23523942352394236,0.23531052435849759,0.23538161197359858,0.2536716861870236,0.23543080211915607,0.2537174721189591,0.23547997398011336,0.2799665489685932,0.23552912756666358,0.2537160906726124,0.2355782628889921,0.23564926620843396,0.23572025633881305,0.23579123328380386,0.2536911505246541,0.23584029712163418,0.2359112431529106,0.23598217601188265,0.2360530957022185,0.25366623352515316,0.23610208816705336,0.23617297698589457,0.2796696668831771,0.23622193356838003,0.23629279153910382,0.23636363636363636,0.23643446804563584,0.23056946763123726,0.23648335342669016,0.25352373887240354,0.23653222067686602,0.2366030038939366,0.2305552980439418,0.27947719688542827,0.23662990082491425,0.23058387395736793,0.23065517560930404,0.23072646404744254,0.27944037802279253,0.23661293311098758,0.23668364983788792,0.2307336050389033,0.27942947114939337,0.2532876458603445,0.25335679229558294,0.25342592592592594,0.23071937783538563,0.2307905943343825,0.23086179764880127,0.23093298778230284,0.23655714946783896,0.23662779937071998,0.2309614138983992,0.2792376017764619,0.2793042834674808,0.23098982423681777,0.2532605679400611,0.231039585645579,0.27929344307777676,0.27936008877381174,0.2794267221451687,0.2310465976331361,0.2532125358232412,0.2532815677574413,0.23107496071725667,0.2311460258780037,0.23121707790407542,0.23637035668083534,0.2312667467430472,0.2792867701404287,0.25321016166281757,0.2793275447995566,0.2793941073242819,0.2532323605467307,0.23123095392002954,0.2794090489381348,0.2794755793555535,0.2312592319054653,0.23133019477522385,0.23620084917851208,0.2313797877249654,0.23624953857511996,0.25311433053428073,0.23140800885772284,0.25315988559830244,0.23145756457564576,0.253205423853888,0.23150710201069913,0.2532509453103385,0.2533198081888602,0.23153526970954358,0.23160612207265352,0.23167696137180788,0.23608038348082597,0.2361507973085077,0.23170506912442396,0.27905262187816793,0.2317545152967195,0.23182530175988206,0.23189607517965727,0.23611239060340858,0.2790162122328666,0.2319241042645298,0.23199484251243324,0.236117506216042,0.23204419889502761,0.23211490654635852,0.2789541520898545,0.2790205283991531,0.23214285714285715,0.23607915324436263,0.23219215902816123,0.2528756786601638,0.23224144276775854,0.2529211518998988,0.23229070837166513,0.2529666084076902,0.23233995584988962,0.25301204819277107,0.23238918521243332,0.23595402298850573,0.23243839646929018,0.27875333272041924,0.2529876815591101,0.2530563470907253,0.2359375,0.2787427626137304,0.23240213196103657,0.23596434806579067,0.2324513046674017,0.27873220027560863,0.2787984567334191,0.23596950491411775,0.23245775165319618,0.23252823950776014,0.2528925619834711,0.2529611605913139,0.2787366874770474,0.2530065179473056,0.2530750872039655,0.2531436438733364,0.253212187958884,0.23244929797191888,0.23251972839053037,0.23259014588494356,0.2786238532110092,0.232639207412164,0.25316455696202533,0.2786389067229203,0.25320983125458546,0.2356717102246676,0.23262424353566843,0.23572017970110937,0.2532086541987532,0.2532771106425887,0.23263061411549038,0.2533223352579965,0.23267961876832843,0.25336754329698524,0.23272860546087593,0.2784241868987632,0.23277757420300477,0.23284785197398553,0.2784392745924162,0.23555270629178496,0.2532967032967033,0.2328541342367915,0.23292437282548983,0.2784033690378101,0.278469425119004,0.23551487414187644,0.23293062419915797,0.2355632836094079,0.2784590043923865,0.27852502516241195,0.253156450137237,0.23556856646235477,0.23289425539699962,0.23296441964694045,0.2330345710627401,0.23557384545038865,0.23308339429407463,0.23315351558928407,0.27838727372462974,0.2332023036840662,0.23327239488117002,0.2784023398226853,0.2784682873332115,0.2785342227908252,0.23327850877192982,0.23544997715851987,0.23332724282843048,0.2785237964739198,0.2528315674095725,0.25289980820166225,0.23333333333333334,0.2334033421605333,0.27848794740686633,0.2528987492011321,0.2785283914551762,0.2529438612505705,0.25301204819277107,0.2530802226886922,0.23526190910750136,0.2333242084131764,0.2333941605839416,0.23346409999087675,0.25305601167670133,0.23351272461917358,0.2783655600145932,0.2784313725490196,0.2530548969542221,0.25312300537977567,0.2334974471188913,0.25316801896253077,0.253236098450319,0.23352474706043205,0.233594604447685,0.2532579969014855,0.23364315655184983,0.27826879271070615,0.2532798833819242,0.23367040174911177,0.2533248314811441,0.27825849348756715,0.2336976320582878,0.2533466897368181,0.23374613003095976,0.2533916052080488,0.2337946103423161,0.25343650432407827,0.23384307300200255,0.23473195594793847,0.2338915180196578,0.2534352534352534,0.2535031847133758,0.23391866072240924,0.2535480349344978,0.23396706995360683,0.2535928688375478,0.23465211459754434,0.27791924336122226,0.23397290170046375,0.23467903255137298,0.2535685062278389,0.234,0.23406963003363332,0.2778585711688784,0.2779242024902299,0.2779898218829516,0.23407542026351658,0.2534980919498455,0.23412373943853912,0.2779796511627907,0.2535198473975838,0.23415077202543141,0.25356461720098084,0.23419905557573556,0.23445019522382637,0.25358634465226076,0.2778937812074444,0.2536310820624546,0.2536988290823273,0.25376656380468327,0.23414102913150014,0.23421052631578948,0.23428001088830414,0.23434948285247686,0.2343282228068584,0.2537191582002903,0.2343764172335601,0.27770723743878106,0.25374081799220094,0.2777475516866159,0.23438208359778764,0.2342701722574796,0.25373946151754145,0.25380710659898476,0.23438774585334904,0.25385173101323183,0.2776619845944721,0.23441464298658934,0.25387333514541993,0.27767711541946005,0.23444152550049824,0.2777173913043478,0.27778280952812245,0.2344683934069915,0.2345377162003079,0.2777978993118435,0.23458578542326844,0.2340213652000724,0.2537340454422015,0.2346125995655322,0.2777626934564214,0.23402714932126698,0.23409646185865532,0.2346181686572566,0.2536867818691758,0.23412339424642664,0.23464495703301674,0.23471418234442837,0.27765216604865695,0.23476216313980827,0.2536395695813365,0.25370705244122965,0.2347888979296628,0.25375158199240644,0.2348368435324957,0.23400216919739697,0.23407139629462267,0.2775167178745708,0.23484232402638475,0.2537043729671124,0.2340771524076249,0.23486901535682023,0.2537259506819619,0.2537933526011561,0.23489569222432946,0.253837818313166,0.2539051918735892,0.27735644637053086,0.25394962534982396,0.27739664199313957,0.25399404278364474,0.27743682310469314,0.25403844418373794,0.23479516332791914,0.2540828295587837,0.254150126308192,0.23382949932341002,0.23389861086054484,0.27735185352214303,0.23475829725829725,0.23482730633961585,0.2339044183949504,0.23487512397439364,0.2540569780021637,0.23492292436671774,0.25410131602668107,0.2541685443893646,0.25423576063446285,0.2543029647652519,0.23490719048477204,0.2349761239751329,0.25432432432432434,0.2770921538600126,0.27715726896054765,0.2543456723408088,0.23369956772334294,0.23376857271499324,0.234918062308662,0.2349869451697128,0.2543212099387829,0.25438833378341885,0.23375337533753376,0.23499234992349924,0.27699784017278617,0.23504004319265726,0.2543638653949973,0.2544309491677913,0.2350665707088881,0.2769632094989655,0.2544522396114409,0.2350930839104236,0.25449640287769787,0.25456343853969965,0.25463046214709584,0.2350984446642093,0.25467457749011146,0.23514606741573033,0.2352148121517167,0.2546957850274108,0.27677929547088426,0.25473986881121397,0.23522012578616353,0.2352888329889498,0.23535752784764644,0.2547381658133477,0.23540506556493623,0.23547373147732376,0.2547593390804598,0.2766454161802999,0.2355000897827258,0.23556872250650868,0.2766606822262119,0.23319271160578045,0.2767007718542452,0.23324059947949385,0.23330940416367552,0.23337819650067296,0.2766911896644536,0.23342603391046918,0.23546824542518838,0.2767064310700511,0.2767713004484305,0.2354945744776253,0.2544835007173601,0.2355420066349861,0.235610543302851,0.25450470640968176,0.23565794191466474,0.2545487138119566,0.23328553504212224,0.23568420109328794,0.235752688172043,0.2765881193441448,0.25452427880308187,0.27662814655558543,0.27669294159799357,0.2545454545454545,0.23320795271359485,0.23569445688188412,0.23576289398280803,0.27665860864893904,0.2332139659803044,0.23578909676841822,0.23585750089509488,0.2766490647095677,0.23590477895113657,0.254407158836689,0.23595204008589835,0.23602039903372998,0.2360887457505815,0.2765900348868414,0.23613595706618962,0.23620427510956085,0.23627258093364337,0.2765805240096575,0.27664520743919885,0.23629861421546713,0.27668514214196316,0.27674979887369267,0.2768144440471934,0.2541782107426937,0.23628239499553172,0.23635063890626395,0.25419942816297353,0.23282408648262307,0.23289262104698946,0.2767306833407771,0.23294033583422652,0.2541752255068322,0.23629219503482765,0.25421912670774177,0.23633928571428572,0.2364074636193197,0.25424031422960186,0.23645452111041684,0.23286326312031416,0.23650156180276663,0.2329109405675531,0.25421611492816987,0.23295860099928622,0.2365063788027478,0.23657448706512044,0.23664258317723663,0.2764002854084909,0.23668955676446982,0.2764401640806135,0.2765046812304949,0.25410128388017117,0.23669430328964963,0.2367623462292744,0.23281932436045993,0.23288770053475935,0.23678816504767847,0.23293530564961681,0.2540318987792925,0.23681397006414825,0.23688195991091315,0.25405309103866025,0.23692883227932662,0.23699679372996083,0.2540742719743521,0.27622439893143363,0.27628884337993054,0.2540954415954416,0.25416184456512064,0.27630407690938225,0.2542056074766355,0.23273406906372374,0.27631930230488566,0.27638369816693364,0.23685381261678085,0.276423487544484,0.23690063161640423,0.23696851094111368,0.27643867295205904,0.2370152970473141,0.2764784348599377,0.2540458829806153,0.23704098870809995,0.2540896159317212,0.2370877411325451,0.27644444444444444,0.23713447693538353,0.25408816210451474,0.23718119612547764,0.25413186422605294,0.2372278987116837,0.232409381663113,0.23727458470285157,0.2541303961627287,0.2541966426858513,0.25426287744227355,0.2762632093064559,0.2763274729177766,0.23723697061173754,0.25426136363636365,0.23231247225920995,0.2543049884608557,0.23724150173071804,0.25434859779907704,0.27624456473511405,0.2543921916592724,0.27628426936385414,0.2544357700496806,0.2545019072119223,0.254568032641476,0.27627494456762747,0.25461156438453353,0.23215394165114836,0.25465508068806525,0.25472116322369004,0.2547872340425532,0.23703572378335255,0.25483070377592626,0.2761676858991403,0.2762318326834456,0.2370403190075321,0.25482899167109696,0.237086914149021,0.23715450035435862,0.25484985384002123,0.2549158547387068,0.2549818439465061,0.255047821466525,0.23191357478083768,0.23711705330263858,0.23718459495351926,0.23725212464589235,0.25502345755510314,0.27597804921224994,0.2550668200725728,0.23185840707964603,0.23192637819661976,0.25508759511590867,0.23719366539856676,0.2759200283085633,0.25510835913312696,0.23191225897753406,0.2371981958079066,0.27591085956844713,0.23193916349809887,0.2550839964633068,0.2551498541243038,0.2371817538896747,0.23724918235658093,0.2319250486123387,0.2758285461776403,0.2372746553552492,0.23195193072369003,0.2320197914825941,0.2758194186765615,0.2758833922261484,0.2759473544739864,0.2549902844020491,0.23200565221231123,0.23207347227128222,0.23717439293598233,0.27591382659367825,0.2549660104175863,0.2759533898305085,0.25500926824962483,0.2759929390997352,0.25505251081104935,0.2551182492057889,0.2370952086826083,0.23716251985177342,0.2759594177326864,0.2372088920254058,0.255093940195819,0.25515964014817427,0.25522532851221447,0.2318342151675485,0.2319019486817741,0.23717157467818728,0.2758529489553028,0.2372179125528914,0.2372851476421331,0.25515600211528294,0.25522164448752976,0.23184702150158618,0.23191470614151027,0.2757709251101322,0.27583472821777816,0.23722692036645526,0.23729410728441822,0.2758499207327814,0.23734037868780272,0.25510743219443466,0.23738663379413577,0.2374537770734284,0.25512809226164274,0.27579225352112674,0.2317577678021301,0.2551487414187643,0.2758074452169321,0.2374164026751144,0.2317641882974043,0.2318317789899701,0.2551244831529867,0.23742083040112597,0.2757498460726537,0.23746701846965698,0.23753407791750947,0.23179739711572284,0.2375802338872769,0.23764726569368735,0.255032967032967,0.23769338959212377,0.25507603058802847,0.2551415011425558,0.23174268389137886,0.2755711775043937,0.2376768298040594,0.2756106132489896,0.2756742510761662,0.23770203794799719,0.25507246376811593,0.27568944317582994,0.237727232809344,0.275728837372673,0.23777329001668276,0.23784021071115014,0.23158634009305593,0.23788623595505617,0.2549811287632757,0.27567140600315954,0.25502413339183855,0.25508950508950506,0.23786961481091515,0.2379364800842253,0.23151153609965786,0.25508771929824564,0.23155863520743794,0.23162603052096123,0.2379198456546523,0.23798667134338827,0.25506356861025864,0.2380326144134666,0.27544490225300255,0.2550841514726508,0.23805767376632483,0.23812445223488168,0.2551047235124003,0.23817034700315456,0.2382370980460878,0.231470124408621,0.27533946561541833,0.23151716888577434,0.23158447928527634,0.27535470310036786,0.2381994920746125,0.2382661996497373,0.25496891690745116,0.2315706531255472,0.25501181826140246,0.2550770308123249,0.27527352297593,0.25511990197794504,0.2315568390653715,0.2316240812040602,0.23816606877242102,0.23167104111986,0.2382118799755052,0.2751924422673198,0.27525583836263445,0.23823683750218647,0.23830345430695235,0.2752710738020287,0.23834921745212906,0.23159643294282217,0.23839496459480725,0.23846153846153847,0.27523817848090204,0.23850725397657752,0.25482827929738705,0.2752534078993359,0.23853211009174313,0.23859863707845536,0.2386651524416878,0.27524458420684833,0.23871080443706874,0.2752838427947598,0.2547375775041481,0.25480265455815576,0.2752990482842923,0.2386939060590187,0.25482322130074203,0.27531424581005587,0.27537749847254955,0.2754407400942573,0.2548215376559909,0.23865619546247818,0.23121891632492803,0.27543186180422263,0.23868097356712903,0.2547976273551989,0.2754470126471871,0.2755102040816326,0.2755733844946368,0.27563655388908265,0.25477373790217106,0.23862249346120315,0.23110452445296836,0.23866806136680613,0.23873441994247363,0.27557957120446225,0.2547276688453159,0.2756186824677588,0.23873834625773285,0.23880466980310158,0.23103057757644394,0.275609756097561,0.23107743227941818,classic
