5_97513854_97531309,1.0,0.5,0.3333333333333333,0.5,0.2,0.5,0.2857142857142857,0.25,0.3333333333333333,0.4,0.45454545454545453,0.5,0.15384615384615385,0.2857142857142857,0.3333333333333333,0.1875,0.23529411764705882,0.2777777777777778,0.3684210526315789,0.3,0.14285714285714285,0.3181818181818182,0.17391304347826086,0.3333333333333333,0.36,0.38461538461538464,0.2222222222222222,0.17857142857142858,0.27586206896551724,0.36666666666666664,0.3870967741935484,0.28125,0.3939393939393939,0.4117647058823529,0.42857142857142855,0.19444444444444445,0.2702702702702703,0.15789473684210525,0.20512820512820512,0.275,0.2926829268292683,0.30952380952380953,0.20930232558139536,0.3181818181818182,0.35555555555555557,0.3695652173913043,0.2127659574468085,0.375,0.30612244897959184,0.32,0.37254901960784315,0.38461538461538464,0.20754716981132076,0.3148148148148148,0.21818181818181817,0.32142857142857145,0.22807017543859648,0.3620689655172414,0.3728813559322034,0.23333333333333334,0.3114754098360656,0.3225806451612903,0.1111111111111111,0.328125,0.12307692307692308,0.3333333333333333,0.34328358208955223,0.1323529411764706,0.34782608695652173,0.32857142857142857,0.3380281690140845,0.20833333333333334,0.3424657534246575,0.33783783783783783,0.13333333333333333,0.34210526315789475,0.33766233766233766,0.34615384615384615,0.34177215189873417,0.35,0.35802469135802467,0.1951219512195122,0.3614457831325301,0.13095238095238096,0.1411764705882353,0.32558139534883723,0.3563218390804598,0.32954545454545453,0.14606741573033707,0.15555555555555556,0.3516483516483517,0.358695652173913,0.1827956989247312,0.3617021276595745,0.18947368421052632,0.3645833333333333,0.1958762886597938,0.30612244897959184,0.20202020202020202,0.36,0.36633663366336633,0.20588235294117646,0.14563106796116504,0.36538461538461536,0.37142857142857144,0.37735849056603776,0.205607476635514,0.14814814814814814,0.3761467889908257,0.20909090909090908,0.3783783783783784,0.21428571428571427,0.22123893805309736,0.2719298245614035,0.14782608695652175,0.22413793103448276,0.27350427350427353,0.2796610169491525,0.2857142857142857,0.15,0.15702479338842976,0.16393442622950818,0.2845528455284553,0.1693548387096774,0.288,0.1746031746031746,0.33858267716535434,0.34375,0.2868217054263566,0.17692307692307693,0.2900763358778626,0.29545454545454547,0.3383458646616541,0.34328358208955223,0.34814814814814815,0.35294117647058826,0.35766423357664234,0.1956521739130435,0.28776978417266186,0.2,0.1702127659574468,0.176056338028169,0.20279720279720279,0.2847222222222222,0.2896551724137931,0.2945205479452055,0.20408163265306123,0.17567567567567569,0.2953020134228188,0.3,0.304635761589404,0.3092105263157895,0.3137254901960784,0.3181818181818182,0.3225806451612903,0.17307692307692307,0.3248407643312102,0.17721518987341772,0.18238993710691823,0.3125,0.3167701863354037,0.18518518518518517,0.1901840490797546,0.1951219512195122,0.3151515151515151,0.3192771084337349,0.19760479041916168,0.32142857142857145,0.3254437869822485,0.32941176470588235,0.3333333333333333,0.19767441860465115,0.1791907514450867,0.3333333333333333,0.33714285714285713,0.19886363636363635,0.2937853107344633,0.20224719101123595,0.29608938547486036,0.3333333333333333,0.20441988950276244,0.17582417582417584,0.29508196721311475,0.29891304347826086,0.1783783783783784,0.20430107526881722,0.2994652406417112,0.324468085106383,0.20634920634920634,0.3263157894736842,0.3298429319371728,0.20833333333333334,0.17616580310880828,0.32989690721649484,0.2923076923076923,0.33163265306122447,0.3350253807106599,0.20707070707070707,0.2914572864321608,0.295,0.208955223880597,0.17326732673267325,0.2955665024630542,0.29901960784313725,0.17560975609756097,0.2087378640776699,0.2995169082125604,0.32211538461538464,0.3253588516746411,0.32857142857142857,0.33175355450236965,0.17452830188679244,0.3333333333333333,0.205607476635514,0.2930232558139535,0.20833333333333334,0.2119815668202765,0.29357798165137616,0.2968036529680365,0.3,0.17194570135746606,0.30180180180180183,0.21076233183856502,0.30357142857142855,0.32,0.17256637168141592,0.21145374449339208,0.3026315789473684,0.31877729257641924,0.21304347826086956,0.3203463203463203,0.3232758620689655,0.3261802575107296,0.32905982905982906,0.33191489361702126,0.3347457627118644,0.2109704641350211,0.33613445378151263,0.3389121338912134,0.3416666666666667,0.21161825726141079,0.21487603305785125,0.34156378600823045,0.16393442622950818,0.34285714285714286,0.34552845528455284,0.2834008097165992,0.2862903225806452,0.1646586345381526,0.168,0.21115537848605578,0.21428571428571427,0.33992094861660077,0.28346456692913385,0.3411764705882353,0.16796875,0.2140077821011673,0.34108527131782945,0.3436293436293436,0.2153846153846154,0.2796934865900383,0.3435114503816794,0.16730038022813687,0.3446969696969697,0.21509433962264152,0.2781954887218045,0.3445692883895131,0.16791044776119404,0.2788104089219331,0.34444444444444444,0.28044280442804426,0.28308823529411764,0.3443223443223443,0.1678832116788321,0.28363636363636363,0.3442028985507246,0.16967509025270758,0.2841726618705036,0.34408602150537637,0.20714285714285716,0.2099644128113879,0.34397163120567376,0.2826855123674912,0.2112676056338028,0.16842105263157894,0.28321678321678323,0.2857142857142857,0.3402777777777778,0.1695501730103806,0.3413793103448276,0.20962199312714777,0.3424657534246575,0.2832764505119454,0.2857142857142857,0.3423728813559322,0.16891891891891891,0.28619528619528617,0.28859060402684567,0.3411371237458194,0.17,0.34219269102990035,0.3443708609271523,0.3465346534653465,0.17105263157894737,0.3475409836065574,0.28431372549019607,0.3485342019543974,0.17207792207792208,0.284789644012945,0.2870967741935484,0.34726688102893893,0.17307692307692307,0.19808306709265175,0.28662420382165604,0.28888888888888886,0.2911392405063291,0.17350157728706625,0.29245283018867924,0.2946708463949843,0.340625,0.3426791277258567,0.2950310559006211,0.34365325077399383,0.1728395061728395,0.3446153846153846,0.17484662576687116,0.29357798165137616,0.3445121951219512,0.1762917933130699,0.29393939393939394,0.29607250755287007,0.29819277108433734,0.34234234234234234,0.2994011976047904,0.34328358208955223,0.17559523809523808,0.18694362017804153,0.2988165680473373,0.3008849557522124,0.3029411764705882,0.34017595307917886,0.17543859649122806,0.34110787172011664,0.3023255813953488,0.34202898550724636,0.17630057803468208,0.3025936599423631,0.1839080459770115,0.18624641833810887,0.18857142857142858,0.301994301994302,0.3039772727272727,0.3059490084985836,0.18926553672316385,0.30704225352112674,0.19101123595505617,0.3081232492997199,0.3100558659217877,0.31197771587743733,0.33055555555555555,0.17174515235457063,0.31215469613259667,0.3140495867768595,0.3159340659340659,0.18904109589041096,0.1912568306010929,0.31607629427792916,0.19293478260869565,0.3170731707317073,0.1945945945945946,0.1967654986522911,0.1989247311827957,0.3163538873994638,0.16844919786096257,0.31733333333333336,0.19946808510638298,0.3183023872679045,0.20105820105820105,0.31926121372031663,0.16842105263157894,0.2020997375328084,0.31413612565445026,0.3185378590078329,0.203125,0.2051948051948052,0.20725388601036268,0.20930232558139536,0.3170103092783505,0.31876606683804626,0.31025641025641026,0.16624040920716113,0.1683673469387755,0.3104325699745547,0.31218274111675126,0.31645569620253167,0.1691919191919192,0.3123425692695214,0.20603015075376885,0.3157894736842105,0.3175,0.3192019950124688,0.3208955223880597,0.1687344913151365,0.3094059405940594,0.17037037037037037,0.32019704433497537,0.20393120393120392,0.32107843137254904,0.20537897310513448,0.32195121951219513,0.3236009732360097,0.20631067961165048,0.3050847457627119,0.20772946859903382,0.20963855421686747,0.32211538461538464,0.3237410071942446,0.21052631578947367,0.324582338902148,0.30238095238095236,0.3254156769596199,0.32701421800947866,0.32860520094562645,0.330188679245283,0.16470588235294117,0.16666666666666666,0.33021077283372363,0.16822429906542055,0.17016317016317017,0.2069767441860465,0.29698375870069604,0.3287037037037037,0.3302540415704388,0.3317972350230415,0.296551724137931,0.2981651376146789,0.16933638443935928,0.2054794520547945,0.33029612756264237,0.20681818181818182,0.3310657596371882,0.16968325791855204,0.2076749435665914,0.29504504504504503,0.3303370786516854,0.2085201793721973,0.21029082774049218,0.21205357142857142,0.21380846325167038,0.3288888888888889,0.3303769401330377,0.2920353982300885,0.16777041942604856,0.1696035242290749,0.2923076923076923,0.29385964912280704,0.3282275711159737,0.1703056768558952,0.29411764705882354,0.2108695652173913,0.3275488069414317,0.329004329004329,0.3304535637149028,0.33189655172413796,0.16989247311827957,0.2918454935622318,0.33190578158458245,0.2094017094017094,0.3326226012793177,0.33404255319148934,0.21019108280254778,0.3347457627118644,0.3361522198731501,0.2109704641350211,0.28842105263157897,0.21218487394957983,0.2138364779874214,0.33472803347280333,0.33611691022964507,0.21458333333333332,0.3367983367983368,0.2863070539419087,0.33747412008281574,0.33884297520661155,0.3402061855670103,0.2139917695473251,0.28542094455852157,0.16393442622950818,0.3394683026584867,0.1653061224489796,0.1670061099796334,0.3394308943089431,0.2839756592292089,0.340080971659919,0.3414141414141414,0.34274193548387094,0.3440643863179074,0.16666666666666666,0.1683366733466934,0.21,0.34331337325349304,0.21115537848605578,0.34393638170974156,0.16865079365079366,0.21188118811881188,0.27865612648221344,0.3431952662721893,0.34448818897637795,0.21218074656188604,0.21372549019607842,0.21526418786692758,0.34375,0.27680311890838205,0.2782101167315175,0.1669902912621359,0.1686046511627907,0.27852998065764023,0.2799227799227799,0.2138728323699422,0.16923076923076924,0.2802303262955854,0.21455938697318008,0.3384321223709369,0.33969465648854963,0.34095238095238095,0.34220532319391633,0.16888045540796964,0.2784090909090909,0.17013232514177692,0.21320754716981133,0.3408662900188324,0.34210526315789475,0.21388367729831145,0.1704119850187266,0.17196261682242991,0.27611940298507465,0.2774674115456238,0.2137546468401487,0.3395176252319109,0.34074074074074073,0.27726432532347506,0.2140221402214022,0.3406998158379374,0.21507352941176472,0.3412844036697248,0.17032967032967034,0.21572212065813529,0.17153284671532848,0.2167577413479053,0.34,0.2177858439201452,0.21920289855072464,0.2206148282097649,0.33935018050541516,0.34054054054054056,0.2715827338129496,0.17055655296229802,0.17204301075268819,0.27191413237924866,0.2732142857142857,0.2192513368983957,0.17259786476868327,0.27353463587921845,0.2198581560283688,0.336283185840708,0.3374558303886926,0.3386243386243386,0.3397887323943662,0.17223198594024605,0.34035087719298246,0.2714535901926445,0.17307692307692307,0.2181500872600349,0.3397212543554007,0.3408695652173913,0.21875,0.2703639514731369,0.3408304498269896,0.21934369602763384,0.2706896551724138,0.22030981067125646,0.22164948453608246,0.22298456260720412,0.339041095890411,0.22393162393162394,0.22525597269624573,0.26916524701873934,0.17006802721088435,0.17147707979626486,0.33728813559322035,0.17258883248730963,0.2685810810810811,0.224283305227656,0.26936026936026936,0.22521008403361345,0.33557046979865773,0.33668341708542715,0.3377926421404682,0.2687813021702838,0.17166666666666666,0.22462562396006655,0.3372093023255814,0.22553897180762852,0.33774834437086093,0.26776859504132233,0.22607260726072606,0.2685337726523888,0.3371710526315789,0.22660098522167488,0.2278688524590164,0.22913256955810146,0.23039215686274508,0.3360522022838499,0.33713355048859933,0.26666666666666666,0.16883116883116883,0.26742301458670986,0.16990291262135923,0.2681744749596123,0.33548387096774196,0.1706924315619968,0.2684887459807074,0.22792937399678972,0.3349358974358974,0.336,0.33706070287539935,0.33811802232854865,0.17038216560509553,0.2670906200317965,0.17142857142857143,0.2266244057052298,0.3370253164556962,0.3380726698262243,0.22712933753943218,0.17165354330708663,0.26572327044025157,0.2668759811616955,0.26802507836990597,0.2269170579029734,0.3359375,0.3369734789391576,0.26791277258566976,0.22706065318818042,0.33695652173913043,0.22790697674418606,0.33746130030959753,0.17001545595054096,0.22839506172839505,0.17103235747303544,0.22923076923076924,0.33640552995391704,0.23006134969325154,0.23124042879019907,0.2324159021406728,0.33587786259541985,0.33689024390243905,0.2633181126331811,0.1702127659574468,0.17147192716236723,0.2636363636363636,0.264750378214826,0.2311178247734139,0.17194570135746606,0.26506024096385544,0.23157894736842105,0.17267267267267267,0.3328335832083958,0.3338323353293413,0.33482810164424515,0.17313432835820897,0.3353204172876304,0.26339285714285715,0.1738484398216939,0.22997032640949555,0.3348148148148148,0.33579881656804733,0.33677991137370755,0.17404129793510326,0.33726067746686306,0.22941176470588234,0.26138032305433184,0.23020527859237536,0.23133235724743778,0.2324561403508772,0.3357664233576642,0.23323615160349853,0.33624454148471616,0.2601744186046512,0.17271407837445574,0.17391304347826086,0.3357452966714906,0.17485549132947978,0.2597402597402597,0.23198847262247838,0.260431654676259,0.33477011494252873,0.3357245337159254,0.336676217765043,0.3376251788268956,0.26,0.17403708987161198,0.23076923076923078,0.33712660028449504,0.2315340909090909,0.3375886524822695,0.17422096317280453,0.23196605374823195,0.2584745762711864,0.33709449929478136,0.3380281690140845,0.2320675105485232,0.23314606741573032,0.23422159887798036,0.33753501400560226,0.3384615384615385,0.2569832402234637,0.17294281729428174,0.17409470752089137,0.17524339360222532,0.2569444444444444,0.23300970873786409,0.17590027700831026,0.2572614107883817,0.23342541436464087,0.3351724137931035,0.33608815426997246,0.33700137551581844,0.33791208791208793,0.1755829903978052,0.25616438356164384,0.17647058823529413,0.23224043715846995,0.3369713506139154,0.33787465940054495,0.23265306122448978,0.3383152173913043,0.23337856173677068,0.23441734417344173,0.2354533152909337,0.33783783783783783,0.25371120107962214,0.33827493261455527,0.3391655450874832,0.23521505376344087,0.3395973154362416,0.34048257372654156,0.3413654618473896,0.3422459893048128,0.3431241655540721,0.344,0.17310252996005326,0.23404255319148937,0.250996015936255,0.23474801061007958,0.343046357615894,0.23544973544973544,0.17305151915455746,0.25065963060686014,0.3425559947299078,0.1736842105263158,0.1747700394218134,0.3425196850393701,0.17562254259501967,0.2342931937172775,0.2496732026143791,0.34203655352480417,0.2503259452411995,0.3424479166666667,0.3433029908972692,0.23376623376623376,0.3437094682230869,0.17487046632124353,0.24967658473479948,0.34366925064599485,0.17548387096774193,0.23324742268041238,0.3436293436293436,0.2493573264781491,0.2336328626444159,0.25,0.34314980793854033,0.17519181585677748,0.34355044699872284,0.34438775510204084,0.24968152866242038,0.23282442748091603,0.2503176620076239,0.34390862944162437,0.34474017743979724,0.23291139240506328,0.34513274336283184,0.34595959595959597,0.24968474148802017,0.17380352644836272,0.17484276729559747,0.17587939698492464,0.17691342534504392,0.24937343358395989,0.2503128911138924,0.34375,0.3445692883895131,0.34538653366583544,0.17683686176836863,0.17786069651741293,0.22981366459627328,0.23076923076923078,0.23172242874845106,0.34405940594059403,0.34487021013597036,0.17777777777777778,0.34525277435265106,0.24753694581280788,0.3456334563345633,0.3464373464373464,0.347239263803681,0.23039215686274508,0.24724602203182375,0.3471882640586797,0.24786324786324787,0.17682926829268292,0.17783191230207065,0.17883211678832117,0.22964763061968407,0.345873786407767,0.24727272727272728,0.24818401937046006,0.24909310761789602,0.22946859903381642,0.24969843184559712,0.25060240963855424,0.17809867629362214,0.2512019230769231,0.25210084033613445,0.2529976019184652,0.25389221556886227,0.34210526315789475,0.3428912783751493,0.3436754176610978,0.17759237187127533,0.25357142857142856,0.2544589774078478,0.25534441805225655,0.25622775800711745,0.3424170616113744,0.3431952662721893,0.2565011820330969,0.2255017709563164,0.25707547169811323,0.2579505300353357,0.25882352941176473,0.2256169212690952,0.3415492957746479,0.25908558030480655,0.34192037470725994,0.17543859649122806,0.1764018691588785,0.22520420070011668,0.3414918414918415,0.22584400465657742,0.22674418604651161,0.2578397212543554,0.34106728538283065,0.34183082271147164,0.25810185185185186,0.2589595375722543,0.25981524249422633,0.2606689734717416,0.26152073732718895,0.22554660529344073,0.2264367816091954,0.33983926521239954,0.34059633027522934,0.3413516609392898,0.22654462242562928,0.3417142857142857,0.2271689497716895,0.22805017103762829,0.22892938496583143,0.229806598407281,0.3409090909090909,0.2304199772985244,0.3412698412698413,0.3420158550396376,0.17194570135746606,0.2576271186440678,0.2584650112866817,0.2593010146561443,0.17229729729729729,0.1732283464566929,0.2595505617977528,0.26038159371492703,0.26121076233183854,0.2620380739081747,0.17337807606263983,0.17430167597765364,0.17522321428571427,0.3377926421404682,0.1759465478841871,0.22691879866518352,0.22777777777777777,0.26082130965593786,0.2616407982261641,0.26245847176079734,0.17588495575221239,0.17679558011049723,0.26269315673289184,0.26350606394707826,0.2643171806167401,0.26512651265126513,0.17692307692307693,0.265642151481888,0.26644736842105265,0.3329682365826944,0.26695842450765866,0.2677595628415301,0.17685589519650655,0.2682660850599782,0.2690631808278867,0.26985854189336234,0.27065217391304347,0.3311617806731813,0.3318872017353579,0.27085590465872156,0.22294372294372294,0.27135135135135136,0.33153347732181426,0.22330097087378642,0.27155172413793105,0.2723358449946179,0.3311827956989247,0.3319011815252417,0.27253218884120173,0.22293676312968919,0.27301927194860814,0.2235294117647059,0.27350427350427353,0.33084311632870866,0.27398720682302774,0.2747603833865815,0.33085106382978724,0.27523910733262485,0.33121019108280253,0.22269353128313893,0.17266949152542374,0.2751322751322751,0.22304439746300211,0.17317845828933473,0.27531645569620256,0.2760800842992624,0.1736842105263158,0.22292323869610936,0.328781512605042,0.22350472193074503,0.27568134171907754,0.3287958115183246,0.22384937238493724,0.22466039707419017,0.1732776617954071,0.22523461939520334,0.275,0.32778355879292403,0.3284823284823285,0.2751817237798546,0.22510373443983403,0.2756476683937824,0.27639751552795033,0.17269906928645296,0.2768595041322314,0.22497420020639836,0.22577319587628866,0.32646755921730175,0.1728395061728395,0.1736896197327852,0.17453798767967146,0.3261538461538461,0.27561475409836067,0.3265097236438076,0.17484662576687116,0.3268641470888662,0.2755102040816326,0.17533129459734964,0.3268839103869654,0.3275686673448627,0.1758130081300813,0.32791878172588834,0.2231237322515213,0.1762917933130699,0.32793522267206476,0.22345803842264914,0.22424242424242424,0.2734611503531786,0.3276209677419355,0.17623363544813697,0.32796780684104626,0.2241206030150754,0.2248995983935743,0.3279839518555667,0.3286573146292585,0.22522522522522523,0.272,0.17582417582417584,0.3283433133732535,0.22532402791625125,0.3286852589641434,0.1761194029850746,0.3290258449304175,0.2711022840119166,0.2718253968253968,0.17641228939544104,0.2722772277227723,0.27299703264094954,0.22430830039525693,0.2250740375123396,0.1765285996055227,0.17733990147783252,0.1781496062992126,0.32645034414945917,0.27210216110019647,0.3267909715407262,0.32745098039215687,0.2722820763956905,0.27299412915851273,0.32746823069403713,0.177734375,0.2731707317073171,0.27387914230019494,0.17818889970788704,0.27431906614785995,0.32653061224489793,0.27475728155339807,0.22211445198836083,0.32655038759689925,0.2749273959341723,0.22243713733075435,0.22318840579710145,0.2750965250965251,0.2757955641272903,0.2764932562620424,0.27718960538979787,0.2778846153846154,0.2228626320845341,0.1765834932821497,0.17737296260786195,0.1781609195402299,0.22296650717703348,0.2237093690248566,0.224450811843362,0.32251908396946566,0.224976167778837,0.2257142857142857,0.22645099904852523,0.27566539923954375,0.32193732193732194,0.3225806451612903,0.3232227488151659,0.32386363636363635,0.2753074739829707,0.1767485822306238,0.22568460812086874,0.32358490566037734,0.177191328934967,0.2749529190207156,0.2756349952963311,0.17763157894736842,0.22535211267605634,0.3227016885553471,0.3233364573570759,0.22565543071161048,0.22637979420018708,0.22710280373831776,0.22782446311858076,0.27425373134328357,0.22833178005591798,0.3221601489757914,0.17674418604651163,0.3224907063197026,0.27390900649953576,0.3228200371057514,0.32344763670064874,0.2740740740740741,0.17668825161887142,0.17744916820702403,0.17820867959372114,0.32287822878228783,0.32350230414746545,0.27348066298342544,0.17847286108555657,0.2261029411764706,0.32323232323232326,0.27339449541284405,0.3235563703024748,0.2261904761904762,0.22689844464775846,0.3235831809872029,0.3242009132420091,0.2271897810218978,0.17775752051048313,0.27231329690346084,0.272975432211101,0.1781818181818182,0.22706630336058128,0.2731397459165154,0.22756119673617406,0.22826086956521738,0.27330316742081445,0.2739602169981917,0.27461607949412825,0.3212996389891697,0.1776375112714157,0.2747747747747748,0.22772277227722773,0.22841726618705036,0.32075471698113206,0.2746858168761221,0.17757847533632287,0.22849462365591397,0.3205013428827216,0.3211091234347048,0.1778373547810545,0.2741071428571429,0.32114183764495985,0.27450980392156865,0.32146037399821903,0.3220640569395018,0.32266666666666666,0.32326820603907636,0.323868677905945,0.22695035460992907,0.2736935341009743,0.2743362831858407,0.32360742705570295,0.22703180212014135,0.176522506619594,0.2742504409171076,0.2748898678414097,0.22711267605633803,0.3227792436235708,0.3233743409490334,0.32396839332748023,0.32456140350877194,0.22699386503067484,0.3248686514886165,0.17585301837270342,0.32517482517482516,0.22707423580786026,0.2731239092495637,0.22755013077593722,0.1759581881533101,0.2280243690165361,0.22869565217391305,0.2728062554300608,0.3237847222222222,0.32437120555073723,0.32495667244367415,0.3255411255411255,0.27249134948096887,0.3258426966292135,0.32642487046632124,0.272648835202761,0.3267241379310345,0.3273040482342808,0.3278829604130809,0.22699914015477213,0.17439862542955326,0.17510729613733905,0.22727272727272727,0.22793487574978577,0.3270547945205479,0.17536355859709152,0.17606837606837608,0.32707087959009395,0.27047781569965873,0.3273657289002558,0.32793867120954,0.32851063829787236,0.1760204081632653,0.3288020390824129,0.3293718166383701,0.17642069550466496,0.26949152542372884,0.3293818797629128,0.17681895093062605,0.32967032967032966,0.17736486486486486,0.22531645569620254,0.3296795952782462,0.22577927548441448,0.32996632996632996,0.2682926829268293,0.3302521008403361,0.17716204869857263,0.17785234899328858,0.22548197820620286,0.22613065326633167,0.3297071129707113,0.17809364548494983,0.2673350041771094,0.2679465776293823,0.17848206839032527,0.32916666666666666,0.22564529558701082,0.32945091514143093,0.17871986699916875,0.17940199335548174,0.32946058091286307,0.22553897180762852,0.22618061309030654,0.22682119205298013,0.3291976840363937,0.32975206611570246,0.22708505367464904,0.33003300330033003,0.2654575432811212,0.33031301482701814,0.26584362139917694,0.17845394736842105,0.33032046014790467,0.17898193760262726,0.3305988515176374,0.2262295081967213,0.3308763308763309,0.3314238952536825,0.33197056418642684,0.33251633986928103,0.17877551020408164,0.33278955954323003,0.3333333333333333,0.26384364820846906,0.22538649308380798,0.3333333333333333,0.3338748984565394,0.17857142857142858,0.1792376317923763,0.2252836304700162,0.2631578947368421,0.26375404530744334,0.3330638641875505,0.22536348949919224,0.1791767554479419,0.26370967741935486,0.22562449637389204,0.3325281803542673,0.333065164923572,0.22588424437299034,0.26345381526104417,0.3330658105939005,0.22614274258219727,0.2267628205128205,0.33306645316253003,0.2272,0.2278177458033573,0.1781150159744409,0.33280127693535516,0.22807017543859648,0.17848605577689244,0.2619426751592357,0.26252983293556087,0.17885532591414943,0.22795869737887212,0.33174603174603173,0.2624900872323553,0.2630744849445325,0.1789390340459224,0.17958860759493672,0.3312252964426877,0.33175355450236965,0.22730860299921074,0.33201892744479494,0.3325453112687155,0.2622047244094488,0.17938630999213218,0.33254716981132076,0.17989002356637862,0.2621664050235479,0.2627450980392157,0.22648902821316613,0.22709475332811277,0.22769953051643194,0.2627052384675528,0.33125,0.3317720530835285,0.22776911076443057,0.33203429462197975,0.3325545171339564,0.17898832684824903,0.22783825816485226,0.33255633255633255,0.3330745341614907,0.22808378588052755,0.3333333333333333,0.3338497288923315,0.228328173374613,0.22892498066511988,0.178516228748068,0.17915057915057914,0.3333333333333333,0.17964533538936006,0.33359013867488446,0.33410315627405696,0.2592307692307692,0.33435818601076095,0.3348694316436252,0.17958557175748274,0.227760736196319,0.3348659003831418,0.33537519142419603,0.22800306044376434,0.17966360856269112,0.33537051184110006,0.22824427480916032,0.2578184591914569,0.22865853658536586,0.3351104341203351,0.1796042617960426,0.25779467680608364,0.25835866261398177,0.22854973424449507,0.25872534142640363,0.25928733889310085,0.25984848484848483,0.2604087812263437,0.17927382753403934,0.22826908541194255,0.3330815709969788,0.33358490566037735,0.1794871794871795,0.25998492840994725,0.2605421686746988,0.3333333333333333,0.17969924812030075,0.18031555221637866,0.2605105105105105,0.18079519879969994,0.2608695652173913,0.2614232209737828,0.2619760479041916,0.262528047868362,0.226457399103139,0.2270351008215086,0.2626865671641791,0.33109619686800895,0.18032786885245902,0.3313477289650037,0.3318452380952381,0.18066914498141265,0.262258543833581,0.22642910170749814,0.22700296735905046,0.3313565604151223,0.33185185185185184,0.18060695780903036,0.2618343195266272,0.3318551367331855,0.1809453471196455,0.22656826568265684,0.2617994100294985,0.1812822402358143,0.33136966126656847,0.1817512877115526,0.18235294117647058,0.331373989713446,0.1828193832599119,0.33162142333088773,0.3321114369501466,0.18315018315018314,0.3323572474377745,0.18361375274323335,0.18421052631578946,0.22498173849525202,0.33211678832116787,0.22538293216630198,0.2259475218658892,0.25928623452294247,0.259825327510917,0.26036363636363635,0.22601744186046513,0.22657952069716775,0.260522496371553,0.22697606961566352,0.33043478260869563,0.33091962346125997,0.3314037626628075,0.3318872017353579,0.26011560693641617,0.33212996389891697,0.33261183261183264,0.2602739726027397,0.260806916426513,0.3326133909287257,0.33309352517985613,0.22573687994248742,0.1817528735632184,0.3330940416367552,0.2259684361549498,0.3333333333333333,0.1819484240687679,0.18253400143163923,0.22603719599427755,0.226590421729807,0.2592857142857143,0.22698072805139186,0.33238231098430815,0.3328581610833927,0.2272079772079772,0.2277580071174377,0.2283072546230441,0.3326226012793177,0.3330965909090909,0.33356990773598294,0.22836879432624113,0.18143160878809356,0.1820113314447592,0.22859164897381457,0.3330975954738331,0.1823321554770318,0.2570621468926554,0.3330980945659845,0.3335684062059238,0.18252290345313602,0.25704225352112675,0.25756509500351865,0.3333333333333333,0.3338018271257906,0.18258426966292135,0.2575438596491228,0.22720897615708274,0.33356692361597756,0.33403361344537813,0.22743177046885935,0.2573426573426573,0.33403214535290005,0.3344972067039106,0.2575017445917655,0.33472803347280333,0.335191637630662,0.22701949860724233,0.25748086290883787,0.33518776077885953,0.1813759555246699,0.33541666666666664,0.33587786259541985,0.25728155339805825,0.3361053361053361,0.3365650969529086,0.257439446366782,0.3367911479944675,0.18106427090532135,0.2575966850828729,0.336783988957902,0.3372413793103448,0.2253618194348725,0.22589531680440772,0.25739848589125947,0.33700137551581844,0.33745704467353954,0.33791208791208793,0.18050789293067948,0.22565157750342935,0.22618231665524333,0.2267123287671233,0.33744010951403147,0.3378932968536252,0.3383458646616541,0.226775956284153,0.3385665529010239,0.2557980900409277,0.22699386503067484,0.22752043596730245,0.2559564329475834,0.2564625850340136,0.22773623385452074,0.22826086956521738,0.2287847929395791,0.2564450474898236,0.3369491525423729,0.33739837398373984,0.3378469871360867,0.17861975642760486,0.25625422582826235,0.22837837837837838,0.337609723160027,0.22874493927125505,0.22926500337154418,0.17857142857142858,0.17912457912457913,0.17967698519515476,0.3369199731002018,0.18010752688172044,0.229012760241773,0.2295302013422819,0.33668678739101277,0.22989276139410186,0.25452109845947757,0.33668005354752345,0.33712374581939797,0.17981283422459893,0.2545090180360721,0.3371161548731642,0.1801200800533689,0.22933333333333333,0.25449700199866754,0.25499334221038616,0.2554890219560878,0.18018617021276595,0.3362126245847176,0.1806108897742364,0.3364299933642999,0.2553050397877984,0.3366467859509609,0.33708609271523177,0.3375248180013236,0.33796296296296297,0.33840052875082616,0.18031704095112286,0.33861386138613864,0.18073878627968337,0.22742254449571522,0.22793148880105402,0.25411454904542463,0.2546052631578947,0.33793556870479946,0.3383705650459921,0.3388049901510177,0.18044619422572178,0.18098360655737705,0.227391874180865,0.33857236411263913,0.25392670157068065,0.2275997383911053,0.2542483660130719,0.25473546701502287,0.25522193211488253,0.2557077625570776,0.2561929595827901,0.18045602605863192,0.3372395833333333,0.3376707872478855,0.3381014304291287,0.33853151397011044,0.18051948051948052,0.2556781310837119,0.25616083009079116,0.2566429034348671,0.18069948186528498,0.3378640776699029,0.3382923673997413,0.3387201034259858,0.3391472868217054,0.25629438347320854,0.18064516129032257,0.22501611863313992,0.25644329896907214,0.33869929169349644,0.22522522522522523,0.1807073954983923,0.256426735218509,0.25690430314707774,0.33825417201540436,0.33867864015394483,0.18076923076923077,0.2568866111467008,0.18117797695262483,0.3384516954574536,0.3388746803069054,0.2242811501597444,0.2247765006385696,0.18123803446075304,0.33864795918367346,0.33906947100063733,0.25605095541401274,0.3392743475493316,0.22455470737913485,0.256198347107438,0.25667090216010163,0.22476190476190477,0.18083756345177665,0.1813570069752695,0.33840304182509506,0.2564914502849905,0.2569620253164557,0.338393421884883,0.2572692793931732,0.18130132659507264,0.22411616161616163,0.2246056782334385,0.3379571248423707,0.3383742911153119,0.22481108312342568,0.18124606670862178,0.18176100628930816,0.3381521055939661,0.2562814070351759,0.22473320778405526,0.18193224592220827,0.22507836990595612,0.22556390977443608,0.18221665623043207,0.25594493116395495,0.2564102564102564,0.1825,0.2254840724547158,0.2565543071161049,0.25701809107922646,0.2256857855361596,0.2573208722741433,0.2577833125778331,0.2582451773490977,0.22574626865671643,0.33499067743940336,0.25838509316770186,0.33519553072625696,0.18176178660049627,0.33539987600743953,0.3358116480793061,0.22538699690402478,0.33601485148514854,0.18181818181818182,0.22558714462299134,0.33600988264360715,0.2574074074074074,0.18198642813078347,0.25770653514180025,0.25816389402341344,0.18226600985221675,0.25846153846153846,0.25891758917589175,0.33497234173325136,0.3353808353808354,0.33578882750153466,0.3361963190184049,0.3366033108522379,0.18198529411764705,0.2241273729332517,0.2582619339045288,0.22446483180428134,0.33618581907090467,0.18204031765424558,0.3363858363858364,0.18242830994508846,0.18292682926829268,0.22425350396099938,0.22472594397076737,0.18320146074254412,0.2572992700729927,0.25775075987841944,0.18347509113001215,0.33515482695810567,0.33555825242718446,0.25773195876288657,0.33575757575757575,0.3361599030890369,0.1834140435835351,0.33635813672111314,0.25755743651753327,0.18368580060422962,0.22342995169082125,0.22389861194930596,0.2575392038600724,0.2579867389993972,0.258433734939759,0.18362432269717038,0.18411552346570398,0.22369212266987373,0.3347355769230769,0.33513513513513515,0.3355342136854742,0.1841631673665267,0.223621103117506,0.335530257639305,0.33592814371257484,0.22381807301017353,0.25717703349282295,0.2576210400478183,0.33572281959378736,0.22388059701492538,0.2243436754176611,0.25760286225402507,0.22467222884386173,0.3353186420488386,0.3357142857142857,0.2575847709696609,0.18311533888228299,0.2578728461081402,0.2583135391923991,0.2587537091988131,0.25919335705812574,0.1831653823355068,0.3347156398104265,0.25932504440497334,0.3349112426035503,0.33530455351862803,0.22340425531914893,0.2238629651506202,0.25914994096812277,0.22418879056047197,0.33490566037735847,0.18267530936947554,0.22438162544169613,0.2248381400824014,0.25882352941176473,0.22516166960611406,0.33431257344300824,0.2589547856723429,0.22535211267605634,0.2592375366568915,0.2596717467760844,0.2255418863503222,0.25995316159250587,0.3335283791691047,0.260233918128655,0.3337229690239626,0.3341121495327103,0.3345008756567426,0.3348891481913652,0.2600583090379009,0.18123543123543123,0.18171228887594643,0.22467986030267753,0.3344968004653869,0.1819767441860465,0.22486926205694363,0.22531939605110338,0.3343006384213581,0.25928074245939675,0.1820289855072464,0.2253765932792584,0.18239722061378114,0.22569444444444445,0.33371891266628106,0.18265895953757225,0.18313113807047948,0.33371824480369516,0.3341027120600115,0.3344867358708189,0.33487031700288183,0.25806451612903225,0.18307426597582038,0.334867663981588,0.18343875790684303,0.1839080459770115,0.22458357265939116,0.22502870264064295,0.22547332185886404,0.3342889908256881,0.25730659025787966,0.25773195876288657,0.22552947910704063,0.2580091533180778,0.2584333905088622,0.25885714285714284,0.33352370074243287,0.2254566210045662,0.22589845978322876,0.2588369441277081,0.25925925925925924,0.3331435079726651,0.22595332953898692,0.22639362912400454,0.22683342808413873,0.22727272727272727,0.25894378194207834,0.3325766174801362,0.2274532047646058,0.33276643990929705,0.33314447592067986,0.33352208380520953,0.18166383701188454,0.22737556561085973,0.2583380440927077,0.25875706214689265,0.3331451157538114,0.18171557562076748,0.18217710095882686,0.22717023675310033,0.2276056338028169,0.25844594594594594,0.33258300506471583,0.18222722159730034,0.33277121978639684,0.33314606741573033,0.18248175182481752,0.1829405162738496,0.3331463825014021,0.3335201793721973,0.18319327731092436,0.3337066069428891,0.2574146614437605,0.3338926174496644,0.33426495248742316,0.25754189944134076,0.18313791178112787,0.33426339285714285,0.33463469046291133,0.18338907469342253,0.18384401114206128,0.18429844097995546,0.3344462993878687,0.3348164627363737,0.25680933852140075,0.25722222222222224,0.25763464741810105,0.18423973362930077,0.2579034941763727,0.2245011086474501,0.18448753462603878,0.25802879291251385,0.2584394023242944,0.1847345132743363,0.18518518518518517,0.33314917127071825,0.3335173937051353,0.18543046357615894,0.33370104798676226,0.3340683572216097,0.334435261707989,0.22356828193832598,0.33461750137589436,0.22387238723872388,0.18526663001649257,0.3346153846153846,0.22405271828665568,0.33479692645444564,0.22435545803620405,0.33497807017543857,0.1852054794520548,0.18565169769989048,0.22441160372194854,0.25601750547045954,0.22471295790049206,0.2562841530054645,0.3342435827416712,0.22489082969432314,0.3344244408074195,0.33478735005452565,0.335149863760218,0.18518518518518517,0.18562874251497005,0.22470076169749728,0.255573681348559,0.2559782608695652,0.33460076045627374,0.3349619978284473,0.33532284319045036,0.33568329718004336,0.22439024390243903,0.25568797399783316,0.22468868435300487,0.25595238095238093,0.335316387236344,0.3356756756756757,0.33603457590491626,0.22462203023758098,0.3362115488397194,0.18446601941747573,0.2555256064690027,0.25592672413793105,0.2245557350565428,0.33584499461786865,0.2560516406670253,0.2564516129032258,0.2568511552928533,0.3356605800214823,0.33601717659688674,0.3363733905579399,0.1839142091152815,0.2240085744908896,0.2244242099625067,0.256423982869379,0.2247191011235955,0.25668449197860965,0.33564938535542493,0.2248931623931624,0.22530699412706887,0.25667022411953044,0.25706666666666667,0.2574626865671642,0.18327117741076185,0.22523961661341854,0.33475252794039384,0.18351063829787234,0.2254120148856991,0.22582359192348567,0.3345724907063197,0.3349256900212314,0.2259946949602122,0.18345705196182396,0.22628510863804982,0.3347457627118644,0.25622022233986236,0.2566137566137566,0.18350079323109467,0.3345665961945032,0.25673534072900156,0.2571277719112988,0.2575197889182058,0.2579113924050633,0.25830258302583026,0.22550052687038988,0.2259083728278041,0.3336842105263158,0.3340347185691741,0.1829652996845426,0.33420914345769837,0.22584033613445378,0.33438320209973754,0.18310598111227702,0.2574724698479287,0.2578616352201258,0.2582503928758512,0.25863874345549737,0.22553636839351124,0.33368200836820083,0.3340303188708834,0.3343782654127482,0.33472584856396864,0.2254697286012526,0.22587376108502868,0.3347236704900938,0.25794684731631057,0.18229166666666666,0.22592399791775117,0.25806451612903225,0.18252730109204368,0.2583160083160083,0.18285714285714286,0.18328141225337488,0.3336792942397509,0.22562240663900415,0.33385173665111456,0.25803108808290154,0.18332470222682548,0.2582815734989648,0.2255561303673047,0.22595656670113753,0.22635658914728682,0.25826446280991733,0.2586473928755808,0.3328173374613003,0.18308406395048996,0.33298969072164947,0.18341061308603812,0.18383110195674562,0.184251158003088,0.22582304526748972,0.3326478149100257,0.2261048304213772,0.22650231124807396,0.25770020533880905,0.22678296562339662,0.25794871794871793,0.33213736545361355,0.2581967213114754,0.25857654889912957,0.18372569089048107,0.22659846547314577,0.22699386503067484,0.3316300459887583,0.25842696629213485,0.2271567126084737,0.2586734693877551,0.3314635390107088,0.1834862385321101,0.33163525216505346,0.25865580448065173,0.33180661577608145,0.2268565615462869,0.33197763091001525,0.22713414634146342,0.22752666328085322,0.3319796954314721,0.33231861998985285,0.22768762677484786,0.2579827673593512,0.3323201621073962,0.3326582278481013,0.25809716599190285,0.25847243297926153,0.3326592517694641,0.3329964628600303,0.22727272727272727,0.22766279656739022,0.3329969727547931,0.18204740292486132,0.22782258064516128,0.2282115869017632,0.22860020140986909,0.3326623049823855,0.3329979879275654,0.22875816993464052,0.25728643216080405,0.257659467604219,0.3328313253012048,0.3331660812844957,0.22868605817452356,0.3333333333333333,0.1813627254509018,0.18177265898848272,0.25725725725725723,0.22861430715357678,0.2575,0.25787106446776614,0.18181818181818182,0.22865701447828257,0.25798403193612773,0.33216957605985037,0.3325024925224327,0.3328350772296961,0.18177290836653387,0.2578397212543554,0.18208955223880596,0.22824465440079564,0.25795228628230615,0.25832091405861896,0.22840119165839126,0.25856079404466503,0.18204365079365079,0.18244918195339613,0.18285431119920714,0.2585438335809807,0.18316831683168316,0.2281048985650668,0.25865479723046486,0.25902125556104794,0.25938735177865613,0.22814814814814816,0.3302073050345508,0.2284163788850518,0.22879684418145957,0.25924100542138984,0.33004926108374383,0.18266863613983259,0.22883858267716536,0.33005410723069356,0.3303834808259587,0.1828009828009828,0.3305500982318271,0.25871379479626905,0.3307163886162905,0.25895046591466403,0.2593137254901961,0.22831945124938754,0.3305582761998041,0.22858541360744003,0.22896281800391388,0.2293398533007335,0.22971652003910067,0.3302393746946751,0.33056640625,0.22986822840409957,0.3307317073170732,0.25841053144807413,0.3308966861598441,0.3312226010716025,0.25851996105160663,0.33138686131386863,0.3317120622568093,0.25862907146329606,0.2293488824101069,0.2588635259834871,0.3315533980582524,0.2590975254730713,0.2594568380213385,0.18080465341735336,0.1812015503875969,0.33123486682808717,0.22894482090997095,0.3313981615868408,0.3317214700193424,0.2290961817303045,0.3318840579710145,0.22935779816513763,0.22972972972972974,0.33188615533043897,0.3322082931533269,0.18072289156626506,0.22976878612716764,0.33220991815117956,0.3325312800769971,0.2299182299182299,0.23028846153846153,0.3325324363286881,0.18059558117195004,0.3326932309169467,0.2571976967370441,0.25755395683453236,0.23010546500479387,0.25778629611883086,0.2303639846743295,0.25801819052178077,0.23062200956937798,0.2309899569583931,0.3317399617590822,0.18012422360248448,0.18051575931232092,0.3317422434367542,0.1808206106870229,0.3319027181688126,0.33222116301239274,0.25726536445926634,0.3323809523809524,0.3326987148976678,0.1807802093244529,0.33285782215882076,0.2300380228136882,0.2570071258907363,0.23029439696106363,0.33270052206929285,0.2571157495256167,0.2574679943100996,0.25781990521327014,0.2581714827096163,0.23011363636363635,0.3322290582110743,0.3325449385052034,0.18014184397163122,0.2580340264650284,0.18044402456306094,0.22993389990557128,0.2581406323737612,0.3320754716981132,0.25836869401225837,0.2587181903864279,0.2298634008478568,0.2589453860640301,0.33176470588235296,0.23000940733772343,0.25905030559473435,0.3317669172932331,0.17989666510098637,0.2591549295774648,0.18019709056780855,0.2298311444652908,0.25925925925925924,0.331302717900656,0.33161592505854803,0.25936329588014984,0.18015910154422088,0.2296538821328344,0.2594670406732118,0.33130841121495325,0.25969173283512376,0.3314659197012138,0.22958469435370976,0.259794776119403,0.33146853146853145,0.1798695246971109,0.33162552398695855,0.18016759776536312,0.33178222429036763,0.33209302325581397,0.3324035332403533,0.18029739776951673,0.332559219693451,0.3328690807799443,0.2589327146171694,0.22866419294990722,0.25915623551228556,0.2289156626506024,0.25937934228809634,0.33240740740740743,0.25960203609440075,0.1799259944495837,0.2598243180767453,0.18022181146025879,0.3321016166281755,0.18051708217913204,0.22842639593908629,0.25968634686346864,0.33195020746887965,0.33225806451612905,0.2284661446338093,0.2596685082872928,0.22871606074551312,0.33210671573137074,0.2597701149425287,0.1801470588235294,0.33210840606339,0.22865013774104684,0.25975217989903626,0.26009174311926603,0.260430994956442,0.26076993583868013,0.26110856619331196,0.26144688644688646,0.2617848970251716,0.3311985361390668,0.33150434385002286,0.33180987202925044,0.22795797167656465,0.26164383561643834,0.26198083067092653,0.2623175182481752,0.22799817601459188,0.2625341841385597,0.26287015945330294,0.17896174863387979,0.3309057806099226,0.33121019108280253,0.17917235106866758,0.33136363636363636,0.2626079054975011,0.3315168029064487,0.3318202451202905,0.1792196007259528,0.26258503401360545,0.3318223028105168,0.17942908926144088,0.3319746376811594,0.1797193300135808,0.26244343891402716,0.2265943012211669,0.3318264014466546,0.1798463624039765,0.1802168021680217,0.33182844243792325,0.22653429602888087,0.2620658547586829,0.3318304779080252,0.18026137899954936,0.18063063063063062,0.1809995497523638,0.3316831683168317,0.18128654970760233,0.26169064748201437,0.26202247191011235,0.26235399820305483,0.22586439155814997,0.22621184919210055,0.2265589950650516,0.3309417040358744,0.2622142536978933,0.18100358422939067,0.1813703537841469,0.18173679498657117,0.33064876957494405,0.2620751341681574,0.1819400983459991,0.18230563002680966,0.18267083519428315,0.33035714285714285,0.26193663543061135,0.2256913470115968,0.33036112349531876,0.3306595365418895,0.2619153674832962,0.2622439893143366,0.22563417890520696,0.22597864768683273,0.22632281013783903,0.3302222222222222,0.2621057307863172,0.26243339253996445,0.26276076342654237,0.22626441881100265,0.32993348115299337,0.262854609929078,0.18165706690296854,0.1820194862710363,0.22620628596724215,0.22654867256637168,0.329500221141088,0.2625994694960212,0.18205921343349535,0.18242049469964663,0.26269315673289184,0.18270079435127978,0.3290692545213939,0.18298059964726632,0.32921992066989864,0.22599118942731278,0.2624394539850286,0.26276408450704225,0.32908051033875935,0.26297273526824977,0.2632967032967033,0.26362038664323373,0.18269653052261747,0.22563652326602282,0.225976305397104,0.3285087719298246,0.2634809294169224,0.26380368098159507,0.26412614980289095,0.3283712784588441,0.1824945295404814,0.2642169728783902,0.18277219064276345,0.2644230769230769,0.18304936653560508,0.2646288209606987,0.26494980357922304,0.26527050610820246,0.26559092891408637,0.22493461203138623,0.3272331154684096,0.32752613240418116,0.22507618632999565,0.2654482158398607,0.2657677250978686,0.26608695652173914,0.2664059104737071,0.22502172024326672,0.3269648284845853,0.22526041666666666,0.26637744034707156,0.3269731136166522,0.32726484612050283,0.26646447140381285,0.1818969250757904,0.26666666666666666,0.26698398961488534,0.18209342560553632,0.32684824902723736,0.18236819360414866,0.18272138228941684,0.3268566493955095,0.22442813983599483,0.26660914581535805,0.326865028029323,0.2668103448275862,0.26712623869021973,0.1826012058570198,0.26732673267326734,0.326592082616179,0.2675268817204301,0.32674118658641443,0.22389342501074344,0.26761168384879724,0.22413052812365822,0.22446351931330472,0.2676962676962677,0.3263293310463122,0.32661808829832834,0.26778063410454156,0.2680942184154176,0.3266267123287671,0.181857081728712,0.1822070145423439,0.26806327490380505,0.26837606837606837,0.3263562580093977,0.32664389410760036,0.18224498506188647,0.26834470989761094,0.18251599147121536,0.32651321398124467,0.1827865360034086,0.18313458262350937,0.22307364836100468,0.2680851063829787,0.3262441514249256,0.32653061224489793,0.22311942201444965,0.268054375531011,0.2683651804670913,0.26867572156196945,0.22316504030547307,0.22349448685326548,0.22382365409071642,0.32584745762711864,0.26853028377806015,0.18247248094834886,0.26872619551417687,0.26903553299492383,0.18266384778012684,0.3254437869822485,0.18293198141106887,0.22339527027027026,0.3254537779653862,0.2687763713080169,0.2690847743568115,0.22344013490725126,0.2692793931731985,0.2695871946082561,0.22357894736842104,0.2239057239057239,0.22423222549432056,0.3246425567703953,0.2694409415720891,0.26974789915966385,0.27005459890802186,0.2703610411418976,0.2706672261854805,0.1820469798657718,0.2708595387840671,0.22380553227158423,0.22413070800167575,0.22445561139028475,0.22478024277940561,0.3234309623430962,0.3237139272271016,0.1818561872909699,0.2703719180944421,0.2706766917293233,0.2709812108559499,0.27128547579298834,0.22444722569879016,0.22477064220183487,0.22509378907878283,0.3229166666666667,0.18159100374843815,0.2710241465445462,0.18185601331668746,0.3227953410981697,0.3230769230769231,0.18204488778054864,0.2708766098878272,0.2711794019933555,0.2714819427148194,0.22448132780082988,0.2248029863127333,0.22512437810945274,0.322420223787816,0.27133388566694283,0.18178053830227744,0.18211920529801323,0.1824575920562681,0.1827956989247312,0.18313352625051674,0.321900826446281,0.322180916976456,0.2708505367464905,0.3223276929426331,0.27103960396039606,0.3224742268041237,0.18301731244847486,0.3226205191594561,0.27100494233937394,0.27130506381226843,0.2716049382716049,0.32250102838338135,0.3227796052631579,0.32305795314426633,0.1828266228430567,0.18316221765913757,0.2233169129720854,0.2712351251538777,0.2235438884331419,0.27142271422714226,0.22377049180327868,0.3224088488324457,0.3226863226863227,0.3229635693819075,0.323240589198036,0.22372188139059304,0.18274734260016354,0.2709440130772374,0.32312091503267976,0.22376480195998366,0.22408163265306122,0.27090983272133823,0.27120717781402937,0.1826335099877701,0.32273838630806845,0.18289205702647657,0.22394136807817588,0.27106227106227104,0.27135882831570385,0.2716551443676291,0.27195121951219514,0.2722470540430719,0.2238017871649066,0.2241169305724726,0.27232142857142855,0.27261663286004056,0.18248175182481752,0.1828131333603567,0.3213128038897893,0.27257999189955445,0.22388663967611336,0.3213273978146499,0.2726537216828479,0.18277395875454913,0.18310428455941793,0.18343434343434342,0.3210823909531502,0.27250706499798144,0.22356739305891848,0.22388059701492538,0.3209677419354839,0.2241031841999194,0.22441579371474618,0.27225130890052357,0.2725442834138486,0.3207243460764588,0.2244569589702333,0.27261761158021713,0.3207395498392283,0.27280032141422256,0.3208835341365462,0.18265756724207147,0.18298555377207062,0.32089851584436424,0.32117080994386527,0.22404809619238478,0.2724358974358974,0.22426912294753704,0.27261809447558044,0.3209283713485394,0.2728,0.3210715713714514,0.3213429256594724,0.3216140631242509,0.18250798722044728,0.27265469061876246,0.1827613727055068,0.18308735540486637,0.2727272727272727,0.2730171383021124,0.3211155378486056,0.3213859020310633,0.18312101910828024,0.2232391563867887,0.2728719172633254,0.2731610337972167,0.27344992050874406,0.3210170838299563,0.22319301032565528,0.27352123858674077,0.27380952380952384,0.27409758032526776,0.2232355273592387,0.2235434007134364,0.27416798732171155,0.3203960396039604,0.18250197941409343,0.2742382271468144,0.18275316455696203,0.27441676551996835,0.3201581027667984,0.32042670881074675,0.320695102685624,0.18278720884326885,0.18310970797158643,0.1834319526627219,0.22279179810725552,0.3204572329523059,0.3207249802994484,0.2737298148877511,0.32086614173228345,0.32113341204250295,0.32140047206923683,0.18324813212740856,0.22248427672955975,0.2734774066797642,0.2737627651217596,0.2740478994895956,0.27433281004709575,0.2746174970576697,0.18313725490196078,0.222265778126225,0.2225705329153605,0.2745789267528398,0.22278778386844167,0.3201565557729941,0.22300469483568075,0.32029722330856475,0.27443315089913994,0.22313403673309887,0.274609375,0.2233502538071066,0.22365339578454332,0.31993757315645727,0.22386895475819032,0.3200779727095517,0.2240841777084957,0.2742500973899494,0.32009345794392524,0.18217205138186066,0.32023346303501943,0.1824192921042396,0.1827371695178849,0.22386319471434124,0.3201243201243201,0.2737864077669903,0.27406832298136646,0.18277066356228172,0.3200155159038014,0.22373012795657232,0.3201550387596899,0.18287485470747772,0.2738187451587916,0.27409988385598144,0.2743808049535604,0.2746615087040619,0.22351121423047177,0.2238113645148821,0.31955177743431223,0.18269602162997295,0.3196911196911197,0.1829409494403705,0.2743055555555556,0.27458542229078287,0.2235929067077872,0.2747591522157996,0.1829738058551618,0.18328840970350405,0.1836027713625866,0.2235475182762601,0.31884615384615383,0.1837754709727028,0.2744043043812452,0.22358816749903956,0.3187403993855607,0.31900191938579653,0.3192632386799693,0.1837360951285002,0.18404907975460122,0.27405136067458796,0.1842911877394636,0.22328609728073534,0.31891271056661563,0.22349789513968618,0.3190512624330528,0.18432122370936901,0.3191896024464832,0.27359572029040885,0.18449197860962566,0.31920580374188623,0.3194656488549618,0.3197252956886684,0.31998474446987035,0.2733511246664125,0.2736280487804878,0.27390476190476193,0.2741812642802742,0.274457556147697,0.319634703196347,0.27462913655382276,0.2224334600760456,0.2748004561003421,0.2750759878419453,0.2753513102924421,0.3192862566438876,0.27552182163187855,0.27579666160849775,0.3193022373909746,0.31956027293404093,0.3198181129215612,0.18333333333333332,0.22188564937523667,0.22218016654049963,0.3197124479757851,0.2753403933434191,0.1833648393194707,0.1836734693877551,0.18398186626369475,0.31948640483383683,0.22197055492638731,0.2750943396226415,0.2753677857412297,0.22209653092006032,0.2755371277798718,0.22230595327807084,0.27570621468926554,0.3189006024096386,0.2224313135114791,0.2757712565838977,0.2760436254230914,0.27631578947368424,0.18338970311912814,0.318557475582269,0.3188133683815246,0.27627627627627627,0.31894934333958724,0.27644411102775696,0.18335208098987626,0.2766116941529235,0.2768827276133383,0.22172284644194756,0.31860726319730437,0.27694610778443113,0.31874298540965207,0.2217651458489155,0.2770093457943925,0.3187593423019432,0.2771759432200224,0.18297236743838685,0.18327734229189996,0.27723880597014927,0.1835136143230138,0.27740492170022374,0.2776742452478569,0.2779433681073025,0.2782122905027933,0.27848101265822783,0.27874953479717157,0.3177083333333333,0.3179620676831536,0.3182156133828996,0.2787068004459309,0.22065378900445765,0.318232454511697,0.3184855233853007,0.27866419294990724,0.2789317507418398,0.1827956989247312,0.3183839881393625,0.2789922193404965,0.27925925925925926,0.22028878193261756,0.3182827535159141,0.2793192748797632,0.27958579881656803,0.18262476894639557,0.22025129342202512,0.3180642777983007,0.31831610044313147,0.31856773717238834,0.18265682656826568,0.27923275544079673,0.3185840707964602,0.22005160339108,0.2792925571112749,0.22025782688766113,0.27945508100147276,0.31836584468163415,0.27961736571008095,0.22030158146377343,0.2797794117647059,0.28004410143329656,0.28030859662013224,0.1821520381931693,0.31791483113069013,0.3181651376146789,0.31841526045487895,0.18225155848918226,0.18255131964809385,0.18285086112128984,0.18315018315018314,0.27975100695715854,0.2800146412884334,0.28027808269301135,0.28054133138258963,0.28080438756855575,0.31761695906432746,0.28096455973693824,0.28122717311906503,0.1829134720700986,0.21897810218978103,0.31740240788033564,0.21918307804522247,0.2810791104629967,0.2813411078717201,0.2816029143897996,0.18281136198106337,0.3170731707317073,0.3173216885007278,0.18297562750090943,0.31745454545454543,0.183206106870229,0.21875,0.1834362513621504,0.18373275236020334,0.31724137931034485,0.2187953555878084,0.2807399347116431,0.18382886149383612,0.31714389271475174,0.21884057971014492,0.28069540021731254,0.21904417089065895,0.31704668838219324,0.21924746743849494,0.3171790235081374,0.1836587129428778,0.2804481387784604,0.3171965317919075,0.28060671722643554,0.2808664259927798,0.2190544929628293,0.3170995670995671,0.1835557158312297,0.2808219178082192,0.2810810810810811,0.3170028818443804,0.3172488296723082,0.2811375089992801,0.28139618567830155,0.18345323741007194,0.18374685364976628,0.3170381020848311,0.2184692777578153,0.28125,0.21867145421903053,0.2189519023689878,0.28130606386795837,0.1836441893830703,0.31660093223377556,0.18387096774193548,0.28126119670369043,0.21883954154727794,0.2814178302900107,0.31639226914817464,0.31663685152057247,0.1838340486409156,0.1841258491240615,0.2187276626161544,0.21900678813862093,0.2810714285714286,0.18421992145662264,0.28122769450392576,0.21905101676774885,0.3159771754636234,0.3162210338680927,0.184248039914469,0.3163519771998575,0.18447293447293447,0.18476326094695622,0.18505338078291814,0.3162575595873355,0.21870554765291608,0.2804834696054035,0.28073916133617627,0.28099467140319717,0.31605113636363635,0.31629392971246006,0.18488289567068844,0.1851720468251153,0.28085106382978725,0.18539524991137896,0.3160878809355067,0.28090683669854766,0.18555240793201133,0.18584070796460178,0.28096249115357397,0.186062964273081,0.21782178217821782,0.21809826793920112,0.28091872791519434,0.31543624161073824,0.3156779661016949,0.18602188492763855,0.2180663373323924,0.31569664902998235,0.28067700987306066,0.31582657737046177,0.2808315715292459,0.18598097921803453,0.31584507042253523,0.21788102780711016,0.28078817733990147,0.31586352444600774,0.3161040787623066,0.3163444639718805,0.31658468025298664,0.18580962416578856,0.3167134831460674,0.28044928044928047,0.18596491228070175,0.21746755524377412,0.31661991584852733,0.1861198738170347,0.18640504555010512,0.28021015761821366,0.3165266106442577,0.21736086804340218,0.2802659202239328,0.31654424623994404,0.2804195804195804,0.18629849702901083,0.18658280922431866,0.1868669228082431,0.21717877094972068,0.3162303664921466,0.2801814375436148,0.2173003139169864,0.2803347280334728,0.28058556988497735,0.1867595818815331,0.3159177986764194,0.3161559888579387,0.3163940132265924,0.18684759916492694,0.21704347826086956,0.31641168289290683,0.28015293708724365,0.2171646977067408,0.2803056616880861,0.28055555555555556,0.28080527594585214,0.3160999306037474,0.18661116892126256,0.28085991678224687,0.2811091854419411,0.316008316008316,0.31624523727052306,0.28116343490304707,0.18656974731741086,0.21660899653979238,0.2812175717744725,0.2814661134163209,0.18665744901486347,0.3158258465791292,0.3160621761658031,0.21650552486187846,0.3161891612012427,0.3164251207729469,0.2166264229044498,0.31655172413793103,0.28093760772147536,0.21674707098552723,0.1863589390285911,0.2809917355371901,0.2812392426850258,0.2814865794907089,0.28173374613003094,0.3160247592847318,0.21656926778961844,0.2168384879725086,0.28169014084507044,0.2819368131868132,0.1860624785444559,0.28208647906657514,0.3156089193825043,0.2167352537722908,0.3157353445320535,0.18608636052090474,0.18636519355943817,0.18664383561643835,0.21670660732625813,0.2816563997262149,0.216900444748546,0.31532147742818056,0.28170940170940173,0.21701982228298017,0.2818585582507687,0.28210382513661203,0.28234892454762717,0.3150170648464164,0.31525076765609006,0.3154843110504775,0.18615751789976134,0.3156100886162236,0.3158432708688245,0.31607629427792916,0.18624446714334356,0.31620149761742683,0.21640013610071454,0.2816326530612245,0.2818769126147569,0.2821210061182869,0.2164458036017669,0.31589673913043476,0.18607809847198642,0.2820773930753564,0.2164913471326773,0.31580732700135683,0.1861648016276704,0.28203389830508474,0.2822771941714673,0.3157181571815718,0.186251269895022,0.2823290453622207,0.18646362098138747,0.18673883626522328,0.28238079134257693,0.3154158215010142,0.21595133491044272,0.21621621621621623,0.28233704829449513,0.2825793382849426,0.3152210597367533,0.18657219973009448,0.18684654300168635,0.31523937963587323,0.2824401752612066,0.21597035040431267,0.2825867295385652,0.18686868686868688,0.3150454392460451,0.18707940780619112,0.21594349142280525,0.2824478816408877,0.2161344537815126,0.31485215053763443,0.1871011084984884,0.2824042981867025,0.28264518294729774,0.2828859060402685,0.31465951023146593,0.28303152246814217,0.3147837747234328,0.2158176943699732,0.21608040201005024,0.21634293369055593,0.2828925343153666,0.28313253012048195,0.31448645031783207,0.21638795986622072,0.21664994984954863,0.28308823529411764,0.21683929168058805,0.31429525718102874,0.18631051752921535,0.28304405874499333,0.2832832832832833,0.21681120747164775,0.21707235745248415,0.314,0.21726091302899034,0.28314457028647566,0.21744921744921744,0.21770972037283623,0.18602329450915142,0.2178975382568197,0.21815763219155304,0.18617021276595744,0.28281821203057494,0.21827242524916943,0.18631683825971437,0.28286852589641437,0.1865250580816462,0.2183145321831453,0.21857379767827528,0.1866710875331565,0.3125621478289692,0.18687872763419483,0.2186154355746936,0.1870860927152318,0.21880172128434294,0.3123759099933819,0.21898776050281177,0.18716931216931218,0.1874380165289256,0.28189028420356904,0.3121902874132805,0.31241743725231175,0.21888412017167383,0.18745874587458747,0.21906961398878258,0.18766490765171503,0.21925486317177711,0.3121292023731048,0.21943986820428335,0.18774703557312253,0.21962462956865328,0.21988150098749176,0.1878907535373478,0.22006578947368421,0.18809602104570866,0.1883629191321499,0.31153466973381533,0.1885676741130092,0.28045977011494255,0.3115561391989494,0.31178208073514935,0.21981627296587927,0.18858642177763202,0.3118032786885246,0.1887905604719764,0.21985583224115335,0.22011136586963642,0.2203667321545514,0.27986906710310966,0.2801047120418848,0.31141642132809944,0.18868541530412034,0.3115397188623733,0.2800653594771242,0.18882718065991505,0.2802090137165251,0.31145935357492655,0.1889686684073107,0.18923327895595432,0.2801696020874103,0.3113791979132703,0.2803129074315515,0.2805474095796676,0.21954397394136807,0.1891891891891892,0.189453125,0.21965506020175724,0.1896551724137931,0.28032520325203253,0.2805591677503251,0.18979525511862202,0.19005847953216373,0.19032153296524845,0.21948051948051947,0.31028886725089255,0.28033744321868914,0.28057087252675966,0.19033722438391698,0.2807131280388979,0.2809462086843811,0.2811791383219955,0.30990932642487046,0.2813208157979929,0.3100323624595469,0.21902296991264963,0.28137128072445017,0.2192046556741028,0.2815126050420168,0.21938610662358643,0.21963824289405684,0.1898611559573781,0.30955455132343446,0.19006131010003227,0.19032258064516128,0.28119961302805546,0.30947775628626695,0.28134063809216886,0.2815721649484536,0.28180354267310787,0.2192530585962653,0.30930157708400385,0.21943371943371942,0.21968478610485687,0.190032154340836,0.19029251044680168,0.30912596401028275,0.21972373915836813,0.19043031470777136,0.21990369181380418,0.22015404364569963,0.19056785370548604,0.30885182809493267,0.2808592497595383,0.2201923076923077,0.22044216597244473,0.22069186418962203,0.19052193403778417,0.22087067861715748,0.22112,0.30838131797824697,0.19059801726894787,0.2803708439897698,0.19079578139980824,0.2805111821086262,0.221015649952092,0.28065134099616856,0.3080114905841047,0.190810465858328,0.19106858054226475,0.22098214285714285,0.2212304749760918,0.3078393881453155,0.22140809174896464,0.30796178343949043,0.3081821076090417,0.22151495862507956,0.19090041361756283,0.19115776081424937,0.27980922098569155,0.30801017164653527,0.2799491579281856,0.19123252858958067,0.28008891711654493,0.22126984126984128,0.2802284988892415,0.22144670050761422,0.28036790358388836,0.22162333544705137,0.2218700475435816,0.19106463878326996,0.19132087424770353,0.2802406586447118,0.19151630262741373,0.3069620253164557,0.30718127174944637,0.280202403542062,0.1915902624091053,0.22155499367888748,0.22180094786729856,0.2801642451042325,0.30691506157246606,0.22190656565656566,0.3070369201640896,0.30725552050473187,0.19142226426994638,0.22194199243379573,0.19161676646706588,0.27977315689981097,0.2220472440944882,0.22229219143576825,0.3068932955618508,0.30711139081183136,0.19156967599874175,0.22232704402515724,0.191763596353348,0.22250157133878065,0.2227458372604461,0.2792085427135678,0.22291993720565148,0.19177652228499686,0.3065578914339504,0.191969887076537,0.22295390404515522,0.2231974921630094,0.30648699467251644,0.3067042606516291,0.19198246163482618,0.19223544145272387,0.27856025039123633,0.19242803504380476,0.22302158273381295,0.3064415259537211,0.30665833072835263,0.306875,0.27835051546391754,0.27857589006870703,0.22291601623477988,0.2231585518102372,0.27862714508580344,0.22333125389893949,0.19207982538197693,0.22350374064837905,0.2237457151760673,0.19221183800623054,0.22391778262223605,0.22415940224159403,0.19234360410831,0.305849408836341,0.19253499222395024,0.27798507462686567,0.19272614236866645,0.3057799875699192,0.2239826032929481,0.2779503105590062,0.22415398944427198,0.22439478584729983,0.30561588582066396,0.3058312655086849,0.27782945736434106,0.19249845009299443,0.22435698791447165,0.22459727385377942,0.2248374109631465,0.2777089783281734,0.22500773754255649,0.22524752475247525,0.225487163625116,0.19233147804576375,0.27758887171561053,0.30500618046971567,0.22551745443311708,0.2776405188387894,0.3050324174127817,0.22561728395061728,0.19222462203023757,0.30505860579888955,0.22571692876965774,0.19235511713933415,0.1926040061633282,0.3049907578558225,0.19279334770557438,0.2770935960591133,0.19298245614035087,0.22553846153846155,0.30482928329744696,0.22570725707257072,0.19305256686135874,0.2258758451137062,0.2261136712749616,0.27671990171990174,0.2262818544673012,0.1930632289748312,0.19331083154341822,0.3042944785276074,0.27660226924256365,0.27682403433476394,0.2770456634998468,0.2261029411764706,0.19326186830015313,0.22627066748315983,0.22650749923477195,0.2769277845777234,0.22667482410523096,0.22691131498470948,0.2769795169672883,0.277200488997555,0.30339138405132904,0.3036041539401344,0.19297709923664122,0.2268009768009768,0.30363137015563013,0.3038438071995119,0.19304666056724612,0.30396341463414633,0.19323377019201463,0.226691042047532,0.30399025281754494,0.27649208282582216,0.1933028919330289,0.30401704199634816,0.19348950410708854,0.22658150851581507,0.2763757981149286,0.22674772036474164,0.22698268003646307,0.22721749696233293,0.227452171272396,0.22768670309653916,0.30349013657056145,0.30370145631067963,0.22778283287837428,0.30382049727107335,0.22794786298878447,0.30393939393939395,0.22811269312329596,0.2283464566929134,0.19285498032092038,0.19309927360774817,0.22844175491679275,0.22867513611615245,0.19322648926519503,0.2288391777509069,0.22907222725899062,0.27492447129909364,0.2292358803986711,0.22946859903381642,0.19317838816782373,0.2296318648159324,0.1933634992458522,0.22979493365500603,0.1935483870967742,0.2745629897528632,0.3025007532389274,0.22981927710843372,0.3026196928635953,0.2299819385912101,0.2744507974721637,0.2746690734055355,0.2748872180451128,0.30246542393265186,0.3026750826570484,0.22986778846153846,0.2748573145088615,0.23003003003003003,0.19303512458721106,0.27490996398559425,0.1932193219321932,0.1934613077384523,0.22998500749625186,0.2748800959232614,0.23014683847767456,0.23037747153984423,0.1934710991314765,0.23053892215568864,0.30170607602514216,0.23070017953321365,0.2746036494166916,0.2748205741626794,0.19342301943198803,0.1936640765092648,0.19390498954287422,0.2747909199522103,0.23051657211107793,0.2307462686567164,0.30110414801551777,0.2747613365155131,0.3012227855651655,0.27489564698867025,0.2751117734724292,0.27532777115613827,0.30116175156389635,0.3013698630136986,0.19350997320631141,0.27529761904761907,0.1936923534662303,0.23022010707911958,0.27534939042521556,0.23038049940546967,0.1937592867756315,0.23054070112893643,0.23076923076923078,0.23099762470308788,0.3006826951617691,0.2311572700296736,0.2749925838030258,0.19365361803084222,0.23124814705010377,0.3005334914048607,0.2314074074074074,0.23163507109004738,0.19366301450992005,0.23179396092362345,0.3003847292098254,0.27455621301775146,0.30050280981958,0.19367238320520402,0.30062075081288797,0.27452718676122934,0.27474150664697194,0.3006497341996456,0.30085621493947445,0.1936245572609209,0.30097373856594867,0.19380530973451326,0.23120023591860808,0.27446933962264153,0.2313586796345417,0.30082498526812024,0.23151693667157586,0.2744405182567727,0.27465410656461586,0.23160682754561507,0.274786701971168,0.23176470588235293,0.2749191414289915,0.23192239858906524,0.23214810461357627,0.23237367802585193,0.2748898678414097,0.23253082795067528,0.29997064866451423,0.23268779342723006,0.19301848049281314,0.3,0.19319847552037525,0.23270808909730364,0.23293290360386756,0.29994141769185706,0.23308931185944362,0.23331381733021078,0.2742171495463857,0.2744294909303686,0.2997952617724481,0.3,0.2744811458637825,0.2331969608416131,0.30002921413964356,0.23335280373831777,0.27445255474452557,0.23350846468184472,0.2337321272249781,0.27450408401400234,0.19247594050743658,0.27463556851311954,0.1926552025648499,0.23368298368298368,0.2339062044858724,0.23412929528246942,0.23435225618631733,0.23457508731082655,0.19260983415769567,0.2742873763816172,0.2744984006978773,0.2988372093023256,0.2990409764603313,0.1926205694363742,0.23438861458030788,0.29907084785133564,0.1927431059506531,0.2742309924550203,0.19292138091093705,0.2990139211136891,0.29921716439547696,0.23420289855072463,0.23442480440452043,0.23464658169177288,0.23486823052418188,0.2350897510133179,0.27380607814761215,0.2740162037037037,0.2742262076945328,0.29872758820127243,0.23503902862098872,0.27427745664739883,0.19242993354521815,0.29867128827267475,0.29887380883626913,0.29907621247113164,0.29927849927849925,0.2348528563185228,0.2350735506201327,0.27393310265282583,0.23522628999711734,0.23544668587896253,0.19216364160184385,0.23559907834101382,0.235819176504463,0.19228554979850315,0.298705035971223,0.1924626006904488,0.27351164797238997,0.273720529039678,0.23569991376832422,0.2738505747126437,0.2740591783970123,0.19241815048822516,0.2357163364915303,0.2982204362801378,0.23586800573888092,0.2983362019506598,0.23601950100372812,0.27379587155963303,0.23617082258526798,0.23638968481375358,0.1922085362360355,0.2981099656357388,0.19238476953907815,0.19261591299370348,0.2363376251788269,0.23655606407322655,0.27337718044037745,0.1926815323041738,0.29779937124892825,0.19285714285714287,0.2365038560411311,0.27327241576242145,0.2366542963174422,0.2976598173515982,0.23680456490727533,0.2370222475755847,0.2731679498146564,0.19270239452679588,0.19293245939013964,0.29743589743589743,0.23696952435203647,0.2371867881548975,0.19299743808710504,0.2729083665338645,0.2972972972972973,0.23720136518771331,0.29741256752914413,0.2976122797043775,0.19295254333617504,0.29772727272727273,0.2371485373473445,0.23736513344690516,0.297757592960545,0.23751418842224745,0.2978723404255319,0.19285309132161088,0.2375956903884321,0.29790249433106575,0.23774440351374326,0.2980169971671388,0.23789294817332202,0.29813137032842585,0.2983300311350127,0.1926994906621392,0.2984441301272984,0.2986425339366516,0.2988408255583828,0.23770491803278687,0.2712630686634643,0.19265536723163842,0.2377859361762214,0.2713156408808583,0.23793395427603725,0.2381489841986456,0.2383638928067701,0.29836435420191765,0.29856216521003665,0.2711386696730552,0.23837700760777683,0.2712676056338028,0.29850746268656714,0.19228603603603603,0.23839009287925697,0.27124366910523356,0.23853727144866385,0.23875140607424072,0.2982850716896261,0.19224283305227655,0.2711435796572071,0.298314606741573,0.19236169615276608,0.2386299831555306,0.2983440920572551,0.29854096520763185,0.23870967741935484,0.29865395401009537,0.23885618166526493,0.1922645739910314,0.27066405155505746,0.2389355742296919,0.23914869784374124,0.2393617021276596,0.19227539882451722,0.2705651930609961,0.23944055944055945,0.23965324384787473,0.19233994967850154,0.2705422023476803,0.2978485610505728,0.2980446927374302,0.270594805920134,0.19235064209938582,0.19257605358638014,0.23939732142857142,0.297907949790795,0.2704963747908533,0.19264008921103987,0.2706243032329989,0.27082752855948733,0.2392757660167131,0.23948760790866053,0.23969933184855233,0.23991093793487336,0.29744017807456874,0.29763560500695413,0.2705784204671858,0.1923825410063942,0.2707059477487493,0.297582661850514,0.23972222222222223,0.27075812274368233,0.29761243753470296,0.23980016652789343,0.19228634850166482,0.1925104022191401,0.19273433166943982,0.27058497366232326,0.27078713968957874,0.23967858132446662,0.2709141274238227,0.239822763777347,0.2970653377630122,0.29725989482424575,0.23990038738240177,0.27081604426002764,0.29728982300884954,0.19242466132153718,0.2708678828081813,0.29731970157502075,0.1925414364640884,0.29743164871582434,0.19271120927664273,0.23958045818382556,0.2706953642384106,0.29737931034482756,0.297573083287369,0.19272125723738626,0.29768467475192945,0.19289060347203085,0.23939393939393938,0.23960341503717983,0.23981277533039647,0.19295348197082302,0.2399559713813979,0.2973865199449794,0.19306930693069307,0.29749793786087436,0.2399670148433205,0.26985435559219567,0.24010989010989012,0.24031859379291404,0.19302580999450852,0.2972824595113917,0.19319429198682767,0.1934156378600823,0.2696105320899616,0.24019742253907322,0.26973684210526316,0.1934776651137298,0.1936986301369863,0.26978909887702,0.2968236582694414,0.19381330413358883,0.2698412698412698,0.2968536251709986,0.29704595185995625,0.2972381733661471,0.2698195735374522,0.19376878928669036,0.26994535519125684,0.19393608303742146,0.23948661933369744,0.297024297024297,0.23962882096069868,0.269849931787176,0.2700490998363339,0.27024815925824924,0.2968920392584515,0.23957481602616518,0.2970027247956403,0.27022609643149004,0.2704248366013072,0.2395861693438606,0.27054980947196516,0.2707482993197279,0.29678998911860716,0.2969812347022029,0.2707993474714519,0.27099755368306605,0.19320652173913044,0.2969301820157566,0.19337316675719718,0.27097474884604944,0.19353963083604778,0.1937584803256445,0.1939772110689094,0.1941958231624627,0.2708785249457701,0.27107617240444565,0.27127371273712736,0.29639664047683556,0.19420368364030335,0.27132412672623885,0.29642663779101247,0.23843031123139377,0.19426406926406928,0.23857181498512306,0.19442942130881558,0.2962962962962963,0.2710810810810811,0.19454201567144014,0.1947595894111291,0.19497704563867135,0.29616630669546434,0.2963562753036437,0.19508904479222883,0.27083895333153496,0.27103559870550165,0.2963062820167161,0.29649595687331537,0.23794125572621935,0.19504310344827586,0.19525989765688123,0.2964458804523425,0.19542395693135936,0.2965554359526372,0.23782620392789885,0.2380311995696611,0.2705028233396074,0.19543010752688172,0.23810803547433484,0.27055346587855994,0.27074939564867045,0.2709452201933405,0.19543624161073825,0.1956521739130435,0.19586799034075664,0.19608369098712447,0.27085009385894343,0.19624664879356568,0.196462074510855,0.19667738478027866,0.2708277524778998,0.29539367970005354,0.27095046854083,0.19673447537473232,0.29542413700829545,0.23729266987693953,0.196844075956138,0.29545454545454547,0.2956428762363005,0.1969535008017103,0.2957520705316591,0.29594017094017094,0.23711615487316423,0.29604911906033105,0.2962369895916733,0.2964247598719317,0.2371299013070152,0.2965333333333333,0.19674753399093575,0.19696162046908317,0.23714361843858248,0.23734683004794885,0.1970705725699068,0.19728434504792333,0.2962470055895661,0.2695582756785524,0.23729715349827082,0.2696808510638298,0.26987503323584155,0.1972355130249867,0.2960403933032155,0.2962274176408077,0.23718459495351926,0.1972915560276155,0.2373241306079108,0.23752653927813164,0.2695675245423189,0.1973474801061008,0.26968973747016706,0.19750795334040297,0.23747680890538034,0.2957074721780604,0.2376158940397351,0.1975635593220339,0.19777601270849882,0.2956590788777131,0.295845461762371,0.23756613756613756,0.26924094154985456,0.29587519830777365,0.23764208300290773,0.19767441860465115,0.23778071334214002,0.23798203909138932,0.1977818853974122,0.29567053854276665,0.2958564264977567,0.29604221635883904,0.1978369823265629,0.2378691983122363,0.2960717110466649,0.19794412229836583,0.29617918313570485,0.23788198103266597,0.19805109296813272,0.2682991047919958,0.19821005527770466,0.19842105263157894,0.26835043409629045,0.2377695949500263,0.23797002366552722,0.19847528916929547,0.238107752956636,0.19863373620599054,0.1988442343052272,0.19905462184873948,0.29535311105276973,0.29553805774278213,0.19916032537391762,0.29564533053515213,0.1993181222134802,0.267697954902989,0.26788990825688075,0.19942348008385744,0.2680115273775216,0.2682032477737035,0.2953652788688138,0.2955497382198953,0.26825438366919657,0.19937205651491366,0.26837562123986397,0.2685669456066946,0.2954248366013072,0.19942498693152116,0.2955317481055657,0.19958202716823406,0.1997910681640115,0.2684073107049608,0.19994779430957973,0.20015657620041755,0.2003652491521002,0.2952529994783516,0.2954367666232073,0.2956204379562044,0.236382590565546,0.2003647733194372,0.20057306590257878,0.2955729166666667,0.2007289768289508,0.2956793336803748,0.2677595628415301,0.2679500520291363,0.26814044213263977,0.2956318252730109,0.2006758513127112,0.29573804573804574,0.23590542998181346,0.26805194805194804,0.20072708387431837,0.29569055036344755,0.20088242927588892,0.2680332122470161,0.2357976653696498,0.23599585062240663,0.23619393310863365,0.2680145152928979,0.2954133195128272,0.2955958549222798,0.2957782957782958,0.23614707405489382,0.2679264820088014,0.26811594202898553,0.2957309184993532,0.26823590274185205,0.2004137574347039,0.2957600827300931,0.2005686223830447,0.2359173126614987,0.2007233273056058,0.2957128099173554,0.26800929512006194,0.20082601961796592,0.20103225806451613,0.20123839009287925,0.2955893732267217,0.2957710159876225,0.23562773910801754,0.2958762886597938,0.296057717083226,0.2357032457496136,0.2675766160185424,0.23583934088568487,0.296010296010296,0.2676273803396809,0.20092616413686648,0.2960390946502058,0.2962201079969144,0.26760925449871464,0.2963248522230789,0.2965056526207605,0.23555098895453377,0.26759116589625065,0.26777920410783057,0.2679671457905544,0.2963818321785989,0.23550538737814264,0.2357014619133111,0.2358974358974359,0.29633427326326583,0.20041004613018965,0.20061491160645656,0.20081967213114754,0.20102432778489115,0.26753712237583205,0.23573073969797798,0.2359263050153531,0.29598362752622154,0.2360613810741688,0.20097161851188955,0.2011758691206544,0.29593662151801686,0.2013285641287685,0.23601532567049807,0.26710929519918286,0.26729640030635693,0.2674834099030117,0.23602959938759888,0.29566326530612247,0.267533792399898,0.29576746557878636,0.23604384399694112,0.23623853211009174,0.267515923566879,0.23637289862455427,0.23656735421441305,0.20086558044806518,0.23670145075082719,0.2010178117048346,0.2012210633426609,0.20142421159715157,0.23671497584541062,0.20157600406710727,0.23684879288437102,0.20172764227642276,0.23698247396494793,0.20187912646013204,0.23711601929423712,0.266751269035533,0.20197919309819842,0.2371892440385591,0.2373827035252346,0.202079107505071,0.23751584283903676,0.20223010643689812,0.29414745376235113,0.29432624113475175,0.294504937958977,0.23746835443037975,0.23766135155656795,0.23785425101214575,0.23804705287123704,0.2943854324734446,0.2020227560050569,0.29448938321536905,0.29466767753348494,0.23799898938858008,0.2947714069209396,0.23813131313131314,0.2019691996970462,0.2021706208985361,0.20237194044915469,0.23814328960645811,0.29457755359394705,0.20247100353000505,0.2651877993445929,0.23815524193548387,0.2945326278659612,0.2947103274559194,0.20246789221858474,0.2026686807653575,0.20286936823559024,0.2380473074987418,0.23823899371069182,0.26483903420523136,0.2029167714357556,0.2943690296631473,0.29454636843427995,0.2947236180904523,0.23813112283345894,0.20291310899045706,0.20311323123273914,0.2382028112449799,0.2383939774153074,0.23858504766683392,0.26435916729370457,0.264543630892678,0.2943093507144648,0.2646616541353383,0.23853670759208218,0.2943386773547094,0.26471324818432257,0.2944416624937406,0.2946182728410513,0.2384884884884885,0.2646985238929197,0.29464732366183094,0.20255063765941486,0.2385,0.2946763309172707,0.29485257371314344,0.29502872845365974,0.2952047952047952,0.29538077403245944,0.2383924113829256,0.23858248065884702,0.2954091816367265,0.29558493389872786,0.23865336658354114,0.2956868611318873,0.23878364905284147,0.29578868676800396,0.29596412556053814,0.29613947696139475,0.2963147410358566,0.29648991784914114,0.23867595818815332,0.29659119183876587,0.2967661691542289,0.23874658045262373,0.2389358528095475,0.2632363907531693,0.20154075546719682,0.20173913043478262,0.20193740685543965,0.2964986342190216,0.29667328699106255,0.26309257880367337,0.2632754342431762,0.26345819895807493,0.20188492063492064,0.2635755021076122,0.26375805651958356,0.2964064436183395,0.29658077304261643,0.23829576418132276,0.2637444279346211,0.2966080713047784,0.2638613861386139,0.20168275179411038,0.2639782285997031,0.26416027702201333,0.2643422354104847,0.26452410383189123,0.29634206623826,0.2965159377316531,0.2015810276679842,0.2966164485058039,0.2644444444444444,0.20167859787706738,0.26456071076011844,0.26474216629657044,0.2649235323137642,0.2651048088779285,0.26528599605522685,0.2962780379590831,0.2015771315919172,0.23725055432372505,0.29630541871921184,0.2652056143806944,0.2653865091088134,0.2655673147920256,0.265748031496063,0.26592865928659287,0.2961141170683719,0.2660437669043521,0.23697148475909538,0.2961415581223888,0.2660933660933661,0.20117907148120856,0.26620825147347743,0.23692609869874784,0.23711340206185566,0.26625766871165646,0.2664376840039254,0.2958057395143488,0.2959784207945071,0.296151017406227,0.2963235294117647,0.20093114432737075,0.2964233219010289,0.29659564046044573,0.2661606268364349,0.2966952264381885,0.26627508565834557,0.29679471494984094,0.29696673189823874,0.23648813890926876,0.23667481662591688,0.2969934001466634,0.2661290322580645,0.26630833129733694,0.2664875427454812,0.29694749694749695,0.297119140625,0.29729070051257017,0.23645680819912152,0.2973896072212735,0.26634146341463416,0.29748841745915633,0.2664553876157972,0.20009748964172558,0.29751461988304095,0.26650426309378805,0.29761324890404284,0.29778427075724373,0.29795520934761444,0.2664881966415186,0.26666666666666666,0.29798102651423014,0.26678015564202334,0.26695842450765866,0.26713660670879924,0.267314702308627,0.26749271137026237,0.29778965265970364,0.2676056338028169,0.1995630007283321,0.2978155339805825,0.2979859257461781,0.29815623483745757,0.29832646131457674,0.267458777885548,0.2984242424242424,0.2675714978187106,0.2677489701962685,0.29844961240310075,0.2986195204650036,0.29878934624697334,0.298959089808763,0.29912875121006777,0.2676022259859666,0.19908079342041607,0.29915356711003627,0.23452611218568664,0.23471114334058496,0.26752054132431125,0.26769751147620197,0.2678743961352657,0.2989616034774209,0.2679864799613713,0.26816316678735214,0.19884169884169883,0.19903498190591074,0.2682103232030873,0.2683867856281649,0.2986981677917068,0.29886719691491925,0.26843373493975903,0.2989641050349313,0.1989402697495183,0.19913315675415363,0.26841598459316324,0.19927797833935018,0.29884504331087586,0.2684628337743565,0.29894179894179895,0.2991103630680452,0.29927884615384615,0.2684450853160298,0.26862085535800095,0.26879654095604133,0.2689721421709894,0.2991596638655462,0.26908305328852616,0.19894408447324213,0.23320537428023033,0.23338930199088512,0.26906474820143883,0.26923999040997365,0.2694151486097795,0.2695902228612509,0.23334930522280786,0.23353293413173654,0.2986111111111111,0.26957146277232463,0.2987075155576831,0.2696817420435511,0.23349282296650717,0.29873236067926334,0.23362027737924437,0.2338034903179536,0.29875717017208414,0.1983273596176822,0.1985188724319159,0.26940530212562697,0.2695797516714422,0.2986392933874433,0.29880668257756565,0.2989739918873777,0.2991412213740458,0.2694967803481994,0.19837863614687648,0.2696066746126341,0.2697807435653003,0.26995472956873956,0.2989518818484993,0.2991188378185282,0.27,0.2992144727445846,0.29938124702522606,0.29954794194622886,0.26998097050428166,0.1980975029726516,0.2995720399429387,0.2700261468980271,0.27019961977186313,0.2995961035875505,0.2997624703087886,0.2324863452861553,0.198005698005698,0.2701163066698315,0.2702895111532985,0.2704626334519573,0.2706356736242884,0.2708086317287171,0.29943100995732574,0.23228253140554633,0.2708530805687204,0.232409381663113,0.29938417811463763,0.27089746625621597,0.27107007575757575,0.27124260355029584,0.23237103644107904,0.2992666193517861,0.29943235572374644,0.2995980137148262,0.29976359338061465,0.29992909477664853,0.1973062381852552,0.197495865816206,0.2709022201228153,0.29988193624557263,0.27101038715769593,0.2711824404059476,0.1974988201982067,0.23189431469686247,0.2997641509433962,0.2999292619665173,0.3000942951438001,0.2710346452981381,0.27120640904806786,0.2713780918727915,0.30004710315591143,0.19731575229573817,0.3001412429378531,0.30030595434219814,0.2712941176470588,0.30039990590449306,0.30056444026340545,0.3007288972490007,0.27127409496944055,0.1971797884841363,0.2713815789473684,0.27155273666901575,0.1972757162987318,0.3005400328715661,0.23098591549295774,0.30063365407181414,0.3007977475363679,0.19727891156462585,0.1974671669793621,0.19765533411488864,0.3007501172058134,0.2711506913522381,0.2713214620431115,0.27149215272897637,0.19765807962529275,0.3006321704518848,0.30079588014981273,0.30095951322256026,0.1977070659803463,0.19789473684210526,0.230355472404116,0.2712181435585691,0.3008415147265077,0.19794344473007713,0.27126168224299063,0.3008642840457837,0.30102755721625407,0.30119075414429136,0.19794584500466852,0.19813302217036172,0.2711152589827345,0.22999766736645674,0.2712220149253731,0.27139193285148056,0.3009324009324009,0.1980890235376369,0.30102516309412863,0.30118798043326345,0.30135072193758733,0.1981373690337602,0.19832402234636873,0.3013730509657901,0.27105630525825963,0.2712258664805769,0.22953488372093023,0.30132527319228086,0.2712691771269177,0.27143853125726236,0.2716078066914498,0.2295005807200929,0.22967951695308872,0.22985837009519386,0.23003714020427113,0.27152471571130193,0.2716937354988399,0.27186267687311527,0.2720315398886827,0.2300023185717598,0.2301808066759388,0.23035921205098495,0.3005097312326228,0.2719481121148946,0.27211672070402965,0.3005325306783978,0.23032407407407407,0.23050219856514695,0.3005552984729292,0.3007170946102244,0.30087881591119336,0.271907514450867,0.19717984281091078,0.3009013173099145,0.19731977818853974,0.2718872718872719,0.30092378752886834,0.19741399214961902,0.2301477377654663,0.2303254096468959,0.3008767881864329,0.2717416378316032,0.23039667896678967,0.23057412958266083,0.23075149838635317,0.3007605439041254,0.2716589861751152,0.3008523381709284,0.1971441731920774,0.2717015887635275,0.27186924493554326,0.23060989643268123,0.3007363092498849,0.27191166321601107,0.23068077276908924,0.2720165555300069,0.27218390804597703,0.3006205470006895,0.27228860294117646,0.3007121525384792,0.30087276067983465,0.19678530424799082,0.27226813590449955,0.19692448932751894,0.30082606700321246,0.3009864647855013,0.23027522935779818,0.27218527860582437,0.2723521320495186,0.2725189090075636,0.27268560953253895,0.2728522336769759,0.23018781493357765,0.2303640943439432,0.23054029304029305,0.300526436255436,0.27276887871853545,0.19652253488904142,0.30054894784995423,0.30070889549508345,0.30086877000457246,0.2304,0.23057586837294333,0.3008910212474297,0.2724988579259936,0.19639187029002056,0.2726027397260274,0.23054097238073498,0.30077590141487903,0.23066392881587952,0.30086678832116787,0.2307867730900798,0.19630642954856362,0.3008889901983132,0.19644484958979033,0.2722715880610617,0.2724373576309795,0.19653837394670917,0.19672131147540983,0.2724789437741862,0.27264451524806554,0.2728100113765643,0.272975432211101,0.3004321128041847,0.3005911778080946,0.19663559899977268,0.30068181818181816,0.27289252442626677,0.3007723761926397,0.30093118328412444,0.23001816530426886,0.2728717366628831,0.27303676804357696,0.3008849557522124,0.2731397459165154,0.2299841233839873,0.23015873015873015,0.3008388120607572,0.2731187669990934,0.2732834806254249,0.1961939284096058,0.2733861834654587,0.3007246376811594,0.27348879329861897,0.27365323675871434,0.30074677528852684,0.19615384615384615,0.3008369147251753,0.2736318407960199,0.22970834275378701,0.22988245931283907,0.3007909604519774,0.3009489380930863,0.3011068443641292,0.273486901535682,0.30119665838789794,0.3013544018058691,0.27352742044685174,0.30144404332129965,0.22964132641551996,0.30153360396932793,0.30169109357384444,0.30184851217312897,0.1956276763578995,0.229607931500676,0.27325974318540214,0.30180180180180183,0.30195901823913535,0.30211616389013957,0.30227323880261087,0.2295229522952295,0.2731158605174353,0.30229419703103916,0.2732178997076681,0.2733812949640288,0.19532479208810968,0.229438202247191,0.27342170298809254,0.30211141060197666,0.30226813384235346,0.27346205657835654,0.22940516273849607,0.1952423698384201,0.3022212250392641,0.19537909376401974,0.27337968154294684,0.19551569506726457,0.2293207800941493,0.27341999103541015,0.30203898722832173,0.30219534050179214,0.22933930571108624,0.2733990147783251,0.3022162525184688,0.19538943598925693,0.27343924815394943,0.3022371364653244,0.30239320062625813,0.27347942754919496,0.3024815560026828,0.27358068842199373,0.3025698324022346,0.27368185880250223,0.3026580299307572,0.19517641804376953,0.19535610627372182,0.3026785714285714,0.3028341887971435,0.2286925479696564,0.3029221503457506,0.2734165923282783,0.30301003344481603,0.27351761034329025,0.30309783819924224,0.2736185383244207,0.1951436845622633,0.2737193763919822,0.2738810955243821,0.2740427426536064,0.274204317827732,0.22830440587449932,0.19510567296996664,0.27424377224199287,0.2744051589948855,0.19519786571809694,0.2745054456545899,0.27466666666666667,0.19528993556987337,0.2747667703243003,0.27492782589384857,0.27508880994671403,0.3021087680355161,0.27518863737239235,0.1952518304859108,0.27528837622005325,0.1953870037702373,0.19556541019955653,0.3019286189315008,0.3020833333333333,0.19565699091513405,0.2751439964554719,0.2753045404208195,0.19574844995571303,0.27540402922293555,0.27556440903054447,0.19583978756362028,0.19601769911504424,0.2756027427560274,0.2757629367536488,0.275923059915985,0.2760831122900088,0.1960220994475138,0.22691117984975695,0.3013032913629335,0.2760600706713781,0.2269816736586443,0.276158940397351,0.22710218494813508,0.22727272727272727,0.27619677917493934,0.22739303043670048,0.22756339581036383,0.2762345679012346,0.22768349129380647,0.22785368003525783,0.3007270323859881,0.19559471365638767,0.27615062761506276,0.2763099955966535,0.19568567026194145,0.2764084507042254,0.22772277227722773,0.2278926528816542,0.22806245876402023,0.2763852242744063,0.22818201802593976,0.22835164835164834,0.3001538123489343,0.19551845342706503,0.22842082143641554,0.22859025032938077,0.195609220636663,0.1957857769973661,0.19596225587008997,0.2759982448442299,0.27615705198508445,0.22850877192982455,0.2997149747862311,0.19596668128014028,0.22857769011615164,0.2997370727432077,0.2998904709748083,0.30004380201489267,0.300197065907598,0.27583187390542907,0.3002845261545196,0.300437636761488,0.3005906803762853,0.30074365704286965,0.19571397332167068,0.27568867512024486,0.22819672131147542,0.2757867132867133,0.3006336027965917,0.300786369593709,0.3009390696658659,0.19563318777292577,0.3010259768609474,0.19576604103011785,0.19594152301985598,0.2755235602094241,0.19607415485278082,0.2278674225904928,0.27556136908654894,0.1961639058413252,0.27565918500762693,0.1962962962962963,0.22783707253321717,0.30052264808362367,0.2279555845852384,0.19634305616020897,0.27551686615886833,0.2280243690165361,0.3004133130302371,0.2281426707264028,0.3005001087192868,0.22826086956521738,0.22842860247772223,0.3005215123859192,0.27525526830328045,0.3006081668114683,0.2753528773072747,0.2755102040816326,0.22834816583459952,0.2756076388888889,0.22846604469516163,0.27570498915401304,0.27586206896551724,0.19579358196010407,0.1959679167569911,0.2284351972258344,0.27583965330444205,0.27599653379549394,0.19601472817847088,0.22845387613685578,0.22862091361766615,0.29978354978354976,0.22873836831854577,0.1960190393768931,0.19619294830196843,0.29974048442906576,0.1963243243243243,0.2287073065283182,0.27555651610114545,0.29969749351771824,0.299848779434003,0.3,0.19628589937378535,0.22862694300518135,0.22879343837686164,0.27535606387570133,0.22891046386192018,0.22907679033649697,0.2997627776579685,0.22919361793876672,0.22935977581375297,0.2997844827586207,0.29993535875888816,0.19603619129685482,0.2293775576136119,0.2999569336778639,0.1961248654467169,0.3000430477830392,0.3001936733376372,0.3003442340791738,0.300494730049473,0.27462365591397847,0.27477961728660505,0.2749355116079106,0.27509133892112614,0.2752470992694456,0.22900107411385606,0.22916666666666666,0.30019325746188535,0.3003434950622585,0.30049366816913503,0.22918454935622318,0.30057927483372665,0.2293007293007293,0.27493030238044175,0.22941680960548885,0.30053590568060023,0.3006858122588941,0.19541461324191128,0.2294344473007712,0.30070678946241164,0.30085653104925053,0.19546135731106828,0.2746147260273973,0.30087738069762465,0.19554985023534446,0.2293048128342246,0.2745936698032506,0.3008338678640154,0.3009833262077811,0.2746313314810857,0.2747863247863248,0.195471053193762,0.3009397693293464,0.27482383087764256,0.2749786507258753,0.30096051227321235,0.27507469056764833,0.19543417964582888,0.19560580204778158,0.2751119641714651,0.27526652452025585,0.3007887444041782,0.3009377664109122,0.19561048369912637,0.30102258201959947,0.19574014909478168,0.3011073253833049,0.19586970406642537,0.22839506172839505,0.3011278995530964,0.27489361702127657,0.2750478621569879,0.2752020416843896,0.22836487348500956,0.27529761904761907,0.27545164718384696,0.2756056098597535,0.3008285532186106,0.3009770603228547,0.19558292631131874,0.27558386411889596,0.3009976650392698,0.19567062818336162,0.22809251007850626,0.2755621552821383,0.3009544008483563,0.3011026293469042,0.30125079499682,0.22806273844849512,0.22822631913541006,0.30127118644067796,0.30141919084939633,0.22829309614570098,0.22845648951937328,0.30143945808636746,0.30158730158730157,0.19530258146424037,0.2750158662999788,0.19543147208121828,0.27511101712835695,0.2752642706131078,0.3014161910801099,0.30156382079459004,0.30171138812592435,0.19539501478664978,0.27518479408658925,0.3017314189189189,0.3018788262613468,0.2752216124947235,0.22789618062882464,0.22805907172995782,0.30183505589538073,0.30198228595529314,0.3021294539321105,0.22807757166947723,0.22824025289778715,0.30214917825537296,0.3022961870655151,0.1950294860994103,0.27479469361970943,0.3023157894736842,0.22816249210692485,0.2748316498316498,0.22827687776141384,0.22843920908708457,0.3022082018927445,0.19491169049621532,0.3022913601009039,0.30243799915931063,0.30258457659172094,0.30273109243697477,0.27452215921024997,0.3028139437211256,0.27461683812723076,0.27476910159529805,0.27492130115424973,0.2750734368443139,0.2752255087056849,0.19463087248322147,0.19479974837492137,0.30251572327044024,0.3026619157409348,0.3028080469404862,0.30295411690760526,0.3031001256807708,0.22764397905759162,0.30318257956448913,0.3033284488172493,0.19464210966931772,0.30341075538815654,0.19476987447698746,0.22756745450742522,0.30342952739439566,0.30357516203219737,0.27445652173913043,0.1947753396029258,0.30359381529460927,0.22749112178817632,0.30367585630743527,0.3038212570474003,0.19478079331941545,0.2275099144228762,0.3038397328881469,0.22762361777592321,0.30392156862745096,0.27403545359749737,0.27418682235195996,0.27433812799666457,0.27448937057107126,0.2746405501146072,0.27479166666666666,0.22745261403874192,0.2748854643898376,0.27503643556110763,0.2751873438800999,0.2753381893860562,0.30337078651685395,0.19429997919700437,0.30345257903494177,0.3035974215013516,0.30374220374220373,0.303886925795053,0.19430590191188696,0.3039684188655724,0.30411300373909433,0.304257528556594,0.30440199335548174,0.19431181233132655,0.27480282274802825,0.22681054160614236,0.274896265560166,0.2750466708151836,0.2751970136872667,0.27534729421521875,0.19423714759535654,0.275440414507772,0.3039784500621633,0.19432359643671018,0.2754763877381939,0.30399668668461377,0.19440993788819877,0.22645415027944524,0.3040149006622517,0.30415890751086283,0.22652047993380223,0.27528438469493277,0.27543424317617865,0.19433533181724208,0.30405126085159156,0.19446166563339534,0.19462809917355373,0.19479446395372857,0.275299463031805,0.303943836465001,0.1948802642444261,0.19504643962848298,0.1952125464300454,0.27522178667216834,0.30383663366336633,0.19529799958754382,0.30391752577319586,0.30406101834673266,0.30420445177246497,0.30434782608695654,0.3044911413267408,0.22574665293511845,0.2749176276771005,0.2750669137327568,0.27521613832853026,0.27536530150236677,0.2755144032921811,0.3042583830487554,0.2756067461949815,0.2757557063541024,0.2759046052631579,0.2760534429599178,0.2254418413481299,0.30408876104376414,0.19474116680361545,0.1949065516533169,0.27597535934291584,0.30404434407719155,0.19499178981937604,0.1951569874820439,0.30406237176856793,0.19528205128205128,0.19544708777686629,0.27578429362312895,0.3040180401804018,0.22504611600737856,0.2252049180327869,0.27576316328621187,0.30397378123719787,0.2252713495801761,0.2757985257985258,0.3039918116683726,0.1952517396643471,0.19541641088602416,0.3040098199672668,0.2251994272857435,0.19550102249488752,0.3040278061746064,0.1956255110384301,0.27549560596770895,0.3040457703310176,0.19570990806945862,0.19587418300653595,0.19603839085154176,0.30400163331972235,0.30414370279648906,0.22489795918367347,0.27524994899000205,0.27539779681762544,0.22496430756679583,0.275489396411093,0.3039755351681957,0.22503057480635957,0.19584267373140413,0.19600651996740015,0.27541250763903036,0.2755600814663951,0.2757075951944614,0.27585504885993484,0.19601058416446163,0.27594627594627597,0.30356052899287894,0.19609438567941415,0.3036404311572097,0.2759251728344856,0.2246391542996544,0.22479674796747967,0.3035968299126194,0.22490857375050793,0.3036766199471867,0.19597887896019497,0.303756345177665,0.3038976857490865,0.2756241120357215,0.19602272727272727,0.19618583891255834,0.30385395537525356,0.2756033258973839,0.22465531224655313,0.27569430366916686,0.275841102553709,0.27598784194528875,0.2761345218800648,0.22463034231314563,0.3035641960307817,0.3037052034824863,0.3038461538461538,0.1959117587532888,0.19607446377984622,0.19623710297390248,0.30380258899676377,0.303943377148635,0.2757784067933684,0.2759248029108551,0.27607113985448667,0.27621741766013336,0.30383838383838385,0.19612199555645324,0.2762520193861066,0.3038562487381385,0.2763423496164715,0.27648839556004035,0.27663438256658596,0.1960863425458947,0.22388059701492538,0.30369026013309136,0.19616935483870968,0.2765571457367466,0.196291817815397,0.2766471892000806,0.22381144238517325,0.22396777442094662,0.27668143374949655,0.19629555063418563,0.1964573268921095,0.22398873012678608,0.196579476861167,0.19674109837054918,0.19690265486725664,0.30303639654132314,0.19702452754322478,0.27638190954773867,0.22387459807073956,0.3029937713482017,0.3031337886701487,0.19702751556537457,0.22389558232931728,0.2762497490463762,0.22400642312324368,0.2763395544852498,0.27648475120385235,0.19699097291875628,0.2765744083433614,0.2767194706236214,0.1970729751403368,0.27680897975546204,0.1971943887775551,0.27689841715087155,0.19731570512820512,0.3024233927498498,0.223668402082499,0.3025025025025025,0.3026421136909528,0.19731839103462076,0.19747899159663865,0.3026605321064213,0.1976,0.3027394521095781,0.2764894042383047,0.1976813911653008,0.302757793764988,0.1978021978021978,0.3028365960846984,0.22328739764329938,0.3029153354632588,0.22339788380914355,0.22355289421157684,0.19776491718219916,0.30287310454908223,0.22361859166167963,0.3029517351416035,0.19780658025922232,0.2759170653907496,0.1979270480366753,0.30290952570745316,0.22355050806933652,0.19800796812749005,0.2758414658434575,0.30286738351254483,0.3030061716105913,0.27587579617834396,0.27601990049751246,0.19797055312375647,0.19813009747364232,0.2760540970564837,0.22330483197454762,0.2234592445328032,0.19817133770622142,0.3026629570747218,0.2235247367375323,0.30274135876042907,0.22363455809334656,0.1981731532962669,0.27575938058368077,0.30269948392219137,0.1982536217503473,0.30277777777777776,0.2757389406863717,0.19833399444664815,0.1984929605393615,0.22343378271213324,0.3026759167492567,0.3028141101862862,0.19853378244501685,0.27555467511885895,0.3028322440087146,0.19861386138613862,0.27558899227875666,0.3028503562945368,0.22323372254106472,0.19865453106450337,0.275568743818002,0.2232990506329114,0.1987344275262013,0.27560300514037167,0.2233643012453054,0.2235177865612648,0.30250938549693734,0.30264717502963256,0.3027849101323326,0.3029225908372828,0.2754195459032576,0.27556257402289774,0.22340635484507598,0.30288082083662193,0.19846123495758533,0.19861932938856017,0.30289883652139615,0.2233832807570978,0.27537945988566925,0.22349231375640521,0.2754679802955665,0.30279747832939324,0.1985424463265708,0.22351319417093343,0.22366607599921245,0.30275590551181103,0.2237748474709703,0.27528532073986617,0.3027739523903207,0.22383949645948073,0.2753195673549656,0.3027919779787652,0.19834873206211912,0.1985062893081761,0.1986637846335233,0.30275049115913555,0.2751915144372422,0.2753338570306363,0.19870410367170627,0.22359638790734196,0.3026496565260059,0.30278649921507067,0.30292328820875025,0.19870537465672813,0.22357324965679545,0.22372549019607843,0.30288178788472847,0.22383379067032536,0.1987066431510876,0.19886363636363635,0.1990205680705191,0.3027810419114767,0.27472097121597805,0.19909945184025057,0.2748091603053435,0.22367906066536203,0.3026804930541968,0.2748435054773083,0.274985331507921,0.3026984747751271,0.2750733137829912,0.22361219702892884,0.2237639241743209,0.2751074638530676,0.19886696620433678,0.2751953125,0.2753368482718219,0.3024209293244826,0.2754245559242631,0.2755659640905542,0.19882926829268294,0.2756535310183379,0.2235225277940316,0.27574102964118563,0.2758822382530708,0.22358674463937622,0.2759695965698694,0.22369446609508964,0.19871420222092342,0.22380210362290612,0.2759493670886076,0.27609034267912774,0.3017325287132568,0.19871545348384587,0.19887137575403774,0.1990272373540856,0.27601633923361213,0.19914430182808246,0.3015749562512152,0.19926127527216175,0.19941690962099126,0.2759424795958026,0.1995337089566738,0.276029526029526,0.19965041755680715,0.27611650485436895,0.30130071830712485,0.19972826086956522,0.19988356297302542,0.22312766783081103,0.2,0.275989138867339,0.20011634671320536,0.27607599844901126,0.20023260321767786,0.300968992248062,0.2761092811470645,0.20030995738086013,0.3009877977919814,0.2004260263361735,0.3010648596321394,0.2005420054200542,0.30114186181536673,0.27592879256965946,0.22267363126330045,0.22282398452611218,0.22297427963643396,0.30104408352668216,0.22308138410980088,0.3011209895632006,0.2757487922705314,0.30119783616692425,0.20030905930075332,0.20046349942062572,0.22301602625989572,0.2756756756756757,0.2758154796371357,0.20050173678116556,0.27590198726606213,0.2006172839506173,0.20077145612343297,0.22290782876976475,0.3007518796992481,0.20084811102544334,0.20100211986895355,0.27572254335260116,0.22288576382199962,0.20107858243451462,0.20123242826882343,0.3005390835579515,0.20134744947064484,0.20150115473441108,0.30055801423898404,0.20161600615621392,0.3006347374495095,0.2753846153846154,0.30071140165352817,0.22260668973471742,0.30078800691908514,0.20157571099154498,0.30086455331412104,0.20169035728006146,0.22258498175532937,0.3008832565284178,0.22269149548857747,0.30095969289827257,0.22279792746113988,0.20165003837298542,0.20180318434682523,0.3009205983889528,0.30105465004793863,0.2018788343558282,0.20203181905309564,0.22269068608662324,0.20214600498179727,0.30095785440613027,0.20226010342846198,0.2744159325928763,0.2745548535324526,0.22262633996937212,0.22277511961722488,0.3008036739380023,0.202219246221542,0.27448355011476666,0.3008223369669153,0.22275334608030592,0.30089848977251005,0.202217125382263,0.20236957768010702,0.3009170806266718,0.2227316141356256,0.3009931245225363,0.30112659919801416,0.2741504390988927,0.27428898644779537,0.20229007633587787,0.27437511925205116,0.2745135444486837,0.22258249094030136,0.2227307398932113,0.2228789323164919,0.22302706824247046,0.2022107871164475,0.20236280487804878,0.30062869117927227,0.20247619047619048,0.20262807084364884,0.22296268088347296,0.2027412906910337,0.27407689379520367,0.20285442435775453,0.3004185692541857,0.3005516454251474,0.20292887029288703,0.27400646510743487,0.22281368821292777,0.27409237787492874,0.30045610034207526,0.2741782253467604,0.300531914893617,0.20284900284900284,0.22274971515381695,0.27415986329979114,0.2742976461655277,0.20288479787435945,0.2030360531309298,0.20318725099601595,0.30026555386949927,0.30039825526265884,0.27417519908987487,0.27431279620853083,0.20318423047763456,0.300360053060451,0.2032967032967033,0.22239060428111385,0.30037878787878786,0.2741904942245787,0.2224536160545248,0.27427597955706984,0.30034065102195306,0.27436140018921473,0.30041619371925843,0.20313977681104597,0.3004916792738275,0.22234826999432786,0.27429111531190925,0.30051030051030053,0.20313681027966743,0.300585679198942,0.20324896108802418,0.27422096317280453,0.30060422960725075,0.30073626581083635,0.20328425821064552,0.20343461030383092,0.2741509433962264,0.2035465006602528,0.27423613730667673,0.3005845747689987,0.22190799396681749,0.22205466540999058,0.22220128156803617,0.3005464480874317,0.2741145440844009,0.20342814089282352,0.2222222222222222,0.3005083788363773,0.2035015060240964,0.20365142104272538,0.20380127963869024,0.30047036688617124,0.27389014296463504,0.30054542034982135,0.3006769462203836,0.2739236698627562,0.27406015037593984,0.30069535801541064,0.22190905674558437,0.2036445613375916,0.27404207362885047,0.30065727699530514,0.3007885843034172,0.3009198423127464,0.20364114114114115,0.20379057984612498,0.27392120075046905,0.3008816357156256,0.22168042010502625,0.20382523907744235,0.22178477690288714,0.2219306466729147,0.20389805097451275,0.3007307476110174,0.3008617459722743,0.27364675032777674,0.22191011235955055,0.30087998502153157,0.3010108573567952,0.22197267452741906,0.3010853293413174,0.22207670720299344,0.2734754956977179,0.2736113708621657,0.2737471952131638,0.2220975883342681,0.2738317757009346,0.3008783404971033,0.20347533632286996,0.27386512236129273,0.27400074710496825,0.20354808590102708,0.27408513816280805,0.22195258540227739,0.30067189249720044,0.30080238850531815,0.203544776119403,0.20369334079462786,0.3008205893323387,0.22189073279880664,0.2738627889634601,0.22199440820130475,0.300782705926202,0.20365194708403206,0.2738450074515648,0.22201527286273048,0.30074487895716945,0.3008750698194005,0.2738272524199553,0.222036106458217,0.27391142538146634,0.22213953488372093,0.2034970238095238,0.30072531151199555,0.27389364075864636,0.20356943669827104,0.22211895910780668,0.27392677940903176,0.3006317354143441,0.3007616570685491,0.22213967310549776,0.2222841225626741,0.2738581507612328,0.20345275663634677,0.30066815144766146,0.27389125997402114,0.274025974025974,0.2741606381005379,0.22218100890207715,0.27424439087706287,0.27437893956247683,0.20333642261353105,0.27446256486286136,0.2745969983324069,0.20340866987773248,0.20355621411372476,0.2037037037037037,0.3001296056285873,0.3002591632728619,0.20377568017767908,0.2744263508512213,0.30027752081406106,0.27450980392156865,0.27464398002589235,0.20377218934911243,0.27472730634128306,0.2748613678373383,0.27499537978192573,0.27512934220251295,0.3000184740439682,0.203731067602512,0.20387811634349032,0.2213810930576071,0.29998153959756324,0.27500922849760057,0.203912160915298,0.3,0.2750415052573326,0.300073773515308,0.27512446985063616,0.2039085545722714,0.2040552995391705,0.22115739034279394,0.22130090289294269,0.27505526897568167,0.2751888008841407,0.20405156537753222,0.29976063340084697,0.20416053019145802,0.22124056690594515,0.2997791682002208,0.2999080036798528,0.2041942604856512,0.27496781313224206,0.275101140125046,0.2211803640375069,0.2998161764705882,0.2751332475647859,0.2041528849687615,0.20429909976116112,0.2044452608376194,0.2997245179063361,0.2750642673521851,0.20451624747567468,0.2751468428781204,0.27527986786566344,0.20458715596330276,0.20473307649972483,0.2753118121790169,0.27544470933431137,0.22075540887422077,0.2993583868010999,0.2994868035190616,0.2996151731720726,0.27537559545621104,0.204616230078769,0.2754578754578755,0.2755905511811024,0.29952398388868545,0.29965220574775764,0.22053440702781846,0.2755718206770357,0.20453713867544823,0.2046826413023596,0.29956108266276515,0.27555311757176815,0.27568555758683727,0.2995796015353683,0.2046783625730994,0.27571715695231136,0.22031421264157838,0.29954337899543376,0.2204163623082542,0.27569837502282274,0.2758305951077035,0.22047818945062966,0.29945255474452553,0.29958036854588577,0.20448741335279094,0.22049972642713841,0.29959883296863604,0.2756608933454877,0.2757929274516952,0.2996172772006561,0.2758746355685131,0.2760065585716888,0.2761384335154827,0.2762702604261519,0.22032046613255646,0.299472055343164,0.20422278849654169,0.20436760691537761,0.2762008733624454,0.2994360560305621,0.29956347762822844,0.29969085288234226,0.2998181818181818,0.2999454644610071,0.27608142493638677,0.27621297474105033,0.27634447674418605,0.20417801998183469,0.27642571739920085,0.2998002542218994,0.21986201888162674,0.22000363042294427,0.2764065335753176,0.22010524405733986,0.2997097242380261,0.2764375113368402,0.2997823721436344,0.299909338168631,0.27646845540246556,0.2039151712887439,0.2999275099673795,0.2764993658271426,0.2766304347826087,0.2767614562579243,0.21984788120246287,0.2768422958537027,0.2997827661115134,0.29990950226244345,0.3000361925443359,0.30016283698208795,0.30028943560057886,0.20365346355579672,0.2197106690777577,0.27662267221117337,0.2767534345625452,0.27688414964756913,0.30014456089627756,0.27696476964769645,0.20357658959537572,0.277045331406899,0.20368364030335862,0.3000541614009749,0.21949458483754514,0.30012633098718644,0.3002526163839769,0.2769258524264839,0.27705627705627706,0.30027051397655546,0.3003966822935449,0.27708671353884984,0.30046863734679163,0.3005947017480627,0.20342342342342343,0.277067195099982,0.3006123919308357,0.30073833963623264,0.27709758732445083,0.27722772277227725,0.20338372930165588,0.2190030592046068,0.21914357682619648,0.3005936319481921,0.30071942446043165,0.27710843373493976,0.21916576770945703,0.21930612978608666,0.30068296189791516,0.3008086253369272,0.20319798778296802,0.2769894018322256,0.2192887931034483,0.30077213144191056,0.21938958707360862,0.21952970741339078,0.21966977745872218,0.3007356899336085,0.21977036239684247,0.2767713004484305,0.2769010043041607,0.20297651066881836,0.21979204015776263,0.2199318874350242,0.2768817204301075,0.20301021322343665,0.21999283410963813,0.276912054451012,0.3003223495702006,0.27699194270367056,0.3003938417472252,0.21997494182924646,0.22011453113815319,0.3004115226337449,0.3005366726296959,0.20282597030942587,0.27682403433476394,0.20293223672447702,0.2769038255273507,0.20303842716711348,0.3003931379556826,0.2199392531713418,0.3004644515898535,0.3005893909626719,0.3007142857142857,0.3008391358685949,0.2766868975365941,0.30091022666428696,0.3010349750178444,0.30115967885816236,0.3012843382090617,0.20278223649010166,0.2765691868758916,0.2196469958994473,0.27664884135472373,0.20281589734450187,0.20295794725588026,0.3010867628719045,0.2766298539365871,0.2767586821015138,0.202991452991453,0.2768381698415524,0.21947312210751158,0.30094322833244347,0.301067615658363,0.20298879202988793,0.2767698327997154,0.2030944335763827,0.2768492176386913,0.27697777777777777,0.2771062922147174,0.2031277767904745,0.300817341862118,0.27713625866050806,0.2191829484902309,0.27721541466879773,0.21928267045454544,0.300727853719155,0.30085197018104365,0.21934338952972493,0.20298083747338538,0.30086925669682457,0.27704859879389854,0.21936513566235147,0.300886524822695,0.30101045913845065,0.2770294221907125,0.20290625553783448,0.2030474840538625,0.20318866253321524,0.3009210060219625,0.3010448025500266,0.3011685552407932,0.30129226411754295,0.3014159292035398,0.20314988497611042,0.2767162066525124,0.2768441535467893,0.21896002829854969,0.21909814323607427,0.21923620933521923,0.2768251723528372,0.30116648992576883,0.20303940625552216,0.30123674911660775,0.3013601837131249,0.203108442246556,0.30143033727706164,0.3015536723163842,0.2031774051191527,0.30162372043769853,0.2765131462855126,0.20324629498941427,0.20338684071264773,0.30158730158730157,0.2034914477164521,0.2764456981664316,0.20359598096245374,0.20373634120549877,0.2764757709251101,0.2186398872445384,0.20380482649286594,0.21873899260302923,0.2764571227328755,0.20387323943661972,0.21879950712902657,0.27648715241112287,0.2766144641914482,0.2767417311752287,0.3009674582233949,0.30109039746746397,0.30121329347634956,0.30133614627285515,0.30145895587976795,0.20369068541300528,0.30152872957301,0.3016514406184118,0.20375900228350605,0.21847558833860203,0.3016681299385426,0.30179073033707865,0.3019132876952782,0.30203580203580205,0.20371995086857345,0.3021052631578947,0.30222767935449923,0.21834444054717642,0.2184815009644047,0.2759467040673212,0.27607361963190186,0.2036452856642131,0.2037848256527072,0.3020322354590049,0.20388859695218076,0.2040280210157618,0.30204867798984414,0.20413165266106442,0.2182741116751269,0.21841092054602732,0.30201224846894137,0.27571728481455565,0.27584397411229666,0.20409233997901363,0.2042315090050708,0.27587412587412585,0.2760006991784653,0.20429919608528488,0.27607897955617683,0.27620545073375263,0.27633187772925766,0.27645826056584005,0.2180897503055701,0.21822625698324022,0.27648804328853205,0.20418848167539266,0.20432734252311988,0.27651779483600836,0.21821036106750394,0.3011859086152773,0.204359197907585,0.2764993026499303,0.27662541397943174,0.20442662948762635,0.21815647325318,0.21829268292682927,0.3009928583870406,0.21839080459770116,0.20442277555284694,0.20456128133704735,0.20469973890339427,0.2763661677688827,0.20480250565512442,0.20494084899095338,0.2763958949382501,0.30069565217391303,0.20500782472613457,0.30076495132127956,0.20511037719450723,0.30083420229405633,0.21807124239791487,0.21820708825573315,0.3008511377453535,0.2183049670024314,0.21844070151067893,0.30086805555555557,0.30098941156049297,0.3011107254425547,0.275897969807392,0.2760235947258848,0.27614917606244577,0.2762747138397503,0.2764002080804578,0.21827323162274617,0.30091870341480326,0.30103986135181976,0.30116097730029456,0.30128205128205127,0.3014030833188983,0.2762383096640111,0.21818181818181817,0.3014196675900277,0.2044313657607755,0.30148840429214263,0.30160927496106593,0.27612456747404845,0.2762497837744335,0.20442753372535455,0.2180529137126059,0.20452973720608575,0.20466724286949006,0.20480470100241963,0.27613616727147056,0.20490670352453352,0.20504404905855933,0.20518134715025907,0.20531859782420997,0.3011049723756906,0.30122561712411533,0.30134622022782187,0.30146678170836927,0.30158730158730157,0.20527859237536658,0.21766126250431184,0.21779617175375066,0.301551724137931,0.21789346664368212,0.2180282661151327,0.21816301912803723,0.20520330806340456,0.2053402239448751,0.20547709266276265,0.30136042707077665,0.3014807162534435,0.3016009640213462,0.20550774526678142,0.3016692479779728,0.2751204404679973,0.2752451402029933,0.30168558651530786,0.27532244196044714,0.27544704264099035,0.3017019082001031,0.27552423513234786,0.3017700635848084,0.30189003436426115,0.2755540285174369,0.2176228100309172,0.3019062339000515,0.21771978021978022,0.2178540772532189,0.27548918640576725,0.20507980092672043,0.21791352093342484,0.27551895693944073,0.21801029159519725,0.3016635225518779,0.21810699588477367,0.301731527515858,0.301851217003771,0.2754070265638389,0.30191912268677173,0.27548398149734454,0.30198698184309697,0.30210652508991265,0.3022260273972603,0.30234548878616674,0.2754193769257104,0.21786753380112955,0.30236139630390146,0.20461933276304534,0.2047553882996921,0.30237728749786214,0.21785225718194254,0.30244486236963586,0.20478632478632477,0.3025123910442659,0.2751196172248804,0.2752434648898001,0.3025281858558251,0.2753202391118702,0.27544398907103823,0.3025439644869387,0.27552065551382726,0.27564430790237243,0.30255972696245736,0.27572086674628904,0.21750255885363357,0.3025754733071806,0.21759890859481582,0.30264279624893436,0.3027616774633481,0.3028805181523777,0.21762099522835718,0.21775430226614415,0.27546848381601363,0.3028444898654403,0.27554495912806537,0.21777626426017369,0.3028600612870276,0.3029787234042553,0.3030973451327434,0.27548068742555726,0.2756039469207213,0.30311277428134037,0.27568027210884355,0.3031797313382078,0.27575654539272354,0.2758796532381438,0.2760027192386132,0.27612574341546303,0.3030920829085967,0.27620180057754373,0.27632472826086957,0.20359993207675328,0.3030560271646859,0.30317433372941777,0.20366598778004075,0.30324113354827764,0.3033593484899898,0.2037319762510602,0.30342605156037994,0.27607257927759876,0.27619532044760936,0.21698592981861334,0.30338983050847457,0.20369428910354176,0.21704506946797697,0.3034050482805353,0.3035230352303523,0.21710414902624894,0.21723670843210294,0.20365667851701372,0.2173324306025728,0.2758503976984261,0.3033840947546531,0.27592623921502285,0.3034506089309878,0.3035684085912396,0.21728102806898883,0.20355029585798817,0.3035835023664638,0.3037011999323982,0.21730314295370057,0.21743537759756715,0.3037162162162162,0.21753082249619995,0.3037825059101655,0.20344420057403342,0.275489534098582,0.3037974683544304,0.20350995612554842,0.303863674708959,0.20360998650472334,0.30392983639736887,0.30404721753794267,0.20367560276513236,0.30411328388401887,0.27524018203269845,0.2753623188405797,0.3041280539174389,0.27543800539083557,0.3041940373926225,0.21707645671943415,0.3042599764270079,0.20353535353535354,0.21713516243056724,0.20363513968360822,0.30422345616691904,0.20373485868102287,0.2751892346509672,0.21712075344769594,0.30418698503447117,0.20376597175521183,0.20389981509497396,0.3042016806722689,0.20399932784405983,0.2750336021505376,0.27515538384008065,0.2752771246221028,0.21696053736356002,0.20399597044996642,0.21705556488165184,0.3039610607586438,0.21715052861218326,0.3040268456375839,0.30414360006710284,0.27507547802750754,0.20392419922857621,0.20405767940979208,0.27510477787091364,0.20415688903788132,0.2751801575330987,0.20425603217158178,0.2752554866811861,0.30385259631490785,0.27533076536593537,0.27545210984594776,0.27557341369496063,0.20421827920990962,0.2756485355648536,0.2757697456492637,0.3036640455077798,0.3037805286048846,0.21659140324468976,0.275752508361204,0.2041464638020398,0.275827482447342,0.30369379909744276,0.2759024064171123,0.3037593984962406,0.21650517875041764,0.27593118423250373,0.27605210420841686,0.27617298380364,0.21652754590984974,0.30362209981639127,0.3037383177570093,0.2039045553145336,0.3038038038038038,0.21651376146788992,0.27601734489659774,0.27613806903451726,0.20390130043347782,0.30371728621436905,0.204,0.27612064655890683,0.3037320893035655,0.303848075962019,0.27614923384410395,0.20399666944213155,0.20412920412920413,0.30381221907774264,0.2042276964047936,0.21617573639540688,0.2760399334442596,0.21627017135252039,0.21640053226879574,0.3036753700315982,0.2760226139008979,0.21645885286783043,0.2760970744680851,0.20408841615422968,0.2042206713193752,0.20435288253862768,0.30348837209302326,0.3036040524829762,0.20441713716373297,0.3036692678067408,0.30378486055776893,0.2162655601659751,0.20444739462329903,0.27575908412145345,0.20454545454545456,0.20467739260242163,0.3036484245439469,0.21621621621621623,0.21634615384615385,0.2047074424001326,0.2756049055353,0.3035625517812759,0.2047713717693837,0.20490309756501573,0.27558794302749257,0.216260970359331,0.27566225165562913,0.27578215527230593,0.20489904005296258,0.20503061393347674,0.2758107213765718,0.2162117452440033,0.27588488256698646,0.2760046303952373,0.21626984126984128,0.30302529343693174,0.2049586776859504,0.3030903982812758,0.2759418374091209,0.20502230299025276,0.2051536174430129,0.30305532617671344,0.20525099075297226,0.2053822024104342,0.20551337074942225,0.2160422511965671,0.21617161716171618,0.30292031017983834,0.27565160013196965,0.27577107042718124,0.3029353562005277,0.20544105523495465,0.2757995384108144,0.21608702818526454,0.3029004614370468,0.3030153237765695,0.2054365733113674,0.20556745182012848,0.20569828722002634,0.2756463033097316,0.2057951926243003,0.20592592592592593,0.30283080974325216,0.30294553233503374,0.2158604804211912,0.30301036354663596,0.20592105263157895,0.3030751521131393,0.2158829332456429,0.27535755383856647,0.21597633136094674,0.27543138866064093,0.20588235294117646,0.21603417118449153,0.3028909329829172,0.20594514698636887,0.20607553366174056,0.3029059267772123,0.2752790544977019,0.3029706220252749,0.21595011486708238,0.20607054963084495,0.2062007874015748,0.2752173199934394,0.2062971466054444,0.2159370388588293,0.2063934426229508,0.27520078675626947,0.2753195673549656,0.2064558413894806,0.21592398427260812,0.21605241605241604,0.2161808057648215,0.27525790076960865,0.3023903077930583,0.2162383368800131,0.30245499181669394,0.21633120602192768,0.3025196335078534,0.3026337313921152,0.21638861629048087,0.2750613246116108,0.20618051013734467,0.27513487003433057,0.3025498528931023,0.2752083673802909,0.3026143790849673,0.3027283123672603,0.27523685070238485,0.3027927486526213,0.2060744611365121,0.275265306122449,0.20617042115572967,0.27533866492573855,0.2160574412532637,0.2754119758525045,0.30261011419249595,0.3027238623389333,0.3028375733855186,0.2160443502364259,0.27535050537985,0.2754686226568867,0.2755867014341591,0.2757047417304872,0.27582274356467906,0.20589672585111582,0.2758957654723127,0.27601367855398146,0.30250732660371216,0.30262086928210974,0.302734375,0.3028478437754272,0.215750081353726,0.2759069464779567,0.27602472348731294,0.2761424621889738,0.2056910569105691,0.2762152495529182,0.21570221066319897,0.3026166097838453,0.3027299317517062,0.27619821283509344,0.3027940220922677,0.21568945915218452,0.3028580708022085,0.2761811982464686,0.3029220779220779,0.20548612238273006,0.2762090230444661,0.2763264643842285,0.2764438676184296,0.27656123276561234,0.2155368147907882,0.302740392411221,0.3028534370946822,0.2155940995299076,0.3029173419773096,0.30303030303030304,0.21565132858068697,0.2157783897618662,0.27632005183025593,0.30299595141700403,0.21583549222797926,0.3030597377367654,0.30317254775008096,0.2762582942223661,0.30323624595469256,0.2158226824138489,0.3032999029440311,0.30341258288856543,0.27619663648124193,0.2158447857720291,0.30342709343679275,0.27622434136091806,0.2763413057530705,0.21586686055905638,0.3033925686591276,0.3035050880310128,0.30361757105943155,0.21588890683029227,0.30368098159509205,0.20451977401129945,0.27614590058102,0.2762627077618202,0.20458212326556954,0.3035973544120019,0.2762903225806452,0.21577164973391388,0.3036117381489842,0.2158632919555054,0.27627337201805285,0.21595487510072522,0.2160812117305833,0.30352827452875786,0.30364046391752575,0.2762119503945885,0.3037037037037037,0.27628401223635485,0.2764005151320026,0.2042491549975857,0.276472481493402,0.215929203539823,0.21605534105534105,0.2764999195753579,0.20424573817947894,0.20437369351985848,0.30337620578778135,0.27648288056582543,0.20443587270973965,0.30339064759762174,0.2765102827763496,0.2044979919678715,0.27658207516864763,0.2045929018789144,0.30330764290301865,0.20468775084283192,0.2157303370786517,0.27652062269298666,0.2766367137355584,0.30322477137814857,0.20468399101700352,0.3032878909382518,0.2766196279666453,0.30335097001763667,0.27669124719461363,0.2046802372175028,0.27676282051282053,0.2768787053356834,0.20474206984940724,0.20486945378824284,0.30317104420243435,0.3032826261008807,0.20493115593980146,0.3033456058908276,0.2050256081946223,0.2766842694831173,0.2768,0.3033114701647736,0.21513115802943059,0.2768271229809691,0.27694275663575313,0.2151878497202238,0.3032289002557545,0.27696979383090936,0.27708533077660596,0.20482505192522768,0.3031948881789137,0.30330618112122665,0.30341743851804537,0.20485390387992974,0.27697956577266925,0.3034317637669593,0.3035429300989467,0.21493537577788416,0.30360561582641993,0.2048173552400702,0.3036682615629984,0.2768298516982937,0.27694515306122447,0.3036824485891918,0.30379343321644886,0.27697211155378487,0.3038559592096877,0.20471562848494504,0.2147180630774132,0.2769549291288422,0.3038216560509554,0.20474446744149022,0.21474052849411016,0.2769377685818876,0.30378739656269893,0.21479713603818615,0.3038498250079542,0.303960553523143,0.20467557251908397,0.30402289712195896,0.3041335453100159,0.2767445557145128,0.2768595041322314,0.27697441601779754,0.2770892913886241,0.27720413026211277,0.30400254129606097,0.2772748928060981,0.2773896475071451,0.30401651055723133,0.27746031746031746,0.21441041104586572,0.3040304665185655,0.2774869109947644,0.2776015228426396,0.30404440919904835,0.2776720583571202,0.27778658633264625,0.2779010779961953,0.2041527975907434,0.21426307448494453,0.30391380129931866,0.30402408111533585,0.30413432599398066,0.304244535951853,0.2142517814726841,0.21437618746041798,0.21450055406047175,0.21462488129154797,0.277575565754075,0.3041139240506329,0.2776459420977693,0.30417589370452386,0.20385892772418157,0.20398481973434535,0.2776284584980237,0.2040784065760354,0.2776987513829619,0.30404551201011376,0.27776899984199716,0.3041074249605055,0.2040751855946928,0.21430827542640557,0.2144323385441339,0.2041364066940322,0.21452249408050514,0.21464646464646464,0.2775761401293988,0.21473650994004417,0.20413314402902666,0.21482649842271292,0.27755874467749564,0.21491643014821823,0.2041620684218824,0.2775851197982345,0.20425531914893616,0.20438071225969115,0.2776114699858201,0.2777252678008822,0.27783902976846747,0.27795275590551183,0.21476932766493464,0.21489294710327456,0.20431292302849047,0.21498268807050677,0.2044059795436664,0.30302076777847703,0.20449897750511248,0.3030827304183706,0.2777166221103947,0.2778301886792453,0.20452759000157208,0.30304935554856965,0.21483576929121484,0.21495914519170334,0.2777690494893951,0.21504869619855482,0.3029684309722004,0.20445979899497488,0.20458470717538074,0.27770800627943487,0.21503688588918538,0.30288763339610797,0.2046132119880747,0.27769061813617824,0.30290196078431375,0.30301129234629864,0.20464168104124197,0.20476638444653497,0.2149239692741809,0.204858934169279,0.3029305751449616,0.2049514258853024,0.21494595018016607,0.2150689223057644,0.3028974158183242,0.21515815847165676,0.20494754971034915,0.20507201001878522,0.2152136484582877,0.277151799687011,0.3027695196369895,0.21526908635794745,0.2771781636164555,0.20503597122302158,0.21532447224394058,0.30268918073796125,0.20509613881506955,0.20522038136917786,0.2153461478355993,0.30265625,0.21543508826745822,0.2155576382380506,0.2769014524441668,0.27701436602123675,0.20515222482435597,0.2052763034655011,0.21554549711253318,0.2769975031210986,0.30238726790450926,0.20530421216848674,0.27702386523163314,0.20539613225202744,0.20552003742398253,0.27705020268163394,0.20561184723304754,0.2771197007481297,0.20570359981299674,0.21533187909005921,0.277145972892974,0.20576323987538941,0.3019778850646317,0.27717222049205853,0.20582282422543982,0.21528642590286426,0.20591439688715954,0.2060379707438531,0.21534152792904931,0.2770690728064717,0.2060973712863587,0.30171073094867806,0.2770953195459493,0.27720771144278605,0.30172547800404165,0.20609263288778365,0.2772338772338772,0.21519577377252952,0.21531769457821967,0.21543957750854303,0.21556142258114613,0.27717391304347827,0.30150597733271234,0.3016144054641416,0.20595995654198354,0.20608317815021726,0.27711404189294025,0.20617437170338193,0.27718318597797426,0.21541563275434245,0.21553729260350443,0.3013953488372093,0.2771663308014261,0.20613763174209548,0.2772353943902061,0.2773473814688565,0.2061967467079783,0.21545848822800495,0.21557999070775902,0.21570145555899659,0.2772875058058523,0.20619195046439628,0.20631481194861476,0.30099040544722994,0.20640569395017794,0.20652846534653466,0.277184841453983,0.2066192390968141,0.21555589918045462,0.27721088435374147,0.20667800278250115,0.21561051004636786,0.3007263174161644,0.3008343634116193,0.2156650702919821,0.20667284522706209,0.2770656370656371,0.27717726991970354,0.3007565230816736,0.2772460635998765,0.206667695632042,0.2773148148148148,0.20675821632464125,0.21551990126504164,0.30063242326083606,0.2772979642196175,0.21557440246723208,0.20675300647548567,0.30060120240480964,0.2156288532675709,0.2772384034519957,0.21571648690292758,0.2773070405176398,0.20671595810227972,0.2773756352995534,0.2774869109947644,0.2775981524249423,0.30033866995073893,0.27766661536093584,0.2066789781471222,0.20680104631481766,0.20692307692307693,0.30026149823104137,0.20701322669947708,0.30032292787944026,0.20710332103321033,0.20722521137586472,0.20734706424838611,0.30029199323805134,0.27735095267363247,0.2074051313565832,0.27741935483870966,0.27753033328213794,0.20746314496314497,0.2775986488561339,0.3001228124040528,0.20752110514198005,0.2076427255985267,0.3001381003529231,0.21494323412089597,0.2774965485503912,0.2076687116564417,0.2149976997393038,0.20775835633241338,0.30001533036946193,0.2774371551195586,0.30007662835249044,0.27750536316273366,0.27761605638118586,0.2777267156862745,0.3000459488436208,0.20765696784073506,0.27775225845965396,0.20774647887323944,0.30001530690341344,0.30012243648607284,0.2777352716143841,0.2778457772337821,0.20774055377084288,0.27791373508718265,0.20782994341642452,0.21452599388379204,0.2999541354532946,0.20788749617853866,0.27785419532324623,0.2145476772616137,0.2079449961802903,0.2998777879621143,0.21460210783564992,0.2999389126450825,0.2777523285997862,0.2778625954198473,0.21462372156922607,0.27793040293040294,0.29986265832443154,0.21467805920048824,0.29992372234935166,0.20774862721171447,0.2147323471099588,0.2778286062824032,0.21481933221527671,0.20777439024390243,0.2778539856729157,0.21487351417250838,0.2078317842450099,0.27787934186471663,0.2079207920792079,0.21489491318915627,0.29952794274402317,0.29963459196102316,0.20794641497944893,0.21491628614916286,0.21503576320194795,0.20800365185636033,0.27765099650083674,0.2777608761788865,0.21505703422053232,0.20802919708029197,0.27778622472251785,0.2081179689875342,0.27785377716978266,0.29924012158054714,0.29934660385959583,0.29945305378304465,0.20811180312927235,0.20823207776427705,0.21488230827638571,0.27771029456422713,0.27781994838317897,0.29933211900425016,0.21490362725755047,0.20819423368740517,0.2778030647853133,0.2993021844660194,0.2994084635219172,0.20821959356991204,0.2083396512509477,0.20845967252880535,0.20857965742003942,0.29933313125189454,0.20866797999696923,0.2993939393939394,0.21466444478109378,0.2774916691911542,0.27760109041344844,0.2147183525136281,0.2993186979560939,0.2148047229791099,0.2775843802028152,0.2148910411622276,0.20850355575730065,0.2992435703479576,0.29934956890031766,0.2149122807017544,0.2150309995463481,0.2774417901421228,0.29931972789115646,0.2994256348246675,0.20840259936527128,0.2150196433967966,0.2994410031726847,0.29954682779456193,0.2084277299501586,0.20854726668680157,0.20866676732598521,0.27717391304347827,0.2149433962264151,0.2994265016601268,0.20869171570846537,0.2088111044055522,0.20893045708251623,0.2770739064856712,0.2771829286683758,0.20898673100120627,0.21483491632745363,0.21495327102803738,0.2771665410700829,0.27727546714888485,0.2773843604037969,0.20894847845736667,0.21494200933875585,0.2989457831325301,0.2150278572504141,0.21514604034929238,0.2772843594761403,0.20891029500301023,0.21519939804364183,0.21531748420102317,0.21543553482774183,0.20893501805054152,0.2986915325612874,0.20902255639097744,0.21545632235754023,0.20911004209260373,0.2092289192845333,0.2769762548842801,0.20931630353117955,0.20943509615384615,0.2770016523959742,0.21537999399218985,0.21549782249587024,0.29834834834834834,0.29845368563278785,0.2769438607024917,0.20936515083295812,0.2154861944777911,0.2769692423105776,0.21557155715571558,0.20938953052347384,0.20950809838032394,0.2156245314140051,0.21574212893553224,0.20956378354069854,0.2981115107913669,0.29821669414056645,0.20961941863949654,0.2767041198501873,0.21569802276812464,0.27677100494233936,0.27687930518119197,0.21575086090732146,0.2980538922155689,0.29815895823978444,0.20951810835079318,0.2157713601675894,0.2767803710353082,0.20957367240089753,0.20969189350882442,0.29804097502617016,0.2097787081339713,0.29810136044251756,0.2766816143497758,0.21566283066806158,0.29811715481171547,0.20977140295831465,0.21571556617866747,0.27662434652725915,0.2767323775388292,0.29804390025384503,0.2767990444908928,0.2769070010449321,0.2770149253731343,0.29801522160871513,0.2981199641897941,0.2770401312844995,0.21554295942720764,0.2771066368381805,0.2772144348344766,0.2094826300879678,0.2772808586762075,0.20956923535549263,0.2096870342771982,0.27730591566085533,0.2774135876042908,0.20974229107701475,0.29773607387548406,0.29784065524944153,0.21530673019654556,0.27735596248325145,0.29785650491217625,0.20970382497395446,0.2773809523809524,0.2774884689778307,0.2978280273728057,0.2979324706232337,0.20969660916121358,0.2979925650557621,0.2774308652988403,0.2980526237550171,0.2981569560047562,0.2150393817803537,0.20965824665676078,0.21512405288961522,0.20974450386215093,0.2772909549977722,0.2151767151767152,0.2979955456570156,0.20976840855106887,0.21522933056256494,0.27723360047491835,0.2153138447840926,0.21543026706231455,0.21554665479899124,0.2772174428952833,0.20969894705620643,0.2772835112692764,0.2155670867309118,0.20975392825378003,0.2976137542611531,0.277267338470658,0.21558749444362127,0.2157037037037037,0.2975855428825359,0.20971563981042654,0.21575596031393454,0.21587207580692921,0.20977054034048853,0.27708703374777977,0.2159242267278378,0.21604024859425866,0.21615623612960497,0.2973372781065089,0.20973228812305872,0.2973972197574682,0.2975011089753068,0.20978710821998817,0.2099039172209904,0.27682530298551583,0.2769321708290232,0.2974290780141844,0.20992761116856257,0.21004431314623337,0.21016098065278394,0.2768753691671589,0.2102465672523254,0.2973132565692353,0.21579335793357934,0.21030106257378986,0.21041758890364468,0.2767778105635881,0.21581354182032747,0.215929203539823,0.2971538121221059,0.29725744618106753,0.2159811292938228,0.29731721698113206,0.27663964627855564,0.2102858826996758,0.2767054663326949,0.2768120212139069,0.2159375460303432,0.2768777614138439,0.21027830952731558,0.21598939929328623,0.27690269394965406,0.21033264645275243,0.21044885945548197,0.29693937610359034,0.21053405914373988,0.27684613121506324,0.27695249301367847,0.21058823529411766,0.27701808557565066,0.2771243751837695,0.2157871527267382,0.2967372134038801,0.29684055841293167,0.29694387305318837,0.210518583810783,0.29700352526439483,0.2106036128653253,0.21071953010279001,0.21083541330201144,0.21095126247798004,0.27682371936004696,0.276929850308189,0.29684519442406454,0.29694835680751175,0.21094323015989438,0.2110589615723086,0.2768734418536442,0.2153958944281525,0.2155109221521771,0.29683377308707126,0.29693683130587717,0.2970398593200469,0.29714285714285715,0.21549956050395547,0.2766954738538157,0.27680140597539543,0.21086542685605505,0.21551976573938506,0.21563460693895475,0.2157494145199063,0.21586418849699984,0.21597892888498682,0.29685442574981713,0.2160620245757753,0.21617668568085419,0.29687042995027785,0.29697324170200323,0.2162280701754386,0.2970325975734542,0.2763811750950015,0.29709191874908664,0.21054938632378725,0.2764061358655953,0.27651183172655563,0.21615305973419016,0.216267523364486,0.29697766097240474,0.2105109489051095,0.21062618595825428,0.21628721541155868,0.2969502407704655,0.21067989495185294,0.2762946754194019,0.2969661610268378,0.21073355694910312,0.2763196267133275,0.2764251348593089,0.2969387755102041,0.21075644949715786,0.21087146604488488,0.2969546845402885,0.21605477855477856,0.2161689730517116,0.21628313428488202,0.2163972622688219,0.29688410017472333,0.2761682923278498,0.21644832605531295,0.2762334449134042,0.27633876600698487,0.21649934526407683,0.21661332557462903,0.21061818181818182,0.2763234438627109,0.2166642431292715,0.27638848502471647,0.21064108155255123,0.29651162790697677,0.21072518529283535,0.2763731473408893,0.276478279819846,0.21077861708309123,0.21655773420479302,0.276503049665989,0.2766081022215769,0.21660859465737514,0.2962694150094353,0.27663280116110306,0.2767377739079959,0.2768427161926872,0.21064848396924415,0.2769074557586307,0.2961566352429297,0.21070185614849188,0.2769319994200377,0.2961728037112206,0.2769966661835049,0.27710144927536234,0.2772062019997102,0.2961460446247465,0.27727075184702304,0.21625144843568944,0.2961622013034033,0.2772951057051839,0.2962212248443608,0.27735958309206715,0.21045013750180924,0.2962373371924747,0.2773838807697873,0.2105034722222222,0.2962534355561985,0.27740815736187446,0.2963123644251627,0.2774725274725275,0.21049587971664016,0.2963284186180977,0.2964301199595317,0.29653179190751444,0.27741655830082357,0.21048829817971684,0.2774808608984544,0.27758521086077415,0.27768953068592056,0.29641928963326597,0.27775371733795295,0.2778579676674365,0.2964352720450281,0.21038961038961038,0.21555331121050353,0.2964512406231968,0.2778018173950671,0.27790597057975197,0.2964671953857246,0.2103517877739331,0.29652587573879197,0.27788988181032,0.27799394725464766,0.2780979827089337,0.27820198818614034,0.2964563526361279,0.278265879302895,0.29651497695852536,0.21022318214542837,0.2965735675208753,0.2782496041456744,0.27835348301669544,0.2965894373291121,0.27841726618705037,0.27852107610415766,0.27862485615650173,0.21012512584495902,0.2965199884958297,0.21495327102803738,0.2786083956296722,0.2965358631594078,0.21011784995688415,0.2965943382669924,0.29669540229885055,0.21017095244936074,0.2967538063774777,0.27847192302168605,0.2148190695002872,0.2785355348169419,0.2967269595176572,0.2968279029711497,0.29692881745120553,0.21007318123116658,0.27847919655667147,0.2101563620714388,0.29690189328743544,0.2970027247956403,0.29710352738743906,0.21017921146953406,0.2971616972477064,0.2783431274186613,0.27844654628833476,0.2145006447915174,0.2785100286532951,0.2970921071479731,0.2971927814379834,0.2785335815552055,0.2144902634593356,0.27859699355762346,0.2971657600916118,0.2145412909689423,0.2972238122495707,0.29732436686221203,0.27854077253218884,0.20984122443141182,0.2973398169336384,0.27856427856427857,0.27866742922505006,0.29735525375268046,0.20983419096626643,0.29741317707588966,0.2786510431551872,0.2787541077296757,0.27885714285714286,0.2789601485502071,0.29734361610968296,0.20976724261030988,0.2789834380354083,0.29735902926481084,0.20982015415358266,0.20993292421863852,0.2973744292237443,0.21001569410757598,0.29743223965763194,0.2100984167736414,0.2974900171135197,0.27876800228147725,0.29754776161961793,0.21382751247327156,0.27879133409350054,0.21006127974918057,0.21387859789113708,0.2788146459609631,0.29743589743589743,0.21008403361344538,0.29749359156935345,0.2975936209597038,0.2787585421412301,0.29765124555160144,0.2788215200683177,0.2977088373416821,0.29780876494023906,0.2979086641058472,0.2980085348506401,0.29810837718674443,0.21359499431171786,0.2137068107493246,0.21381859539380155,0.27860696517412936,0.2787094940306993,0.2788119937473355,0.2979539641943734,0.2788748401761614,0.29801136363636366,0.2981110637693509,0.2982107355864811,0.21368734914099105,0.29826802952867687,0.2983676366217175,0.29846721544138516,0.20945083014048532,0.21367763904653803,0.29848205419208396,0.29858156028368793,0.21372854914196568,0.27850255246738514,0.2094144335743655,0.27856535299121066,0.29851169383416015,0.2094671201814059,0.21368853620518635,0.21379994332672145,0.27850970392406854,0.29844192634560907,0.21385072935844782,0.21396205041064853,0.29845674642503184,0.2784541336353341,0.27855626326963906,0.27865836399660343,0.2139521720673553,0.29838709677419356,0.21403310227754987,0.2091937765205092,0.2984019233488898,0.20927601809954752,0.21405344266930582,0.2784845914616907,0.21413427561837456,0.2785472018089316,0.2982902359756959,0.2786097767730997,0.27871168244102273,0.21412429378531073,0.20915124982347127,0.2092629200790737,0.21417478469575038,0.27865612648221344,0.29809456598447426,0.20928591589048828,0.20939748835896713,0.20950902934537247,0.27860064889265057,0.2787023977433004,0.2140741785361726,0.209531866892273,0.2978993373748766,0.2141246123484635,0.2142353770260747,0.21434611048478017,0.2785684091869804,0.2978303747534517,0.20946612198901254,0.2095774647887324,0.29784537389100124,0.21430582934384682,0.2784738842742503,0.27857545045045046,0.2095707248416608,0.2786377708978328,0.27873927114112845,0.2096229600450197,0.2788015192010128,0.2976090014064698,0.27886373224581634,0.2141451068616423,0.27892591030507524,0.21422547090244587,0.21433591004919184,0.21444631815626758,0.27890965294365605,0.2790109581343074,0.2973732265767664,0.21446629213483145,0.21457660440949305,0.27899466442010673,0.21465674575319388,0.2973048848961258,0.20926315789473685,0.21470670783047993,0.29732005051213695,0.20931537598204264,0.20942628699677374,0.2973352033660589,0.27878277941382695,0.2146662927650028,0.2147763914201598,0.2094196804037006,0.2148563419761738,0.21496636771300448,0.21507636261734622,0.2786494816475203,0.21515618433954337,0.20938375350140057,0.29701722447836437,0.2971156538784654,0.20943581128377434,0.20954647256438969,0.2151154653603919,0.21522530086761824,0.20959843290891284,0.27839955232232794,0.20967967547908797,0.2097902097902098,0.21521465529296602,0.2968400447427293,0.2783447504543548,0.2968968409281521,0.21523410202655485,0.2097540525433203,0.21531367891574682,0.2968706342553786,0.20980583880430229,0.21536312849162012,0.21547269934366708,0.29684445685562694,0.29694262180650566,0.20979899497487436,0.2099092812281926,0.29695785654479484,0.21543184037951724,0.2779017857142857,0.21551122890221788,0.296931659693166,0.20987309998605494,0.21556051310652538,0.27784748361912726,0.2779481460830778,0.21560975609756097,0.2157190635451505,0.20983697923923644,0.21579827249930342,0.29669870455495195,0.20988857938718664,0.2778164601030497,0.21581732108047896,0.2778783238201309,0.27797884187082406,0.21586638830897703,0.278040634567214,0.2159454570752748,0.21605453533667224,0.21616358325219084,0.20973574408901252,0.2162425253789459,0.296301446051168,0.29639927707493396,0.2162913539060328,0.21640027797081307,0.2964146748193441,0.27775461998054746,0.21644901361489302,0.2096124461730796,0.29638888888888887,0.20969309818080822,0.27770063871146905,0.2778009162848813,0.2779011660188784,0.2963219986120749,0.20968637246738828,0.20979603163590954,0.21628745837957825,0.20987654320987653,0.20998613037447988,0.21009568714464014,0.27773155851358844,0.27783169277693054,0.2779317992791794,0.29604989604989607,0.21618625277161863,0.2779548288762644,0.27805486284289277,0.2960243801080482,0.2961218836565097,0.29621936019941836,0.27803932428690115,0.27813927730859755,0.20985603543743078,0.2160553633217993,0.2781621920841406,0.2099072920990729,0.21610403984504703,0.27818508784064183,0.27828492392807747,0.2099294703360531,0.21003871681415928,0.2160929075072584,0.21011888305225324,0.21022805805114028,0.2103372028745163,0.2781539311869559,0.21041724233213596,0.21052631578947367,0.2106353591160221,0.2159922662615661,0.29549848108257387,0.2955957476183902,0.278023191606847,0.2956521739130435,0.21598123102401326,0.21608941631019732,0.21054083885209712,0.21616774727548627,0.27793103448275863,0.21059164253206455,0.21070049641478214,0.21080932028126292,0.27791563275434245,0.21612680909717435,0.2162348401323043,0.21634284139451565,0.21645081289611462,0.2107728337236534,0.21652892561983472,0.2108524996556948,0.27774717708620217,0.2778466198540548,0.2779460352422907,0.2165175498967653,0.29493531516652904,0.29503233796614836,0.29512933406714364,0.21075801348190948,0.2951856946354883,0.2778159812955577,0.21644664466446645,0.2165543792107796,0.29516084685180094,0.2778006872852234,0.21069268829026938,0.2778617562182218,0.2951360263808739,0.295232861656821,0.29532967032967034,0.2954264524103832,0.2955232079099149,0.21639434299052587,0.21059857221306974,0.21070693205216198,0.27765577820477627,0.27775490599698094,0.27785400658616904,0.21635340924681026,0.21646090534979423,0.21656837196543685,0.2106417992320351,0.2952145893322364,0.21661639703866192,0.2167237834132968,0.2168311403508772,0.21693846786350554,0.2170457659632776,0.27757227017399644,0.21712328767123287,0.29502807834543215,0.2951246233908518,0.29522114199643984,0.29531763417305584,0.21711156741957563,0.21037503421845058,0.29533324209661965,0.2171592775041051,0.27732932001641813,0.2774281805745554,0.27752701408836,0.21033916849015316,0.21714754546697662,0.21725458025704128,0.21038961038961038,0.27747402952433026,0.2775727757277573,0.2104400109319486,0.27763355649678917,0.2949453551912568,0.2171834448845786,0.21729035782573067,0.2949610815239656,0.210404150737302,0.2950170648464164,0.2173082173082173,0.21045448341749692,0.27742903930131,0.27752762996316005,0.21050477489768077,0.21729641249488474,0.21740316421167485,0.21055502522841948,0.2774747750204527,0.2174505794137696,0.2106052344601963,0.27749761482894914,0.2775960752248569,0.29459054367079984,0.2106267029972752,0.21073423239340688,0.21084173249795696,0.2945662535748332,0.2946623093681917,0.21729067392784207,0.27742989381976585,0.2108343541581598,0.21094175285792052,0.29459790447679957,0.21727891156462584,0.27737722758808325,0.29461371055495106,0.2947096423228614,0.21090562958933914,0.27736233854520737,0.210984230560087,0.21720810112817723,0.2773851590106007,0.2774833537165376,0.2775815217391304,0.2776796630892542,0.2777777777777778,0.294445198967812,0.294541010320478,0.29463679565512557,0.21083355959815367,0.21094068141713046,0.21104777415852335,0.21699009363550006,0.294572591587517,0.2170668837335504,0.27753662506782417,0.29458836294588364,0.2171141849742338,0.21722033898305085,0.21095444685466377,0.21729700420225023,0.2945242613174302,0.2110042011112617,0.21734417344173443,0.277333694621325,0.21742075318341914,0.21102532845726668,0.21113217768147347,0.2773188896411645,0.21121039805036557,0.27737917963990794,0.2173795343800758,0.2174854513465963,0.2175913396481732,0.27736436206196724,0.2774621212121212,0.27755985391586635,0.2776575601839329,0.21108857336037865,0.21755002704164414,0.21765580640800325,0.2111381454447148,0.293823489660765,0.2939189189189189,0.27753006350493176,0.2939746014590651,0.2940699716331217,0.21758508914100486,0.21107359891964889,0.21766135565757494,0.2774402592142568,0.2111231101511879,0.2177081927385612,0.29392712550607286,0.2177843745783295,0.27738801942795466,0.2111156077161743,0.2178311302940383,0.27741065407956844,0.27750809061488674,0.21787784818659836,0.29374494472903745,0.27753066451004177,0.2776280323450135,0.21102277321115753,0.2776879547291835,0.21110063316718308,0.21120689655172414,0.21777777777777776,0.21788311338540264,0.21798842062744042,0.2934841141626279,0.2111993538834298,0.2180349932705249,0.2181402233885076,0.27744886975242194,0.21122023409121485,0.21818670971213344,0.2774714189643578,0.21826250672404518,0.21836762135269597,0.29322398494218876,0.21118429896491464,0.21129032258064517,0.29324015589302516,0.21136791185165277,0.2114738680639527,0.211579795808705,0.2116856950973808,0.2771958098307816,0.2772928696119243,0.27738990332975294,0.2930594710699423,0.2931543624161074,0.27741242786203196,0.2932098765432099,0.21159264725613847,0.2932653608800644,0.21167002012072433,0.21177575107296137,0.21791605203164813,0.2180209171359614,0.27724896098672747,0.29316353887399466,0.2932582763704597,0.21803805950147415,0.2772343561570414,0.21168274383708469,0.21808439383791026,0.21818912402893115,0.2931565555109147,0.21170326727370112,0.21823537287454814,0.21834002677376171,0.2117521081515192,0.2118576017130621,0.2769971898835809,0.21835697083221836,0.277056856187291,0.2929373996789727,0.21840310284873612,0.27707943300347687,0.21179302045728038,0.21189839572192512,0.2928752840529341,0.21839080459770116,0.2770279299746091,0.21846606092998397,0.2770875083500334,0.2928132514026182,0.21183384533190863,0.21193910256410256,0.2120443316864735,0.27703604806408544,0.2183954078227206,0.2120928990923652,0.2770585880154811,0.27715505737923674,0.2925950633755837,0.29268943436499467,0.2927837801787382,0.27714057081888505,0.2772369649286572,0.2773333333333333,0.2927609652046394,0.2928552386030392,0.2773557243769159,0.2118869936034115,0.21199200532978016,0.21209698907540633,0.29279339283335554,0.29288758657432074,0.2929817552270609,0.21797603195739015,0.27719344960724274,0.2929978700745474,0.2120324770397977,0.27721586372105406,0.21210911510312708,0.21793507184672697,0.27723825994412665,0.2180101090715616,0.29285809283149355,0.27726063829787234,0.21805610955989896,0.2773198617388992,0.292835305064469,0.29292929292929293,0.21807308970099668,0.2181769864469838,0.2772685000664275,0.21187566418703507,0.2773276663567539,0.27742363877822046,0.21192404727127873,0.21202867764206054,0.2774459046860481,0.2121051234404035,0.29263437292634376,0.21218152866242038,0.2179912432002123,0.2122578933404086,0.21806605650616792,0.2773209549071618,0.21814083012863014,0.277380005303633,0.29245658226169957,0.2122216330858961,0.27740225314778,0.27749801219188974,0.21226977606996159,0.21807101218865924,0.27752020135117234,0.21231788079470199,0.21242219573566415,0.2775423728813559,0.2776380246259764,0.2124702144559174,0.2776968894771674,0.2777924827951297,0.2920471086409951,0.29214077798359356,0.217885963751819,0.2777777777777778,0.29215712207379974,0.21237767786299921,0.2777998148882718,0.21245372818614489,0.27785855915399865,0.21781654771345493,0.2920576186071098,0.2178911205073996,0.2778438367023385,0.27793923381770147,0.21238938053097345,0.2179080824088748,0.27796117786874425,0.27805650911011354,0.2124092409240924,0.21251319957761353,0.2780783951431965,0.21258907363420426,0.21269296740994853,0.27810026385224274,0.2127687640153014,0.27815879715114744,0.2915732559672953,0.2782172995780591,0.2176664469347396,0.2915897706301081,0.21273230525899564,0.29164470216130733,0.21768348926077216,0.27812911725955203,0.2916611777104466,0.21272391991570075,0.2177005136309759,0.27811430076376087,0.21277156023699803,0.2916008425487098,0.2781361063577728,0.2916556988681232,0.21766021844979602,0.2917105263157895,0.2177345086172872,0.27808471454880296,0.27817966592134685,0.2177801157285639,0.2782380013149244,0.2783328950828293,0.2784277639016695,0.29153522607781285,0.29162833486660533,0.21773981603153744,0.2784128235448693,0.27850761954808195,0.29160646262971235,0.21775676385605464,0.27852921864740643,0.2916228991596639,0.2917158986477616,0.29180887372013653,0.21223257645360283,0.29186351706036745,0.2176879674583388,0.2177906061401207,0.2178932178932179,0.21799580272822666,0.2782950819672131,0.2917650144243378,0.2783532188278484,0.29181961195595174,0.21208546336348144,0.21795543905635648,0.2783383567029223,0.2784329140461216,0.29175946547884185,0.29185223997904114,0.21204977079240342,0.2784180199057098,0.29186853476496005,0.21785807803089813,0.2784395863332897,0.21204188481675393,0.21214500719801074,0.2918084271133211,0.21784639539447861,0.2783882783882784,0.27848266841072594,0.29178655506147005,0.2785406041584935,0.2178347280334728,0.2918028500457576,0.21202614379084966,0.2785256829172657,0.21785154208050184,0.21795374362994904,0.29174287954010975,0.21201828870019596,0.2784743991640543,0.27856863001175397,0.27866283624967353,0.27875701788745266,0.27885117493472583,0.21198276987338469,0.27890890107021665,0.27900300143546913,0.2120302713987474,0.2790606653620352,0.27915470910513956,0.21768618755706273,0.29134063641105895,0.21202242795670884,0.21773142112125163,0.2913570590535784,0.2914494264859228,0.21777661931447934,0.2789940057336461,0.29146579804560263,0.21195935383011985,0.2177934088836785,0.21203438395415472,0.27894257064721967,0.212109375,0.21221195156880615,0.21778182764904971,0.21788363920343615,0.29125455491931285,0.21795705920624595,0.27881863127764767,0.27891244959021727,0.2912330905306972,0.21212121212121213,0.2789336801040312,0.2912495124171109,0.21788871554862194,0.21214090731834134,0.21224330647257603,0.2179337231968811,0.2911902286902287,0.27880992594517345,0.2179786957651338,0.278867385374724,0.27896103896103897,0.2790546682249059,0.21215268761360687,0.2791120342723614,0.27920560747663553,0.2792991563919533,0.21217233324682067,0.27935642922018944,0.290866632070576,0.2122194837203269,0.21232166018158236,0.21774088963817922,0.21784232365145229,0.279268767016725,0.21791547835105005,0.29073233959818534,0.29082426127527217,0.21225864973435274,0.2179321067634102,0.21803342401865528,0.29080310880829013,0.2181064628934076,0.21225071225071226,0.2790366437912728,0.2907819782496116,0.2181229773462783,0.2908361377168004,0.2181959363271645,0.2908902691511387,0.21826885754948894,0.2183699870633894,0.29090673910231535,0.27884117951370924,0.21841458683563947,0.27889837083010083,0.27899159663865547,0.21845915201654603,0.27904872689673,0.211941070043939,0.21204289959943146,0.21214470284237727,0.2184472290401757,0.2906225781451821,0.27896164277411856,0.290676652892562,0.218463524854745,0.21210947585850762,0.2122111785207177,0.21850800206504906,0.27887469350883987,0.21858064516129033,0.2789317507418398,0.212203302373581,0.21862504836837354,0.21227753417590922,0.2903932946486138,0.2904847859721506,0.2123243521980147,0.21242588295952566,0.2905013532671736,0.27873711340206186,0.2124726195077954,0.29051790775573305,0.2906093005281463,0.2125193199381762,0.2786864133934321,0.2787792943600309,0.21256598429251963,0.21833161688980432,0.2905135796112756,0.27876447876447874,0.2788572899240767,0.27895007720020587,0.2183198250353789,0.2790069462310265,0.2904180064308682,0.21244855967078188,0.21833611932621833,0.27899202879917717,0.21249517932896259,0.21259640102827765,0.21835239686415628,0.21845283988691852,0.29024797635873056,0.2789054470709147,0.21258831085420682,0.21268944258926278,0.2789264158212405,0.27901900359527476,0.27911156759532674,0.279204107830552,0.29007829546913105,0.21830082135523615,0.2792249454638778,0.2793174236592251,0.27940987812700446,0.21254489481785532,0.2126458894446582,0.2127468581687612,0.2793947942043852,0.2794871794871795,0.2898346365850532,0.28992566008715714,0.21273869024734077,0.2128395694515633,0.27943625880845613,0.212913143735588,0.2130139618291277,0.28983094262295084,0.21308746318350621,0.2793854033290653,0.21789783638458585,0.27944188428059397,0.21310636119288365,0.21320706424366523,0.28969929622520796,0.2178863868986694,0.21798643981066906,0.27935533384497313,0.279447499680266,0.2180306905370844,0.2896049098580744,0.27946816670928154,0.21308960756742937,0.21319018404907975,0.21329073482428115,0.21339125990288782,0.21796345981857673,0.2180633622892182,0.28943670966917867,0.21340996168582377,0.2792746775635296,0.21807967313585291,0.27933103536320697,0.27942302782741896,0.21340140395660498,0.21809596733027053,0.2134745438305474,0.2794080122480225,0.21814006888633755,0.2794642857142857,0.27955617905879354,0.2796480489671002,0.2134387351778656,0.21353901070882203,0.2889738687061823,0.28906449146061686,0.21358480948133043,0.21368501529051986,0.2890814116447955,0.2794904458598726,0.2795822188256273,0.2890983188996434,0.21787851776391187,0.2179781003310415,0.21362189688096753,0.27953156822810593,0.2180221458571974,0.21812165945533216,0.28896806209441406,0.28905852417302796,0.28914896323622946,0.21813787840244211,0.27940989444232484,0.279501525940997,0.2891290527654164,0.21815408085430968,0.2795220541502479,0.27961362480935437,0.279705172194688,0.2797966963151207,0.21814254859611232,0.21824186991869918,0.21326051060586815,0.2889255778511557,0.289015873015873,0.21825799898425596,0.2890694426812238,0.28915968519928914,0.21830181495113593,0.27956852791878173,0.21837330288034512,0.21847246891651864,0.2891031333248763,0.21854388635210553,0.21306277742549143,0.2891199594217601,0.21858754913148218,0.21868661257606492,0.27937634681201673,0.2187579214195184,0.2188569256114561,0.21895590471363405,0.2889902445204612,0.21902710919685836,0.21912602913236226,0.28900709219858156,0.2792199569456756,0.21916940997720943,0.2192682618052918,0.21936708860759493,0.21946589039362105,0.288914198936978,0.2890041756295078,0.2195091093117409,0.2790638836179633,0.2791550720971414,0.27924623751106614,0.21952453211937278,0.27930206094322924,0.2888748419721871,0.21956769055745165,0.21966632962588473,0.2888916972071275,0.21240839019459187,0.28894504106127605,0.2791814047498737,0.2889983579638752,0.28908815357413487,0.21959843414572547,0.2791666666666667,0.21966923368261584,0.2197677354203484,0.21986621229332323,0.21226653205451793,0.21993690851735015,0.22003532677264698,0.22013372019679575,0.2888496468213925,0.2122587968217934,0.2201765447667087,0.22027487076030766,0.2788703983862834,0.2203453926635573,0.2887572472901437,0.21222432262129803,0.2203881048387097,0.22048632984754946,0.22058453010833964,0.22068270563043205,0.2207808564231738,0.2786802669688956,0.22085117098967513,0.288555961223719,0.2886455186304129,0.2208936438011328,0.2786307576138938,0.27872153013715867,0.22093608454957223,0.27877720467983397,0.2788679245283019,0.22097849327128663,0.2884808853118712,0.22104866088268577,0.27885340709077194,0.2118164676304211,0.2210910005027652,0.2211888902852834,0.21186227695400855,0.27880386983289357,0.21193467336683416,0.28828036678809194,0.2120070334086913,0.22114780861484365,0.22124560522350578,0.22134337727558068,0.28822495606326887,0.2883142964729509,0.21197289156626506,0.21207177814029363,0.22132998745294855,0.21214402208004016,0.2213998996487707,0.28822275178728207,0.22146977677451718,0.2121630094043887,0.28823971915747243,0.28832894571894196,0.2884181499122587,0.22145632284747463,0.22155388471177945,0.22165142212755293,0.22174893510398397,0.2120756607791557,0.2218186372745491,0.2219160926737633,0.22201352366641622,0.2882183548265932,0.22208312468703054,0.22218049818500438,0.2222778473091364,0.21198848704792891,0.2777777777777778,0.21206055298386087,0.28809106830122594,0.2881801125703565,0.2222361180590295,0.2882330874077779,0.27769442360590146,0.2222777847230904,0.27775,0.2778402699662542,0.22231942014496375,0.28814194676996124,0.21189405297351324,0.21199250468457215,0.22233325006245316,0.28812289246908956,0.21203796203796205,0.2223748283181421,0.2881398252184769,0.28822868555735864,0.22241637543684473,0.27754898290278296,0.27763913151984027,0.28820960698689957,0.2882984031936128,0.21192466009729324,0.2883512097779995,0.2119965082928046,0.21209476309226932,0.2121929933923451,0.2774869109947644,0.2775769662221114,0.2122382851445663,0.2882242990654206,0.22215300274109145,0.28827706490594246,0.21225710014947682,0.21235521235521235,0.2774595267745953,0.22213921055908356,0.27751494023904383,0.2881862317938504,0.2882748319641524,0.28836341008089605,0.2884519661523146,0.2774667164364813,0.28850460313510823,0.22204254260480158,0.27748756218905474,0.2775774157443104,0.27766724695349415,0.21210990923784656,0.27772252610641474,0.22200124300807955,0.28834203330847624,0.2121287436311669,0.2220427435387674,0.2221393961982855,0.2222360248447205,0.2776052664265309,0.28825136612021857,0.2776604991928474,0.28830394834864664,0.2222222222222222,0.28835650446871897,0.21198957428323198,0.27761231074708365,0.2120610497580345,0.21215880893300249,0.22218087085969482,0.2775986107665592,0.21220389433213444,0.2776537698412698,0.277743335399876,0.22216712124969007,0.277798438081071,0.2778879524045612,0.2779774445408353,0.2879801734820322,0.22215338867550488,0.22224975222993062,0.2779635823114084,0.27805300966063906,0.2120123839009288,0.2781079742446756,0.2781973505014238,0.28781876702153997,0.2221809629904691,0.27821782178217824,0.21197871550550673,0.2222222222222222,0.2782382778671285,0.2120237506185057,0.2782931354359926,0.2783823893148652,0.22220848275009275,0.22230464886251236,0.2224007911979231,0.2783683559950556,0.21196391051785934,0.2120612951062778,0.21215865562832076,0.27835433654558933,0.2122297714638666,0.28730237154150196,0.2873903915030258,0.2222771054581378,0.2783059636992221,0.27839506172839507,0.21219602518207628,0.22229079239693902,0.22238677033197582,0.2783810463968411,0.278470080197409,0.21218850234394276,0.21228567904280252,0.2223729649728663,0.2784560365026514,0.2785450061652281,0.21230427814079644,0.21240138067061143,0.2124984592629114,0.27853093418782354,0.2786198398028343,0.2787087235091178,0.22224959960576568,0.27876324217787635,0.286734819559059,0.2124384236453202,0.21253540204408325,0.22223590248707215,0.2787147605564447,0.2788035450516987,0.2788923076923077,0.28661087866108786,0.2789467208071859,0.27903543307086615,0.2866281215401648,0.2867158671586716,0.22211290124215963,0.279021151008362,0.21234476822820608,0.22215392180968774,0.21241548862937923,0.21251229105211406,0.21260906968170087,0.2221676087490784,0.2789040422656346,0.278992628992629,0.21262744134627196,0.2790469172193564,0.27913545376396903,0.2863457760314342,0.27918968692449353,0.2863982322612325,0.2792438934577145,0.27933235149729996,0.2794207878267272,0.21251533742331288,0.2794749110538584,0.27956329735034346,0.21255979394088065,0.27961736571008095,0.22182709993868793,0.2861696910250123,0.21257815373299008,0.21267467516548175,0.21277117293786002,0.22181372549019607,0.21284156353388065,0.27946581720166624,0.279554085507779,0.2860117589416952,0.2796080832823025,0.2860641685035513,0.2796620546100159,0.22171890303623898,0.2860815277267719,0.27968176254589966,0.2861338881409864,0.27973568281938327,0.22170561605285696,0.2797895767066308,0.2217737003058104,0.27984344422700586,0.27993151522563287,0.21252139887503058,0.2859762807189143,0.21259168704156478,0.2126879354602127,0.22170618430701539,0.22180129536844678,0.2798142717497556,0.2218692730604765,0.28585389689714147,0.2798338829852205,0.22191011235955055,0.2798876541702284,0.22197802197802197,0.2220730069588573,0.2125244140625,0.2126205297204931,0.27983890651696364,0.21269066503965833,0.2127867252318204,0.21288276198609246,0.27982434740180534,0.21295279912184412,0.27987804878048783,0.2130228020973052,0.22189709826871495,0.22199195416311104,0.21306679668454412,0.21316270566727605,0.28527906409943943,0.2853661508468381,0.2797270955165692,0.28541844317212817,0.21315468940316687,0.2797466812812081,0.2854359473940575,0.21319858760501645,0.21329437545653762,0.27973219720024345,0.2854186952288218,0.2797858099062918,0.22170844487709906,0.21328628786957052,0.2854014598540146,0.2854883834083445,0.22172220870834347,0.2218168551623495,0.28550583657587547,0.22188449848024316,0.27960126428397764,0.28552327701470764,0.21317452600875061,0.2132701421800948,0.2218712029161604,0.221965739278338,0.2795189504373178,0.27960646180007287,0.2854019917415594,0.22197935640558591,0.27962603205439535,0.22204686172150054,0.2221412964311726,0.22223570821701663,0.2853155339805825,0.27957772115034585,0.22227614656636738,0.279631202232197,0.27971858321203297,0.28526379624014553,0.22228959495512976,0.27973808657693705,0.28528128031037825,0.28536792338465267,0.2223030303030303,0.28541994909707913,0.22237033446437227,0.285471949594087,0.2855585170826266,0.2856450635978195,0.2126937984496124,0.2795204069274555,0.2856623879874062,0.2857488800096864,0.22227602905569008,0.2858007505144656,0.21266037279109173,0.212755657751422,0.2858180058083253,0.21282516636418633,0.22223566416646504,0.28583524857868636,0.28592162554426703,0.22227597049219977,0.21281741233373638,0.22234312658686978,0.27913442940038685,0.28586969660340866,0.27918781725888325,0.22235649546827796,0.2792411793136781,0.28585236196689623,0.28593863251993235,0.22236985143133228,0.2792270531400966,0.2859558024393189,0.2792803670610964,0.27936737896897257,0.2125784645098986,0.22232951116475558,0.27938691769249335,0.27947387474357427,0.2125965250965251,0.27952708408734467,0.2796139927623643,0.21264021227837415,0.28569705740472745,0.28578319064271074,0.2858693031106824,0.21265822784810126,0.2859209257473481,0.21272749186452936,0.21282236683538203,0.2794312567779251,0.21289156626506023,0.27948439946994336,0.2795711876656227,0.27965795495604,0.28576589595375723,0.27971101745936183,0.28581748133879126,0.28590345491753943,0.2128069330765527,0.22180767842098928,0.27966305655836343,0.2858861749488629,0.2859720885466795,0.2218212438349573,0.22191484243444792,0.28598917618761277,0.2860750360750361,0.21269688589635685,0.22192834816061555,0.27948070681572307,0.2860576923076923,0.2861434923687057,0.21268925739005046,0.2794665385077496,0.279553099471408,0.28612612612612615,0.22183521498919048,0.2795724750810616,0.27965898174831894,0.27974546764317443,0.21260504201680672,0.21269955587564518,0.2797647623619779,0.27985119404776193,0.21274298056155508,0.2128374325134973,0.21293186180422266,0.2858342329375075,0.2859198848644759,0.2860055162489507,0.2797362110311751,0.286056827718499,0.2861424118916327,0.2797554836389788,0.28619367209971236,0.28627920910724985,0.22142343637670742,0.2797412243919971,0.2862961188308577,0.2863816025871362,0.221437125748503,0.2126691414201892,0.22150383141762453,0.2215970310068239,0.2863299018434283,0.21268701376421303,0.21278123504068933,0.2128754337680986,0.21296960995453457,0.2130637636080871,0.2794258373205742,0.22150460471235497,0.2794785936378857,0.27956474949180915,0.27965088474414157,0.28607292289300656,0.2797035620368157,0.28612405880243813,0.2862093690248566,0.22141235512008603,0.279689366786141,0.2214789153028312,0.2861920688007645,0.2797085871252836,0.27979460234057796,0.27988059701492535,0.21275071633237821,0.27993315029246746,0.28001909763666744,0.2127938894856188,0.2860381861575179,0.21286242691802887,0.28000477213075636,0.22128116426100441,0.2860209923664122,0.2861061419200954,0.28619127116622944,0.2212948610945511,0.2213876967095851,0.2798903325783764,0.2861740166865316,0.21272792277440114,0.2862249761677788,0.21279637793399261,0.22134858232070526,0.2214413341274568,0.22153406383992377,0.21281410027390735,0.28613955703738986,0.27967615192284795,0.27976190476190477,0.22152124747053922,0.2798143299214473,0.28608830179697725,0.2861732508329367,0.21273051754907793,0.22150844634784678,0.2861900796954919,0.21277354900095147,0.2797003210845523,0.2797859690844233,0.2861728688622043,0.21279125059438897,0.2798050635920599,0.2128595198478726,0.2798573975044563,0.22136406844106463,0.28608767969585364,0.2861724875267284,0.28625727521083266,0.22137767220902613,0.2214701341883387,0.22156257421040132,0.27971031698919624,0.2216286799620133,0.2797626112759644,0.27984808924756704,0.27993354693247896,0.2860702420503085,0.2799857634357575,0.28612099644128114,0.2125489265804768,0.2800047438330171,0.2861377920075892,0.28622243300924827,0.21256668642560758,0.28627311522048365,0.28635771008652366,0.22137947380895948,0.28640834222064226,0.21255924170616114,0.27982466532401373,0.2799099739398247,0.2799952623475068,0.2125769777356703,0.21267021906453523,0.22128818375562395,0.2862554753166805,0.2799479166666667,0.21268789205823174,0.2127810650887574,0.27996686782629276,0.2862044486512068,0.28001892819117474,0.2862550272060563,0.28007096392667064,0.21274834437086093,0.28012297505025424,0.2862378812958146,0.2127911100602908,0.28628841607565014,0.28010873419217586,0.28019380761049395,0.2863050927567057,0.28638941398865786,0.22090962787950383,0.28643987715568153,0.28014645092712886,0.2864903164855928,0.21265792891722754,0.22089728453364818,0.28013221579506553,0.2864730878186969,0.2126755576537236,0.28015105027141846,0.28023598820059,0.2864558754129306,0.2865400495458299,0.21266808209483368,0.21276093878995164,0.2865566037735849,0.28664072632944226,0.28012261259136995,0.2802074737710716,0.22065063649222066,0.2207424867413082,0.22083431534291775,0.28019323671497587,0.2802780395852969,0.22087407232889622,0.28032979976442873,0.22093981863149217,0.2803815355628827,0.2804662663369834,0.2805509771603485,0.21247792819305475,0.22092749529190206,0.2862186654113216,0.28053659684631677,0.2862689728203318,0.22094117647058822,0.22103281966827432,0.2862855798635615,0.22109843584617195,0.28045625587958606,0.2805408583186361,0.22113802022102044,0.2805924532737745,0.22120357310766336,0.28616758726054764,0.21222091656874265,0.28057807543179414,0.28618421052631576,0.22119111946434863,0.2862344373972281,0.21221374045801528,0.2805307656176609,0.21228131971351416,0.28058229631368864,0.28066674492311305,0.2211267605633803,0.2212181668818214,0.28068528514433233,0.286049513082248,0.22125762552792116,0.28070381231671554,0.28078817733990147,0.21214964231265393,0.28599906191369606,0.28608277640989566,0.21219226260257915,0.2807408275700387,0.2122597280825129,0.22114145083792336,0.2860323412233419,0.28072642062097247,0.2860824742268041,0.2122525477333958,0.21234481143124853,0.22110317367373228,0.2211943793911007,0.2806462943449245,0.28599859517677356,0.21233758632798783,0.2806647940074906,0.2807489760093622,0.21238006084717997,0.2808002808002808,0.21244735610669163,0.21253947830155573,0.2858479532163743,0.2859314700035084,0.22100093545369504,0.2859815269496083,0.2210661678746785,0.286031560490941,0.2861150070126227,0.2124576370223209,0.2861649918205188,0.22105386143241032,0.2211448598130841,0.2804578904333606,0.28614809623919646,0.22118416442835453,0.22127510509107892,0.2213660245183888,0.28613121643707684,0.21232636862378895,0.2861811391223156,0.28031275528066285,0.21236872812135357,0.22132773305331932,0.28616425571628556,0.2802986119211478,0.28621413575927224,0.2862973760932945,0.22131529850746268,0.22140608604407136,0.28025180694800655,0.21226250145704628,0.22144522144522144,0.2862137280037292,0.28023770682824517,0.28032156588605384,0.28040540540540543,0.22143273150844497,0.22152341020265548,0.2804238965878654,0.286096879366558,0.2861799976714402,0.28626309662398136,0.2120824118263299,0.21217411545623835,0.22145932735947865,0.28031184547358623,0.21221640488656196,0.280362959516054,0.21228335465860185,0.28611304954640615,0.22142109547621816,0.2861627906976744,0.28031624229740726,0.2862125087189026,0.21225154016040915,0.2803347280334728,0.28041836141778037,0.21229374854752497,0.22133147438131753,0.2861291821561338,0.2804042281333488,0.2861788617886179,0.22134479154569736,0.28042266604737576,0.28619528619528617,0.2804736475504992,0.22135809634358677,0.2214484679665738,0.2804920505976558,0.2121141796240427,0.28054298642533937,0.2806264501160093,0.2807098944438,0.2860125260960334,0.22138466890873246,0.22147495361781075,0.28069565217391307,0.28077904011129146,0.21200880955140836,0.28082985628187296,0.2858963958743771,0.2808806488991889,0.2859460085737458,0.28602873030583875,0.2213598980655624,0.22145008107482048,0.2119281991893457,0.2120194534506716,0.28597892786847284,0.2807362815466543,0.21206158120152796,0.28599537037037037,0.2807545422983451,0.28604489701457997,0.212079139187782,0.286094400740398,0.21214574898785424,0.28070784177654406,0.21221232797502024,0.28607770582793707,0.2861602497398543,0.286242774566474,0.221130505143914,0.2862921867776237,0.21218074656188604,0.2122717818349896,0.2805314846909301,0.286275415896488,0.21231373455007507,0.2863247863247863,0.22104169072641183,0.2863741339491917,0.2864565292691375,0.28653890556453476,0.22105506175689715,0.2211449676823638,0.2122331217541835,0.21232402492499422,0.21241490711895697,0.2802261190586064,0.2124812550467182,0.28027681660899656,0.2863568215892054,0.22105627306273062,0.28640608785887234,0.21247406041042194,0.2210951008645533,0.22118487782388196,0.2863893050593523,0.21249135745563494,0.21258209471137227,0.28006912442396314,0.2863725377260684,0.28645473393227366,0.2800875273522976,0.22109626900046062,0.2211859527921704,0.2864379461201934,0.2212501438931737,0.22133977900552487,0.2800092070433882,0.21242807825086307,0.2800598320101254,0.2801426599171652,0.2802254687679742,0.21244536461927765,0.2802760207015526,0.2125114995400184,0.28032654938484536,0.28615773741089906,0.21255316703069319,0.28620689655172415,0.28031260774623606,0.212594805791772,0.28036309318625763,0.21266084558823528,0.2861573808156232,0.28623937514357917,0.28632135063741815,0.21267799724391365,0.28637042140314617,0.21274397244546497,0.2802204109746298,0.286386593204775,0.2864684953517732,0.21276107413357814,0.2802065404475043,0.2802891234511244,0.2864517609269244,0.2865336086258316,0.2127537561646978,0.28027522935779814,0.2803577571379429,0.21279523045173127,0.22056631892697467,0.2206556625401192,0.2864183381088825,0.21281228512491404,0.21290248653603758,0.2864344637946838,0.28021537404055447,0.28648339060710193,0.21291948230443247,0.21300961978928082,0.21309973663116913,0.2864666819326769,0.22049227246708644,0.22058150183150182,0.28648277440769143,0.2800411993591211,0.28653163977571805,0.2866132723112128,0.2866948861686306,0.2205444978265843,0.2867436806588128,0.2799634034766697,0.2129216695254431,0.28001372055796936,0.2800960329255745,0.21296296296296297,0.21305292033375242,0.28662857142857145,0.22043195063421323,0.28005027422303475,0.2866445790014852,0.280100525474069,0.220445459737293,0.22053449063499314,0.21297247915952952,0.2800867778031514,0.280168969060395,0.2865296803652968,0.2129893847734277,0.2204976032869208,0.22058655711514322,0.28651300775901417,0.22065031374786082,0.22073921971252566,0.28002737538496636,0.2801094890510949,0.28019158398905236,0.2864310148232611,0.2128605632197013,0.2802097583219334,0.21292602302519092,0.28641440620013675,0.2864957264957265,0.2129671832269827,0.21305685313888573,0.22055137844611528,0.280100239207199,0.21309794988610478,0.2801503245644004,0.21316328854475064,0.2205396789251964,0.286316029143898,0.22060330108138873,0.2801047120418848,0.2801866393535905,0.2131315430131998,0.2802366594606895,0.2205915813424346,0.28028665680809917,0.22065514103730663,0.28033663141134996,0.2804184671366841,0.28607163160886867,0.2861527967257845,0.28043651244742523,0.22061832234598772,0.28048641891123993,0.2805681818181818,0.21293034882399728,0.2806180413542377,0.28603885039191185,0.22058155383916403,0.2860874503123225,0.28060413354531,0.22061996139434542,0.28610354223433243,0.21285049381314564,0.21293984108967082,0.2805583929179435,0.21300499319110305,0.28060819244298196,0.280689811663263,0.2130459444129325,0.21313520871143377,0.21322445276171034,0.2806758902245407,0.2858600748384171,0.2859410430839002,0.22038317651059972,0.28066198141011106,0.2859571574294458,0.22042157751586583,0.2205099150141643,0.2131203263086336,0.2806162909255693,0.22054825555052107,0.22063653867935212,0.28584371460928654,0.28060242328162155,0.21308876811594202,0.220649835842862,0.28582748471813446,0.22071307300509338,0.21310547759167045,0.28584361208554937,0.22075130119936637,0.28046159067767845,0.22081447963800904,0.2209026128266033,0.28579506898891655,0.2858758339929888,0.2130257801899593,0.21311475409836064,0.213203707890572,0.2132926415734147,0.2858273056057866,0.2859080122047689,0.21333333333333335,0.2859563891085753,0.22074107546317218,0.22082909748107987,0.2800993901061667,0.21332580463015247,0.22086720867208673,0.2801174212487298,0.28019869044931134,0.2858110396207247,0.28589164785553045,0.2859722378964,0.2860528097494922,0.28613336342096357,0.21322202166064982,0.2861816130851664,0.2207308820212046,0.28002706665162963,0.28010825439783493,0.2132145675949938,0.2801578354002255,0.28023898094916017,0.2132551848512173,0.2802885157218528,0.28036961911201264,0.21329577464788732,0.21338440739071654,0.28038751830573394,0.2858751971164677,0.22052032886586329,0.28040540540540543,0.28048643170814097,0.2805674397658185,0.2858268602949454,0.21330481764970735,0.2204839617332583,0.2858428989421562,0.28592325869247215,0.22052205220522053,0.2132973337833277,0.21338582677165355,0.28039590597233155,0.2858749437696806,0.21342629034071742,0.285923094220823,0.21349072512647554,0.2204361510791367,0.2135551309430145,0.2859069453809845,0.21361950780986627,0.21370786516853932,0.28019323671497587,0.22039991013255447,0.2858586993148377,0.2802111410601977,0.22043795620437956,0.2802604985403099,0.21365218367576064,0.280309833857207,0.22045122909417442,0.22053872053872053,0.220626192346538,0.22071364452423697,0.28565017390328734,0.28573031186897013,0.2802019068984857,0.2802826379542396,0.2857463272401032,0.21350078492935637,0.28030048211682923,0.21356502242152467,0.21365317789485483,0.28569827392961217,0.22055362546228846,0.28025549081129536,0.22061624649859943,0.2803047277615953,0.28038534782121655,0.2856182795698925,0.22062940978833015,0.28040313549832024,0.2804837084313067,0.21350201522615317,0.280532855703571,0.21356615177971794,0.2855064353665361,0.28055058191584603,0.2806310842564619,0.2135824569254867,0.28549054704105603,0.28064876957494406,0.22044514036461246,0.22053231939163498,0.22061947892206193,0.2854427549194991,0.22068194522079373,0.2854907221104404,0.28557058231809546,0.22071971390254805,0.2208067940552017,0.22089385474860335,0.22098089598927495,0.22106791778373547,0.21333631185077628,0.21342416796962252,0.28029034059184815,0.28539526574363555,0.2854750474489226,0.21344050011163207,0.28027681660899656,0.28549107142857144,0.28032585648923114,0.2855389422004017,0.2209081780653799,0.285586791610888,0.2856664807585053,0.2802810617889806,0.2857142857142857,0.28579393398751113,0.22087189207269484,0.2132664437012263,0.28023631702151375,0.2857779759251003,0.22088487685278058,0.28025406730554936,0.21325905292479108,0.22092245989304812,0.2857301993984627,0.28580975718422813,0.28020937743624014,0.22093541202672606,0.21322792562075493,0.2802271209084836,0.21329177334966046,0.2802760463045414,0.21335559265442405,0.22089917649677276,0.28563480583064427,0.22096128170894527,0.21337189898765158,0.21345939933259178,0.22099877655433212,0.28558718861209964,0.2801067496942066,0.2856348676895708,0.2857142857142857,0.28579368608270345,0.28587306880071134,0.2209379862191598,0.2210245582842538,0.28,0.28007999111209864,0.2801599644523439,0.28023992002665776,0.28576188360728566,0.2858411993337035,0.21319120586275817,0.28022649050738313,0.22091474245115453,0.221001221001221,0.28579356270810213,0.22106314504494506,0.2801819795827785,0.2131365804948408,0.2132238739738185,0.28574597892401554,0.22105146406388643,0.2857935011644671,0.2132401862940785,0.2133274198913405,0.28580931263858095,0.28588848242988585,0.2799822655730437,0.2859359414828771,0.22096631205673758,0.28,0.2859516951030357,0.22100365569956795,0.2800177226406735,0.2132019049728652,0.2800664451827243,0.2859041080721958,0.22099202834366696,0.2859515111258718,0.21319459818463582,0.2859988931931378,0.27999114652501106,0.2860462542879274,0.22095596370878512,0.221042150680385,0.2131637168141593,0.27994690852781773,0.22107940721079408,0.22116554240849276,0.22125165855816012,0.21315644002211168,0.27990271943400397,0.2799823145794186,0.21319628647214853,0.2800309426455962,0.2857458563535912,0.2800795492210805,0.22116659301811753,0.28012813432011485,0.22122818643693395,0.22131419105466593,0.22140017667844522,0.2801148283095948,0.2801943033782292,0.2130477977701733,0.28024282560706404,0.22138836772983114,0.22147428823659238,0.21306410680790025,0.22153574580759047,0.28019856591285164,0.28535186410765495,0.28543068269548916,0.28550948389942654,0.2801852464439299,0.2214994487320838,0.2855253004078933,0.2802028218694885,0.2215364267607186,0.21291602380427596,0.22159779614325067,0.2129792860290877,0.21306599096617826,0.2854152897113902,0.28009692697433636,0.2854625550660793,0.2130822596630327,0.28550979960361156,0.2800836727953319,0.2855570233377367,0.2856356631810677,0.2801012546775259,0.2856828436227578,0.2857614436619718,0.2858400264055452,0.21298129812981298,0.2800571994280057,0.2801363836339639,0.2858242604201034,0.2801847371893556,0.28587135788894996,0.22119613016710643,0.2859184346487853,0.21290393493075402,0.21299043850972635,0.28593406593406595,0.2860125260960334,0.28004834102395076,0.2860595408107217,0.21298330404217927,0.28610653487095,0.22106303536130023,0.2861535082903261,0.286231884057971,0.2863102426171918,0.22107574094401755,0.21292942596860936,0.21301580333625988,0.2798200373093383,0.2862628922536757,0.2863411958310477,0.2798376480912681,0.2799166392453658,0.22099144549243255,0.2799649084329422,0.2800438596491228,0.28012279355333847,0.28623108967331723,0.21286857393401293,0.2209557211749233,0.2862465753424658,0.2210168748630287,0.2211022241700449,0.286262050832603,0.2799868550772264,0.22113910186199343,0.2212244003942613,0.2213096802452913,0.279973721668674,0.22137070286840377,0.286152162014231,0.28623029772329245,0.2214074641567254,0.27992996279273363,0.22146843199474778,0.2799781181619256,0.2861831309484739,0.28002625246116825,0.286229902657771,0.22145669291338582,0.28627665390924,0.21244259785698666,0.27998250792609597,0.28629208570179276,0.2124822384960105,0.28,0.2800786799256912,0.22137237762237763,0.28624494701190867,0.2214332532226349,0.21245221190606225,0.21253822629969418,0.28622911433875725,0.2799737934046735,0.28627579430068784,0.28635371179039304,0.22137321253138303,0.27996070726915523,0.28636909309178216,0.21246180707114798,0.22138570649208947,0.22147065241108443,0.22155557979709828,0.212478184991274,0.2798560366452176,0.21254089422028352,0.286228328426562,0.2863061491495857,0.21258039899705658,0.21266623065184218,0.27978201634877387,0.2862903225806452,0.2798300098071265,0.2799084767923295,0.27998692668046626,0.28627450980392155,0.28635224921032565,0.286429971683729,0.21256669933572905,0.28647648083623695,0.2126292868807839,0.2127150010886131,0.28649178186567975,0.2127775359164127,0.2128632060071825,0.2865070729053319,0.22108584484822108,0.28655352480417756,0.28663113238333515,0.22112247117685446,0.2796084828711256,0.2866463679860809,0.2867239317168642,0.21276364427049357,0.2795956082182846,0.2867391304347826,0.212802956200413,0.2796131275809607,0.28675431924372485,0.2796610169491525,0.28680065181966324,0.22094286334998914,0.2868469642663191,0.2869244135534318,0.21272668042132697,0.27958740499457113,0.2869395288242319,0.2870169344333478,0.28709432323890155,0.2795745604514869,0.28714053174172544,0.2872178819444444,0.2207876749484648,0.22087220655239748,0.2795314025382363,0.27960954446854663,0.21255829085782454,0.27965734114075036,0.27973544399869893,0.2870771899392888,0.21257452574525745,0.27975287231736395,0.2798309309634768,0.21261378413524057,0.2798786434066529,0.21267605633802816,0.21276134763297586,0.27989601386481805,0.21282356763782087,0.22059779077322936,0.27991337303735786,0.2868124729320052,0.21283966655840642,0.22061052175795626,0.28682757874228815,0.22067099567099568,0.2128557515420409,0.27980956502921445,0.22070756247971438,0.2798572046733016,0.28674959437533803,0.2207441055591607,0.2867957175300097,0.21280276816608998,0.22078062493242512,0.21286486486486486,0.2129499513566101,0.2797233030696066,0.2867178212471631,0.22076939701750595,0.21296596434359805,0.28673292999135697,0.2796802419790429,0.2867790019442644,0.28685603196889514,0.2796976241900648,0.2797754022243818,0.22068667674368386,0.212889992443053,0.22074697754749567,0.21295196977873718,0.22080725232031082,0.2867163051688788,0.28679326715580494,0.27964181680871725,0.2797195253505933,0.21292201488512566,0.21300690250215704,0.21309177181063302,0.27970670692257926,0.27978436657681943,0.22067701595515307,0.2798318421903633,0.2865919379176547,0.2207134389481625,0.2798491379310345,0.2799267320331861,0.2207498383968972,0.28654529785629645,0.27994398965962947,0.2865912762520194,0.2799913848804652,0.2866372348444062,0.21285529715762275,0.22069114005813328,0.2866523143164693,0.2799483371004198,0.2800258286698235,0.2801033035618207,0.2866365397030342,0.2867132867132867,0.22063253012048192,0.2800903517263633,0.21273392127339213,0.2206688891278632,0.2801075268817204,0.28018492635200515,0.2127499462481187,0.2865742233688058,0.21281169389509888,0.22063406770553465,0.21287341500107457,0.2206941012141399,0.2129351095831543,0.2864969384466645,0.2865735767991407,0.28665019868972186,0.2867268041237113,0.212928164930742,0.21301266910027916,0.22061191626409019,0.28671103477887505,0.21305141139851883,0.21313586606567933,0.2797510462495976,0.21319742489270385,0.21328183671279904,0.27976829006650933,0.27984554328006006,0.2799227799227799,0.2865415549597855,0.22045893201801414,0.2205425109896001,0.279909948542024,0.27998713688498233,0.2864951768488746,0.2865716429107277,0.28664809258465496,0.22050787528126004,0.2866938075851725,0.2130690948044992,0.21315338474721507,0.21323765663489344,0.27982437352752193,0.22047328407752437,0.2798715203426124,0.2205331334974842,0.2799186469706701,0.2865246708765921,0.2131849315068493,0.28657035848047085,0.286646693772737,0.21322349416925215,0.2866923406076166,0.21328484329874853,0.2867379679144385,0.2133461661854347,0.22038066723695465,0.22046402223885384,0.27966645285439384,0.2797434526990914,0.21333903377511756,0.21342310569627018,0.21350715964949776,0.2135911956405599,0.2797008547008547,0.286507851725243,0.28658406323435165,0.21360674997329915,0.22031183255019224,0.21366791243993594,0.21375186846038863,0.28653784562826945,0.2866140051238258,0.2137901590351158,0.2795090715048026,0.2866289616903212,0.22023047375160051,0.22031366691560866,0.22039684232984852,0.27946666666666664,0.2137372013651877,0.22043297429881625,0.2794838984858179,0.2795607207591428,0.21375266524520256,0.2138364779874214,0.2863994883820081,0.22039859320046892,0.27951832907075874,0.27959509856153436,0.21382910718090772,0.21391285820816022,0.2796122709842352,0.2862924699115987,0.27965921192758253,0.2863379831753807,0.28641396933560476,0.2864899393165123,0.2865658931232702,0.2796168174560937,0.2138143891017454,0.27966372246461635,0.2138752926154501,0.28651984253644003,0.21393617021276595,0.2796511009467078,0.27972771750691344,0.2798043177709242,0.27988090174393876,0.2199893673577884,0.22007229428024666,0.2138832784096949,0.22013180272108843,0.22021468806461897,0.2798087141339001,0.2798852406758049,0.2202507437314067,0.2203335812174652,0.2799022732101126,0.22039298990971853,0.2861087510620221,0.27991929489221623,0.28615417286047995,0.2799660261174222,0.22038216560509555,0.2800127375013268,0.2861388240288686,0.22041812586225193,0.2800297113752122,0.280106100795756,0.2135582431572247,0.2860931367349104,0.22040729741196435,0.22048997772828507,0.21357370095440084,0.28003393065422544,0.28011026293469043,0.21361178840241704,0.2859868560525758,0.28606253312135665,0.2861381941500636,0.2204090282928897,0.22049162958253868,0.28615319419430024,0.28622881355932206,0.21353670162059105,0.2136199957636094,0.27988986550884254,0.2204574332909784,0.2861831656961355,0.21363540122803304,0.2137186408383614,0.22046994072819645,0.2861678484495714,0.21375661375661376,0.21383980531160723,0.2139229792636479,0.28615254416587327,0.27966998096044005,0.28619777895293497,0.28627326565143824,0.27968700433541294,0.22034256713893,0.22042499207104346,0.2138477801268499,0.22048409259063523,0.22056647643204397,0.21388565993870864,0.27958579881656803,0.28610670892762813,0.2861821255017959,0.28625752614344563,0.2795732995352767,0.2863026718766501,0.2204857444561774,0.2205680498363425,0.22065033783783783,0.2795312994827404,0.21374287523749208,0.2795778364116095,0.28619670747150694,0.28627202701276777,0.2863473306604769,0.28642261841966454,0.28649789029535866,0.220546355869634,0.2865429234338747,0.27944743224717916,0.27952340784479124,0.2136004217185029,0.22053552603837234,0.2864973121113102,0.2865725126475548,0.21361576562335335,0.28661749209694415,0.21367611421346538,0.27939317319848295,0.2794690824818287,0.21371392458394775,0.22043180621379674,0.22051390058972198,0.27945667052753503,0.2795325331648768,0.28645120539004104,0.22052631578947368,0.27954952110304176,0.22058513997053253,0.2795959170788172,0.2796717171717172,0.2135718043135192,0.2863454660214601,0.28642053223940256,0.2864955826672276,0.2796298243769061,0.286540483701367,0.286615497844601,0.2135197645079899,0.27961736571008095,0.2796930838763927,0.27976878612716766,0.2798444724674233,0.27992014290217504,0.2865097709602858,0.213467801239626,0.27993697478991597,0.2865245247347968,0.2799831968073934,0.22020371731597185,0.28002939941201177,0.2801049868766404,0.28018055847155154,0.2802561142017424,0.28641897565071367,0.286493860845839,0.28656873032528857,0.2802434162207533,0.28031892572387745,0.22007762509178644,0.28655338787497375,0.21321447299423177,0.2132969798657718,0.28656810317709974,0.22006710002096877,0.2201488625642101,0.28658280922431867,0.220207525416623,0.2801299517920771,0.280205386146914,0.21322296730930426,0.28025144054478784,0.28650743767022835,0.21326071017073425,0.22015081692501048,0.2802387684574301,0.2803141361256544,0.2864621505601508,0.2132537688442211,0.2803307861404794,0.28040611262298515,0.21329147043432758,0.22007115948095438,0.22015276760489694,0.2863569784473739,0.2864316351082749,0.22018828451882846,0.2803054073841648,0.28038067349926793,0.21321760953675625,0.22020075282308657,0.28039728175640355,0.21325527911352707,0.22023622870283266,0.28626672240802675,0.2132929250705403,0.28035527690700107,0.2804304670358374,0.21333054743000418,0.2134127232842369,0.2861917693753917,0.21347258485639686,0.2862364243943191,0.2863109533256761,0.2803299227396116,0.286355569474893,0.28643006263048015,0.2134432731447657,0.28031726153203923,0.21997286862151727,0.2200542570951586,0.2803338549817423,0.2863551011892343,0.28642954000208615,0.21339173967459324,0.22004380018771508,0.286444212721585,0.2201021791262642,0.22018348623853212,0.21338475972062962,0.2134667500521159,0.28639916623241274,0.28011671529804083,0.28644368031676565,0.28651802458845593,0.2801333472236691,0.2134375,0.22008124153733985,0.28650281191418453,0.2201395397271686,0.28009162848812996,0.2801665799062988,0.22017489069331667,0.2864577911939211,0.2133638634471274,0.21344572796336767,0.28012486992715924,0.22016439496410364,0.2801706200582605,0.2863830229897014,0.2864572498439775,0.2801872074882995,0.2802620632279534,0.28033690340022877,0.28041172800998126,0.28048653706206467,0.21330561330561332,0.22003949693379066,0.22012055705674496,0.28629325574145276,0.2863674147963425,0.28644155844155844,0.2865156866819032,0.21325438869845226,0.28032820938928127,0.2865302731332433,0.21329179646936655,0.28657460284497976,0.2133513289036545,0.28661891414927854,0.280257421631721,0.2866632070576025,0.28673723536737233,0.2133444017847878,0.2867814899356713,0.21340388007054673,0.28018672199170125,0.21979047816616534,0.2134411947728687,0.21984859483563207,0.2801742015761095,0.2866770347330223,0.21988388969521044,0.28019073287032237,0.21341210613598674,0.21349362628251634,0.21989637305699483,0.2801782198735882,0.2135308744301699,0.28654304361338445,0.21359022166977418,0.21367167270844123,0.2865575807787904,0.28663145904525217,0.2867053220128391,0.28004969458536083,0.21366459627329193,0.21374598902805092,0.21972676464500104,0.2866604574148815,0.21378311258278146,0.2867046042421107,0.2138423339540658,0.28674873280231716,0.2196938353330575,0.2867928431068363,0.28686659772492246,0.2138351773342984,0.27977667493796526,0.2868810089941073,0.2138722348563159,0.21963824289405684,0.27976436544026456,0.27983879301436393,0.2138871667699938,0.27988428556669076,0.21394628099173554,0.21402747650036152,0.21410865523652137,0.21956005370236498,0.21964064436183395,0.2141455859576665,0.27978525707206275,0.21420460410859915,0.2865400495458299,0.21963050882444007,0.27977296181630545,0.2865545351356929,0.2798184069335534,0.2141751779634788,0.21962038374252116,0.21423414130995358,0.286509900990099,0.27977725069609155,0.28655392864508145,0.21424889163831323,0.21958762886597938,0.21966807545613853,0.2865388579674294,0.2197258579820674,0.2796784830997527,0.2797527047913447,0.21419740366783432,0.2797980838570104,0.21971569839307786,0.27984344422700586,0.2799176107106076,0.28637627432808155,0.2864497528830313,0.21414598991042932,0.279905291332098,0.21420483787956768,0.21963771099217785,0.21971801996500978,0.21424161350072032,0.2143224611585554,0.21975308641975308,0.2798066042588211,0.28625797161077965,0.21433713874318627,0.2798231180584122,0.21439588688946015,0.2144766604976352,0.2798396216716357,0.2799136513157895,0.21965258505499025,0.27995889003083246,0.2860959819134724,0.2861693382655158,0.2799753416212884,0.2862132730634888,0.21961992809450437,0.28625718981101067,0.27996302762657904,0.2800369685767098,0.21963240579114898,0.2862422997946612,0.21968997022892928,0.28002463559843976,0.2862567997536693,0.2141830870279146,0.2800410466906106,0.2862712907859635,0.2863445162614138,0.21963479688141158,0.2800287208944507,0.2801025641025641,0.28017639216490614,0.2802502050861362,0.286270891007895,0.28634406397375434,0.28026652998462326,0.2140221402214022,0.2195346930408937,0.28632916581266654,0.2140588175017932,0.21956967213114753,0.28634361233480177,0.21409547223929523,0.28638738092799343,0.2141540352314625,0.21423451100870455,0.28640180217079664,0.2864748643391011,0.2194922194922195,0.2799672433207084,0.28648925281473897,0.21420530140210828,0.2195047073270569,0.2195845697329377,0.21966441579701249,0.2864450127877238,0.21419803600654663,0.27984044185332924,0.27991409286152585,0.2799877288066264,0.2800613496932515,0.286371536652694,0.2801063177264363,0.2864152100582643,0.21412510220768602,0.21420541645375574,0.21949724095646841,0.2142638193522019,0.2863710666121782,0.21953212789866175,0.27997957099080695,0.2863854560310489,0.2864583333333333,0.2799959154498111,0.2865019399632428,0.21949974476773865,0.2865455287872601,0.21414718791466775,0.28658909981628905,0.21951219512195122,0.21418367346938774,0.21426385062748698,0.21434401142623954,0.21442415587065183,0.27978376172990616,0.2798572157062723,0.2864572710585356,0.27990211073722854,0.28650081566068514,0.21939035579569782,0.28654434250764527,0.21435123840587095,0.2865878516102731,0.2194028329766636,0.279804361116772,0.28660213958227204,0.2798492257538712,0.2866456147499236,0.27989407211244655,0.2866890722069457,0.27993890020366596,0.28673251196415844,0.27998371003868866,0.286775934032373,0.2800285016286645,0.2868193384223919,0.2800732749847344,0.28686272514500866,0.2801180301180301,0.28690609421100827,0.28016276703967447,0.2869494456311667,0.28020748576078114,0.2869927794162514,0.28025218629245474,0.28703609557702087,0.28029686864579095,0.28707939412422484,0.2803415328318764,0.28712267506860456,0.2803861788617886,0.28716593842089216,0.21885795570006097,0.2804023163669613,0.28718000812677774,0.28044692737430166,0.28052000812512695,0.28059307403270034,0.2806661251015435,0.21362574880698548,0.21878172588832487,0.2870774540655771,0.2871498172959805,0.21364051557901148,0.28059671199512887,0.2806697108066971,0.21875,0.28710561022623515,0.2806857374721039,0.21878486661933258,0.28073022312373225,0.28709055876685935,0.2871628472926384,0.2872351211598905,0.2873073803730738,0.2873796249366447,0.28066085546320696,0.21870882740447958,0.21878800162140252,0.2873644746174891,0.2806484295845998,0.2133522439469152,0.28737844408427876,0.2187784867821331,0.2806360137735467,0.2873924050632911,0.28068043742405835,0.2807532651614863,0.21876898157521765,0.2873772649053548,0.28076923076923077,0.28084202003845765,0.2809147945759968,0.28736213700293434,0.28095912585997573,0.2874051593323217,0.21312967833299615,0.2874481642560939,0.21318770226537218,0.21326726665992518,0.2808897876643074,0.28096249115357397,0.213303679741205,0.2810067724653796,0.21336163331311905,0.2134411318847903,0.28102263540824574,0.21845003536425178,0.2810668821984239,0.28720072734619656,0.21343434343434342,0.21351378648621352,0.21844071904665724,0.28718570130263554,0.28725767366720517,0.21352852094901564,0.2809408439329699,0.2135863530836782,0.21840936616875253,0.28721364416187306,0.28092835519677095,0.2810009080819292,0.28722760290556903,0.2872995056995864,0.2810167439983861,0.281089258698941,0.21349334409035903,0.21357265302006656,0.28110506150433556,0.21826797056154854,0.28719758064516127,0.2811208547525451,0.28724047571054223,0.21354429104101583,0.281136638452237,0.28120906801007556,0.28722546846665326,0.2872972700715221,0.21353746978243351,0.213616678416759,0.28116817724068477,0.2812405598630551,0.28131292790978657,0.2872244035034733,0.2872961546204953,0.21801711122294917,0.2813003220611916,0.2180738653517158,0.28728114308714026,0.2813160277693933,0.28732394366197184,0.21808671159843074,0.2813317239991953,0.21814341747963392,0.2182220434432824,0.21830065359477124,0.2813191232656344,0.21333065245802754,0.2134097305991154,0.2183133983314906,0.28130653266331657,0.28137875590392925,0.21342443729903537,0.21350346629157038,0.21830419931685754,0.21838272225012556,0.2813378867014865,0.2814100632720699,0.21841735288210484,0.2134752485189276,0.2868473895582329,0.21353277783355085,0.21361172455330255,0.28686138713238984,0.21366920915295062,0.21374811841445057,0.21834236403772828,0.28122805257349254,0.21839887640449437,0.28127194302337244,0.2867602808425276,0.2137197873834119,0.2184115523465704,0.28125940038102876,0.21846801684379386,0.28671679197994987,0.28127506014434644,0.2813470983261501,0.21367007416315895,0.2867020743561479,0.218436873747495,0.2813345356176736,0.21849328791825284,0.2813783431834118,0.28145032051282054,0.21362043064596895,0.21369917885039055,0.21848402923800941,0.2865438526231478,0.28661527680448495,0.21851851851851853,0.21859673706335703,0.2866293034427542,0.21364955468828178,0.21863117870722434,0.21870935467733868,0.2812124849939976,0.2865859757927378,0.28665733146629324,0.21362136213621363,0.2867,0.2186781321867813,0.28674265146970607,0.286813955813256,0.2810875649740104,0.21869065467266366,0.28113132120727563,0.2812031577895473,0.2867705835331735,0.21350784294135278,0.28121878121878124,0.28129058036160226,0.28136236516180585,0.2814341356236892,0.21859396844417814,0.21867199201198204,0.28664137380191695,0.21872816212438853,0.28668396885605907,0.21339455035432678,0.2813373253493014,0.21874064464624288,0.28138096188385553,0.28664072632944226,0.21877494014365523,0.28139650872817956,0.21883103929782566,0.28144011169841426,0.2865975269246111,0.286668660883438,0.28145563310069793,0.2867111952945868,0.2132177033492823,0.21877803249277383,0.2188558899740881,0.28141504733432987,0.28148664806695894,0.2132111188602172,0.28153018529587565,0.2816017531626656,0.28167330677290836,0.2865252464893935,0.21320454092810198,0.21328288360051778,0.28166069295101553,0.21333997013439523,0.2817041608600438,0.2817756544242062,0.21337579617834396,0.28639665638371975,0.2864676616915423,0.28176300865585513,0.28183446080382013,0.2819058987366955,0.218519992042968,0.21859771258080557,0.2863961813842482,0.2132842796062444,0.21336249751441638,0.2134406998707625,0.28180914512922467,0.2818805287744757,0.2863247863247863,0.21345523203815958,0.28189586645469,0.2863387978142076,0.286409696006358,0.21843647561339027,0.28188319427890346,0.2819545138544046,0.21847070506454816,0.28199781550987985,0.28633836378077837,0.21334259902710215,0.21342068691681557,0.28198511166253104,0.28205637157602226,0.21841818001389302,0.21849573328041277,0.2862387141581506,0.2863095238095238,0.2820156730483087,0.282086887522317,0.2821580878706734,0.2862951209837366,0.21844323252354983,0.2821733095379734,0.2822444730841677,0.28628072957969863,0.2863514719000892,0.28225966303270567,0.2823307898127044,0.28240190249702735,0.2131180025760428,0.2183475331880325,0.2862803368003962,0.28635103011093505,0.2131326136476181,0.28233313527431175,0.2131894246955144,0.2863366336633663,0.2182952182952183,0.28232033260740447,0.2823913689003266,0.28632224861441014,0.2863928748144483,0.21828616663368297,0.28643514395963193,0.28650573802928375,0.2865763181323573,0.28664688427299706,0.21303530808030857,0.21825553797468356,0.28221101552457234,0.28228198536681826,0.2823529411764706,0.21302886516409647,0.2131066521696155,0.2823680569282467,0.28649075995651746,0.2865612648221344,0.2823831637190001,0.2866034380557202,0.28667391089597943,0.21305807981035163,0.2823703703703704,0.28668773454473634,0.21309370988446727,0.21800947867298578,0.2823575871260737,0.21806515301085883,0.28240055275885895,0.28247137781287013,0.28254218888779237,0.21304519439510558,0.28258510113468177,0.28265588003157066,0.21308079313406333,0.2864470309725784,0.21313739027517506,0.2826429980276134,0.2864609012917858,0.21317294419246696,0.2826579907325249,0.2132294952681388,0.21330704780680138,0.213384585058151,0.2863900660293683,0.2826172644856129,0.2864321608040201,0.21339901477832512,0.282632252980002,0.2827029156816391,0.28277356446370533,0.21764821745125074,0.2828163466272772,0.21770382040173297,0.2828591119425027,0.2862768261468793,0.2863470814056502,0.21771653543307087,0.28284617655742544,0.28636095256839206,0.21322444160188922,0.2828610783156238,0.2132808657156911,0.2829037969702931,0.2829743287105341,0.283044846577498,0.2831153505752778,0.2862340216322517,0.2831579982302625,0.2832284703106567,0.28329892853632166,0.21319048555140555,0.21326781326781327,0.21747248427672955,0.21754937604402083,0.21330320298683436,0.2133804892425582,0.28605108055009826,0.2831745408113152,0.28324494205460615,0.28331532947068644,0.21337391987431265,0.21747668139420717,0.28333006086785784,0.28340041229017376,0.2834707499018453,0.2174894494062224,0.2858684985279686,0.21332548326955156,0.2859105180533752,0.28598057490434614,0.28605061801059445,0.21745953898970083,0.28334641035700275,0.2132980288320094,0.28338889978427145,0.2834591626630062,0.28352941176470586,0.2835996470934222,0.21329151146833955,0.2836420660590023,0.28586828694629557,0.2133268005879471,0.28365667254556143,0.2858822376800235,0.21728056426332287,0.28367127044764423,0.283741429970617,0.21329938301831358,0.21337641989815903,0.2858122001370802,0.283728216173879,0.2858541360744004,0.28592404072043853,0.21336987373984537,0.2859659424544921,0.28368724924160876,0.2860078277886497,0.21338420898150867,0.21346116219917824,0.28602171573901986,0.2860915492957746,0.28616136919315405,0.2835908468609427,0.28366089762393665,0.2861752053187329,0.2837031967934304,0.28377321603128053,0.21688984458997165,0.21696637998436277,0.28378774552917035,0.21702169239788938,0.28382999511480217,0.28604923798358733,0.2838722281918531,0.21322523930455167,0.2860630920988378,0.2861328125,0.21326042378673957,0.28617457527826595,0.21331641120765402,0.2169074580242093,0.21698389458272327,0.21706031622096428,0.2836927881331121,0.28376268540202965,0.21328910137574397,0.28380487804878046,0.28387474392742174,0.28599297698010145,0.2133034233882766,0.28388921396528183,0.2860068259385666,0.21333853354134166,0.28390367553865653,0.283973484109963,0.21337362316015207,0.28596491228070176,0.21684046389240816,0.21691678035470668,0.2133878982753581,0.21697194076383478,0.21704822211397953,0.28384960062341713,0.21340216226745884,0.21708219711725749,0.28386405687019184,0.2839337877312561,0.2840035050141174,0.28572819314641745,0.2857977221843668,0.28586723768736616,0.2859367396593674,0.2133125729855975,0.21338912133891214,0.2839073749756762,0.28592275513182214,0.21342412451361867,0.2839217974905165,0.2839914413538222,0.213459107264417,0.21684169583819526,0.28585318424890616,0.21689675286797588,0.2839506172839506,0.2858670295489891,0.21693070269219555,0.2859086491739553,0.28597803906325914,0.28390983287990673,0.21334887787816964,0.2859918399067418,0.21690140845070421,0.21338383838383837,0.21695639506652423,0.2859778597785978,0.28381396252063307,0.2860194174757282,0.2860887292495874,0.21694816540477577,0.21702416771814034,0.28377329192546585,0.2860747210092188,0.28614399379002525,0.2170369651693024,0.2837601862630966,0.28615772625860897,0.21707080504364695,0.21714673649500532,0.21722265321955003,0.21312906040919227,0.21320535194880744,0.283664566165778,0.28373400542846067,0.213240283028012,0.21719325450668733,0.2837484252350034,0.21724806201550387,0.28592190679197754,0.2837628366595621,0.28383221931609026,0.21319256102285936,0.2838740920096852,0.28588030214991283,0.21322746199283432,0.2859217660728118,0.2838609739568206,0.28596321393998064,0.2171135417674959,0.28387533875338755,0.28597696699893543,0.21317979485194505,0.28388969521044993,0.28599071207430343,0.21708426042372062,0.2860321145289224,0.283876583808879,0.2839458413926499,0.2840150855816652,0.21311158383291434,0.2170550130523059,0.28402938901778807,0.28409859835669404,0.21708872994393968,0.28414033053058857,0.2858523386161577,0.2859213450574935,0.2841545893719807,0.28596270891701286,0.28603168469860896,0.2129817444219067,0.21305775545682828,0.28604538870111057,0.21311317110853611,0.21318914743651637,0.2840316663448542,0.21691282942368956,0.21322393822393823,0.28404594151143714,0.2841150357073924,0.2132587088680884,0.2841566962562717,0.28586589483839847,0.21329345938645572,0.28417092697983987,0.28423996913580246,0.28430899797473236,0.28437801350048214,0.2857969337575933,0.216737369841882,0.2858382338764099,0.2843647580489686,0.28443373493975904,0.284502698535081,0.2858244193890334,0.28589323569088454,0.28451681279506696,0.21666666666666667,0.28455832771409306,0.2167212483143903,0.21304054704805933,0.21677580893682588,0.2857968223399133,0.28451761987290586,0.2858380668142871,0.21303427031189834,0.28587929540860524,0.21308950914340713,0.21316523914926377,0.21670515781370284,0.2132204368324834,0.28439484317875696,0.21327561327561328,0.28443632166217775,0.2857555063960758,0.285824196960954,0.21665544763919609,0.21326923076923077,0.28439573117969424,0.21668909825033647,0.2844371815822359,0.2167435601691657,0.2857280153772225,0.2857966557755141,0.21322186989526282,0.2858378170637971,0.28436929580171005,0.2132564841498559,0.28441071943137064,0.28582404917403,0.21329107845961778,0.2858651814864605,0.21334613538166106,0.2859062980030722,0.21656906978976673,0.2843156076022269,0.28438429791726655,0.28445297504798467,0.2133192591881777,0.21656112070619843,0.2166362851386357,0.2844397544128933,0.28575539568345326,0.28448110492998274,0.21664908410856432,0.2845224395857307,0.21670342314699395,0.28456375838926173,0.2856868948327102,0.21319018404907975,0.2845777820377648,0.28464634847613574,0.2847149017728797,0.28478344193177463,0.21663313212608987,0.28559110940793253,0.21314302136219945,0.21666666666666667,0.2131979695431472,0.21327331928749282,0.21334865460116825,0.2855227882037534,0.21665868836764002,0.21673367796285659,0.28457930506365464,0.28550918836140887,0.285577567231314,0.21330143540669858,0.21672567218447997,0.28453884424033676,0.2846072897732708,0.2855366366940884,0.21673840267814443,0.2168133129303749,0.28555034904848425,0.28561866513673745,0.2845396309398604,0.21682600382409178,0.21690086989771531,0.285605046836169,0.2845264264551276,0.216934250764526,0.2845676063067367,0.21698834320657368,0.2170631508550683,0.284581581964081,0.2846499188079091,0.21709646609360075,0.2854550663737943,0.2855233002291826,0.21292848276520576,0.21300362803131564,0.28458233890214796,0.28465063001145474,0.2847189080843753,0.28545523954953234,0.2129974234182651,0.21307251908396946,0.21314760041980726,0.28467849647013926,0.2847467328054946,0.21318199160625714,0.2847877920839294,0.21686057600610337,0.28482883570134454,0.28527841342486654,0.2848698636666984,0.28493803622497615,0.21313506815365552,0.21683187190240183,0.28495187267702277,0.2852105965313512,0.21314911862791805,0.2849657012195122,0.2850338191864342,0.21680320060963992,0.28517001619201826,0.28523809523809524,0.2853061613179697,0.2849933346029328,0.2853470437017995,0.2854150799695354,0.2130414088529272,0.28545592994479346,0.2130960312172837,0.2131709173962695,0.21324578932343705,0.28487155090390104,0.2854152792312815,0.2854832572298326,0.28488538000570723,0.21656838501046224,0.21664289110794105,0.21671738303537466,0.2848721118189598,0.2131583951321544,0.213233197071965,0.2848859315589354,0.2167094382663245,0.28492681999619845,0.2849947733536064,0.21674268339034589,0.2850356294536817,0.2851035531065932,0.2851714638548494,0.28523936170212766,0.2131256529584956,0.21320037986704654,0.2852530623872377,0.2850360805165211,0.28510395898604385,0.28517182456806534,0.21319411485524442,0.28521260440394836,0.2851855366802695,0.28525336876067564,0.21652908245564095,0.2852941176470588,0.2851721848022009,0.2853348510719029,0.28540263682063927,0.28547040971168436,0.21308677098150783,0.21316138820405842,0.2132359912771404,0.2854569586651498,0.2855246942838184,0.28502369668246447,0.2855653492559947,0.2850644427596664,0.28513218989860706,0.2855789274208831,0.2856466129796305,0.21314892004547176,0.2851188784692621,0.28566016290964197,0.2162136565962686,0.2131628787878788,0.2851055771233785,0.21624692293126302,0.28561961563949634,0.21317682695948503,0.2850922858495031,0.21625970092750332,0.28513296110532793,0.2852006056018168,0.2852682372977576,0.28533585619678337,0.2854034623025258,0.2854710556186152,0.2854440556133548,0.2130697938339323,0.21617021276595744,0.28545763993948564,0.21622388200813086,0.28540366799016825,0.28547121656111163,0.28553875236294896,0.2856062753993006,0.28567378567378565,0.2161957856940376,0.2857142857142857,0.21294284364666982,0.21622898167390894,0.21630301312930952,0.2852285606346808,0.21295684200585513,0.28564683663833806,0.2163157397790577,0.2852152567975831,0.2852827338808647,0.21295072682650557,0.28532326569136385,0.21630804077010193,0.21298480702085495,0.28552557086242686,0.28530993489951884,0.21632075471698115,0.28553910008489763,0.28532352386342197,0.2163538621144959,0.21642776310826103,0.2165016501650165,0.28531020177258154,0.21287828792306968,0.2854449472096531,0.2165142803280234,0.28529688972667294,0.2854584864762982,0.21654730493780625,0.2853104682936022,0.2166007160354249,0.28544512482336315,0.2855124340617935,0.2852971649241782,0.2855528348088152,0.21273189565872494,0.28559322033898304,0.21655211373693625,0.21662587083411786,0.28523016097147696,0.21272590361445784,0.2852705882352941,0.2855260681347638,0.21275995106803425,0.28556642830259693,0.28525731489321665,0.28560677328316086,0.28529771423196315,0.28564710308502633,0.2857142857142857,0.21271393643031786,0.21645510108133523,0.28572771718691237,0.21650841402651125,0.21272795638277872,0.2857411410846884,0.2851503759398496,0.28578141152147357,0.2858485247133997,0.2851639575307714,0.2858887636226982,0.21643964302489432,0.28517753146721775,0.21264205879590495,0.2858752817430503,0.21645224903746832,0.2859154929577465,0.21265608863017557,0.21648516710476906,0.28508401389280014,0.2165383893373381,0.21267010793054905,0.212743993993994,0.2128178661912358,0.285044098329893,0.2857678956750164,0.28583489681050656,0.21649001031798143,0.21656349652973175,0.285004220200694,0.28507126781695424,0.28513830285982183,0.2852053253328333,0.2852723352395238,0.21653543307086615,0.28568750585809355,0.2852858481724461,0.2857276731327898,0.28532608695652173,0.2125925231893563,0.2857410530260446,0.2126463700234192,0.2857811914574747,0.21644656738784301,0.2126802772054692,0.2852326996909823,0.2852996254681648,0.21645913303997752,0.21653248455345442,0.2126743424131798,0.21658554848371397,0.21272812353766962,0.21280179674340258,0.28520632544212593,0.21659805389221556,0.21667134437271962,0.2852198316183349,0.2167243475820784,0.2852600074822297,0.2853268493406902,0.28539367869833554,0.28546049555867226,0.2855272999252057,0.21267645134149762,0.2855673957749112,0.285260304701374,0.285607476635514,0.21661526960097188,0.21668846944496356,0.28524712697374566,0.2853139013452915,0.28538066324147593,0.28554081823276667,0.2856075464649295,0.21666044079193125,0.28564758614249697,0.21251167133520074,0.21258519279245636,0.2126587005227782,0.21273219453001027,0.2852342729139444,0.21278581427904805,0.28527435610302354,0.2853410469347765,0.21655159544691174,0.28547439126784213,0.2166044776119403,0.21667754873612535,0.2853012497668345,0.21673039261400728,0.28534129056322266,0.2854079254079254,0.28547454782770837,0.2853547124079426,0.21672259507829977,0.2853947245782459,0.28546132339235786,0.2855279097940546,0.21254193067461796,0.21261529861175812,0.2126886528787032,0.2855146716348393,0.28530178837555886,0.21663406910682687,0.28552803129074317,0.2853152062575659,0.28538175046554937,0.21264314309654594,0.2855148017129026,0.285581308759192,0.21267684288905436,0.2165658445788739,0.28559463986599665,0.285661114729692,0.21659843691849645,0.28523583589171086,0.21665116279069768,0.28527578829876293,0.28562127976190477,0.2856877150562634,0.2857541379951646,0.21664342166434217,0.28523614726664187,0.2125127823742679,0.21667596207473508,0.21674876847290642,0.28568773234200745,0.2851965430722052,0.28572755993309795,0.21676112608008918,0.2852099591230026,0.28574082675336737,0.21679360951142485,0.21686635088696946,0.21693907875185736,0.21701179310985236,0.2851439182915506,0.2852102868814409,0.28527664314890455,0.21702404158544508,0.21709671431223315,0.28529002320185615,0.2122308834446919,0.28551544956852554,0.2122842827982928,0.21235736153632062,0.212430426716141,0.21704851126982655,0.28519755147468,0.21246406380413613,0.2852373887240356,0.21706073249884097,0.28536992397552385,0.21247798275702234,0.28522432332220987,0.21253128186115489,0.28526413345690455,0.21258456120841443,0.21265752409191993,0.21273047345501714,0.2852510654067074,0.21278369615562762,0.2851982215635421,0.285264425303325,0.21689201704019262,0.2169645337531253,0.2852777777777778,0.21275807795574483,0.2853175337900389,0.2851059890771082,0.2853572750833025,0.2169366034243406,0.2851193781232649,0.28518552789858426,0.21271280532938563,0.2853177907299473,0.28538390379278444,0.21274627694015355,0.2854236034036256,0.2168685841117174,0.28546328832994267,0.2850670365233472,0.2127403846153846,0.2851067763705279,0.285172860048068,0.28542379147795544,0.21682070240295748,0.2854634506977174,0.285529476991314,0.21269518617758476,0.2168329637841833,0.28554272517321017,0.28505449842970626,0.21270896831994088,0.28509420022164755,0.2127620278880783,0.2851338873499538,0.2851998892069061,0.21676514032496308,0.2852395458321795,0.2853978216725125,0.2127365020766036,0.285437430786268,0.2855033680908,0.28520022144307067,0.2852661684657256,0.21669741697416975,0.21676967069458536,0.2168419110865154,0.2854376095176612,0.216894135005533,0.2854771784232365,0.21261294486446616,0.2855167327371623,0.2855825958702065,0.2856484468614619,0.28506912442396315,0.2126071329831352,0.2126796903796535,0.21275223440523358,0.28560899207665374,0.28502994011976046,0.2127855563743552,0.2856221792392005,0.285043286056364,0.28510912607054056,0.21279926335174953,0.2851486971733726,0.28521450929847175,0.2852803093068213,0.2855301914580265,0.21656695812241142,0.21663905761089639,0.28554338823962455,0.2852410747147589,0.2853068359554697,0.21269549218031278,0.21276791463526815,0.21661147902869757,0.21282074864342868,0.28545153577340443,0.28551724137931034,0.2128539904376609,0.2851889307713524,0.28525464239749954,0.28532034194319333,0.2853860294117647,0.21652421652421652,0.2854254732585922,0.28539924653128734,0.2854649026093348,0.2165365181442352,0.28550431747198235,0.2855699458069257,0.2165686994856723,0.2856093305170355,0.28567493112947656,0.2166008630979708,0.2857142857142857,0.21261360506747454,0.2166330089957775,0.2851766865534649,0.285701174743025,0.285216114526934,0.21664525601027712,0.2857142857142857,0.28577981651376144,0.21254930740299055,0.2858191157585764,0.21260203613684306,0.2851247248716067,0.21265474552957359,0.21657803044195856,0.2857797744567709,0.21662999633296662,0.21670180584838206,0.2857928505957837,0.2858583081294107,0.2126099706744868,0.2858975533767067,0.2849551035367418,0.21264315162620248,0.21271528032246245,0.21663460657689843,0.2858582157904378,0.21668650975364045,0.21675824175824177,0.2848640234410768,0.2849295000915583,0.2849949647532729,0.285060417429513,0.21263157894736842,0.28574043565806334,0.2858058021414844,0.21266471449487556,0.2166712416506542,0.2849954254345837,0.28506083615405725,0.2851262349066959,0.21265892252812585,0.28516553868666544,0.28568815729309555,0.2852048280907096,0.21267257931791167,0.21274456024867436,0.2856751074138404,0.21654478976234004,0.21277762544557172,0.28568817400840796,0.21657680709129123,0.2850877192982456,0.21279122887163088,0.28512698702722455,0.21284370147072257,0.2851662404092072,0.2165494565713764,0.21287671232876712,0.28517943566797554,0.28551862673484296,0.21656167260111386,0.28519262369910536,0.21661341853035143,0.2166849215041986,0.21283197955644792,0.28517977733162986,0.28524500410621406,0.2854014598540146,0.28546665450232644,0.2855318372559752,0.21663778162911612,0.28520612914994525,0.21276789785681716,0.21283968630311872,0.2852192942463755,0.21663019693654267,0.2852584556477345,0.21285323609845033,0.2853887521647981,0.2854538826102807,0.21662261915611045,0.21669400400947694,0.2854669703872437,0.21282798833819241,0.21289969937141295,0.2854800510111131,0.21668640131159486,0.2855191256830601,0.28558419087514797,0.28564924421781096,0.212874442319949,0.28568827385287693,0.2849340009103323,0.2129073366102312,0.2129789751524529,0.28494721514379323,0.28501228501228504,0.28507734303912646,0.2851423892275498,0.28520742358078605,0.2852724461020649,0.28551937420411133,0.21291496134606638,0.21298654056020372,0.21642266072565244,0.21649390798326967,0.2852077461587417,0.28545454545454546,0.2855194982274339,0.2852208689329213,0.2855584840498046,0.2852599054889131,0.2129032258064516,0.21297474105033617,0.2852730080857636,0.21302688953488372,0.28549368698337724,0.285558583106267,0.28562346744164924,0.2130403196512895,0.2856623989830201,0.2857272562193572,0.2857921016795279,0.28513071895424835,0.21303440137968593,0.21310582682882556,0.28577910881205193,0.28584392014519056,0.21313855367026585,0.28588277989475597,0.28594756418397893,0.2860123367198839,0.2849886621315193,0.2860511518229639,0.213113267434479,0.2850018135654697,0.28506664248798624,0.2159564823209429,0.2860121475840812,0.2860768672951414,0.2159883984410405,0.21306869675548304,0.2860897145446307,0.2861544037694817,0.2849506206396666,0.2850154013408226,0.28616722529214605,0.28505434782608696,0.28620595960510825,0.2850932802028618,0.2862446798877117,0.28513219847881205,0.2862833861475781,0.28634799927575594,0.2851452883135693,0.2852099927588704,0.2852746854918997,0.21285067873303168,0.2863089313184327,0.28637350705754616,0.2864380711119153,0.21286412158494664,0.28647670737222974,0.2865412445730825,0.21289680745229267,0.21559052269849882,0.21566145221086896,0.2865280289330922,0.28659253232076665,0.212890978123305,0.2156738678477809,0.28497830802603036,0.21572525982828739,0.21290439183083318,0.21577663323393872,0.21584748825442718,0.286475743066221,0.28654019873532066,0.2866046427603649,0.2866690751445087,0.284836990878714,0.28670760339534046,0.2128216704288939,0.2848501263994222,0.2849146880924438,0.2866943491604983,0.28495351566025817,0.2128158844765343,0.21568450500857322,0.2866811044937737,0.21284850672200667,0.28671959581378564,0.21569688768606224,0.28675807324553493,0.2868224046180211,0.2868867243867244,0.21570926143024619,0.21280432822362488,0.28689928771075646,0.21574107464839523,0.21283692418642386,0.21579232017306652,0.21586300135196035,0.28686012977649605,0.2869243939803551,0.215894755811858,0.21596540228849445,0.21603603603603605,0.284478875776957,0.28454332552693207,0.21273529676663966,0.2845821325648415,0.28680774425934263,0.2160093643075815,0.2845953002610966,0.2846597047173208,0.28472409757853995,0.21602160216021601,0.2867428674286743,0.2868070554355652,0.21263385224511833,0.2846859816447724,0.28475033738191635,0.21266642677222022,0.28676801295313487,0.2868321640582839,0.21269898372155768,0.2868705035971223,0.2158978509126877,0.2846610321884553,0.28688303515238694,0.2846997482919813,0.21267415730337078,0.28473845047636165,0.2158713040352296,0.2847771387491014,0.28681822266151497,0.21590296495956873,0.2159734076003953,0.28476464247215233,0.21261115602263542,0.2867792347763607,0.28684328693309386,0.2869073275862069,0.2159468438538206,0.28470102352307414,0.21599784540802586,0.28473967684021545,0.216048828650929,0.286842577634177,0.21609979359238984,0.2868808327351041,0.2869448183041723,0.2870087923918895,0.2846505786310218,0.21241478292070326,0.28702125751188445,0.287085201793722,0.2124473141422294,0.21251793400286945,0.2125885411996772,0.28456159225389993,0.21264007171671895,0.2846002151308713,0.2869947118401004,0.28463882416203623,0.2158795591002778,0.2846774193548387,0.21593047217991218,0.2125963089052141,0.28469049538654484,0.2847545682551057,0.28481862964621585,0.2868529464445638,0.286916808453479,0.21257163323782235,0.21264213447936253,0.21271262309758282,0.2847551696356638,0.2868779090583602,0.2869417345386199,0.2870055485949526,0.28706935123042504,0.21268790264853257,0.28710745280486716,0.21273930935766686,0.2871455407460417,0.2872093023255814,0.21277166621947946,0.2156143802539796,0.2845390324599839,0.2846030042918455,0.2127849798837729,0.21562667620239584,0.2871189773844641,0.21567751161959242,0.21574760925909375,0.2158176943699732,0.2158877669555893,0.21274124374553252,0.2128115786652372,0.28443809183491153,0.28700312639571235,0.215880671668453,0.287041171742431,0.28442579031969994,0.28448968657915885,0.21276785714285715,0.21283813945183466,0.2845027673629709,0.2158350441845934,0.2159050339164584,0.2845158411423472,0.28457968945207923,0.28464352636744894,0.2847073518915061,0.21589793915603533,0.2159678858162355,0.2847203639282847,0.2867463432037103,0.28475876215107465,0.21598002496878901,0.21604993312527865,0.28477175463623394,0.28483551751805297,0.21260474237832055,0.28665656475621715,0.28672014260249556,0.2867837091168345,0.21261807164498306,0.2868217054263566,0.28474697077690664,0.21265033407572384,0.2847853197933369,0.2127015231139218,0.21277164232276452,0.2867575028942916,0.21585040071237757,0.21592022081738046,0.286769943019943,0.2127659574468085,0.2846715328467153,0.21281708945260347,0.2128871484514062,0.21589392186526654,0.28670581954084357,0.28463386422279563,0.2867437722419929,0.21590605817987724,0.21597580501690092,0.2867562038601797,0.2868196371398079,0.21600711427301023,0.28454561621910013,0.2160576153640971,0.21612731152204837,0.28678104720419595,0.28684444444444446,0.21615856368322817,0.28448275862068967,0.2868568381764863,0.21618979918251288,0.21625944024877833,0.21632906894100923,0.2868437416718486,0.28690708829276956,0.2869704236610711,0.2870337477797513,0.21632181866619304,0.2870715681051323,0.28429370505193996,0.2843572443181818,0.21242787394584997,0.28439552636250665,0.21629537587645337,0.2844337948171814,0.21244121040021297,0.2163265306122449,0.2869310620175672,0.28442157558552167,0.28448505278098113,0.21243569274436758,0.21631929046563192,0.2868925150762682,0.28447282078566993,0.2869303067919844,0.2869935277950173,0.28448581560283687,0.21239251839375942,0.28452402056372983,0.21244349906939644,0.28456221198156684,0.2846256092157731,0.21619705830232147,0.21626650128466376,0.2868532955350815,0.21631676853574275,0.21240035429583703,0.2845629262244265,0.2868402408784981,0.2846010803152395,0.2163095448910926,0.21637892872952633,0.28461402266288954,0.28680180578914755,0.2868649318463445,0.2846269581378883,0.28469026548672566,0.21228209892929828,0.28685188462219074,0.28691497832433865,0.21231422505307856,0.286952675807165,0.2870157438528215,0.21234633412930043,0.2845772904138663,0.21239720576531965,0.2846153846153846,0.21616125895146318,0.28465346534653463,0.2847166976045258,0.21619232808909317,0.2123729562527618,0.21244255920820077,0.2125121498630379,0.284679271956176,0.2847424684159378,0.2161660777385159,0.21623531490151046,0.2866984631690514,0.2124878565751126,0.2867361356411162,0.28467991169977924,0.21622814762493378,0.21250110355787058,0.2867231638418079,0.2867861241062759,0.21624007060900266,0.2163092401376754,0.21249558771620192,0.28456719315273976,0.28463031586377274,0.2125275694750772,0.286697247706422,0.28676016582870245,0.212559534309402,0.28459299761883766,0.21261022927689593,0.2867472004232431,0.2161876212308235,0.21264215815921714,0.28455571227080395,0.2867342441604231,0.28459368940595803,0.2126553273993126,0.2846316531547409,0.2846946867565424,0.21268722466960352,0.2161043079904854,0.21617336152219874,0.2846824627851669,0.28474546415360225,0.28656979304271246,0.2126629094751673,0.28660737870916614,0.2866701884134531,0.2161281802975614,0.21619718309859154,0.28668251034239944,0.21263861996127442,0.2867200563231541,0.2162090813093981,0.2845578530576331,0.28462079887383424,0.21263306061405823,0.28668191414496835,0.21620195267833583,0.28671943711521547,0.28458358983378773,0.2867569468870911,0.2846214719071485,0.28468436785651485,0.28474725274725277,0.28674402250351616,0.2125340599455041,0.2867815081736685,0.2868441866596362,0.21608084358523727,0.2868816448466743,0.2846599894570374,0.21611174558552226,0.21618060435699227,0.28467281510759773,0.2868434920077288,0.2847106349345745,0.28477344573234986,0.21617350074633418,0.21237928007023704,0.28478623474672987,0.21242977528089887,0.2848240147458966,0.21616640337019483,0.28486178148310665,0.2849245349245349,0.21242432219005,0.21249341989822776,0.28660408807790155,0.2849122807017544,0.2161213928602754,0.2866163830906858,0.28667894413750766,0.286741494212557,0.21613327487943884,0.21243205330527792,0.21250109581835716,0.2867286115007013,0.21614514856692085,0.28676599474145487,0.21251424064499166,0.2125832457062741,0.28677823534565844,0.2846504292973541,0.28471309680245294,0.28679046951646814,0.21608128229832704,0.2161499386932913,0.21254050267098695,0.21260945709281961,0.2867524735137028,0.2868149185781825,0.21264116256675128,0.21271008403361344,0.28682713347921224,0.2127603710834938,0.2868644438610309,0.28692684634231713,0.21602939889754133,0.28442694663167106,0.2160790831948211,0.28446466060181946,0.21612875010933263,0.2868637397236313,0.28692610406646263,0.2869884575026233,0.28442773454577247,0.28449029550620736,0.2845528455284553,0.2846153846153846,0.28695044139498294,0.28465303268659325,0.28698767805645375,0.28704998252359315,0.21249453910004368,0.287087192032151,0.2846160566087184,0.28712438853948286,0.2159140536291379,0.2871615720524017,0.287223823246878,0.2845791128187216,0.2124334235571466,0.21250218264361795,0.2872108249672632,0.28727304469273746,0.21585057170288907,0.21591900855297608,0.2872851034121651,0.287347294938918,0.2159497426053573,0.2873844006281626,0.21599930210241647,0.2874214933705513,0.2160488443087658,0.2123669980812838,0.21243568500915672,0.28740844087896755,0.28747057284854827,0.2124673060156931,0.287507627931305,0.28417015341701535,0.21249891048548766,0.28751960955203065,0.2875816993464052,0.21253049843150923,0.21591008103162848,0.2841087297438578,0.28756860353689345,0.21594076655052266,0.28412159219580174,0.28418394008012543,0.2124880257772359,0.21255660048763497,0.21262516325642142,0.2874804109350514,0.28754243927918516,0.2876044568245125,0.21585864740186264,0.21592689295039164,0.2159951266208337,0.28759136790810996,0.2876533542156095,0.21254567600487212,0.2876903001304915,0.2159881697981907,0.28390014786466033,0.283962428248391,0.28402469779980866,0.28408695652173915,0.2841492044170072,0.2876021561467571,0.21246631313570372,0.2876390820584145,0.28770099956540635,0.28776290630975143,0.28782480229425567,0.2124608967674661,0.28786167347293423,0.28792354474370113,0.28398922769524804,0.28405142460041694,0.28411361070094676,0.21573736321000522,0.21580547112462006,0.2158735672108371,0.2878353737952592,0.21236325750998436,0.21243163469051132,0.21588541666666666,0.28400312472875616,0.2840652664467974,0.2841273973791547,0.2841895175286359,0.2842516268980477,0.28769737983689053,0.21237095514878113,0.28773421235253294,0.2842397432561367,0.28430182133564613,0.21576619547307258,0.28772112382934445,0.2843145755657678,0.21232876712328766,0.2843519722583442,0.2877080443828017,0.28776978417266186,0.2878315132605304,0.2843400641303406,0.28440207972270365,0.2122866302746729,0.2844394385721712,0.21233648098414623,0.2877685377685378,0.21238631442182762,0.2878053005369825,0.28440287520568114,0.28784205057152756,0.28444021127370334,0.2123809523809524,0.284477534412605,0.2878289473684211,0.21544187656885658,0.2878656742253765,0.28792730419731716,0.28444098303911386,0.28450289867612705,0.28793908980792526,0.2845401851371226,0.28460207612456745,0.21226537496756337,0.2846393357550597,0.2879010637377843,0.2879626426841923,0.2880242109814094,0.2880857686321978,0.2881473156393187,0.2882088520055325,0.2882703777335984,0.2121866897147796,0.28830697433238267,0.21223643276875215,0.28445519744232267,0.28831864523932954,0.21226781857451404,0.2883552176917761,0.21508162736460223,0.2151494213162895,0.21521720355816565,0.21528497409326425,0.2883170710646749,0.2843204973234329,0.288353621686955,0.28435773480662985,0.21527837721191195,0.2883652684274124,0.21532752222318116,0.21539523645150155,0.2154629389938735,0.21553062985332183,0.21559830903287033,0.28424775707384403,0.21202449754161995,0.21562877350353632,0.2156964208710651,0.28423594342876857,0.2842976631887557,0.2120193136747715,0.2843348564531425,0.2881034482758621,0.2881648133781571,0.21565247371142907,0.2882013272429544,0.21199586349534644,0.2882378285221887,0.2882991556091677,0.2883604721288877,0.28420055134390076,0.28839693341373074,0.288458225667528,0.21195418137972613,0.21202204615914572,0.28846981830706964,0.2885310831754779,0.28859233749461904,0.2840909090909091,0.21201687182577258,0.2886038905147185,0.2886651174799897,0.2887263339070568,0.2887875397986404,0.28403028738599206,0.2888238836789125,0.28406744666207845,0.21195698924731182,0.2888353690005161,0.21527479143373182,0.2888716890264878,0.21532375956660074,0.2119518486672399,0.283982460665463,0.2840440165061898,0.2841055617639474,0.21531717380092832,0.2153846153846154,0.284118253695428,0.28417977141875056,0.28424127857020104,0.2843027751525045,0.21537800687285225,0.21544540847006272,0.2886102044322281,0.2842909902945976,0.28435245620061833,0.2886217260626878,0.21543877726257943,0.28436507255087146,0.284426510989011,0.21169199072881792,0.21545064377682405,0.21551798128915972,0.2155853072433917,0.28439028576332276,0.2884846404667925,0.21166881166881166,0.21173644474948525,0.28849618255125675,0.2155601303825699,0.284329702375847,0.28439108061749574,0.28445244833204697,0.2845138055222089,0.28843350767384035,0.28849451303155005,0.28452636090870126,0.21549802845876906,0.28456329819148024,0.28848131642098046,0.21158625417773588,0.21165381319622964,0.2117213606374775,0.2884681288553804,0.284502698535081,0.21175261264348125,0.2884796573875803,0.2118019869818431,0.2885158859296052,0.28446651823942454,0.2845277849130919,0.2153253424657534,0.21539251776389007,0.28454031843862354,0.28460155781905333,0.2846627867168778,0.28840393667094566,0.28469964059558445,0.21168820056473003,0.21175564681724846,0.21182308152964324,0.21189050470487597,0.2119579163459071,0.2120253164556962,0.28829214059693836,0.2883530015392509,0.21205643437366395,0.21212380300957592,0.2883645379157049,0.28449307573944266,0.2121548850329088,0.28452991452991455,0.28835142295530297,0.28841223722440607,0.21507305819020764,0.2884483937115516,0.21512174284493807,0.2151887920724415,0.21525582984539166,0.21532285616672361,0.2843966179861645,0.2120409906063194,0.21210827427205192,0.2844091530054645,0.21215743191325878,0.28444596209663653,0.28450704225352114,0.2882383065892796,0.2152428095928992,0.2845195425840587,0.21213414113832238,0.28455631399317405,0.2152546711031482,0.2881760791673776,0.2153032500213256,0.28454452405322417,0.2881876332622601,0.28824833702882485,0.28830903044256845,0.28836971350613916,0.21527836985250234,0.2844842284739983,0.28454522206120536,0.21198431639959087,0.28833205488792296,0.21203340719277314,0.28453344695355776,0.2883435582822086,0.28457016273323676,0.2883796217413529,0.288440241928614,0.2151618398637138,0.28847627970360273,0.2845341509112587,0.21519202929404752,0.28848773841961856,0.28454661558109834,0.2119019240592542,0.28849919128288076,0.21195097037793667,0.21516724827644906,0.2885106382978723,0.28448642668709045,0.28454731109598363,0.2885220794690717,0.21192785434745617,0.215142492556359,0.2885335148009527,0.28451135493748403,0.28856948460622556,0.28454800578280465,0.2151360544217687,0.2885809029844401,0.2845604489032477,0.21185071835416136,0.28459707582454946,0.2118997025074373,0.28463369029406765,0.2846944845755078,0.28475526852481303,0.21191265188206304,0.2847918436703483,0.28485260385693656,0.2883961943594971,0.21498343667714262,0.2884321386104977,0.21503184713375798,0.28481657608695654,0.28487730321813703,0.28841908643233144,0.21181764156549793,0.2884550084889643,0.21186656480774127,0.2848412833135291,0.21191547144190784,0.21495247793618466,0.28841747984726346,0.2848294586797896,0.28489013319759054,0.21496437054631828,0.28840444482144373,0.21501272264631044,0.28487829700619116,0.28841587516960654,0.21182057152548123,0.2848906223503476,0.21500635862653666,0.2884028484231943,0.288463168602187,0.2885234785556874,0.28858377828629544,0.28864406779661017,0.2887043470892297,0.2887646161667514,0.28475811234431925,0.2848187055235513,0.2848792884371029,0.21489073352532612,0.2887270263403066,0.28878726287262874,0.2888474892031501,0.21490262489415748,0.28888324443315555,0.2889434473416864,0.21154660120206553,0.2847469104452345,0.28480744815911974,0.2115775220040623,0.28484386900228487,0.2888813674056524,0.28488027751924866,0.28494077834179354,0.2115726249894256,0.28886821180849265,0.284953057599594,0.21160351826792964,0.2849894291754757,0.21165229156096735,0.2888306417519236,0.2146601285086236,0.2849775974300448,0.21166525781910397,0.2117318907953681,0.28498985801217036,0.21465393391363136,0.2887442960959946,0.28500211237853823,0.21172693477526192,0.21179352876573457,0.21186011150532186,0.28499028634175183,0.21190878378378378,0.2886580525293472,0.2887181219388617,0.2887781812040868,0.21453900709219859,0.21460531869987337,0.21467161911193652,0.2848822486705495,0.2887407157326131,0.21183222212844965,0.2118987341772152,0.2119652350012657,0.28484643941950727,0.2887032818695689,0.2119959507339295,0.21206242091944327,0.2121288798920378,0.28481066036940206,0.2886658795749705,0.21452061725271945,0.284822934232715,0.28488323075626,0.2886528410048896,0.28871280451825004,0.2145144976399191,0.21458069953645176,0.21464689027473455,0.2848234600151681,0.28867542972699695,0.28873536102451763,0.28879528222409434,0.21464072108499704,0.2847877358490566,0.28880653583761473,0.21189152770759642,0.2119578947368421,0.21463455708992926,0.21470068199040163,0.2847280686984341,0.2887448438420743,0.21195286195286195,0.21201919030384647,0.28875610166638616,0.2120676596818985,0.2846684617973746,0.21211611274716027,0.2847046945986875,0.2146041894506604,0.28869448183041724,0.28875431070737656,0.28469301934398655,0.28878984105626104,0.2888496468213925,0.28890944252921885,0.21203968387422228,0.21454392601933586,0.21460995292535306,0.2846095654366647,0.28887207934106574,0.2889318430120178,0.2889915966386555,0.2845979329468112,0.21198117963367502,0.2846341258506259,0.21202956989247312,0.2889542209155817,0.21207794389383505,0.2889896699420509,0.28904937856902924,0.289109077168528,0.28916876574307304,0.21442364201158592,0.2845030221625252,0.2845630823470159,0.2846231324492194,0.28913134704154425,0.28919100369251427,0.28925065033145925,0.2893102869608995,0.21436362110915344,0.28456375838926173,0.21441154265581747,0.28929709780238216,0.2845760295227711,0.2846360281784636,0.2893081761006289,0.21180613785007546,0.28934350633017525,0.28940308517773305,0.21183670047782716,0.2845766974015088,0.21188500544799263,0.21195105598390881,0.284588954998743,0.2142617730853025,0.2893171344784248,0.28460120643431636,0.2893524336097847,0.289411961802647,0.2119105452717983,0.2894472361809045,0.2845657817603216,0.289482498743929,0.28460185882943984,0.21416610850636303,0.2894935119296777,0.21421396283274735,0.2142797354984515,0.2895045195848678,0.2845426395514269,0.28460251046025103,0.2895155217136641,0.28957496653279785,0.28461474106918766,0.21172829178517652,0.21179422835633627,0.2895617263298762,0.21418415990633102,0.28457936109717347,0.2846391838782507,0.21178929765886287,0.2895242872669509,0.21183748537033942,0.28462760177213076,0.21188565697091274,0.2119515252820727,0.21410663546715694,0.289462689061586,0.2845922459893048,0.28465201771242377,0.2141186299081036,0.2894495029655,0.28950885399264953,0.2895681951056544,0.21413061633539335,0.21419624217119,0.2142618570474282,0.28454537864239793,0.289530806478544,0.21178729443192254,0.2895659432387312,0.28962523996327516,0.21181772658988482,0.28448635567053326,0.21186582109479304,0.21418439716312057,0.21424995828466545,0.28956369400183535,0.289622956289623,0.21427975644340647,0.2896580483736447,0.28971728796597446,0.21430953969312874,0.214375052113733,0.2144405536101384,0.2842851187994998,0.28967989329776594,0.2897391014420272,0.2897982997166194,0.28985748812401035,0.28991666666666666,0.2116490292475627,0.28995167472087985,0.21436307589769224,0.21442852382539154,0.21449396084964598,0.21455938697318008,0.2840842841675689,0.21460692871419054,0.2115913065201099,0.28984179850124897,0.2899009241528599,0.28996003996003994,0.29001914592524763,0.21458298651573166,0.21464835622138992,0.21471371504660453,0.28393109761171675,0.2839906806456981,0.28995756718529,0.2114808652246256,0.28400299475917146,0.28406255198802194,0.21151127006570739,0.2899201596806387,0.28997920997921,0.29003825045734244,0.21460048224827472,0.21466577984702362,0.2147310665890764,0.28395677472984204,0.2900008311861026,0.21143617021276595,0.2115017036483005,0.21156722619245472,0.2116327378479435,0.21169823861748088,0.2838747196145219,0.28393420834025584,0.2898911869756624,0.2839700996677741,0.28992608587326635,0.28400597907324365,0.21165822469484347,0.2840418465626038,0.2899128268991283,0.28997177486302506,0.290030713040591,0.28403054448871184,0.28408996597227987,0.284149377593361,0.21160069703759024,0.21166611350813144,0.2143864598025388,0.2899452463912394,0.21443384487764414,0.2899800928998009,0.2144812142323961,0.28404378835627797,0.28410315946595904,0.2841625207296849,0.28422187214990463,0.21447521140772674,0.2115559976788527,0.28987068965517243,0.28421052631578947,0.214486988231394,0.21455208419656915,0.2898574743122307,0.28991631452481564,0.2115161557580779,0.2841521000745589,0.21156394963552022,0.21452828625859355,0.28987907901275467,0.28993788819875776,0.28999668764491554,0.29005547735364745,0.29011425732737206,0.21450451196291084,0.21456953642384105,0.2901249896531744,0.2901837444131766,0.21145410907887113,0.211519364448858,0.2839056681836988,0.29017044514314083,0.21452800529494498,0.28391793514228986,0.29018115642319464,0.21149710504549213,0.21156231908030768,0.21162752232881243,0.2145042586620359,0.2901438729948735,0.2145514675485738,0.21461640211640212,0.28378936926510706,0.21466358075714995,0.21472848995784777,0.2900826446280992,0.29014131063548465,0.28375475128078004,0.21474014707097414,0.29015201586252476,0.28376703841387857,0.2901866842887824,0.28380275873461636,0.21143045920052858,0.21149558179866215,0.2838150289017341,0.2838741639831558,0.21466314398943198,0.29010154379592173,0.21471025260029716,0.29013619479983493,0.283839551006933,0.29017083436494184,0.28387522693513784,0.28393431801303737,0.283993399339934,0.21136869895223168,0.29013364131331465,0.21141631609337622,0.21148135928736392,0.2901443298969072,0.2839353455385123,0.2839943926774965,0.2840534300791557,0.21147662626762306,0.21450948062654576,0.29008325776935123,0.290141773821299,0.2902002802274788,0.28399538486896325,0.21450350226617224,0.29021094264996705,0.2902694240751421,0.290327895864228,0.2145151989455474,0.21457990115321252,0.2903385223622436,0.2838906275737111,0.2113151609981059,0.2903491436100132,0.2113627006998765,0.2903836654042483,0.28385609615542934,0.28391504774448467,0.283973989628776,0.21135802469135803,0.21142292815406138,0.21148782093482554,0.21443265037439316,0.2839394438045088,0.2839983545865899,0.29022704837117475,0.21444435304762688,0.2840105280473762,0.28406941360309235,0.2114309210526316,0.2144560480223666,0.29016609110343694,0.2902244512044726,0.29028280170996384,0.290341142622277,0.29039947394377774,0.2113914687268842,0.21441485864562787,0.21447941490673023,0.2903861955628595,0.2145263330868458,0.28384817614196517,0.2145732358498316,0.2838836865450961,0.29034907597535936,0.21460249671484888,0.290383509895705,0.21464936771226803,0.21471385171196322,0.2838259441707718,0.21476069288235777,0.28386143490395666,0.21480751867356151,0.29029875246224557,0.28387361510053344,0.21114393566387657,0.28390908344957744,0.2111913357400722,0.29026171137911233,0.214766201804758,0.28389795750963825,0.2902723097112861,0.29033051751004674,0.21116942758733803,0.28388683886838867,0.21474253853722533,0.2839222759695007,0.21118216101000165,0.29026969423723253,0.29032786885245904,0.29038603393164497,0.2904441894771349,0.21470130295828896,0.21476565060635858,0.2904547316673494,0.2111256758970998,0.2837716064553125,0.21117300131061598,0.2904414775984929,0.2904995904995905,0.2147244287937106,0.29053390108090404,0.2111684270858921,0.2112330112985099,0.21129758493655343,0.2147184020956123,0.28362118359662764,0.21132754951710592,0.2904493002700712,0.21472995090016367,0.28361017919973813,0.2836687939780723,0.28372739916550765,0.2113056282722513,0.21137014314928426,0.2903647963356781,0.21141735503394127,0.2146712463199215,0.2836699648376809,0.21471790678659036,0.2837053388929769,0.21141268803139307,0.28374070138150903,0.2902566617623018,0.21144258275439312,0.29029094475318734,0.2837296723053036,0.28378820068638666,0.2838467195032274,0.2902777777777778,0.29033575688260765,0.2903937265152753,0.2904516866781018,0.2905096373734074,0.2837893017558187,0.2905438510534052,0.21450151057401812,0.29057805355976485,0.2906359702832884,0.2906938775510204,0.21124806138274427,0.29072804440091415,0.29078592997633235,0.2836624775583483,0.2837209302325581,0.28377937336814624,0.21122623806804275,0.2143906020558003,0.2144546863528836,0.283768352365416,0.2906777587472474,0.21122166041428805,0.2112859822229471,0.21135029354207435,0.2837342030167142,0.21441382683841514,0.2906171027961197,0.2906749266384089,0.21444290488222348,0.29070904645476775,0.21448944666286365,0.2907431551499348,0.2836307341318341,0.21451849437836076,0.29075356415478615,0.290811339198436,0.29086910483017026,0.21119074767877505,0.2835735809104976,0.28363192182410424,0.2908557935021578,0.2836671551864517,0.2908898477570626,0.21116900032562683,0.2909238909238909,0.29098160507895166,0.21437291446243997,0.2836100260416667,0.29099194401497275,0.28364524003254676,0.2143845089903181,0.29100227790432803,0.2836573659806394,0.2910362778591183,0.21106140707604717,0.2111255692908263,0.29104659673091,0.2111725483818507,0.2910805756565574,0.2911382113821138,0.28355418258678156,0.2911721671272964,0.2912297813541413,0.21423927178153446,0.28354327509142624,0.28360149520559075,0.2836597058584545,0.21108222294442638,0.21423348769193273,0.2836718115353371,0.2837299975631549,0.29109811565951915,0.2911556891090717,0.21106058145200585,0.28371904181892,0.29116596297499187,0.2912235122188845,0.21415814255560967,0.2837080931893823,0.29123376623376623,0.2912912912912913,0.21100470702807986,0.21415239795504343,0.2836741317753976,0.28373225152129816,0.2837903618367678,0.2110002433682161,0.2912070084360805,0.28380241706545545,0.2141119221411192,0.29121725731895226,0.2141582873824197,0.29125111489499717,0.28376844494892167,0.2912849614916903,0.2141699092088197,0.2913187971143714,0.2913762360188037,0.2914336656130967,0.21085899513776338,0.2836885179483024,0.2837465564738292,0.28380458559507415,0.21087167854828257,0.21093560145808019,0.21099951401263567,0.21106341621446506,0.21112730806608357,0.2912786460442141,0.29133603238866396,0.2913934094405311,0.2914507772020725,0.28365579211527564,0.2914845394204306,0.2915418858761635,0.21107154418905794,0.21388686574411264,0.283621945298592,0.21393316611376326,0.29150485436893203,0.2915621713453604,0.2916194790486976,0.21103292081210062,0.2835651892591394,0.2836231298018601,0.21106259097525473,0.2836581224225762,0.21110931435963778,0.2836931037270596,0.2837510105092967,0.21113895400533506,0.28378596831555125,0.21377192273498746,0.29141748828188135,0.21115151515151515,0.2837750484809308,0.21378363092833483,0.2914041040555825,0.21382987317230795,0.2837641357027464,0.21387610047653663,0.28379906315619446,0.2913671969635791,0.2914244186046512,0.2838110617682681,0.291458097852414,0.2915152982966013,0.21383597029383275,0.2838001452901768,0.21097659402744148,0.2915018965378097,0.29155907036797934,0.28378923585895266,0.283847022752945,0.28390480032271076,0.2915456598902872,0.21093813019278856,0.2110017744797548,0.28389386240825876,0.21370967741935484,0.29150874929441173,0.21375584583131754,0.21381923728130292,0.29151886488229606,0.2109633212414349,0.28381428341125264,0.21100991375836223,0.2915054803352676,0.21379643806914336,0.29153908138597906,0.28378051728305537,0.2838382210763777,0.21098847981954402,0.21105203802158853,0.21377366089407973,0.21383698453608246,0.2914552629459612,0.21106458366886777,0.29148884773331185,0.21384863123993558,0.2837130665807906,0.28377072935115116,0.2838283828382838,0.2838860270444301,0.2110261569416499,0.21108965073233543,0.21115313430433733,0.2838751206952044,0.2137742376699654,0.2913113435237329,0.2913683533102727,0.2914253539253539,0.28384138984959384,0.2838989866495094,0.21109770808202655,0.21116114506272113,0.2913885985366246,0.2112075896446374,0.2838652624809068,0.29139871382636656,0.2112370388232457,0.21130043401382415,0.2914088242385277,0.2838315654130505,0.2135797509039775,0.2136429374899566,0.2913955169920463,0.2838206940874036,0.28387822315045386,0.21124497991967872,0.2136374588386475,0.2838901381304208,0.21368344977113948,0.2112574273325839,0.29128863910076275,0.28387925497752087,0.2839367423938348,0.2912987638465243,0.29135564652058754,0.21123595505617979,0.21129925367145494,0.2913657518857326,0.2838802856455107,0.2913992297817715,0.21131167268351383,0.2838921867479544,0.28394962701532045,0.21134103304459417,0.21348945384553694,0.28396150761828387,0.291315852778446,0.2839961513790892,0.2913493145193618,0.211319544652878,0.2840080160320641,0.21344982366142995,0.2113488819427747,0.29131271037025164,0.2839971151534578,0.28405448717948717,0.2841118500120183,0.2113443358436148,0.28414643915725385,0.2912528035885934,0.21137364837805367,0.21335896203748198,0.2841355009209578,0.2114029468289558,0.21146609015934023,0.2911929543634908,0.2841245696901769,0.21333653538264488,0.2912030737212839,0.28413638546502323,0.2912364945978391,0.21142765685019207,0.29126990477714654,0.2114738358137302,0.2132970637651012,0.28408,0.29125669946404287,0.21332586786114222,0.2912900903783092,0.29134676903390916,0.21143542582966812,0.28402366863905326,0.28408091468777485,0.2841381515829869,0.21144775761451753,0.21326938449240607,0.28414994804571975,0.2912404092071611,0.21329816990330056,0.2912737733738213,0.21142628845385536,0.2913071268775967,0.284093632659583,0.291340469723598,0.2913970764438054,0.29145367412140577,0.2840827409951282,0.2841399137517968,0.29146370677952566,0.21135419993612264,0.21317365269461078,0.2914737346319655,0.2915302945637423,0.21136653895274585,0.2840609785298108,0.2841181165203512,0.21315138456627564,0.28415256942227896,0.2842096864278305,0.29144726344343386,0.28424411647387315,0.29148053605615826,0.21312913775225334,0.2112777157441378,0.29149054948560493,0.2915470494417863,0.2916035403875289,0.29166002232498806,0.2841425496292753,0.21308992346938777,0.21315265045834994,0.29164673999681173,0.2917031959831035,0.21118903410902135,0.2917363933381146,0.2840637450199203,0.21313042785435424,0.28409815168897384,0.21118457739185853,0.21124741118368648,0.21131023496614895,0.21312519910799618,0.2916301664410289,0.21317088708393056,0.2840194282984314,0.291640127388535,0.21319958602022132,0.29167330042986783,0.29172968240070046,0.2917860553963706,0.2839633903700756,0.21319433391691867,0.2839977719423888,0.21117122851686823,0.2840321425729971,0.21320604614160701,0.28406650226712277,0.2111835825644289,0.2841008510299849,0.21321775091458564,0.291610337972167,0.21119592875318066,0.29164347618669,0.2840674193035459,0.28412433420780664,0.21120826709062004,0.29163023607026467,0.21316165951359084,0.2841134864499722,0.29164017800381437,0.2916964640444974,0.2917527411409503,0.28410264558671644,0.2111534795042898,0.29176264993248074,0.21119936457505958,0.21126201254864585,0.2917725540025413,0.2840466926070039,0.21303795458154676,0.2131004366812227,0.29175928866306766,0.2918155116297531,0.28401333545007146,0.2112072386697357,0.21126984126984127,0.28402507737481153,0.29177908268528807,0.2130445132111402,0.2918121231355125,0.21126537088456962,0.2839917499603363,0.21131117633060997,0.21303934010152284,0.29177571575858513,0.2839809674861221,0.2840377448259456,0.21130669203932761,0.29176246729564737,0.2918186142381481,0.2918747522790329,0.284004438807863,0.29190774352064675,0.28403867490886037,0.2129328789919962,0.21299524564183836,0.21305760240868393,0.2918713357629536,0.29192743404895827,0.2839828897338403,0.21306930693069306,0.21313163313796926,0.29191415221351075,0.21317706683560342,0.2839496397181091,0.21108471892319874,0.2919008787902779,0.29195693476884105,0.2131718515000396,0.21323413012505937,0.2838939453897903,0.2132795188350744,0.2110469256943895,0.21332489317930053,0.21338713505815332,0.2110759493670886,0.21343248160746775,0.21349470020566366,0.21110495926599698,0.29175893704523886,0.21352313167259787,0.21113395540091728,0.2917687989246462,0.21117963314358001,0.21353466677207683,0.28363636363636363,0.29175559244328514,0.28367056591843187,0.21117521536394532,0.2135293187924767,0.2917423943105492,0.21357458912768648,0.28363751283874533,0.21361984515721283,0.21115411959870448,0.21121642969984203,0.29168312139641417,0.28360448586321274,0.28366105978046274,0.21359759949463045,0.21121200157915515,0.21364282330648982,0.2112575984842504,0.21368803283864857,0.2836056515904965,0.213733228097869,0.2112698287427985,0.2137784090909091,0.2835950445829717,0.21129872179264636,0.21380670611439842,0.21134427264121175,0.2114064841839552,0.2835620760372298,0.21145200725609276,0.2913249211356467,0.2835738506426938,0.28363034221731587,0.2836868248837026,0.21144749290444656,0.2837209302325581,0.21149298439224343,0.21368329786395523,0.2137452711223203,0.21380723461265663,0.2911741528762805,0.21148845638641556,0.2836432398361172,0.21381864019538327,0.21388057349929102,0.29113824340291455,0.21148393194706994,0.29117114278963535,0.2835879666089148,0.21151271753681392,0.2115748031496063,0.29115817652153375,0.28357738938749805,0.2911910572305755,0.2912468513853904,0.2137741046831956,0.21155359672595625,0.21161564492012278,0.21380232924142273,0.2116610276182233,0.2911880409126672,0.29124380457871135,0.2116897419760856,0.2117517501769842,0.21181374862356458,0.2118757373181282,0.28334381881094683,0.29118502791538886,0.2833778896052839,0.21188772702256467,0.2911949685534591,0.2912506878390064,0.29130639836503697,0.28334512300558046,0.2913392015089594,0.28337917485265224,0.21357850070721357,0.2913491003378644,0.2833909490886235,0.2913818838871867,0.2135899450117832,0.21365171628308852,0.21174992145774427,0.28335820309432186,0.21179519396890215,0.21185708676874754,0.2913002512562814,0.28334772709429223,0.21188569634165488,0.29131014993327575,0.2913657770800628,0.2135625147162703,0.28331502118976615,0.21360747076826492,0.211864406779661,0.21192624558650452,0.21198807469009887,0.21361889071938495,0.21368057734546594,0.21201662875519647,0.21372549019607842,0.2137871539487099,0.2120451693851945,0.28314906296557674,0.29112435314411167,0.21379851038808312,0.2138601442458451,0.213921768440856,0.21202382818623608,0.21396661180343288,0.2140282131661442,0.28304991771804716,0.21203573107663376,0.2909974144010029,0.2120808523973676,0.28303956130043084,0.21400595331348896,0.2909845695934832,0.21405075187969924,0.21207612185762392,0.21213782302270948,0.2140787722183071,0.21414030692139055,0.28294057778125736,0.21418506341005167,0.28297455968688845,0.2830306825297433,0.21421303905455114,0.21208326811707623,0.21214492526801784,0.29076682316118935,0.2829982004537986,0.2907995618838992,0.21215677071110067,0.2908322903629537,0.2141572154868987,0.28296574378226186,0.21420192382888872,0.29081951829840474,0.2142466181875049,0.21430805316653637,0.21210225940114144,0.21216385240775484,0.29078402251231145,0.21220884789745192,0.28284486127393516,0.28290090653329164,0.29077127451746504,0.21222065947804344,0.2142354871474334,0.214296875,0.290758534489493,0.214341509139197,0.21440287432632976,0.28280224929709463,0.2144474814525576,0.21216617210682492,0.2144920746466776,0.21221111805121798,0.29065500819736123,0.21451990632318502,0.2145812192646944,0.28270371526693727,0.28275969718254895,0.21218979241454658,0.2145922746781116,0.21223470661672908,0.2146368104860732,0.21469808082384148,0.29050627974100945,0.21474258970358814,0.21222993526246003,0.2826392138511933,0.2122748186851751,0.2147535870243294,0.21481481481481482,0.2826290347731171,0.28268496140952676,0.21227003429996882,0.2123314365889781,0.28269680436477007,0.21237627620606345,0.21477556109725685,0.28270864178290345,0.2827645317126383,0.2828204129333853,0.29019943907759427,0.2902547324141154,0.28283221685620813,0.21473635018303605,0.29026479750778816,0.21478078031305972,0.2122722317396044,0.21482519660515456,0.21488632824665213,0.29022966134682754,0.2149307177331465,0.21499182688565424,0.21225093399750933,0.28266791189975876,0.21229571984435797,0.2901719710528364,0.21234049175225647,0.28265774527347703,0.21495254395518903,0.29015947102294826,0.2149968886123211,0.21505794508827875,0.2826256027375953,0.2826813904658216,0.2901244167962675,0.21226965243760204,0.21505209143212564,0.21511311513643785,0.21517412935323382,0.29008938981733384,0.21521840509870976,0.28258335276288177,0.28263910475598386,0.2122154013520864,0.29005439005439004,0.2826509206743843,0.21519577377252952,0.29006447603511226,0.28266273108590956,0.21522330097087378,0.21217769493631564,0.21526753125728043,0.21532846715328466,0.21220591660843233,0.21226708074534162,0.2825867556866703,0.21231175283341097,0.28991694481099123,0.2123564110524682,0.21528909584788514,0.282554710538569,0.21533328160161402,0.21236809435133458,0.21537745364264102,0.21543832428238946,0.2898145993328679,0.21548246974868135,0.21236329791359654,0.21242438343415543,0.2824350523458705,0.289779776674938,0.28983484531286346,0.28988990541169174,0.21544305760136445,0.2124031007751938,0.21548717153709016,0.2155479770578205,0.2898550724637681,0.21559206447613144,0.21565284773343665,0.2898651789865179,0.28992019834198496,0.28222807561202357,0.2822836780540708,0.2123160340821069,0.21563008287506777,0.2822955390334573,0.2823511190273368,0.21232770636518508,0.21564072783584978,0.21237225147104366,0.2156847565224123,0.2157454714352067,0.2897283071445158,0.21238390092879256,0.2822536955344014,0.21242841665376877,0.21573937940106785,0.28969359331476324,0.2157833655705996,0.2158440352777348,0.21590469559836,0.21596534653465346,0.21602598808879264,0.28213457076566123,0.2821900858402289,0.21605320136096504,0.2822237686538313,0.21609710839647442,0.2822574410514109,0.21614100185528756,0.28947978665842156,0.21224300510125213,0.21230388747198392,0.21615146831530138,0.21621203925508076,0.2123319425127492,0.21625589121532876,0.21631644004944375,0.28937813827732717,0.21636026571914105,0.2164207924615741,0.21231078158789002,0.2164645918603753,0.21235521235521235,0.21650837773144932,0.28929894996911676,0.2893538176484212,0.2819206422726571,0.21651871864145117,0.281954306884841,0.21656247588176275,0.28931933940422905,0.2893741801064897,0.289429012345679,0.2819226911503742,0.2819780898009566,0.21653938131605338,0.2894168466522678,0.2165831083686849,0.21217029153169828,0.2122310480450374,0.21229179518815547,0.21659341506669752,0.2166538164996145,0.28933775345000384,0.21669750231267346,0.21675788175441302,0.2122706952366271,0.2168015414258189,0.28175092478421704,0.21684518763967017,0.28925874556942516,0.2893135064334694,0.21224961479198767,0.21231029966874662,0.2123709751964258,0.2168219979973812,0.21688231669747382,0.2169426261070466,0.2816109656553211,0.2892122892122892,0.2816445950107792,0.28924474555393026,0.2892994611239415,0.289354168270341,0.2816348522167488,0.28169014084507044,0.21225180852701248,0.2893420546363986,0.21229609110495537,0.21681926598445794,0.2893522080320049,0.21686283560273867,0.2123076923076923,0.21690639181601415,0.21696662051992002,0.21702683996000924,0.2815287603814211,0.21707035755478662,0.2122866369367984,0.21234719766279694,0.21709717097170972,0.2814974248597125,0.21714066102997695,0.28153101222042887,0.21234245312019673,0.2171674479366787,0.28154295374212385,0.28905109489051095,0.2815765212046712,0.2123377122224783,0.28161007835304963,0.28903909670481603,0.2890937019969278,0.28162199523846093,0.2816771617263093,0.2123166705060278,0.28171068796068793,0.2123608445297505,0.21702748349454937,0.28901512243801336,0.2170709241633405,0.28167933072377005,0.21711435149654643,0.2890031463433351,0.28905770411295273,0.21714110335302694,0.28909007211907317,0.21718450326045263,0.28912243019331085,0.21722788985195982,0.2172879275962571,0.21734795613160518,0.28911042944785276,0.21739130434782608,0.28147523385983747,0.21743463927010656,0.2121281815394051,0.28148715983135303,0.2121723133527518,0.21744462328504638,0.21750459840588596,0.281477507855008,0.2175478927203065,0.21760784614205808,0.2889212381244254,0.2889757143951582,0.281446299984679,0.28150134048257375,0.2889859068627451,0.21758443746649306,0.281513248583244,0.21762768971590474,0.2889739663093415,0.21767092871908736,0.21773082223242995,0.28898415371660413,0.21195652173913043,0.28901645618063526,0.21200061227613654,0.21772403765210072,0.21778389960208142,0.21784375239115464,0.28133129303749044,0.21788692525437992,0.2119798041615667,0.2889160865906831,0.2889704757534037,0.28130019120458893,0.2813551544814928,0.21197522367515484,0.21784676556048324,0.28136707699365393,0.21788990825688073,0.28889228652243715,0.21197064669010854,0.2813574868149507,0.2814124121063895,0.21788307222009934,0.2179428396759896,0.2180025979980133,0.21806234718826406,0.2181220872488349,0.2887700534759358,0.2888243831640058,0.2888787045523984,0.2812953486595891,0.21811516725217656,0.28888888888888886,0.21182040317654247,0.28128579063907766,0.2813406626965949,0.28139552637605925,0.2814503816793893,0.2180749561102206,0.2181346359334453,0.2117835610165611,0.21817765567765568,0.2182373140022892,0.211811384098886,0.21828030823224231,0.21833994507171192,0.28865664810435576,0.2813119755911518,0.21180687971931966,0.28866687004270897,0.2887211164493251,0.21831630318743328,0.28875333587495233,0.28880756328148827,0.21178623160783716,0.21832596432382986,0.28119521304977513,0.2183689024390244,0.2812285648959683,0.21841182746532542,0.2887297111940867,0.21845473940871685,0.21851428571428572,0.21171720249885723,0.2811762017216424,0.2117611212675198,0.21182115926574757,0.2185072353389185,0.21856675043789506,0.2886079805056351,0.2118327876342039,0.2811024821075072,0.21187666539779215,0.21855968331303288,0.2885742559183984,0.21860252702085553,0.2810716188446609,0.21864535768645357,0.21185602313370366,0.28854055699284736,0.21189987065357985,0.2119598295800365,0.2810193990110308,0.21862163395709722,0.21868106792424127,0.211971402494676,0.28846300098866834,0.28098859315589353,0.2186905938711885,0.28102189781021897,0.2810765604804987,0.2119507374182758,0.28110984416571644,0.21868349042262086,0.21874287451546706,0.2811217510259918,0.21878562200775134,0.2811550151975684,0.21191398829876149,0.21881173074000912,0.2811669072399909,0.218854451534488,0.2812001519179643,0.2188971593498405,0.2812333864965444,0.28128797083839613,0.21186118915635205,0.28132118451025057,0.28137574975324575,0.2814303067112056,0.21885675244818947,0.2879914984059511,0.2118406072106262,0.21888281724347297,0.288001821355392,0.21892548186371225,0.2189847484634646,0.21904400606980273,0.28131401259388517,0.28136853284782276,0.28794659789122357,0.21905339805825244,0.28797876374668185,0.28135901713939027,0.2117236672480473,0.21906278434940854,0.21912199560239592,0.21918119787717968,0.21924039117580169,0.2813068526379624,0.21170317592662777,0.2878581173260573,0.2813186813186813,0.2813731433767808,0.21921648859589302,0.28140627367783,0.28146071672096373,0.21924242424242424,0.28149382622528596,0.21928495682472351,0.21161857153677194,0.2877158436837322,0.21931086709579706,0.21936998334090566,0.21942909063375482,0.28770442156268927,0.287758346581876,0.2194549583648751,0.21951404132919536,0.2115501059642749,0.2877469159161432,0.2812925684879673,0.2813469542186909,0.28775726392251816,0.21154573655141107,0.21160538659403844,0.21945684242378394,0.2813161875945537,0.2877240753346948,0.2116170019664196,0.2877561824094381,0.28781004234724744,0.21943289224952742,0.21949190987448963,0.21955091857564074,0.21960991835500454,0.2812003930758183,0.28125472411186697,0.28773335348802054,0.21153264812575576,0.2877654348976045,0.28124527731600424,0.2195693237627503,0.21154427319431854,0.21961169449270984,0.21967064511255477,0.21157187098723468,0.21163141993957704,0.21169095989728873,0.28764537078991087,0.2876991618213396,0.21964663243733012,0.2877312193280483,0.2196889627057225,0.2810447648524194,0.28109903381642515,0.2197146954487131,0.2876981132075472,0.2811108595577692,0.21159070329006943,0.28770844337131213,0.2811226799456768,0.21161825726141079,0.28115570307785154,0.21965753941314023,0.21971639764670386,0.28765366920582247,0.28114630467571644,0.2812005127818415,0.21158196350475042,0.2812335067480962,0.2116254523522316,0.21967583867320015,0.2197346600331675,0.21979347252581594,0.21163702140488394,0.21983570728766297,0.2811605124340618,0.21166453168563032,0.28119349005424954,0.2198447977096361,0.2874039475666717,0.21988700564971753,0.21994576679722808,0.21164419673118928,0.2811417382135864,0.21168762708035244,0.21174698795180724,0.2873277614637452,0.2199216985393766,0.2873597831815102,0.21175850647395364,0.21181783966879938,0.28737016408249283,0.281026567321442,0.21184527393136665,0.2873805402964858,0.28103837471783294,0.28109246858776615,0.281146554318387,0.2873692921086286,0.21182488340604785,0.2874012786761941,0.21186823104693142,0.21974881552229827,0.2810949014889457,0.2197909617264456,0.2873684210526316,0.287421998345989,0.287475567583822,0.2810644215590468,0.21978352375225496,0.281097331830139,0.2874643018187284,0.2875178477493049,0.21979260595130748,0.2875497783454805,0.28760330578512394,0.28104575163398693,0.28109975961538464,0.2876136107564035,0.2876671173201142,0.2116410063837777,0.28109041754280567,0.2876774048209056,0.2877308905241027,0.2116525264659509,0.21171171171171171,0.2117708880714661,0.21183005554721512,0.28769796592359076,0.28775142599819875,0.28780487804878047,0.2809545249887438,0.21182561716815487,0.28781512605042014,0.2809663140520669,0.21950487621905476,0.21183707148751033,0.21954695469546956,0.2118802970074252,0.2809359532023399,0.2877390326209224,0.21190761847630474,0.2119667091549824,0.2120257909731594,0.28090561511357676,0.2809595202398801,0.2120530694850461,0.28766301903762553,0.2877164056059357,0.2809502398081535,0.28100412139378045,0.21939157800089915,0.21203266651682026,0.21209169913095594,0.28099483107348866,0.21213483146067416,0.2810276383791476,0.21936788496105453,0.2194263461394443,0.28755429084918377,0.21213028828154248,0.21945193171608265,0.2875645728831324,0.2876179068722863,0.2876712328767123,0.212125748502994,0.2121847167128209,0.21224367609639275,0.21230262665569108,0.2876384316073032,0.2123456790123457,0.21240460870866376,0.21246352958779083,0.21932974266906044,0.28072406313112425,0.287584143605086,0.212474758806372,0.280735865988633,0.21932251551633888,0.21250186929863915,0.28074766355140185,0.28080143540669855,0.21252896763100845,0.2808342054118702,0.280887958741311,0.21928251121076234,0.28092070846722966,0.28097444328202065,0.28102817006650227,0.2192916915720263,0.2810608890549122,0.2124607799193187,0.2125196085754837,0.219300866447565,0.21935917544252745,0.21254667662434654,0.212605481293406,0.28098864994026285,0.28716493690733963,0.2193519486337166,0.2871967151922359,0.2126007763511496,0.21265955064566694,0.2809374533512465,0.2809911187402045,0.21932835820895522,0.21267069621670023,0.21937024324727653,0.21942848615981497,0.21269770217845418,0.21275643416635584,0.28703565567656275,0.2127992839561423,0.21942124105011934,0.2808561413975688,0.21946308724832214,0.21281037953918425,0.21286907247241277,0.28084693953627077,0.2809005516624422,0.21945583302273575,0.28689624329159213,0.28091227547141684,0.21948129378446862,0.21283255086071987,0.2195230998509687,0.28090306236495044,0.21285948442855016,0.28093570736795054,0.2809892729439809,0.21951582867783986,0.2128705496797259,0.2195576078051687,0.21961572832886506,0.21289746071933874,0.28093819806403575,0.2196411287320378,0.21292435973793924,0.28660760812923397,0.21296709840702693,0.21302567919612952,0.28661804108365585,0.2196174741385726,0.21967554695639233,0.21303668427710395,0.28080357142857143,0.21307938397440668,0.21313792590388336,0.2131964591237075,0.28079440642665876,0.28084789884715505,0.21322326342406664,0.2808804937904365,0.21326591314693635,0.286415346865938,0.2864684014869888,0.21329269199316037,0.2865001486767767,0.28655318516316064,0.28080868143303106,0.28086213303604607,0.28656361474435194,0.213271903098759,0.28659533363055434,0.2866483394011442,0.21939078751857355,0.2132828170269668,0.2807903729015005,0.21332541038401545,0.21338383838383837,0.2865948756034163,0.21342640724788356,0.2134848147323086,0.21354321354321354,0.2807186873561512,0.2807720861172977,0.2808254769504862,0.21926959619952494,0.21353818748608328,0.213596556330711,0.2808163265306122,0.21363906203621252,0.2808488536024338,0.28639263985754565,0.2864455820164701,0.2864985163204748,0.28083970031896743,0.2136181575433912,0.2808722094489357,0.2191486205873628,0.2864664441972562,0.21362894853922587,0.2808630533105954,0.21367141162514827,0.28645563051375195,0.21912527798369164,0.21918315914313247,0.21924103172250223,0.28644482324168086,0.2807914628723877,0.280844757317525,0.28089804386484885,0.21923390383048086,0.28641280189657725,0.2864656641232684,0.2808888888888889,0.2864972964965558,0.21352392238186935,0.2809005406206028,0.21356635071090047,0.2191780821917808,0.21360876647415963,0.2808913896498112,0.28642286052709504,0.21363535420830557,0.21369356032568468,0.21375175782695582,0.2808614564831261,0.2809146747576408,0.2191061121799615,0.28094709581945987,0.28100029594554604,0.21913146408226677,0.2862849533954727,0.21917301575560322,0.28099112426035505,0.2862953923526366,0.213651826652862,0.28100273607927234,0.281055900621118,0.28628465804066544,0.2810882744344226,0.28114142086197974,0.21910112359550563,0.2862739300761328,0.28632668144863266,0.2863794250240189,0.2811114395506947,0.2190940663563142,0.21915176592286095,0.21920945696342814,0.2811022458628842,0.2863263647780158,0.21347318658590633,0.21353128000590885,0.21358936484490398,0.2863156340004431,0.21916998966179294,0.2192276452780034,0.2810100413467218,0.21926910299003322,0.21356858113096117,0.21362663320292316,0.2810008857395926,0.21366890545427708,0.2192619926199262,0.286178141834551,0.2862308146399056,0.28628347967239726,0.21927106389257783,0.28092954629288086,0.2862938920035409,0.2809618647193332,0.21928012981265674,0.21933770927059518,0.28628318584070794,0.21937910183614778,0.21943666125940126,0.2135220821352208,0.21947803007962252,0.2135643199410247,0.21362229102167182,0.21368025355642367,0.2194870283018868,0.21372245559731742,0.21952837140751658,0.2137646451993221,0.219569702328323,0.2807043394975319,0.21961102106969205,0.21377532228360957,0.28601944608131996,0.28607203358621197,0.2138017381057593,0.21960379998527138,0.21966126656848306,0.21382814225756572,0.2197025474893241,0.21387027902525216,0.28055064782096584,0.2806036069193964,0.2806565582216988,0.2196952969750497,0.2197527229908743,0.21981014055486056,0.21986754966887417,0.21992495033478038,0.21380223660977046,0.28058559552710954,0.2806385169927909,0.219933799190879,0.28067078552515445,0.21997499448407737,0.21378143844683042,0.21383925288624164,0.2138970588235294,0.21998382471877068,0.2806204969857374,0.2139233992501654,0.28557777124375183,0.21999264976111724,0.2806114949287079,0.28066436393032995,0.2139182833627278,0.21397604526416342,0.21403379867744304,0.21996914260524575,0.22002644725242435,0.2854624256225667,0.21404436609372704,0.2805728975394785,0.28062573443008226,0.28067856356025556,0.22000293728888237,0.21403920992730743,0.21409691629955946,0.22002789809852433,0.22008515636470416,0.28532628642736546,0.2853787433940106,0.28543119266055045,0.280566563921914,0.28546268437660527,0.2200616378045201,0.28057817888326364,0.2854732208363903,0.28061037341354267,0.2806631455399061,0.28548375265898923,0.2855361596009975,0.28067473414008065,0.2139190378410091,0.2199897338124221,0.28068631764188295,0.2807390571156243,0.28079178885630496,0.2808445128656257,0.28089722914528664,0.2199662830755699,0.22002345353268837,0.2809087577867351,0.2809614539059065,0.2810141423023375,0.28106682297772567,0.22001611839695215,0.2810989010989011,0.28115156398798624,0.28120421916202754,0.28125686662272026,0.28130950637175917,0.21999267667521055,0.28134153485647334,0.2813941568426448,0.22001757211890466,0.22007467603777728,0.2850658857979502,0.21360076129126712,0.21365832235397453,0.2137158749908512,0.2813231850117096,0.2813757775338456,0.28501390311722524,0.2137264944757445,0.28504536142815334,0.21376838100812057,0.28507681053401607,0.2851291054056031,0.2813048566413107,0.28135741973231915,0.2199063916922627,0.28511882998171845,0.2813688212927757,0.28515025224830004,0.2137008334551835,0.28518166532641276,0.28523391812865495,0.285286163292157,0.2853384008185938,0.2812979609734707,0.28135048231511256,0.21366459627329193,0.2813824346047055,0.28530722583473367,0.21369082407948567,0.2853385930309007,0.285390796201607,0.28544299174640275,0.2854951796669588,0.28554735996494557,0.28129107638381773,0.21365461847389558,0.21962616822429906,0.2813024749945243,0.2855161337421521,0.2855682896561793,0.2856204379562044,0.2856725786438946,0.2857247117209167,0.28125228052251333,0.28575598365440746,0.21955490696825977,0.21961184882533197,0.285766396731597,0.21352494893492852,0.2857976511780582,0.21962071480671044,0.2196776310991175,0.2858080513418903,0.28586013272077593,0.2810996062417967,0.28115202333211814,0.2812044327792359,0.28125683458482176,0.2134421927394664,0.2812887236679058,0.2813411078717201,0.2857663435609649,0.2813729777000437,0.28579756612985496,0.2814048382395803,0.28145719489981785,0.21951041818446743,0.21956727617104976,0.28146853146853146,0.28574550222157474,0.28579752367079386,0.2858495375427864,0.28145936498689195,0.28151168717687325,0.28156400174748797,0.21951219512195122,0.28159580663948747,0.28579748125500476,0.2816276022710729,0.28582866293034426,0.2131732168850073,0.2816388909104141,0.2858390336195605,0.28167066870406754,0.2817229336437718,0.28177519097853765,0.28582860468499927,0.28588055575761984,0.28178644166424205,0.28591170266928506,0.28596363636363636,0.28601556250454513,0.2860674810936591,0.2861193921326256,0.2817362221899084,0.2861504907306434,0.2129979645245711,0.28174747401322964,0.28179968018607354,0.28185187877025947,0.28190406976744187,0.28609839401206305,0.2819357651504142,0.2129622901983579,0.2861086893344958,0.28194696694515076,0.2819991282870841,0.28205128205128205,0.2821034282393957,0.28215556685307575,0.2860566448801743,0.2129111901822671,0.2821667150740633,0.21897916212880272,0.21903586467257152,0.28602540834845736,0.2860772357723577,0.28612905567249763,0.28211641747713745,0.2861600987009217,0.2862119013062409,0.2862636963935854,0.21281381512117253,0.28629471087571645,0.2863464886825305,0.2820457018498368,0.2820977803568838,0.2863567128454341,0.2821293878735132,0.21277830154470956,0.2128353879622915,0.2863461677905881,0.212877030162413,0.2820996157471181,0.28635638683485576,0.28213120695904315,0.2821832415192809,0.2822352685366384,0.2863458472242354,0.286397565040945,0.28644927536231884,0.2865009781899862,0.2822054774670338,0.2865319133521698,0.2127644161112721,0.21861644331763855,0.21867304070693902,0.2865213297602665,0.28657300115874856,0.2866246650735028,0.28667632150615496,0.2186662805010499,0.2187228496959166,0.2820531383479331,0.28666570146228465,0.2820846905537459,0.28669658367110595,0.2187160744011001,0.21877261542915039,0.21882914827411534,0.21888567293777134,0.28203458505173284,0.21255968745478224,0.21261665340374739,0.28660300925925924,0.28665461121157326,0.28200491826992624,0.28205684530266867,0.28210876482499275,0.28216067683852775,0.2866232827187274,0.2125659749837322,0.2866541353383459,0.28670570375189763,0.28675726471013446,0.28211058908565234,0.28216247470367156,0.2867673628676736,0.2821939586645469,0.2822458270106222,0.2822976878612717,0.2867567372299689,0.21246929634445888,0.28230874810373474,0.28676683039583933,0.28681834597327555,0.28231980355337283,0.2823716328446595,0.2185153090699018,0.21857173803162683,0.2867870036101083,0.28683849541549344,0.2868899797863124,0.28694145672417526,0.2869929262306915,0.2822807650667629,0.2185334872979215,0.2870029587933896,0.21857410881801126,0.2822714481564326,0.287012987012987,0.2870644253661352,0.2871158562977925,0.21856740965159058,0.2822417772648586,0.28229354489722325,0.2823453050627434,0.28239705776303453,0.2824488029997116,0.21212776696229,0.21218457101658256,0.28700165813567874,0.28243944636678203,0.28703236502558926,0.2870837537840565,0.2824504504504505,0.21843470740847507,0.2824818044245874,0.2825335062689148,0.28258520066287196,0.2870317002881844,0.2870830631798862,0.2871344186716611,0.2825758121443492,0.21204263900893114,0.282607129996399,0.28265879302895003,0.28710304601425796,0.28269009216589863,0.2827417380660955,0.2827933765298776,0.2870923619609819,0.21199251367693636,0.2871230115885698,0.28717431985029507,0.2120187117668226,0.2181922855497985,0.21824854285097503,0.2827025471290833,0.2827541549751781,0.21201438848920864,0.21207107402345154,0.21212775140267587,0.2827447313529454,0.2870397008055236,0.28709097446961523,0.28714224075938444,0.2121233910980082,0.2827149841817659,0.2827665540297649,0.2828181164629763,0.21213428222270145,0.2121909143185739,0.21806943146697333,0.2870490153801926,0.2827883578871721,0.21220178212129923,0.28705899259897966,0.28279925276620205,0.2828507795100223,0.2829022988505747,0.21219739961209683,0.21225398649619306,0.2870071105365223,0.2179689744326343,0.28703770197486533,0.28708889846330604,0.28283190924104257,0.2122343480758185,0.28286309139205973,0.2829145728643216,0.28296604694566074,0.21224519092736147,0.2123017297064523,0.2829768910578441,0.2869752421959096,0.2870264064293915,0.21783741120757696,0.28296742717750034,0.28703637276705646,0.2870875179340029,0.28713865576357506,0.21783101420169274,0.21788711181237896,0.21794320137693632,0.21799928289709572,0.28710741431234765,0.28715852871585285,0.2872096357900774,0.2872607355365976,0.21799283154121865,0.21804888538456024,0.21810493119266056,0.28273489572135024,0.28722946825283074,0.2872805446076675,0.2827457724276297,0.21809844522461846,0.2181544633901705,0.28275664445877213,0.2828080229226361,0.2828593940262159,0.2872081363701475,0.21191720976867434,0.28287023775422515,0.21195846759756534,0.287197479593298,0.28288107682394215,0.21198453608247422,0.21805426301095282,0.21811023622047243,0.2828716627299406,0.2871457200114515,0.21813497459385958,0.21819092600543868,0.2182468694096601,0.282842014882656,0.2871145453244616,0.21827156960938618,0.2871450032191144,0.28719599427753933,0.2828123882411845,0.2872264339865541,0.28284345276407064,0.28289473684210525,0.2117983553807651,0.2872157872157872,0.2118395653106456,0.2828853302830998,0.2829365930373865,0.21815582558970692,0.28718461868343936,0.28723556317895943,0.28728650039305365,0.2873374303272831,0.2873883529832083,0.21813375250071448,0.2181896120597271,0.21824546363766253,0.28280591470819344,0.28735714285714287,0.2116991643454039,0.28281674046564775,0.2828679568663858,0.282919165952585,0.2182077829346662,0.2182636013137227,0.28292996358963374,0.2872644203312393,0.2116496537939896,0.2872947894361171,0.2116908143601456,0.2829003711104767,0.21822593306215657,0.21828171828171827,0.21833749554049234,0.21168664383561644,0.28287079974316903,0.21172777857040948,0.28718168200299593,0.28723252496433666,0.21175379787461665,0.21181001283697048,0.28724238750623976,0.2872932116371934,0.2873440285204991,0.2873948381577071,0.28274042917231057,0.2827915597376675,0.2874046617720436,0.2828225231646472,0.2874349654336826,0.28285347776510833,0.2829045820565809,0.21811315376941712,0.2874242964018525,0.2874750641208321,0.21165491201823752,0.28750534264140193,0.2181067027566066,0.21816239316239316,0.2828146143437077,0.28749465888050135,0.28754539628284553,0.21162062090572487,0.28757564969740124,0.28278513455788123,0.28760589449704566,0.28765660592255127,0.21809381450637055,0.2116014234875445,0.28275567575261545,0.28764588670651864,0.21810289617875186,0.21815853137896685,0.2827463536108147,0.28279738190096754,0.2828484029309241,0.28759425238298475,0.2828792944021623,0.2829302987197724,0.2876040110945168,0.28296117195278053,0.21809002346583234,0.2829920364050057,0.28304301457518666,0.283093985496943,0.21141679107130162,0.21808359397213534,0.2875115502167887,0.28308457711442786,0.2831355269703646,0.21809266628766344,0.28316634690542175,0.2181327270143527,0.2874600355239787,0.28317703893151464,0.2874902322938126,0.2875408438698679,0.21130762127992045,0.21811079545454545,0.28755060009942474,0.2831273966766084,0.28317830007810835,0.2875603521726782,0.21810436634717784,0.287590515405367,0.28316887910839783,0.21124361158432708,0.2876002555184896,0.21128459900638752,0.21808246398410333,0.2876099914845302,0.28311927907471796,0.2831701433234,0.21809152181624689,0.2875993189557321,0.2831808186138895,0.2112356362604625,0.2876090502872544,0.28319148936170213,0.28324232323948656,0.2876187774783719,0.2832730624689782,0.2876488939307998,0.28330379298121233,0.2876790018431873,0.2833345147798965,0.21115679047349023,0.2112127011127649,0.2833451452870305,0.28339593225143506,0.21789965986394558,0.2834266279316942,0.2875867932549242,0.2834573149132129,0.28761688863700763,0.2834879931996883,0.28764697549227936,0.2111339329980877,0.2876770538243626,0.2877274980525458,0.2877779351366662,0.28782836507824117,0.21778532993486263,0.2111150442477876,0.28783802916607676,0.28788844057478585,0.2111409966024915,0.28791846556727296,0.28796886058032556,0.2111669379378671,0.28799886781771866,0.2880492464444916,0.2880996179425499,0.28319773611602406,0.28812959818902095,0.21114805121312866,0.2881595699533173,0.2111889101067968,0.21124469589816125,0.28314829219998583,0.28319898175647007,0.21127059322633104,0.2881080316742081,0.288158359844468,0.2112964795701965,0.28818830847529514,0.288238620299689,0.21132235493674464,0.21137809187279152,0.28824818034061195,0.28829847371396267,0.21140394262700488,0.2883283877349159,0.2114447191805016,0.21736366205142696,0.2829695556968284,0.2883175589772567,0.21738823363231866,0.28834745762711866,0.2174281477296801,0.2174834062985454,0.2883569865141566,0.21752329850324767,0.21757853865160606,0.2883665113652407,0.21761840897861226,0.217673630717109,0.2828004799209542,0.21129146083274525,0.2883353327217557,0.2883855489697996,0.21131729344528327,0.28841540849442643,0.21763668430335098,0.21769187358916478,0.21774705508922904,0.28840457046127804,0.21778686790323717,0.2178420310296192,0.28263169028982443,0.21125370187561698,0.21786645984629485,0.21792160180485054,0.21127952062037364,0.21133511913153813,0.21139070980475083,0.2882717789681421,0.2883219395306223,0.21789992952783652,0.2825029948558946,0.21138669673055244,0.21792432889452548,0.28251373819923914,0.2825642831983093,0.28261482107635955,0.2826653518348947,0.28820960698689957,0.2826959645045426,0.28274647887323945,0.28279698612773746,0.2828474862695395,0.2112933887206928,0.28815826527738664,0.21781063005983808,0.28818808953963115,0.28281832899275006,0.2828688063063063,0.2829192765148849,0.21125967628430684,0.2829498275983393,0.21130030959752322,0.2113558010272286,0.28809624314056564,0.21139641224059091,0.21771243669105234,0.2881057888443413,0.21142214094809397,0.288135593220339,0.21146272855133616,0.2177062091273469,0.21776121501898468,0.21781621317584193,0.21147356580427445,0.2880843585237258,0.21784057359763812,0.28270190482884655,0.2178802361540624,0.2827324478178368,0.2179198875614898,0.21797484365118402,0.28274311410905,0.2879926930373077,0.2827736405788956,0.2880224798033017,0.28807249227311044,0.2179532204818431,0.288102261553589,0.21799283657560223,0.2881320224719101,0.28818200969033075,0.21127650610869259,0.2113318823281612,0.21798652064026958,0.2881712881712882,0.2882212550891478,0.2113427388222082,0.21799550814149354,0.21805038950101763,0.21810526315789475,0.2181601291137464,0.21133875947235475,0.21139409247176033,0.2824470324119545,0.2114345843563662,0.21815375982042648,0.28806901872764257,0.28243792958339176,0.28248825303317204,0.2825385694249649,0.28258887876025524,0.21813209928481278,0.21818691719834538,0.2879977565900168,0.21822642832106554,0.2182812280947708,0.28254012756711294,0.28259041211101765,0.2183054173382858,0.2826208829712684,0.2826711512858244,0.21125280269058297,0.2183142997267568,0.2826817990752417,0.2112784588441331,0.2827122443261418,0.2827624851159207,0.2828127188681888,0.28286294558442465,0.28774509803921566,0.2877949723408725,0.28784483965831115,0.28789469999299866,0.28794455334640157,0.21820091004550227,0.21825563488730226,0.2827745502904739,0.28282474804031354,0.28287493876408426,0.21826452064380686,0.282905325029739,0.218303946263644,0.28783320506541665,0.2183433608507066,0.28289611752360966,0.28294627867935085,0.2110232915996363,0.21835221709329977,0.28295685012937966,0.283006993006993,0.21103419341304805,0.2877219969235072,0.28301754876599317,0.21105984340044742,0.21831527437958756,0.28771144974136725,0.2830083176067659,0.28305842885099247,0.28772101474596407,0.2877707896575821,0.211026483124869,0.28304918949133595,0.2877803395514567,0.28783009640910995,0.28305972755850506,0.2878597373568036,0.21100789271495424,0.21106299762536668,0.28786926461345064,0.28791899441340785,0.2830109629215837,0.28306102499650887,0.211059135655938,0.2830913152750628,0.21109947643979057,0.2831215970961887,0.21113980596077336,0.21803461753210496,0.283132109707586,0.28778785764131193,0.28783755495080593,0.28788724532514653,0.21802832624014512,0.2879168410771592,0.28796651552145097,0.2880161830357143,0.28304387249773316,0.28309387641233086,0.2110328474789037,0.2880055788005579,0.28310438602607907,0.21105842978664063,0.21794603639405982,0.28799498047964306,0.28309515510630884,0.2831451275616897,0.28319509305081203,0.21793978254809032,0.2179942853160499,0.283205574912892,0.2832555222632569,0.21801839464882944,0.21807287675050513,0.2832659885746133,0.28331591779867643,0.21092226246865423,0.28780385874486314,0.21096252960022288,0.28783341458318823,0.28788300835654596,0.2832671819511176,0.2833170867567191,0.28336698461324233,0.2109440267335004,0.28785241907413855,0.2833774189057497,0.2834272986705645,0.2878619153674833,0.2178996450692463,0.21795407098121086,0.28341799457240274,0.28346785416086834,0.28351770681138244,0.21796298872965075,0.21801739130434783,0.283528102392877,0.2835779369826807,0.21080817916260955,0.28771124556645106,0.2835883171070932,0.21799596690077186,0.28772076206369074,0.21803518042133074,0.21808954393770857,0.2835592631213069,0.2877102738773808,0.28358935149788,0.28363914373088683,0.28368892904301896,0.2837387074357193,0.2876797998749218,0.2837687604224569,0.28770930313346765,0.2877587883840489,0.28780826675929144,0.28785773826062794,0.28790720288949084,0.21058480344492292,0.2106396277519272,0.28368055555555555,0.283730296507187,0.2837800305513123,0.28382975768937024,0.2838794779227992,0.21784102742103437,0.283909482160211,0.2839591865065593,0.21057745696835092,0.28398917343327085,0.210617626648161,0.2840191520366387,0.28406883152928114,0.2841185041282176,0.2876370195643125,0.21061394380853277,0.28412874583795783,0.217729069848096,0.2841586905257317,0.28420833622303904,0.2106102635228849,0.21773802094168226,0.2842185549854389,0.21777716147819456,0.2842484747642818,0.28748700173310227,0.21059198669069734,0.28751646218895127,0.28756584419184916,0.2876152193499203,0.2876645876645877,0.28771394913727394,0.21771064301552107,0.2877433658975958,0.28779271165304143,0.28784205057152756,0.28789138265447495,0.2840617856895477,0.2104862169275523,0.284091696100838,0.28414127423822716,0.2841908455093138,0.2842404099155242,0.21048258672021047,0.28427028523954584,0.2843198338525441,0.284369375605704,0.28441891050044993,0.21047895902547065,0.2877015710429788,0.21750865051903115,0.28773095287523354,0.2877802380293385,0.2878295163633848,0.2878787878787879,0.2104462123832584,0.28790813503043716,0.2842913467524383,0.21047171116336977,0.28791755999723356,0.2843015214384509,0.2104971993638061,0.21739731710690086,0.2843116919034778,0.28436117256637167,0.21742136190805392,0.2878473662380755,0.2878965922444183,0.2104644733204313,0.2843320201810768,0.21050449205252247,0.21055904913274825,0.21061359867330018,0.2878463345539971,0.2843028879369905,0.2106390328151986,0.21069356175739154,0.21074808316640187,0.28781599668462493,0.28427377581324675,0.21077348066298343,0.2843035701954285,0.28435298991851954,0.2844024028170959,0.2844518088925711,0.2845012081463583,0.21717520364489853,0.2877062193690895,0.28775538376587523,0.2878045413762164,0.2878536922015183,0.2879028362431854,0.2844327905051063,0.28793210515421236,0.2879812336139092,0.28803035529492926,0.28807947019867547,0.21707939573704904,0.2843840529728238,0.21056624594799642,0.21062068965517242,0.2880491000620647,0.28437456902496205,0.21064607322622905,0.21070049641478214,0.2843846949327818,0.21074038328967323,0.2107947887226856,0.28797904604356217,0.28437521538355504,0.2169538249483115,0.21700778719592034,0.2879685777287762,0.28436574105973955,0.2170318313352625,0.2879779538408543,0.2843758611187655,0.21071846800303093,0.2107728337236534,0.21702596597561816,0.21707988980716253,0.21079815439708008,0.284327227654593,0.21083798113337465,0.28786835582484166,0.28433734939759037,0.21086327963651383,0.21091760170716597,0.21097191629955947,0.28432789593227337,0.2843771507226428,0.21698437822586195,0.28777869529314615,0.28782770247024014,0.2170083941103619,0.2878568971448228,0.2843285635663181,0.21703240008254798,0.21089558398679323,0.2109498589999312,0.2878266850068776,0.28787566192146347,0.28792463210012376,0.2879735955442481,0.21094609460946095,0.2880027500859402,0.28420184243090885,0.2109713342957311,0.28423150948584,0.2879923018764176,0.21690721649484537,0.21696103360593774,0.2842221000549753,0.21699993128564557,0.2842517520956438,0.28794228787358295,0.28799120637537784,0.21700899910695884,0.28802033246325043,0.21086613091558487,0.21092032967032967,0.2841837785866355,0.2880098887515451,0.21698825791389137,0.21704202142268608,0.2880192241675249,0.2880681038033777,0.28811697672822134,0.2170510708401977,0.28409636900267693,0.28414550446122167,0.28419463317548554,0.2108152621465825,0.21086941604336787,0.2109235625085769,0.2841852487135506,0.28423435784851814,0.2879879261850861,0.2880367677321992,0.2880856025790521,0.2881344307270233,0.2842054728756601,0.21087642298724454,0.28814372899952,0.2842155787164015,0.2881727802536853,0.2882215823392294,0.2882703777335984,0.21085823964902659,0.2168071834944136,0.28416723783413295,0.21088342128709478,0.28824013157894735,0.21092304529568973,0.2882691517061806,0.21678657074340527,0.2168402302000548,0.21093375351099541,0.2109878065488423,0.21104185218165628,0.21684931506849314,0.2110814327785768,0.2111354608957677,0.21118948161336712,0.28396329772665024,0.21122903115371447,0.2881007805011639,0.21681385637023345,0.2839539978094195,0.2840030118420152,0.21122518822724162,0.2168229416193279,0.2880509170544758,0.28399370423595427,0.21123580128643765,0.28806021211084504,0.2112753147235906,0.2880892111924471,0.2881379121630866,0.2839455503112388,0.2881668946648427,0.2839751043020313,0.28819586923813434,0.21124256308555017,0.2839852297592998,0.2166837606837607,0.2840147682209763,0.21672249948724961,0.21123872026251025,0.2112926379109987,0.28400546821599454,0.28808693869181873,0.28403499179879715,0.28811590241235563,0.2112887795544622,0.2840450973693201,0.21132823175731075,0.28407460545193686,0.21662795463861184,0.28410410547168524,0.21666666666666667,0.21672016938733693,0.2113099303373856,0.28409478931912857,0.21674405900027316,0.28412427449641514,0.2113204970640448,0.2879087867822762,0.2113599126160568,0.2841149566523312,0.2167235494880546,0.21138488840352193,0.2878787878787879,0.284105643895448,0.2841544970656476,0.2878880928010918,0.28793668122270744,0.21136658252029747,0.2114203847728203,0.2879459717579644,0.21664392905866303,0.21669736034376919,0.21143090983494747,0.28404828479847233,0.21672122204037098,0.2840777361063757,0.2167598527205782,0.2114270130224313,0.2878374693209708,0.284068443656691,0.2114519427402863,0.28409788017176746,0.28782715376226825,0.21147686226402235,0.21153059833719504,0.21669505962521296,0.2840692286726629,0.2841180077672549,0.21154108189126583,0.28775802166360104,0.2841280653950954,0.21156596962059807,0.2877673341506607,0.28413811891302865,0.2166303459547807,0.21157643854273067,0.2877570475282582,0.21161571457751754,0.2116693899782135,0.28776635577643134,0.21660993873383255,0.21666326322238105,0.28403212632725294,0.28408085482883005,0.28412957669797195,0.28417829193603267,0.28769733260751224,0.2877457984622712,0.21662811266839024,0.2841689910878291,0.21156462585034014,0.21161825726141079,0.28417902326214123,0.21662245800176835,0.2876768226332971,0.2166609996599796,0.2877056983544132,0.2841504045692527,0.21158553168343758,0.21667006594601945,0.2167233174711081,0.28414111889062604,0.21676182707993474,0.2876367837966424,0.28415114856599155,0.21678559293238192,0.2876460994835553,0.2841611741523408,0.21150971599402094,0.21156328554929002,0.21161684782608695,0.28415189185517287,0.2875967939138704,0.2876451810093052,0.21162727519695734,0.2167062818336163,0.2841233192991987,0.2841719291097983,0.28422053231939165,0.2842691289293231,0.21670061099796334,0.2167537845360125,0.2842791202823785,0.2167922351184416,0.21155151350617618,0.2874787919918561,0.21159066232356136,0.21680124855805116,0.2874881259329624,0.2116154420245607,0.287516960651289,0.2168102571060308,0.28415411748745084,0.28752628366004207,0.2875746066196419,0.28416412343167174,0.28760341787603416,0.2167898555638435,0.21684296175752643,0.2876127195064072,0.2876610169491525,0.28770930784353604,0.28775759219088937,0.28407781468175963,0.2877863630201979,0.2878346323280244,0.2114394144754676,0.28786338686724944,0.2167637891313186,0.28789213361338845,0.287940379403794,0.2167874805229998,0.2879691098767105,0.21682584840479577,0.21139257653752372,0.2168642058923129,0.28795882432615466,0.2880070427304124,0.2838569880823402,0.21138871961541067,0.21144211238997968,0.2114954979351432,0.28797725426482534,0.21153455628511475,0.2838093948829024,0.21157360406091372,0.21162696264212236,0.28794748595790753,0.21166598998511302,0.28797618242100276,0.21170500676589987,0.28800487111832757,0.2837234474360709,0.2117296895082189,0.21178300865800867,0.21663848495096383,0.211821993777898,0.2879556367079191,0.21186096835271842,0.28798431266481844,0.2118999323867478,0.28361841660469206,0.28799351000540835,0.21192455891299938,0.21657428687305663,0.21196350118283203,0.2835901595025683,0.21200243292559304,0.2836194080281119,0.2879248597878235,0.21655405405405406,0.2166069860144585,0.21665991082286176,0.28359116395325273,0.21669818967846527,0.21675109760216144,0.2119411049574497,0.21678935638549335,0.21198001080497028,0.2120332230400432,0.21681296421336935,0.2877590979677267,0.2878071833648393,0.2120434753257274,0.28783583097070337,0.21208234897063788,0.2121355291576674,0.2167780252412769,0.2833715751113511,0.21216006478169916,0.2122132253711201,0.2877673571283989,0.21677236540277967,0.2877959927140255,0.21222342147868323,0.28330522765598654,0.2122622420072845,0.2123153706076752,0.2833153493390882,0.2123541708813811,0.2833445718138908,0.287708178814645,0.283373786407767,0.21667902649497742,0.28340299312390455,0.2123356926188069,0.28343219196548936,0.2123744692323246,0.2166734061194231,0.2834422804771211,0.21671159029649595,0.2834714641870494,0.2167497641827247,0.2123559927238429,0.2124090541632983,0.2834624452677669,0.28351070995554356,0.21243348824678387,0.21248653017241378,0.2835207758098188,0.21252525252525253,0.2835499292976904,0.21256396444923242,0.2873493570322494,0.287397334051434,0.21662739818243015,0.2166801292407108,0.2835027259877499,0.21254543007134205,0.28736792516320075,0.2835127860026918,0.2166745171926519,0.28354191898802317,0.21254120971540066,0.21259418729817006,0.28355196770938446,0.2166689089196825,0.2835810856258828,0.28362927091740653,0.28724191270428406,0.28728984532616003,0.2125613610382624,0.28731845077998924,0.2873663685873731,0.21661960467930616,0.21667226890756303,0.21672492605539123,0.21677757612421858,0.21252856566742842,0.21258149069157872,0.28346774193548385,0.21262011961561722,0.21267302781884156,0.2834777934556205,0.2127116366568127,0.287201881088344,0.2127502351202472,0.28346879828037885,0.2835169263836647,0.21277453153334677,0.28717259905977166,0.21664092404808274,0.2872011818426001,0.2834888873967636,0.287229756949107,0.28351795904665994,0.21274167561761548,0.2166207961334497,0.28721976104175057,0.2872676018524733,0.212751677852349,0.21280450976444534,0.21285733458596162,0.283432865865933,0.28348094471282875,0.2872190540087219,0.2872668724003757,0.21285302207016837,0.28347196136302655,0.21289154202159769,0.2164989939637827,0.2834819931594125,0.287218347639485,0.21652249715013747,0.28724688212417865,0.28347301374455247,0.2872754089568249,0.283502044647047,0.21283013808821558,0.28353106776593606,0.21648793565683647,0.2128543663293345,0.2835410802841442,0.21289284996314414,0.28357008844813725,0.21293132328308206,0.2871499397025325,0.28358008977021504,0.28362808145766344,0.21294125527496818,0.21299397186872068,0.28712075547518584,0.2130324136083579,0.2871492667247037,0.2835810901299049,0.21633746233679277,0.21638993036957685,0.21644239137711724,0.21649484536082475,0.28710087689939084,0.21298527443105755,0.21651830533431496,0.2834961852496319,0.2870909455932544,0.21299518201284798,0.21304784208765473,0.2834872206610464,0.28708101960259585,0.28351618945678353,0.28356411800120407,0.2870903010033445,0.28713798408133234,0.2835741037988229,0.21641142245703204,0.21298649190851945,0.287128050819124,0.2835651243648034,0.28361302400213945,0.21640593662254312,0.28711812286917576,0.2129679144385027,0.2871465811108883,0.28358508220826095,0.21640045445432066,0.21297781341887195,0.21643835616438356,0.21649071228117064,0.21300193759604463,0.2835382148583645,0.2835860778943149,0.28704074816299263,0.216485204729143,0.2835960459524446,0.2836438923395445,0.21650861493254975,0.2836727879799666,0.21654647435897437,0.21292648728049676,0.2129790359193484,0.2869350423926831,0.2165554072096128,0.2869634870836393,0.28360699506073955,0.2165787892945338,0.2869727709556861,0.28702035368702034,0.21293206993193647,0.2870487756055248,0.2165732586068855,0.28354126359330173,0.2835890593729153,0.21292775665399238,0.21298025613660618,0.2835990128726739,0.2165532879818594,0.2869623207735912,0.2165910909575887,0.28359005134360205,0.21296172823043072,0.2869524634975665,0.2166,0.28358109459369374,0.2836288494867351,0.28694261147770445,0.21660890429218874,0.2869710096634455,0.21664667466346796,0.21290064636502964,0.2835820895522388,0.28696115663934973,0.2129247168554297,0.2166411298381187,0.2869704236610711,0.28355425298075004,0.28360197149327293,0.21665001665001665,0.21670218433670752,0.2869414663381501,0.21287787987748036,0.28357413942339704,0.28695073235685753,0.28699820251647695,0.2870456663560112,0.21666777607668242,0.28707401490947815,0.28712146422628954,0.21283109277252762,0.28714979703200905,0.28719723183391005,0.2128551467163484,0.21290751829673984,0.21295988290865545,0.28339542309739224,0.2834430918645646,0.21298390315285354,0.28713002993016296,0.2834530460228784,0.28715834275453883,0.287205745444873,0.2129795864086708,0.2872340425531915,0.28728143075593376,0.28732881265789123,0.2873761882603204,0.2833687848976336,0.21296111665004985,0.2130134254951482,0.21638864890011297,0.2833599149388623,0.28732806166522695,0.21302325581395348,0.2833698757557637,0.2873372309327664,0.28339865807480236,0.28736548425667596,0.21301893058784457,0.2130712008501594,0.2163113502025636,0.21636339487315712,0.28733647652566574,0.28738379814077025,0.2130668614301839,0.2832957110609481,0.21310495917147979,0.21634360063728095,0.28330567540657153,0.28335324571883713,0.21311475409836064,0.2872975842845766,0.2873448802176654,0.21632382216323823,0.2833255921969345,0.28735403397027603,0.21309626484442382,0.21314846756003716,0.21320066334991708,0.2832979570177766,0.2873250646680374,0.2132245655922536,0.28735327276344586,0.2874005305039788,0.21324845832504477,0.21330062325951465,0.2874096665119671,0.28745690798196766,0.2161750082863772,0.2831764549913827,0.21621263339298735,0.2832051961823966,0.2874279276293989,0.21325381047051029,0.2874560996620502,0.2875033130135171,0.2831776320148413,0.2832251225652577,0.21616429281218946,0.28749337572866984,0.21322116976882824,0.2132732812293019,0.2831975627525002,0.2874834437086093,0.28753062711078736,0.2832075221824924,0.21326888697609747,0.2875397245762712,0.2160873882820258,0.2831987289818615,0.21612497517707024,0.2875297855440826,0.2875769408961546,0.21614824619457312,0.28317119978823374,0.2832186341979884,0.21319393899292,0.21615720524017468,0.2832285808799206,0.2875099232601217,0.28755705497122447,0.2876041804471491,0.2876512996891329,0.2876984126984127,0.2877455194762251,0.2877926200238064,0.2160946902069695,0.28312615710129596,0.287801652892562,0.21307682136718234,0.2878297084683017,0.28311739820200954,0.28316478286734087,0.283212161269002,0.28325953340823473,0.2833068992862807,0.2877816691997621,0.28782873001189374,0.21301618764453253,0.21306818181818182,0.2878377485631235,0.28326066851631654,0.21593236012946693,0.21598414795244386,0.28782775246020736,0.216021661603487,0.28323317704549955,0.28783676703645006,0.2832618025751073,0.2833091245213258,0.28784577804185646,0.2129654079746501,0.28331903095913924,0.28785478547854787,0.28790178866081445,0.28794878563885956,0.21593083877779978,0.28797677180942327,0.28327284724513363,0.28332013723937716,0.2833674209936003,0.2834146985090381,0.2834619697869253,0.2128627968337731,0.2158828573313106,0.2878907795805303,0.28793774319066145,0.28798470060670006,0.21589185624793933,0.2880126598971383,0.21283048724203862,0.288040611814346,0.2128683499241875,0.28332234673698087,0.21587238810889198,0.283350909570261,0.28339814143544456,0.21286410966126268,0.28797364085667215,0.2834080126515551,0.28345522830598935,0.2879826064040058,0.28348376045852824,0.28353096179183135,0.21283182926025954,0.28797259913054934,0.2835408022130014,0.28358798735511065,0.2879815607507409,0.2880284472540498,0.212813590570883,0.215696602580985,0.21574823885706762,0.2835418038183015,0.2835889671516029,0.28798051606108477,0.21575725663134337,0.21580887192312756,0.28358012504113195,0.2836272703342985,0.2127393564519313,0.28793262271351494,0.21580367129416408,0.2836184210526316,0.21584106308795473,0.21589264570451255,0.2159442215352233,0.283609576427256,0.21598158500493259,0.28784690253847167,0.2878937331492076,0.21265123619147816,0.2835820895522388,0.21597633136094674,0.2878837683255539,0.21266105706021562,0.21599947413396436,0.28789273037991325,0.28353598422609266,0.28792060988433227,0.28356443451403035,0.2159942173741622,0.21604573230829885,0.2835742444152431,0.28362131266014057,0.21258704506635134,0.28785390527491295,0.212624802942722,0.2878817733990148,0.2126625508997767,0.2835752282130426,0.21598371421066456,0.28360365092914835,0.28365068942875904,0.2836977217516906,0.28374474789915966,0.2877962318650299,0.2837731390311146,0.28382015096816543,0.28386715673405094,0.28391415632998623,0.2125607035043969,0.28774853993044164,0.2158792650918635,0.21258447608424644,0.21263613698989633,0.21268779111723415,0.2838493833639465,0.2877008855362414,0.2877476059294241,0.21269757985177412,0.28777544596012594,0.21581743065119025,0.28380327868852456,0.2838502393285686,0.21269341725675323,0.21582639480757884,0.21273108692801887,0.28770894788593904,0.28775563712637653,0.28780232024644425,0.21274085725521039,0.2837669572055836,0.28781127129750983,0.21577878251752833,0.2878390774472546,0.2158160256830243,0.2837395178197065,0.2837864395676384,0.21583911961221014,0.21268094583087704,0.28379617500654963,0.2877726111729648,0.21584806810740012,0.28380590662039157,0.21588528025144055,0.28776271852288354,0.21264894592117323,0.21270049099836333,0.21275202932704895,0.28375990050402566,0.28380678099227646,0.28385365534393614,0.28390052356020945,0.21274785681565342,0.21279937180997252,0.2876398612837794,0.28768646951059934,0.21576709192018317,0.2158183959178333,0.21586969320337543,0.28767660910518056,0.2837988096016744,0.21275343361674298,0.28382708782944216,0.28387392100444675,0.2876479435035637,0.2839021838629528,0.28394900294213793,0.21273535564853557,0.283977250441263,0.2876192966400837,0.2127590038564612,0.21281045751633987,0.2839683680805176,0.21284799372631028,0.28759066849637327,0.2128855201254574,0.21293694870957203,0.2875996341304064,0.28764617495263606,0.21296054350666319,0.21562479587170946,0.2876551273677335,0.21298412905754033,0.2156478578892372,0.2876640762750604,0.2877105916155152,0.28775710088148876,0.28375554975189343,0.2838023111575374,0.2838490664577621,0.2838958156537633,0.2839425587467363,0.21291038443965798,0.2839707609972588,0.2840174900476408,0.2840642129992169,0.21553017944535074,0.2840923920135717,0.28413910093299405,0.2841858037578288,0.2842325004892687,0.21285061969993477,0.28426064835953296,0.28430733107226713,0.21548294528141917,0.2155341072127299,0.2874470166286273,0.28749347939488784,0.21281867379539676,0.21286999608814708,0.28424277984223223,0.21290743155149935,0.2129587380222932,0.2842523790900795,0.2129961545981881,0.21545881126173097,0.21550993809058325,0.28424345106216603,0.2873525770508894,0.28739900964295023,0.21297804417225877,0.21302931596091204,0.2874079864503941,0.28745440333507033,0.21305282355240018,0.28748208935782205,0.28752849234776945,0.287574889294087,0.28762128019795535,0.2153926292486001,0.21544371378344945,0.28763020833333336,0.21300696569233774,0.21305819554745475,0.28763913298183946,0.2154386878417079,0.2839570452326717,0.2876480541455161,0.287694410099564,0.2877407600208225,0.21302622161493917,0.21541964866623292,0.21547069156203238,0.2838927920895134,0.21550770831978144,0.21302198516976714,0.2130731707317073,0.21312434963579605,0.28763738050334914,0.21316165951359084,0.2132128226802783,0.2876462938881664,0.28379169104739616,0.21323625016252762,0.2838198010791133,0.21327353094123766,0.28384790380240493,0.21539061484466399,0.2154416065509846,0.2838575513387055,0.21547858860224836,0.21552956465237166,0.2838671951140277,0.2839137214137214,0.28396024166829076,0.2874496557100169,0.28749594024033776,0.287542218758119,0.28758849126453206,0.28763475776074815,0.21546853691798168,0.28389610389610387,0.28394260112979675,0.283989092325672,0.28403557748490554,0.2840820566086731,0.2875689711132749,0.2154355445930157,0.28409164665411824,0.21300623052959503,0.28411967032253876,0.28416612589227774,0.28752189994160016,0.2875681287308591,0.21300201128917148,0.21538860775917998,0.21303924748621472,0.21309029579657499,0.21314133748459493,0.2875210792580101,0.21317854594980218,0.2132295719844358,0.21328059140133585,0.21333160420178965,0.2839914413538222,0.2840378630705394,0.2840842787682334,0.28413068844807465,0.28417709211123354,0.28422348975887995,0.2152440209994167,0.2152948801036941,0.28423303739226236,0.21533177812338,0.21538262165489536,0.21543345859790075,0.21321671525753158,0.21326768592899714,0.21331864999676103,0.284168933799715,0.2842152989183237,0.2842616580310881,0.21332815232174082,0.28428959979277296,0.28712037816486435,0.2871665371665372,0.28429912593072193,0.2871940955587207,0.2872402408234609,0.2843086483687209,0.28726778432260985,0.28433656957928805,0.2843828878389748,0.2872767279316593,0.21523328803468583,0.28439239031965835,0.21527013911355547,0.2153209109730849,0.28724849582713335,0.2872946047354121,0.21534381266576105,0.2873221216041397,0.21538063514649763,0.2843099210968827,0.2154174481019207,0.2843378168649767,0.28438409311348206,0.2154403207034786,0.28441197387987327,0.28723816912335143,0.2844398474368091,0.28448610213316095,0.28453235084997736,0.2845785935884178,0.2846248303496413,0.21539356339666538,0.28465266558966074,0.21291031274231068,0.2129611681850488,0.28466210104664685,0.21538859099425028,0.28468992248062014,0.21297073832439764,0.2847177367265211,0.2870244784602467,0.2870705244122966,0.2847271553115919,0.28709802402169704,0.28714405630528833,0.28473657024793386,0.28717154109367937,0.28721755971594576,0.28474598153766706,0.2872450296927446,0.21525850384044407,0.2847553891829095,0.21529525653436593,0.28478316985028396,0.28482932180422016,0.28487546780229706,0.21530421317504356,0.21535483870967742,0.2871427649829043,0.28486646884273,0.28717022511771917,0.21536377708978327,0.2848758465011287,0.2849219656907004,0.2849680789320952,0.28714212019602786,0.28718808433812626,0.28497743391360414,0.28721552446650767,0.2850051572975761,0.2872429575194998,0.2872889003480727,0.28733483725427006,0.2873807682392369,0.28497776632080946,0.2874081711560768,0.2874540885366325,0.2125,0.2849687520134012,0.28501481767813425,0.2125233524447594,0.28504251481576914,0.2850885668276973,0.21254669586500063,0.28511624911444583,0.28735188047398247,0.2873977719106188,0.21506761107533806,0.2851072049449488,0.2125289724439866,0.21509045258481943,0.2851165186043517,0.2851625362085613,0.2151132852729145,0.21516380253588208,0.21251126271077359,0.21520046335027995,0.28725868725868725,0.2851167878514896,0.28728606356968217,0.28514443801068007,0.28519042717447246,0.21518173045995498,0.21246622925511385,0.2851997169872001,0.2852456907640854,0.21519068750401954,0.2152411575562701,0.2852549675262041,0.2152777777777778,0.21532823249533853,0.21242124212421243,0.2871102539376406,0.28522756492671636,0.21244455871954748,0.2852551741869135,0.21248152194871137,0.2852827763496144,0.28532870638133795,0.21250481943194963,0.28535629377369404,0.28700848111025445,0.287054288467716,0.28536554028009764,0.28708164707393846,0.28539311408016443,0.215171173485773,0.2854206807964033,0.21244621411598485,0.21519393783714358,0.21248314390290887,0.2854115834082445,0.21252006420545747,0.286979969183359,0.2151890607947615,0.21254333033765566,0.21259387637203928,0.2126444159178434,0.2853475386688916,0.2126812989346682,0.2151703779759995,0.28689681724845995,0.28694257298684633,0.21519312203259336,0.21267723102585487,0.21522966384398254,0.2852652511386234,0.21526619627966645,0.28529279712654737,0.2853386351975372,0.2126595267107035,0.2127100166730794,0.21276050016030779,0.2868043087971275,0.2127973328204142,0.2868316450827029,0.21283415603564332,0.28685897435897434,0.28523812576116914,0.28688629662863735,0.28693200025636095,0.28697769802614714,0.21281640499839796,0.28700499807766244,0.2870506823861088,0.2851742696053306,0.28522006534691524,0.2150544522741832,0.2870411889052591,0.21278503715090955,0.2870684685838724,0.28519277571410273,0.2870957412744156,0.2150358606557377,0.2150861240955369,0.21276731975925214,0.28708624111658876,0.28713188220230473,0.21509506433647013,0.2851107412623224,0.2851565000320041,0.21274961597542244,0.285184,0.21509023422500959,0.2870672553913099,0.287112874328129,0.21274553714249153,0.2851567498400512,0.2127822916000256,0.2851842374616172,0.2870850124736135,0.28713061276704616,0.21503038055644388,0.28715784088002044,0.21506682867557717,0.21511702263716587,0.21516721017967902,0.28510230179028134,0.28712997890160474,0.21269658611430764,0.21274691555328262,0.28509332651495783,0.21278363694471078,0.28512079764796117,0.28516648558829166,0.2870654396728016,0.2851939421049268,0.21507987220447283,0.2852213916043703,0.21511627906976744,0.21516642177218426,0.21521655806822537,0.21271159374001916,0.28519417475728154,0.28523982883055504,0.2869459701111253,0.2869915064818954,0.28703703703703703,0.21518421556733286,0.2870642318988635,0.2851944072016855,0.21520684371807966,0.21263964251516118,0.28705476828801224,0.28518542158677473,0.2852310441664539,0.28706362882123937,0.2852584556477345,0.21262204071214344,0.21267228177641653,0.2870541695910164,0.28524945770065074,0.2852950558213716,0.28534064812452153,0.2870447151878548,0.2870901900752647,0.21264111231583646,0.21505102040816326,0.21267776289777438,0.21508736130595588,0.21271440413186252,0.21276460086712573,0.21281479120178515,0.28700752263164603,0.28520430930069485,0.21283783783783783,0.28523169099368983,0.2852772466539197,0.2869797973360525,0.21284731073158297,0.2852864334416619,0.2869886580858927,0.2870340872889455,0.2870795107033639,0.28527744154934065,0.2871066377882533,0.2871520479011402,0.2871974522292994,0.21278899433157122,0.28525028658769586,0.21282557473094313,0.21287570045848192,0.2871696911811525,0.21482236088119191,0.2871967912395747,0.2148586707410237,0.2851868355719651,0.21285805219605347,0.2852141811469671,0.21486761710794297,0.21288105390441037,0.21293114420262185,0.2148902322621699,0.2129676762534996,0.28516892536743654,0.2852144038681766,0.2852598765824798,0.28530534351145037,0.2129635519368997,0.21301361149980919,0.28696813585193665,0.2148308318494022,0.21488076311605722,0.21493068803255755,0.21300947415273097,0.21496693794506613,0.2130459660499714,0.28690400508582325,0.2130824486682347,0.21313246885329265,0.28691285832326957,0.21494851913054533,0.2149984111852558,0.28692170818505336,0.2850606850098494,0.2150209683568433,0.286930554673105,0.28697585768742057,0.21504351693030938,0.21509338076483292,0.21304706853839803,0.28696646341463417,0.21511590981263892,0.21516575638257335,0.2869752968819458,0.21304292608585218,0.28490697822083944,0.286984126984127,0.2870293949590502,0.287074657186389,0.28489811464482956,0.2849435064110702,0.28498889241510633,0.212998222899213,0.28501618328362,0.2850615560350298,0.21302113078241006,0.21503807106598985,0.2850707442421166,0.2130440299454384,0.2150605849140392,0.21308043643745242,0.2850618458610847,0.21311683369275655,0.21506944884886153,0.21511922881785894,0.21516900247320692,0.21521876981610652,0.28501680299283494,0.21309916307380167,0.2152412350218728,0.21529098516546216,0.28671949286846277,0.21310851926977686,0.2867465297585092,0.28495373304601346,0.21313137714684074,0.21318124207858047,0.213231100690704,0.28494487390698264,0.28499017930684917,0.21325392802838317,0.28666455495723786,0.2849993665273027,0.21327674669031482,0.2151634152520902,0.28665526632465643,0.28670044331855604,0.21328604901526185,0.2867274569402229,0.28493636421199264,0.21330885146258072,0.21335865780310226,0.2867181564953153,0.2867633094891435,0.21509051778706165,0.2867903031837458,0.215126582278481,0.2868172900449339,0.28686242247816734,0.21331392773524013,0.2868893950898507,0.21335020563112939,0.2133999746931545,0.21344973745808818,0.28688006072874495,0.2869251692074135,0.28697027197975966,0.28467522610840557,0.2134454844421958,0.2869790678555619,0.21348172505374985,0.21353145747707872,0.21497218007081437,0.28463046089650373,0.2846756859274244,0.286933434477527,0.28470290771175727,0.21351368434359397,0.28473012261408165,0.28477532705555203,0.28690596562184023,0.28480252764612957,0.21489953241501328,0.2848297213622291,0.21493555724033359,0.213468949396677,0.214971572962729,0.286842271492641,0.2150075795856493,0.2150571590980863,0.2134646962233169,0.21351436690874645,0.21356403132104065,0.2136136894613879,0.2846950372521783,0.21364985163204747,0.21502525252525254,0.2847042484691623,0.21506122964272187,0.21365902922426308,0.2847134561979298,0.28665194067529187,0.2136816862299634,0.2847226604404619,0.286660777385159,0.21370433465833807,0.2137539432176656,0.21380354551763295,0.21385314155942467,0.28467797893143254,0.28472309827172954,0.28659728792179123,0.21493440968718466,0.28662420382165604,0.286669189052844,0.21382180465350906,0.28467843631778056,0.21385789042305026,0.2847055856764595,0.21490260354283552,0.21388048411497732,0.21493854396470216,0.2139165511155931,0.28656960988214536,0.21395260902445173,0.21400214254206315,0.21405166981726528,0.2865603931699326,0.21408770161290322,0.21413721413721415,0.21418672042333375,0.2865511811023622,0.21422272612748802,0.28657806890470494,0.21425872276105304,0.214812015870017,0.28658690176322416,0.2866318241924312,0.21426772446795114,0.28665869168293145,0.21430370183832786,0.28668555240793203,0.21433967014981745,0.286712406369988,0.21437562940584087,0.28673925357165336,0.2144115796098175,0.2867660940154805,0.21444752076516485,0.28679292770402065,0.21448345287529885,0.28681975463982384,0.21451937594363363,0.28684657482543874,0.2145552899735816,0.2868733882634128,0.21459119496855347,0.28690019495629204,0.21462709093195825,0.2869269949066214,0.21466297786720323,0.28695378811694433,0.21469885577769396,0.28698057458980325,0.2147347246668343,0.287007354327739,0.2147705845380264,0.2870341273332914,0.21480643539467068,0.28706089360899895,0.21484227724016589,0.28382029531888153,0.2143754712239256,0.21442482879939687,0.21447418017338862,0.2838117972234437,0.21482412060301506,0.21449657684818793,0.21485994221831428,0.28380330339760096,0.2838482793268023,0.2145054945054945,0.21486876805224162,0.283857600301375,0.21452787543947766,0.2145771862640467,0.21487758945386065,0.2838490992404745,0.21459954807933718,0.2838762317203289,0.21463537090498305,0.28390335738939443,0.21485943775100402,0.21465771475183534,0.28391266156355877,0.21469351904134512,0.21486825595984943,0.2839219622357443,0.21471584493789989,0.21476510067114093,0.21481435022579026,0.21486359360301036,0.28652953718800955,0.28387784536276417,0.2148231753197893,0.28390494701862184,0.214858934169279,0.28393204187825216,0.2839769307923771,0.2840218140788566,0.28644853955120975,0.21485427765590723,0.2147781398846829,0.2840132857053331,0.21487655094623387,0.2864214549783821,0.2864661654135338,0.21489881586366769,0.21476005513093596,0.2839691787258034,0.2149210724129291,0.21497024741622298,0.2864211449329826,0.21500594977140353,0.2839428857715431,0.2839877262195504,0.21471509079524106,0.28401477678291903,0.21475081392436765,0.2840418205722156,0.21478652810817578,0.28632237871674493,0.2863670505758638,0.21493396757839395,0.21479534359744648,0.2839977470429939,0.21483103879849813,0.2863400287841812,0.2148667250656989,0.21491584808859412,0.2149024024024024,0.28395370659993746,0.2839984986863506,0.2149246262588353,0.2149737302977233,0.2862593032709988,0.28630393996247655,0.21487086486148457,0.2149824912456228,0.28393672231601325,0.21489308490684006,0.21494216942794622,0.214991247811953,0.28392823654435206,0.21502687835979498,0.2839552472029502,0.284,0.21504905943378538,0.2840269966254218,0.28613384990314317,0.28617845538615344,0.2148703530146829,0.2150443583656129,0.2840007496720185,0.21507996001999,0.21487913048909987,0.2151155527795128,0.2839922553244644,0.21490132400699474,0.21495035283831887,0.28400149868864744,0.2149859506712457,0.21503496503496503,0.2150839732783917,0.21507054563615932,0.28397527935576505,0.21510611735330837,0.28593720741526746,0.28398452128323554,0.21506584285090183,0.28401148277583627,0.21510140405616224,0.21515038063147385,0.28402071504336435,0.21518592463189418,0.2840476636097074,0.2858390517779164,0.21502089701203916,0.2150698602794411,0.2858479386265827,0.28589247848322313,0.21509198628001247,0.2151409329009728,0.21512751761551413,0.21517645591719667,0.2152253881164661,0.2839152119700748,0.2151362134530266,0.2151851390100985,0.28579442747615785,0.21522064323111442,0.28582112807728266,0.2838713698117911,0.2152427244967907,0.21529162512462613,0.2153405196585457,0.21538940809968848,0.2838452432870226,0.21542486917518067,0.28387217342552795,0.28391678086458205,0.28570538772967924,0.283943697060289,0.28573207946689916,0.215033005355586,0.2857587645557009,0.28393524283935245,0.28578544299856795,0.2153530070974972,0.28581211479798296,0.2858565737051793,0.21500155617802677,0.21505041702975228,0.2858654384763802,0.2150858849887976,0.2858920903603211,0.2838207840696951,0.21510795843444713,0.28384768541562966,0.21526784047781994,0.28387458006718924,0.28584758942457233,0.21510325951729287,0.21527648193070847,0.2838661525065307,0.21512531873872753,0.28389303482587064,0.2858031216964119,0.21527173237159558,0.2858297581297022,0.2858741606565531,0.28386695679204227,0.21509387044635087,0.2151426617765898,0.215191447041273,0.21524022624153147,0.28384089496581727,0.2152756199117519,0.2838677603778275,0.28577642453240537,0.21529762644463776,0.2151599875737807,0.28385934393638174,0.2857675343231658,0.28388619704311097,0.21529287533387167,0.28391304347826085,0.21532824048195764,0.2151285554589492,0.2839222505123269,0.2857054148037755,0.2839490841353617,0.21513721594436855,0.21531011361519836,0.2839582815992054,0.2153454590601527,0.2153941651148355,0.21513251815529763,0.2839498510427011,0.21541612362688511,0.2154648132059079,0.2839590443686007,0.21550012410027303,0.21554879940435565,0.28551929519791536,0.21558409330603637,0.285545905707196,0.2855902239315179,0.215606004217839,0.21503442287415495,0.21564128007938477,0.21506976744186046,0.21511844226714621,0.28380976002976377,0.2838541666666667,0.21563643127286256,0.2854928704277743,0.2156716880540574,0.21510042152243988,0.21514907332796132,0.21519771910251642,0.2837929965912612,0.21566683192860683,0.283819793022247,0.28541331019952904,0.21519301071937544,0.28543990086741017,0.2152283006009541,0.21564861851071737,0.28544880133804124,0.2156838453914767,0.21523691545370083,0.28372352285395763,0.28544001981792283,0.2854842704978945,0.215245526038764,0.2156656346749226,0.2836976038635379,0.2157008420009906,0.21574939639695412,0.21524080723040734,0.2152893840916125,0.21577123050259966,0.2836541437147985,0.21531130090357717,0.2157930565010211,0.21584158415841584,0.28531650269166514,0.21587674792723674,0.28534306749984534,0.2853872803761445,0.21527992576554283,0.28355808486947914,0.21587183769406817,0.21530183077684314,0.2853608757498918,0.28354978354978355,0.283594088182549,0.21586693049715558,0.28535213009336546,0.21590206504266107,0.21527047913446676,0.21531899109792285,0.21536749706373245,0.2835331932253678,0.21589715062735645,0.2835599505562423,0.2852728508744824,0.21591892225930046,0.2852993882469258,0.28534354918437965,0.2159406858202039,0.21530952675151366,0.28535244331871257,0.2853965900667161,0.28544073136080056,0.21593576281655344,0.21530479896238652,0.28341156126482214,0.21595751250540357,0.28343831048536494,0.21531336832355666,0.2159792541368239,0.21602765944310676,0.21533522657118162,0.21606271992098278,0.21537037037037038,0.21609777174248504,0.21614615479570423,0.21539221131889155,0.2852382127869662,0.28330762110459734,0.21615451067505861,0.21620287530079596,0.2852295162882527,0.28329940156703065,0.21536088834053055,0.21540928998827957,0.28330866025166546,0.2161845432677481,0.21543110891821882,0.2833179155103299,0.2162062160828811,0.28513288524387986,0.21543963497348625,0.21622788088044886,0.28329223181257707,0.2833364157573516,0.21624953766489952,0.28336312642544537,0.2154215976331361,0.28338983050847455,0.28343399482312337,0.21624453072040425,0.21543012077890067,0.2834432189290776,0.28348736906962413,0.21545191300597621,0.21550024642681123,0.21622620587691738,0.28347911790070224,0.28487834924545735,0.21624784429662477,0.21629611381412822,0.284887301391797,0.2163310548679106,0.21637931034482757,0.2834185087125177,0.28346262775520253,0.2164009111617312,0.28484363457276535,0.2164358264081256,0.2848701218761541,0.21647073305841077,0.21534958148695224,0.28487906948119884,0.28492307692307695,0.28336717740446743,0.2153581097711051,0.21540638651325908,0.21643903039251877,0.28489695478314364,0.2833415354330709,0.21646060158700867,0.2833681879689999,0.21538840027061934,0.2848708487084871,0.28337740606358774,0.2164555405239208,0.2165037201008424,0.21655189375307426,0.2153704272978789,0.21658674535841632,0.21540542202004057,0.2847922301450701,0.21544040813817691,0.21659496004917025,0.284801180013521,0.2166297935103245,0.21667793277207645,0.21672606611773382,0.2167741935483871,0.2847751290243303,0.2848190698531671,0.21538272515050988,0.21543092327538546,0.2848280098280098,0.2830907192432897,0.2154526470949515,0.2848369465086286,0.2830999754360108,0.2831439975437519,0.2848458798968439,0.21544790323570945,0.2154960707269155,0.28313585855485296,0.21663597298956416,0.283162482352219,0.28320648170881413,0.2847848769410176,0.21547809009451332,0.21552623504142374,0.21661757486499755,0.21666564398355526,0.2847588661185422,0.21670041106816368,0.2831288343558282,0.2847678056560947,0.28481167954852166,0.2154818131632215,0.21552993130520118,0.2831033425329654,0.2831473077394824,0.28478567486355555,0.2166421388275693,0.284812066956895,0.2831391784181484,0.21666360125068973,0.21671162334477684,0.2167596395512781,0.2847860733112664,0.2154459086730003,0.2848124540328512,0.21548078690935835,0.2155288638313519,0.21674122188859613,0.21678921568627452,0.28300961950860853,0.2155373116039701,0.2830362065796729,0.2830801274197501,0.21678407350689127,0.28310670096778145,0.28315060941997916,0.21551935325820676,0.215567395431441,0.283159828536436,0.283203722980834,0.21558902767572863,0.2167391171248393,0.28321293008448634,0.28454239363330275,0.28323947110675807,0.21558425659545816,0.21563226833149712,0.2832486688291817,0.28451652386780907,0.28456030842665686,0.21668094480479747,0.21672887474759836,0.2156142927068037,0.2167635362496176,0.21681145234308088,0.2156358964947697,0.28315390261805723,0.2844822313291333,0.21681957186544343,0.2156443031007278,0.2831457925636008,0.2844737968568458,0.2168276874159227,0.216875573219199,0.21692345316703351,0.21697132726050009,0.2831030688348209,0.28443058866678894,0.2169926650366748,0.2170405231954037,0.21708837550421708,0.2830776752429261,0.28440479100464433,0.28444851817904065,0.2830868874495906,0.21708315512922344,0.2844574780058651,0.2830960962795528,0.21710445937690898,0.28312259483232544,0.28444905936965553,0.28314908691137847,0.21540246732624893,0.21545038167938932,0.2154982901807523,0.2155461928314099,0.2831237025277812,0.21704621771780938,0.28315018315018314,0.2843538245528356,0.21706751312416067,0.21552829152169933,0.21710205078125,0.2831248092767775,0.28432808495056755,0.21712332946848112,0.28313400048816206,0.21551040331929952,0.21714460036607688,0.21719236166188763,0.2831259150805271,0.21551881900811323,0.21556667073319508,0.21720036596523332,0.28421566235667234,0.21723486003537232,0.21728259543846812,0.21556192450759193,0.21560975609756097,0.21565758185476494,0.2841726618705036,0.2172773273181735,0.2173250426725189,0.28296251142944223,0.21565280994758015,0.2173462546474066,0.2173939541686982,0.21744164787616552,0.21566118220597197,0.21747608311498384,0.28406044357786986,0.2175105099616158,0.2175581820397222,0.21565641181845874,0.2175925925925926,0.2176402509593714,0.2840175417224997,0.2176746452280894,0.2840438489646772,0.28274770111442665,0.28279137742053345,0.2828350484077209,0.21559912323429128,0.2828614916286149,0.2156337513697796,0.21568149996956232,0.28287070854638424,0.21760301905167692,0.2839318320146074,0.21763739273324814,0.21768500486854916,0.21566360372421348,0.2157113301691615,0.21770611499847886,0.2838890240934534,0.21774046358824603,0.2177880520744616,0.21570655149339985,0.28272506082725063,0.217809135697342,0.21785670842963142,0.21790427537553975,0.21570177572366822,0.2826999087868653,0.21573634926425878,0.21791208123061956,0.21795963035019456,0.2180071736883701,0.21574468085106382,0.21804145644641662,0.28367371748115733,0.21807573086975018,0.21812325270450955,0.28258887876025524,0.28263247447739426,0.21814425472443338,0.2826588892939604,0.21817850416185675,0.2835965978128797,0.2156612599477553,0.28265095371157817,0.21569580270910527,0.21574344023323616,0.2826601882781658,0.21577796671930038,0.21582559057508957,0.2158732086470731,0.21810674600765073,0.28348512446873103,0.2181409750470524,0.21818844099077223,0.21586839069993322,0.21591598883088503,0.21820940819423368,0.2834425831512503,0.2182436123080658,0.21829105473965288,0.2159111596577462,0.21595873786407768,0.2824464534918998,0.21829875015168063,0.21834617484681187,0.21839359378791556,0.21844100697603883,0.28242144850175904,0.21592770061260386,0.21846191169335274,0.21850930923646067,0.21855670103092784,0.2159359650718574,0.21859083191850595,0.28321105923725215,0.2186249545289196,0.21867232494695363,0.21593113482056256,0.2187064314723889,0.21875378833798037,0.2831686768895085,0.21878787878787878,0.2831949578813405,0.28220821718579564,0.21590013936859964,0.28223460979156567,0.28227809754619815,0.2159214830970556,0.2823044768885927,0.282347952507875,0.21594281906838694,0.21599030890369472,0.21870268305977833,0.28306686046511625,0.21873675286138194,0.21878406200799322,0.21598546775658492,0.21603293775732624,0.21880486771205424,0.2830245792468822,0.21883891276711664,0.2188861985472155,0.2160280854669814,0.2160755356494371,0.28215215154632933,0.21889373033163884,0.2829652042360061,0.21892775021178748,0.2189750105887336,0.28212729912875123,0.28217073023171396,0.2189957652752571,0.21904301010223218,0.21909024921364625,0.21599225790842558,0.21912422886173943,0.28285455095252493,0.21915820029027577,0.21920541815323213,0.21598742290482525,0.21923937360178972,0.21928657799274487,0.28281240553775466,0.21932051747068068,0.21598259082391344,0.2819753384912959,0.21601692354185553,0.21606430557234377,0.21611168187586874,0.2819676093787769,0.21928817451205512,0.2819939577039275,0.2820373391335871,0.21930884485258578,0.21609375943937656,0.219342757037574,0.2161280579885231,0.21617540468712249,0.21622274566648547,0.21935016306317187,0.2825653723050909,0.21938405797101448,0.21943119376849224,0.21621784808597996,0.216265169353378,0.2825404491668679,0.28258376094174464,0.2826270674876253,0.21627331442023298,0.28180830516658617,0.21630756231516687,0.21937235968617985,0.2163418019431537,0.21940622737146995,0.21945332770168346,0.2195004223482563,0.2825339366515837,0.2195342664092664,0.28256017373469267,0.2816986367474967,0.21629772603896497,0.2195416164053076,0.2817079790121223,0.21957544325171874,0.28251824157269495,0.2162928123492523,0.28170033162496233,0.21632702279030508,0.28251039971061676,0.21955630576320231,0.28169268792573393,0.2817359855334539,0.2817792779217648,0.2818225650916104,0.28246851081781477,0.2818488610341087,0.21626996083157576,0.21631718486382262,0.28185816713863954,0.2194842752138812,0.21953129706608832,0.28186746987951805,0.21956508644057587,0.2196120949283219,0.28187676925856775,0.28192001927246446,0.21963264077085215,0.21967963386727687,0.21623411814295176,0.28227360308285165,0.2823168161839966,0.2823600240818784,0.2196737101920414,0.2818444497953287,0.2823692289171131,0.2196942337787408,0.21619018958772193,0.21623736157920076,0.2823614370825059,0.21970152846311228,0.28238762861784705,0.2197352587244284,0.21623247698694423,0.2197689808687282,0.2823798351681405,0.2198026948989413,0.21984962406015038,0.21622759533261157,0.21988332230709087,0.2823550637478951,0.28239821997714837,0.21623571858087792,0.2824243881907282,0.2815656565656566,0.2162568388144051,0.21985090777924732,0.21629095281033964,0.2815580668429911,0.219871371040452,0.2815843250390672,0.28162750165274353,0.28167067307692306,0.2817138393125413,0.21626006489604616,0.21985219010995613,0.28172314347512617,0.2198858516070892,0.2817493692178301,0.2162551811137142,0.28219605958673716,0.21989308667187218,0.2822222222222222,0.2817248213320521,0.21625030026423253,0.219900318260974,0.21994715984147953,0.281717202041429,0.21625840537944285,0.2821636549198535,0.21995437627566333,0.28170958640974847,0.28217286914765904,0.2822159534241642,0.28225903252910817,0.28170197443437556,0.21993518963034087,0.21998199819981998,0.2200288011520461,0.21617567648647026,0.22006239500839933,0.2822004919311296,0.28224355128974205,0.22008277847759583,0.28160988483685223,0.22011635578480176,0.28223581624085403,0.2161319340329835,0.28160230271048214,0.2201235234154824,0.21615301594915456,0.22015708375801907,0.2821942446043165,0.28157784305497274,0.21616113175878193,0.28220344062818437,0.21619515703668185,0.28157027270003,0.28161332853889487,0.21621621621621623,0.22009827420901246,0.2821619030499131,0.21623726782504493,0.21628422503145409,0.2815720105439732,0.2816150482238064,0.22007907032466756,0.21629230308475592,0.21633924293243892,0.2200994190573157,0.2820697089471793,0.21636026109347864,0.28155688622754493,0.22010658044428477,0.2820620284995809,0.22014009459378556,0.22018678160919541,0.21634241245136188,0.2820543517299174,0.2163763691865685,0.22019391908067992,0.21641031779280628,0.22022740873728305,0.2814313924959607,0.22026089037817137,0.28145754801651407,0.21640540863946392,0.28196230930302124,0.2202680067001675,0.22031464975773166,0.2819715276947003,0.2814163526526706,0.2819976076555024,0.28204054781412596,0.2203085755292429,0.2820666148418346,0.2813920114805071,0.2203288490284006,0.28141815138108334,0.21629700484247025,0.2820420851267336,0.2203359435710443,0.22038254632396892,0.21630506245890863,0.2204159693999522,0.28201757007111694,0.2813433727739931,0.2163131162234837,0.21635994263862332,0.21640676345820636,0.21645357868323575,0.22038353545612044,0.2164874551971326,0.28194253628815485,0.28126866563134634,0.2813115929044974,0.28195174390826566,0.281994625261272,0.2820375014928938,0.281304114169702,0.22032481490327202,0.21643083169144425,0.22035820895522387,0.21646468867530297,0.2819961795606495,0.2812630573628604,0.22036528590187418,0.21647269471799463,0.22039866316543327,0.28197171331383897,0.2812388113139993,0.2819977325616087,0.21646778042959428,0.22039257800847206,0.22043908841427037,0.2812145797291654,0.21647578143641136,0.22045929018789143,0.22050578551831088,0.21649668992664162,0.28119036259541985,0.220525970540879,0.22057245080500895,0.28119968994096955,0.281838778917243,0.28188159542121266,0.22057946822463337,0.22062593144560358,0.21644015259895089,0.22065923585861597,0.2818571939444511,0.28112521604386437,0.28116805721096544,0.28121089327215304,0.22065308068168277,0.220699517368766,0.2163965681601525,0.2164432529043789,0.2817824377457405,0.28182522189789716,0.22069335239456755,0.22073977008755732,0.281119714115545,0.28116252754451787,0.220759885659838,0.21639969034716847,0.2811718470882458,0.22077999404584697,0.21642057632769707,0.28171697326903616,0.21645433980235743,0.22078695160426215,0.28172619047619046,0.21647520980893994,0.28175217236043326,0.2817949175742427,0.22078076648417044,0.22082713478131508,0.28103058431512556,0.21645742845243054,0.28105663969538314,0.22083407698256885,0.21647828673408687,0.21652489441437153,0.2165714965500833,0.22084101588056862,0.2816700368740335,0.2208742194469224,0.2809823977164605,0.28102515311886783,0.2208942799381615,0.22094060288958917,0.220986920332937,0.21651507044765472,0.28100107002734515,0.2810438090709148,0.2165359010936757,0.22098068350668648,0.22102698205158683,0.22107327509359956,0.28101972902305683,0.22110642343573594,0.2814616755793226,0.22113956389994652,0.21649239543726237,0.21653894136517554,0.22115955803730544,0.28143748143748143,0.281480161558565,0.22117954504959317,0.2212257987884547,0.28089554011520873,0.22125890736342044,0.2164954575143994,0.22129200807505048,0.2808882028142255,0.2165162669199715,0.2809142178688038,0.22129882464680042,0.21653706891434676,0.2809235517568851,0.22131877262745564,0.2813056379821958,0.21654501216545013,0.2809162117256112,0.22132558001542751,0.28129820814050077,0.2213586472856719,0.22140484100616992,0.22145102924601057,0.22149721200616918,0.2812740969215256,0.21648873072360617,0.21653519957297906,0.21658166291068676,0.28079226709363697,0.216615275142315,0.221464571597984,0.2215107316494723,0.2215568862275449,0.21662319184254208,0.22158989863062423,0.2811499703615886,0.22162290320668604,0.22166903745851113,0.21661826586854738,0.22170202678677256,0.2806518518518519,0.2217350082958047,0.28109261124607454,0.28113520559307975,0.28064458794952307,0.21658767772511847,0.21663408565843256,0.28112782845634404,0.2806373274891903,0.21665482113243306,0.2167012140953509,0.22166291602510957,0.22170900692840648,0.2217550923732828,0.2810705192728995,0.216696269982238,0.28056361375880645,0.28107980108927305,0.2167169833658912,0.28057298449153545,0.22172240307783367,0.2805989583333333,0.2806415340001184,0.21671203692744703,0.2167583880703,0.21680473372781064,0.22170285781906396,0.2168382439947935,0.21688457670236053,0.21693090392806436,0.22170955338657203,0.2809061871524902,0.22174247353167328,0.22178850248403123,0.21692589745106156,0.2804849201655825,0.22180829046182957,0.22185430463576158,0.22190031336841484,0.2808324464940286,0.2804611291752882,0.21689524710333413,0.2219069574983744,0.22195294952122,0.28080855842543884,0.28043735224586286,0.22197269664913422,0.28081787022810545,0.2220055545707026,0.22205152446230206,0.2804135893648449,0.28045610303674817,0.22207124711998583,0.21680056710775047,0.22210408175320456,0.2804489072652097,0.21682121552182387,0.21686746987951808,0.21691371877399163,0.2804417148931144,0.28048420431059934,0.2220713273500236,0.2221172580740391,0.28049356476561577,0.280595076450794,0.22213695395513577,0.28062097869075026,0.2168575138708535,0.22215664286135867,0.2804532577903683,0.22218943641192093,0.22223533577245366,0.21685254027261464,0.2168987491149398,0.2804295238657148,0.28047197640117993,0.2222287770633001,0.28049787635677204,0.21689376511531883,0.2804647870708977,0.28050722500737246,0.2222222222222222,0.28047414047296104,0.28051657035027716,0.21687599504687777,0.21692216981132076,0.2222156712457992,0.21695554769484732,0.22224842303837763,0.2169889177080877,0.2804008252284114,0.2804432394200165,0.28048564861201153,0.2804101838755304,0.2805115210088986,0.2169711255156158,0.28041953921395324,0.22218948856940843,0.21699169268838744,0.21703782255213858,0.22220913107511045,0.28045475966069744,0.22224185662955764,0.2804806219813877,0.2803463101478297,0.2805064782096584,0.2222483952652965,0.22229419385231422,0.28051580992757463,0.28055817239755065,0.2806005298793053,0.22230071823854938,0.28062636133513863,0.2806687073228161,0.21690505621284362,0.28069452619187757,0.22229415572950387,0.2801906779661017,0.28023303713293707,0.2223137577968695,0.2802588996763754,0.2806542715933161,0.2223333529446373,0.28068008000941286,0.2807223954350256,0.2807647058823529,0.2808070113522734,0.21679802376191037,0.2168440863377051,0.2801693719124912,0.22228756248162304,0.2168646360108197,0.2169106838360675,0.2223071495766698,0.22235287200893644,0.28012933568489123,0.2807007230615484,0.28074300493769105,0.2801387174513607,0.21688021629246504,0.22233323538054658,0.22237893747061588,0.2801316330728095,0.22241156422611352,0.21687525706563252,0.21692126909518214,0.2806533106162975,0.2806955704382564,0.22240498149562357,0.22245065789473684,0.222496328928047,0.22254199459649948,0.22258765490103952,0.2806553911205074,0.2799929531974866,0.21685261303581915,0.21689859667664846,0.21694457491780178,0.21699054776023013,0.28061524010801925,0.2799530378632228,0.27999530406198636,0.2806245230967893,0.28066674492311305,0.28000469511121545,0.2806924882629108,0.22246347045361187,0.22250909517662246,0.2807017543859649,0.2799812250645388,0.21689645057201526,0.21694239117681569,0.21698832639174048,0.22248944157672454,0.2799577687840929,0.2806451612903226,0.2799835786757375,0.22249589490968802,0.2800093825133408,0.21695789844024863,0.2800351802990325,0.21699108818011256,0.2805886146450138,0.28004455387501465,0.28008675772319597,0.28012895662368115,0.2805814430572651,0.2806236080178174,0.2806657680361015,0.2807079231129864,0.28010547905068856,0.2801476620180476,0.2807171734927052,0.21689711741270212,0.28015700978381863,0.28072642062097247,0.2169175795208248,0.28075210871602624,0.2169507409359808,0.22226777556518684,0.21698389458272327,0.2801007261653783,0.2801428822392692,0.2801850333762736,0.2802271795772586,0.22224824355971898,0.2806627246648323,0.28070483549935604,0.21694081835743137,0.22225474127838912,0.28018729880011706,0.22228725272152638,0.2806812196406625,0.28072331460674155,0.2807654046462637,0.22229373902867175,0.22233924287636767,0.280774631406506,0.22237173111800151,0.2808002808002808,0.2168470312957005,0.28006551240056154,0.28080949874246947,0.28085156158615043,0.2808936195099129,0.28093567251461987,0.21682942517981404,0.280025727985031,0.2809448634742443,0.2809869036482694,0.2810289389067524,0.28107096925055536,0.22224820249020869,0.27998597147533316,0.2810801332631948,0.2800116890707189,0.2800537665828999,0.2810892940626461,0.21673581487757845,0.28111487670912705,0.28004674262342977,0.21675625146062164,0.2221767833148332,0.21678934454959692,0.2800397219463754,0.21682242990654205,0.28105834939547925,0.28110033874547363,0.2800327045494364,0.28007474889044615,0.2801167883211679,0.28015882284246174,0.2802008524551877,0.22209248014946287,0.2221378947982953,0.22218330414477525,0.28101103263090305,0.28105300023348123,0.2167162785268196,0.28014474144974905,0.28106215348701485,0.22216386554621848,0.28015405263465015,0.28019605554907223,0.22218332458136414,0.21668611435239207,0.2810221107286623,0.28106405320266015,0.28110599078341014,0.28114792347176853,0.22216389617964422,0.28012364399860024,0.2801656266402286,0.2811406578026592,0.2811825762435127,0.2801749271137026,0.2812080928225759,0.2165928171641791,0.22211857984026118,0.2801678908709339,0.28020985135529003,0.28118442527395665,0.21658798158186163,0.2812099312274158,0.2812518212017017,0.2166083916083916,0.2220733057514131,0.2166414170842559,0.2166870593719047,0.22209275227219763,0.21672006990969997,0.2811953862285914,0.2221121919962719,0.22215750232991613,0.2167278234026443,0.22218986604542806,0.2800069885271679,0.2800489168413697,0.2811389972631456,0.2811808547804821,0.2812227074235808,0.28126455519329296,0.22215753624032136,0.2800093142391431,0.2800512253332557,0.21664726426076833,0.2812409056515919,0.22215108834827144,0.280044229761974,0.28125,0.21664242071574047,0.22215757011521006,0.22220282771862454,0.28002094484524087,0.28122636569899356,0.21663757998836533,0.2800302483857833,0.21667054443927408,0.2167161053917292,0.2167616610445504,0.222157603954638,0.28117003954408004,0.2221899168459615,0.2811954878474241,0.27995813710099426,0.28,0.22219638393116678,0.2800255784211138,0.28006743009940127,0.2811555452220414,0.22220284800929962,0.21666860397535742,0.22223513686290464,0.2800441655044166,0.28008600151083735,0.2801278326554329,0.2801696589390506,0.2810829653729956,0.2166385871143903,0.28017892413152085,0.22218995062445543,0.2802044609665427,0.2802462682232677,0.2802880706237658,0.2803298681688832,0.21660859465737514,0.28099413506765,0.2810358843339914,0.22214480636358358,0.28106130980027866,0.22217706821480407,0.28027400441193545,0.281070412724212,0.2811121430229858,0.2811538684775669,0.2811955890887986,0.28025071092797865,0.2812209842154132,0.2812626936691232,0.22211906696065917,0.28024369016536116,0.2802854490601068,0.28032720310958986,0.2803689523146537,0.2812228087476072,0.28126450116009283,0.2813061887361522,0.2220740053358079,0.22211912080264457,0.2803293899327302,0.22215134821687446,0.21634002087440565,0.21638545834058098,0.21643089053803338,0.22215780624963766,0.21646376811594203,0.22219001796997276,0.28118479016925574,0.28122645337042834,0.22220934276109888,0.2812518110692553,0.21644645340751043,0.21649185837631107,0.2222157839842392,0.28014369314560517,0.2801853997682503,0.21649962342853832,0.2802108678021087,0.2222093494757574,0.2802363299351251,0.28027801911381406,0.21649484536082475,0.22221578734001274,0.28028723650683346,0.28108170710521746,0.22223508975101333,0.21649007005963755,0.22226725335803613,0.21652289700688937,0.22229940951719346,0.2802315484804631,0.222331558231072,0.28100943450830584,0.2810510475749508,0.22235083048787546,0.28020833333333334,0.28106012383542617,0.28110172433746095,0.2802175548226581,0.2802591992594307,0.22233150130170667,0.2810945273631841,0.22236362584601146,0.28025219805645535,0.2802938284458326,0.28108733371891265,0.2163553293620959,0.22235715938006015,0.28109639738622566,0.2811379669249451,0.21636311072564324,0.21640841813135986,0.2811470197144013,0.21644120707596254,0.28117232209954335,0.21647398843930635,0.280157216345876,0.2222864408738874,0.21649424955210078,0.2801664355062413,0.28113262062987576,0.22229284641164915,0.281157912983186,0.2223249364455743,0.2801432780634352,0.2811669555170422,0.2164519669574259,0.22233133086876156,0.2811759949171143,0.2812175118401294,0.22235056309558188,0.2223954723954724,0.21643471732979153,0.22242753204758056,0.28119406432242045,0.21645496535796765,0.28000692800646615,0.22243389908786515,0.2800323269641517,0.28117063033941353,0.21645021645021645,0.28004155604294123,0.2800831072892018,0.2801246537396122,0.2811472098793929,0.22238892094633583,0.2801338641740234,0.28115624278790674,0.21640800784630473,0.22239529248875042,0.2801269108739544,0.2811490539916936,0.2164157582049951,0.2801361171992156,0.21644846876982524,0.2811418685121107,0.22236318551409953,0.22240802675585283,0.28115089661534914,0.222440036900369,0.2800807149034304,0.22247203966332296,0.22251686170519397,0.2800899239105372,0.28111130324514383,0.21636887608069164,0.22252319751022995,0.28112033195020747,0.2800668472310263,0.28010833237293997,0.2801498127340824,0.28019128831528,0.280232759117359,0.2810807696739256,0.28112218445763004,0.28024193548387094,0.22245262369679167,0.2802672503167838,0.2162644704256177,0.28029255931812946,0.22245896919090125,0.28031786248992285,0.2803593021247193,0.21625978811607555,0.28101790546375727,0.28036845135290733,0.2804098785331875,0.2804513009440479,0.2810107638289299,0.2804765741913204,0.2805179856115108,0.21621777163904235,0.28054324682050985,0.222350097824836,0.28097128718568387,0.21622554660529344,0.2809964904205742,0.21625819813600275,0.2810216878559512,0.2810630464795214,0.2811044003451251,0.2223053031174508,0.2811295795709438,0.2162410858063032,0.2811547530047731,0.281196089706728,0.28037490656086483,0.28041628334866603,0.2812050825044558,0.2812464068069449,0.2812877263581489,0.22223499655093124,0.2813128700350635,0.28135417864122314,0.2813954824989942,0.2814367816091954,0.22222860755129015,0.2814619009309275,0.21611216456932714,0.28148701447943003,0.222234989945418,0.2815121222566931,0.2815533980582524,0.22225413602941177,0.21609512321213165,0.22228604250430786,0.2801677100683476,0.22231794164943716,0.28151381152012867,0.28155507063282414,0.28159632500717774,0.28014469453376206,0.2801860251478441,0.216040877253416,0.28021126356277626,0.28157290470723306,0.28161414384937716,0.22224773275169327,0.28163921253515467,0.28168044077134985,0.2817216642754663,0.2817628830483186,0.2818040970907213,0.28012393848978656,0.28182913534913073,0.2818703384968445,0.281911536916987,0.2801170261587884,0.28193655710434234,0.21589996558449007,0.21594493834241468,0.22212663454920853,0.2221712450536216,0.2819130634247047,0.21595274958426516,0.2819380733944954,0.21598532194254916,0.2819630776287123,0.28200424238949723,0.21600550332492546,0.21605044425336772,0.2820130688983148,0.27993351292485813,0.2799747822099954,0.2800160467648576,0.2820057306590258,0.28204687410463586,0.2820880128352051,0.28212914685154417,0.21599633321874642,0.22199942709825266,0.2821379468377635,classic
